# Re_δ*/1.72 ω_r α_r x # neutral stability curve for ω_i = 0
520.779394 0.061778 -66.500000
520.779394 0.130837 -66.500000
539.639859 0.059932 -46.500000
539.639859 0.129493 -46.500000
557.863046 0.058614 -26.500000
557.863046 0.128214 -26.500000
572.897179 0.058795 -9.500000
572.897179 0.126200 -9.500000
573.769272 0.058886 -8.500000
573.769272 0.126004 -8.500000
574.640042 0.058524 -7.500000
574.640042 0.128965 -7.500000
575.509494 0.058798 -6.500000
575.509494 0.128413 -6.500000
576.377635 0.059324 -5.500000
576.377635 0.126668 -5.500000
577.244470 0.059299 -4.500000
577.244470 0.126872 -4.500000
578.110005 0.059322 -3.500000
578.110005 0.127689 -3.500000
578.974246 0.059691 -2.500000
578.974246 0.126881 -2.500000
579.837199 0.060041 -1.500000
579.837199 0.126562 -1.500000
580.698870 0.060428 -0.500000
580.698870 0.126203 -0.500000
582.418387 0.000000 1.500000
582.418387 0.357870 1.500000
583.276245 0.000000 2.500000
583.276245 0.361932 2.500000
584.132843 0.000000 3.500000
584.132843 0.365033 3.500000
584.988186 0.000000 4.500000
584.988186 0.367262 4.500000
585.842281 0.000000 5.500000
585.842281 0.371934 5.500000
586.695132 0.000000 6.500000
586.695132 0.371783 6.500000
587.546745 0.000000 7.500000
587.546745 0.371095 7.500000
588.397126 0.000000 8.500000
588.397126 0.369518 8.500000
589.246279 0.000000 9.500000
589.246279 0.367963 9.500000
590.094211 0.000000 10.500000
590.094211 0.365872 10.500000
590.940926 0.000000 11.500000
590.940926 0.387432 11.500000
591.786429 0.000000 12.500000
591.786429 0.387979 12.500000
592.630726 0.000000 13.500000
592.630726 0.370394 13.500000
593.473822 0.000000 14.500000
593.473822 0.382104 14.500000
594.315722 0.000000 15.500000
594.315722 0.387318 15.500000
595.156431 0.000000 16.500000
595.156431 0.382966 16.500000
595.995954 0.000000 17.500000
595.995954 0.378850 17.500000
596.834297 0.000000 18.500000
596.834297 0.376086 18.500000
597.671463 0.000000 19.500000
597.671463 0.376081 19.500000
598.507458 0.000000 20.500000
598.507458 0.375201 20.500000
599.342288 0.000000 21.500000
599.342288 0.375047 21.500000
600.175956 0.000000 22.500000
600.175956 0.374481 22.500000
601.008467 0.000000 23.500000
601.008467 0.373544 23.500000
601.839827 0.000000 24.500000
601.839827 0.373414 24.500000
602.670041 0.000000 25.500000
602.670041 0.373748 25.500000
603.499112 0.000000 26.500000
603.499112 0.372095 26.500000
604.327045 0.000000 27.500000
604.327045 0.368626 27.500000
605.153846 0.000000 28.500000
605.153846 0.382902 28.500000
605.979519 0.000000 29.500000
605.979519 0.371339 29.500000
606.804069 0.048185 30.500000
606.804069 0.219089 30.500000
607.627499 0.053274 31.500000
607.627499 0.201017 31.500000
608.449815 0.057889 32.500000
608.449815 0.180416 32.500000
609.271022 0.062618 33.500000
609.271022 0.159261 33.500000
610.091122 0.067827 34.500000
610.091122 0.139516 34.500000
610.910122 0.073828 35.500000
610.910122 0.121818 35.500000
611.728026 0.083250 36.500000
611.728026 0.103553 36.500000
631.039759 0.079203 60.500000
631.039759 0.089645 60.500000
631.831606 0.075443 61.500000
631.831606 0.093579 61.500000
632.622461 0.073291 62.500000
632.622461 0.096174 62.500000
633.412328 0.071339 63.500000
633.412328 0.098588 63.500000
634.201212 0.069913 64.500000
634.201212 0.100374 64.500000
634.989116 0.068661 65.500000
634.989116 0.102192 65.500000
635.776044 0.067497 66.500000
635.776044 0.103628 66.500000
636.561998 0.066409 67.500000
636.561998 0.104965 67.500000
637.346984 0.065542 68.500000
637.346984 0.106298 68.500000
638.131004 0.064749 69.500000
638.131004 0.107438 69.500000
638.914061 0.064000 70.500000
638.914061 0.108438 70.500000
641.257497 0.061996 73.500000
641.257497 0.111284 73.500000
649.007841 0.057691 83.500000
649.007841 0.117200 83.500000
656.666717 0.055108 93.500000
656.666717 0.120497 93.500000
664.237290 0.053359 103.500000
664.237290 0.122240 103.500000
671.722545 0.052053 113.500000
671.722545 0.123214 113.500000
679.125303 0.051115 123.500000
679.125303 0.123674 123.500000
686.448234 0.050349 133.500000
686.448234 0.123788 133.500000
693.693865 0.049700 143.500000
693.693865 0.123676 143.500000
700.864593 0.049133 153.500000
700.864593 0.123425 153.500000
707.962695 0.048627 163.500000
707.962695 0.123059 163.500000
714.990334 0.048167 173.500000
714.990334 0.122628 173.500000
721.949567 0.047741 183.500000
721.949567 0.122158 183.500000
728.842355 0.047336 193.500000
728.842355 0.121646 193.500000
735.670563 0.046983 203.500000
735.670563 0.121134 203.500000
742.435976 0.046642 213.500000
742.435976 0.120597 213.500000
749.140292 0.046303 223.500000
749.140292 0.120040 223.500000
755.785140 0.045984 233.500000
755.785140 0.119506 233.500000
762.372073 0.045680 243.500000
762.372073 0.119005 243.500000
768.902580 0.045375 253.500000
768.902580 0.118494 253.500000
775.378087 0.045077 263.500000
775.378087 0.118009 263.500000
781.799960 0.044764 273.500000
781.799960 0.117502 273.500000
788.169511 0.044487 283.500000
788.169511 0.117052 283.500000
794.487997 0.044205 293.500000
794.487997 0.116557 293.500000
800.756628 0.043899 303.500000
800.756628 0.116044 303.500000
806.976566 0.043617 313.500000
806.976566 0.115572 313.500000
813.148927 0.043339 323.500000
813.148927 0.115129 323.500000
819.274788 0.043057 333.500000
819.274788 0.114701 333.500000
825.355183 0.042801 343.500000
825.355183 0.114341 343.500000
831.391110 0.042527 353.500000
831.391110 0.113965 353.500000
837.383531 0.042274 363.500000
837.383531 0.113607 363.500000
843.333373 0.042028 373.500000
843.333373 0.113281 373.500000
849.241531 0.041784 383.500000
849.241531 0.112965 383.500000
855.108869 0.041517 393.500000
855.108869 0.112632 393.500000
860.936222 0.041286 403.500000
860.936222 0.112363 403.500000
866.724395 0.041037 413.500000
866.724395 0.112100 413.500000
872.474170 0.040840 423.500000
872.474170 0.111909 423.500000
878.186300 0.040593 433.500000
878.186300 0.111641 433.500000
883.861515 0.040384 443.500000
883.861515 0.111460 443.500000
889.500521 0.040166 453.500000
889.500521 0.111284 453.500000
895.104004 0.039928 463.500000
895.104004 0.110994 463.500000
900.672625 0.039752 473.500000
900.672625 0.110876 473.500000
906.207028 0.039508 483.500000
906.207028 0.110621 483.500000
911.707836 0.039337 493.500000
911.707836 0.110498 493.500000
917.175653 0.039129 503.500000
917.175653 0.110320 503.500000
922.611065 0.038858 513.500000
922.611065 0.110123 513.500000
928.014643 0.038748 523.500000
928.014643 0.110052 523.500000
933.386939 0.038555 533.500000
933.386939 0.109913 533.500000
938.728490 0.038327 543.500000
938.728490 0.109734 543.500000
944.039818 0.038189 553.500000
944.039818 0.109662 553.500000
949.321430 0.037994 563.500000
949.321430 0.109497 563.500000
954.573820 0.037763 573.500000
954.573820 0.109381 573.500000
959.797467 0.037658 583.500000
959.797467 0.109285 583.500000
964.992838 0.037501 593.500000
964.992838 0.109185 593.500000
970.160388 0.037340 603.500000
970.160388 0.109084 603.500000
975.300558 0.037171 613.500000
975.300558 0.108964 613.500000
980.413779 0.037014 623.500000
980.413779 0.108884 623.500000
985.500471 0.036872 633.500000
985.500471 0.108885 633.500000
990.561042 0.036722 643.500000
990.561042 0.108711 643.500000
995.595891 0.036582 653.500000
995.595891 0.108608 653.500000
1000.605406 0.036423 663.500000
1000.605406 0.108511 663.500000
1005.589965 0.036287 673.500000
1005.589965 0.108421 673.500000
1010.549938 0.036176 683.500000
1010.549938 0.108365 683.500000
1015.485686 0.036002 693.500000
1015.485686 0.108289 693.500000
1020.397559 0.035910 703.500000
1020.397559 0.108185 703.500000
1025.285900 0.035767 713.500000
1025.285900 0.108102 713.500000
1030.151046 0.035609 723.500000
1030.151046 0.107983 723.500000
1034.993323 0.035534 733.500000
1034.993323 0.107954 733.500000
1039.813049 0.035409 743.500000
1039.813049 0.107868 743.500000
1044.610539 0.035308 753.500000
1044.610539 0.107813 753.500000
1049.386096 0.035125 763.500000
1049.386096 0.107642 763.500000
1054.140018 0.035042 773.500000
1054.140018 0.107551 773.500000
1058.872597 0.034912 783.500000
1058.872597 0.107480 783.500000
1063.584119 0.034840 793.500000
1063.584119 0.107392 793.500000
1068.274861 0.034754 803.500000
1068.274861 0.107433 803.500000
1072.945095 0.034663 813.500000
1072.945095 0.107344 813.500000
1077.595090 0.034507 823.500000
1077.595090 0.107090 823.500000
1082.225105 0.034413 833.500000
1082.225105 0.107094 833.500000
1086.835396 0.034322 843.500000
1086.835396 0.106952 843.500000
1091.426213 0.034220 853.500000
1091.426213 0.106851 853.500000
1095.997800 0.034046 863.500000
1095.997800 0.106773 863.500000
1100.550398 0.033981 873.500000
1100.550398 0.106685 873.500000
1105.084240 0.033972 883.500000
1105.084240 0.106823 883.500000
1109.599557 0.033822 893.500000
1109.599557 0.106414 893.500000
1114.096575 0.033727 903.500000
1114.096575 0.106339 903.500000
1118.575513 0.033647 913.500000
1118.575513 0.106238 913.500000
1123.036588 0.033533 923.500000
1123.036588 0.106067 923.500000
1127.480012 0.033470 933.500000
1127.480012 0.106075 933.500000
1131.905993 0.033367 943.500000
1131.905993 0.105844 943.500000
1136.314735 0.033251 953.500000
1136.314735 0.105717 953.500000
1140.706438 0.033185 963.500000
1140.706438 0.105630 963.500000
1145.081297 0.033108 973.500000
1145.081297 0.105581 973.500000
1149.439506 0.033033 983.500000
1149.439506 0.105536 983.500000
1153.781252 0.032953 993.500000
1153.781252 0.105319 993.500000
