Variables = x, y, u, v, p

Zone, I=600, F=POINT
       -46.5            0  1.57149e-06  2.37244e-09 -0.000391587 
       -46.5     0.000418    0.0002595  2.38844e-09 -0.000391587 
       -46.5     0.001672   0.00103329  3.44907e-09 -0.000391586 
       -46.5     0.003763   0.00232354  8.59628e-09 -0.000391584 
       -46.5     0.006689   0.00412904  2.28923e-08 -0.000391581 
       -46.5     0.010451   0.00645038   5.3436e-08 -0.000391577 
       -46.5      0.01505   0.00928818  1.09375e-07 -0.000391573 
       -46.5     0.020485    0.0126418   2.0188e-07 -0.000391568 
       -46.5     0.026756    0.0165112  3.44176e-07 -0.000391562 
       -46.5     0.033863    0.0208963  5.51548e-07 -0.000391555 
       -46.5     0.041806    0.0257971  8.41344e-07 -0.000391547 
       -46.5     0.050585    0.0312134  1.23299e-06 -0.000391538 
       -46.5     0.060201    0.0371458  1.74807e-06 -0.000391529 
       -46.5     0.070652    0.0435929   2.4101e-06 -0.000391519 
       -46.5      0.08194    0.0505555  3.24495e-06 -0.000391508 
       -46.5     0.094063    0.0580323  4.28034e-06 -0.000391496 
       -46.5     0.107023    0.0660241  5.54649e-06 -0.000391483 
       -46.5     0.120819    0.0745299  7.07552e-06  -0.00039147 
       -46.5     0.135451    0.0835491  8.90182e-06 -0.000391455 
       -46.5     0.150919    0.0930812   1.1062e-05  -0.00039144 
       -46.5     0.167224     0.103126  1.35951e-05 -0.000391423 
       -46.5     0.184364     0.113681  1.65419e-05 -0.000391406 
       -46.5     0.202341     0.124748  1.99462e-05 -0.000391388 
       -46.5     0.221153     0.136323  2.38532e-05 -0.000391369 
       -46.5     0.240802     0.148406  2.83115e-05 -0.000391349 
       -46.5     0.261287     0.160988  3.34468e-05 -0.000391327 
       -46.5     0.282608     0.174079   3.9092e-05 -0.000391305 
       -46.5     0.304765     0.187671  4.54639e-05 -0.000391282 
       -46.5     0.327758     0.201759   5.2615e-05 -0.000391257 
       -46.5     0.351588     0.216339  6.05988e-05 -0.000391232 
       -46.5     0.376253     0.231404  6.94685e-05 -0.000391204 
       -46.5     0.401755     0.246947  7.92794e-05 -0.000391176 
       -46.5     0.428092     0.262961  9.00856e-05 -0.000391146 
       -46.5     0.455266     0.279438  0.000101943 -0.000391115 
       -46.5     0.483276     0.296366  0.000114908 -0.000391082 
       -46.5     0.512122     0.313736  0.000129034 -0.000391047 
       -46.5     0.541805     0.331534  0.000144379  -0.00039101 
       -46.5     0.572323     0.349747  0.000160995 -0.000390971 
       -46.5     0.603677      0.36836  0.000178939  -0.00039093 
       -46.5     0.635868     0.387358  0.000198265 -0.000390887 
       -46.5     0.668894      0.40672  0.000219025 -0.000390841 
       -46.5     0.702757     0.426429  0.000241272 -0.000390792 
       -46.5     0.737456     0.446463  0.000265058 -0.000390741 
       -46.5     0.772991     0.467236  0.000290482 -0.000390689 
       -46.5     0.809362     0.487503  0.000317331 -0.000390629 
       -46.5      0.84657     0.508009  0.000345788 -0.000390565 
       -46.5     0.884613     0.528717  0.000375835 -0.000390497 
       -46.5     0.923492      0.54959  0.000407447 -0.000390425 
       -46.5     0.963208     0.570585   0.00044059 -0.000390349 
       -46.5      1.00376     0.591656  0.000475215 -0.000390267 
       -46.5      1.04515     0.612754  0.000511264 -0.000390181 
       -46.5      1.08737     0.633826  0.000548667 -0.000390089 
       -46.5      1.13043     0.654815  0.000587339 -0.000389991 
       -46.5      1.17433     0.675661  0.000627184 -0.000389887 
       -46.5      1.21906     0.696298  0.000668089 -0.000389777 
       -46.5      1.26463     0.716658  0.000709929 -0.000389659 
       -46.5      1.31103     0.736665  0.000752559 -0.000389534 
       -46.5      1.35827     0.756242  0.000795822 -0.000389401 
       -46.5      1.40635     0.775304   0.00083954  -0.00038926 
       -46.5      1.45526     0.793762  0.000883518  -0.00038911 
       -46.5      1.50501     0.811522  0.000927544  -0.00038895 
       -46.5       1.5556     0.828484  0.000971384 -0.000388781 
       -46.5      1.60702     0.844543   0.00101478 -0.000388601 
       -46.5      1.65928     0.859587   0.00105747  -0.00038841 
       -46.5      1.71237     0.873499   0.00109914 -0.000388207 
       -46.5       1.7663      0.88568   0.00113891  -0.00038799 
       -46.5      1.82106     0.897955   0.00117644 -0.000387771 
       -46.5      1.87667     0.909469   0.00121209 -0.000387543 
       -46.5      1.93311     0.920217   0.00124584 -0.000387307 
       -46.5      1.99038     0.930199   0.00127767 -0.000387062 
       -46.5      2.04849     0.939415   0.00130757 -0.000386809 
       -46.5      2.10744     0.947871   0.00133551 -0.000386548 
       -46.5      2.16722     0.955575   0.00136151 -0.000386279 
       -46.5      2.22784     0.962539   0.00138556 -0.000386001 
       -46.5      2.28929     0.968776   0.00140767 -0.000385715 
       -46.5      2.35158     0.974307   0.00142787  -0.00038542 
       -46.5      2.41471     0.979152   0.00144618 -0.000385118 
       -46.5      2.47867      0.98334   0.00146264 -0.000384808 
       -46.5      2.54347     0.986901   0.00147729  -0.00038449 
       -46.5      2.60911     0.989868   0.00149019 -0.000384164 
       -46.5      2.67558     0.992283   0.00150139 -0.000383831 
       -46.5      2.74288     0.994187   0.00151097  -0.00038349 
       -46.5      2.81103     0.995631   0.00151901 -0.000383143 
       -46.5      2.88001     0.996667    0.0015256 -0.000382788 
       -46.5      2.94983     0.997354   0.00153084 -0.000382428 
       -46.5      3.02048     0.997755   0.00153484 -0.000382061 
       -46.5      3.09197      0.99794   0.00153773 -0.000381688 
       -46.5      3.16429     0.997983   0.00153965  -0.00038131 
       -46.5      3.23745     0.997964   0.00154074 -0.000380926 
       -46.5      3.31145      0.99797   0.00154115 -0.000380538 
       -46.5      3.38628     0.998092   0.00154108 -0.000380146 
       -46.5      3.46195     0.998428   0.00154069  -0.00037975 
       -46.5      3.53845     0.999084   0.00154018  -0.00037935 
       -46.5      3.61579      1.00017   0.00153978 -0.000378948 
       -46.5      3.69397       1.0018    0.0015397 -0.000378544 
       -46.5      3.77298      1.00263   0.00154043 -0.000378129 
       -46.5      3.85283      1.00216   0.00154044 -0.000377696 
       -46.5      3.93352      1.00173   0.00154042 -0.000377258 
       -46.5      4.01504      1.00134   0.00154037 -0.000376815 
       -46.5       4.0974      1.00099   0.00154028 -0.000376366 
       -46.5      4.18059      1.00067   0.00154017 -0.000375913 
       -46.5      4.26462       1.0004   0.00154003 -0.000375454 
       -46.5      4.34949      1.00016   0.00153986  -0.00037499 
       -46.5      4.43519     0.999957   0.00153966 -0.000374521 
       -46.5      4.52173     0.999791   0.00153943 -0.000374046 
       -46.5       4.6091      0.99966   0.00153918 -0.000373566 
       -46.5      4.69731     0.999562    0.0015389 -0.000373081 
       -46.5      4.78636      1.00007   0.00153815 -0.000372585 
       -46.5      4.87624      1.00007   0.00153779 -0.000372088 
       -46.5      4.96696      1.00007   0.00153743 -0.000371585 
       -46.5      5.05851      1.00007   0.00153707 -0.000371076 
       -46.5       5.1509      1.00007   0.00153671 -0.000370561 
       -46.5      5.24413      1.00007   0.00153635  -0.00037004 
       -46.5       5.3382      1.00007   0.00153598 -0.000369512 
       -46.5      5.43309      1.00007   0.00153561 -0.000368979 
       -46.5      5.52883      1.00007   0.00153524  -0.00036844 
       -46.5       5.6254      1.00007   0.00153487 -0.000367894 
       -46.5      5.72281      1.00007   0.00153449 -0.000367343 
       -46.5      5.82105      1.00007   0.00153412 -0.000366784 
       -46.5      5.92013      1.00007   0.00153374  -0.00036622 
       -46.5      6.02005      1.00007   0.00153336 -0.000365649 
       -46.5       6.1208      1.00007   0.00153298 -0.000365071 
       -46.5      6.22239      1.00007    0.0015326 -0.000364487 
       -46.5      6.32482      1.00007   0.00153221 -0.000363896 
       -46.5      6.42808      1.00007   0.00153183 -0.000363298 
       -46.5      6.53217      1.00007   0.00153144 -0.000362694 
       -46.5      6.63711      1.00007   0.00153105 -0.000362082 
       -46.5      6.74287      1.00007   0.00153066 -0.000361464 
       -46.5      6.84948      1.00007   0.00153027 -0.000360839 
       -46.5      6.95692      1.00007   0.00152987 -0.000360206 
       -46.5       7.0652      1.00007   0.00152948 -0.000359566 
       -46.5      7.17431      1.00007   0.00152908 -0.000358919 
       -46.5      7.28426      1.00007    0.0015287 -0.000358248 
       -46.5      7.39505      1.00007    0.0015283 -0.000357592 
       -46.5      7.50667      1.00007    0.0015279 -0.000356927 
       -46.5      7.61913      1.00007    0.0015275 -0.000356256 
       -46.5      7.73242      1.00007    0.0015271 -0.000355576 
       -46.5      7.84655      1.00007   0.00152669 -0.000354889 
       -46.5      7.96152      1.00007   0.00152629 -0.000354195 
       -46.5      8.07732      1.00006   0.00152589 -0.000353493 
       -46.5      8.19396      1.00006   0.00152549 -0.000352784 
       -46.5      8.31143      1.00006   0.00152508 -0.000352067 
       -46.5      8.42974      1.00006   0.00152468 -0.000351343 
       -46.5      8.54889      1.00006   0.00152427 -0.000350612 
       -46.5      8.66887      1.00006   0.00152387 -0.000349873 
       -46.5      8.78969      1.00006   0.00152346 -0.000349127 
       -46.5      8.91135      1.00006   0.00152305 -0.000348373 
       -46.5      9.03384      1.00006   0.00152264 -0.000347613 
       -46.5      9.15717      1.00006   0.00152224 -0.000346845 
       -46.5      9.28133      1.00006   0.00152183  -0.00034607 
       -46.5      9.40633      1.00006   0.00152141 -0.000345288 
       -46.5      9.53216      1.00006     0.001521 -0.000344484 
       -46.5      9.65884      1.00006   0.00152057  -0.00034369 
       -46.5      9.78634      1.00006   0.00152015 -0.000342888 
       -46.5      9.91469      1.00006   0.00151972  -0.00034208 
       -46.5      10.0439      1.00006    0.0015193 -0.000341266 
       -46.5      10.1739      1.00006   0.00151887 -0.000340445 
       -46.5      10.3047      1.00006   0.00151845 -0.000339618 
       -46.5      10.4364      1.00006   0.00151803 -0.000338784 
       -46.5      10.5689      1.00006   0.00151765 -0.000337912 
       -46.5      10.7023      1.00006   0.00151722 -0.000337058 
       -46.5      10.8365      1.00006   0.00151679 -0.000336198 
       -46.5      10.9715      1.00006   0.00151636 -0.000335329 
       -46.5      11.1074      1.00006   0.00151594 -0.000334454 
       -46.5      11.2441      1.00006   0.00151553  -0.00033357 
       -46.5      11.3817      1.00006   0.00151511 -0.000332679 
       -46.5        11.52      1.00006    0.0015147 -0.000331781 
       -46.5      11.6592      1.00006   0.00151429 -0.000330875 
       -46.5      11.7993      1.00006   0.00151389 -0.000329961 
       -46.5      11.9402      1.00006   0.00151348  -0.00032904 
       -46.5      12.0819      1.00006   0.00151308 -0.000328111 
       -46.5      12.2245      1.00006   0.00151269 -0.000327174 
       -46.5      12.3679      1.00005   0.00151229 -0.000326229 
       -46.5      12.5121      1.00005    0.0015119 -0.000325277 
       -46.5      12.6572      1.00005   0.00151151 -0.000324317 
       -46.5      12.8031      1.00005   0.00151112 -0.000323349 
       -46.5      12.9498      1.00005   0.00151073 -0.000322373 
       -46.5      13.0974      1.00005   0.00151035  -0.00032139 
       -46.5      13.2458      1.00005   0.00150997 -0.000320399 
       -46.5       13.395      1.00005   0.00150958   -0.0003194 
       -46.5      13.5451      1.00005    0.0015092 -0.000318393 
       -46.5       13.696      1.00005   0.00150882 -0.000317378 
       -46.5      13.8478      1.00005   0.00150844 -0.000316355 
       -46.5      14.0004      1.00005   0.00150806 -0.000315325 
       -46.5      14.1538      1.00005   0.00150768 -0.000314286 
       -46.5      14.3081      1.00005    0.0015073  -0.00031324 
       -46.5      14.4632      1.00005   0.00150692 -0.000312185 
       -46.5      14.6191      1.00005   0.00150654 -0.000311123 
       -46.5      14.7759      1.00005   0.00150615 -0.000310052 
       -46.5      14.9335      1.00005   0.00150579 -0.000309002 
       -46.5      15.0919      1.00005   0.00150542 -0.000307923 
       -46.5      15.2512      1.00005   0.00150506 -0.000306838 
       -46.5      15.4113      1.00005   0.00150469 -0.000305747 
       -46.5      15.5723      1.00005   0.00150433 -0.000304651 
       -46.5      15.7341      1.00005   0.00150396 -0.000303523 
       -46.5      15.8967      1.00005   0.00150361 -0.000302397 
       -46.5      16.0602      1.00005   0.00150326 -0.000301264 
       -46.5      16.2245      1.00004   0.00150291 -0.000300124 
       -46.5      16.3896      1.00004   0.00150257 -0.000298977 
       -46.5      16.5556      1.00004   0.00150223 -0.000297823 
       -46.5      16.7224      1.00004   0.00150189 -0.000296662 
       -46.5        16.89      1.00004   0.00150156 -0.000295495 
       -46.5      17.0585      1.00004   0.00150108 -0.000294381 
       -46.5      17.2278      1.00004   0.00150076 -0.000293203 
       -46.5      17.3979      1.00004   0.00150044 -0.000292018 
       -46.5      17.5689      1.00004   0.00150012 -0.000290826 
       -46.5      17.7408      1.00004   0.00149981 -0.000289627 
       -46.5      17.9134      1.00004    0.0014995 -0.000288422 
       -46.5      18.0869      1.00004    0.0014992  -0.00028721 
       -46.5      18.2612      1.00004    0.0014989 -0.000285991 
       -46.5      18.4364      1.00004    0.0014986 -0.000284766 
       -46.5      18.6124      1.00004   0.00149831 -0.000283534 
       -46.5      18.7892      1.00004   0.00149802 -0.000282295 
       -46.5      18.9669      1.00004   0.00149773  -0.00028105 
       -46.5      19.1454      1.00004   0.00149745 -0.000279798 
       -46.5      19.3248      1.00004   0.00149717 -0.000278539 
       -46.5       19.505      1.00004   0.00149689 -0.000277274 
       -46.5       19.686      1.00004   0.00149662 -0.000276002 
       -46.5      19.8678      1.00004   0.00149635 -0.000274723 
       -46.5      20.0505      1.00004   0.00149609 -0.000273438 
       -46.5      20.2341      1.00003   0.00149582 -0.000272146 
       -46.5      20.4184      1.00003   0.00149556 -0.000270848 
       -46.5      20.6036      1.00003   0.00149531 -0.000269543 
       -46.5      20.7897      1.00003   0.00149505 -0.000268231 
       -46.5      20.9765      1.00003    0.0014948 -0.000266913 
       -46.5      21.1642      1.00003   0.00149455 -0.000265589 
       -46.5      21.3528      1.00003   0.00149431 -0.000264257 
       -46.5      21.5422      1.00003   0.00149407  -0.00026292 
       -46.5      21.7324      1.00003   0.00149383 -0.000261576 
       -46.5      21.9234      1.00003   0.00149359 -0.000260225 
       -46.5      22.1153      1.00003   0.00149336 -0.000258868 
       -46.5       22.308      1.00003   0.00149312 -0.000257505 
       -46.5      22.5016      1.00003   0.00149289 -0.000256135 
       -46.5       22.696      1.00003   0.00149267 -0.000254759 
       -46.5      22.8912      1.00003   0.00149244 -0.000253376 
       -46.5      23.0873      1.00003   0.00149222 -0.000251987 
       -46.5      23.2842      1.00003   0.00149211 -0.000250588 
       -46.5       23.482      1.00003   0.00149198 -0.000249183 
       -46.5      23.6805      1.00003   0.00149185 -0.000247773 
       -46.5        23.88      1.00002   0.00149172 -0.000246358 
       -46.5      24.0802      1.00002    0.0014916 -0.000244939 
       -46.5      24.2813      1.00002   0.00149147 -0.000243514 
       -46.5      24.4832      1.00002   0.00149135 -0.000242085 
       -46.5       24.686      1.00002   0.00149124 -0.000240651 
       -46.5      24.8896      1.00002   0.00149112 -0.000239213 
       -46.5       25.094      1.00002   0.00149101  -0.00023777 
       -46.5      25.2993      1.00002    0.0014909 -0.000236323 
       -46.5      25.5054      1.00002   0.00149079  -0.00023487 
       -46.5      25.7123      1.00002   0.00149069 -0.000233414 
       -46.5      25.9201      1.00002   0.00149058 -0.000231953 
       -46.5      26.1287      1.00002   0.00149048 -0.000230487 
       -46.5      26.3381      1.00002   0.00149039 -0.000229017 
       -46.5      26.5484      1.00002   0.00149029 -0.000227543 
       -46.5      26.7595      1.00002    0.0014902 -0.000226064 
       -46.5      26.9715      1.00002   0.00149011 -0.000224581 
       -46.5      27.1843      1.00002   0.00149002 -0.000223093 
       -46.5      27.3979      1.00002   0.00148994 -0.000221602 
       -46.5      27.6124      1.00002   0.00148986 -0.000220106 
       -46.5      27.8277      1.00001   0.00148978 -0.000218606 
       -46.5      28.0438      1.00001    0.0014897 -0.000217101 
       -46.5      28.2608      1.00001   0.00148963 -0.000215593 
       -46.5      28.4786      1.00001   0.00148956 -0.000214081 
       -46.5      28.6972      1.00001   0.00148949 -0.000212564 
       -46.5      28.9167      1.00001   0.00148943 -0.000211044 
       -46.5       29.137      1.00001   0.00148937 -0.000209519 
       -46.5      29.3582      1.00001   0.00148931 -0.000207991 
       -46.5      29.5802      1.00001   0.00148925 -0.000206459 
       -46.5       29.803      1.00001    0.0014892 -0.000204923 
       -46.5      30.0267      1.00001   0.00148915 -0.000203383 
       -46.5      30.2512      1.00001   0.00148911  -0.00020184 
       -46.5      30.4765      1.00001   0.00148906 -0.000200292 
       -46.5      30.7027      1.00001   0.00148902 -0.000198741 
       -46.5      30.9297      1.00001   0.00148899 -0.000197187 
       -46.5      31.1575      1.00001   0.00148895 -0.000195629 
       -46.5      31.3862      1.00001   0.00148892 -0.000194067 
       -46.5      31.6157            1    0.0014889 -0.000192502 
       -46.5      31.8461      1.00001   0.00148902  -0.00019106 
       -46.5      32.0773            1   0.00148908   -0.0001895 
       -46.5      32.3093            1   0.00148915 -0.000187938 
       -46.5      32.5421            1   0.00148923 -0.000186377 
       -46.5      32.7758            1   0.00148933 -0.000184815 
       -46.5      33.0104            1   0.00148943 -0.000183253 
       -46.5      33.2457            1   0.00148955 -0.000181691 
       -46.5      33.4819            1   0.00148967 -0.000180131 
       -46.5       33.719            1   0.00148981 -0.000178572 
       -46.5      33.9568            1   0.00148996 -0.000177014 
       -46.5      34.1956            1   0.00149012 -0.000175458 
       -46.5      34.4351     0.999999   0.00149029 -0.000173791 
       -46.5      34.6755     0.999999   0.00149029  -0.00017221 
       -46.5      34.9167     0.999998   0.00149029 -0.000170629 
       -46.5      35.1588     0.999997   0.00149031 -0.000169046 
       -46.5      35.4017     0.999997   0.00149034 -0.000167463 
       -46.5      35.6454     0.999996   0.00149038 -0.000165878 
       -46.5      35.8899     0.999995   0.00149043 -0.000164292 
       -46.5      36.1354     0.999995   0.00149095 -0.000162576 
       -46.5      36.3816     0.999995   0.00149118 -0.000160998 
       -46.5      36.6287     0.999994   0.00149141 -0.000159417 
       -46.5      36.8766     0.999994   0.00149165 -0.000157833 
       -46.5      37.1253     0.999993   0.00149189 -0.000156246 
       -46.5      37.3749     0.999993   0.00149213 -0.000154657 
       -46.5      37.6253     0.999992   0.00149237 -0.000153065 
       -46.5      37.8766     0.999992   0.00149261 -0.000151471 
       -46.5      38.1287     0.999991   0.00149286 -0.000149875 
       -46.5      38.3816     0.999991   0.00149311 -0.000148276 
       -46.5      38.6353      0.99999   0.00149336 -0.000146676 
       -46.5      38.8899      0.99999   0.00149362 -0.000145074 
       -46.5      39.1454      0.99999   0.00149388  -0.00014347 
       -46.5      39.4016     0.999989   0.00149414 -0.000141864 
       -46.5      39.6588     0.999989   0.00149441 -0.000140257 
       -46.5      39.9167     0.999988   0.00149468 -0.000138649 
       -46.5      40.1755     0.999988   0.00149495 -0.000137039 
       -46.5      40.4351     0.999988   0.00149522 -0.000135428 
       -46.5      40.6955     0.999987    0.0014955 -0.000133817 
       -46.5      40.9568     0.999987   0.00149578 -0.000132205 
       -46.5      41.2189     0.999986   0.00149607 -0.000130592 
       -46.5      41.4819     0.999986   0.00149636 -0.000128979 
       -46.5      41.7457     0.999986   0.00149665 -0.000127365 
       -46.5      42.0103     0.999985   0.00149695 -0.000125751 
       -46.5      42.2758     0.999985   0.00149725 -0.000124137 
       -46.5      42.5421     0.999984   0.00149755 -0.000122524 
       -46.5      42.8092     0.999984   0.00149786 -0.000120911 
       -46.5      43.0772     0.999984   0.00149817 -0.000119298 
       -46.5       43.346     0.999983   0.00149849 -0.000117686 
       -46.5      43.6157     0.999983   0.00149881 -0.000116074 
       -46.5      43.8862     0.999982   0.00149914 -0.000114464 
       -46.5      44.1575     0.999982   0.00149947 -0.000112855 
       -46.5      44.4296     0.999982    0.0014998 -0.000111247 
       -46.5      44.7026     0.999981   0.00150014 -0.000109641 
       -46.5      44.9765     0.999981   0.00150049 -0.000108036 
       -46.5      45.2511     0.999981   0.00150084 -0.000106433 
       -46.5      45.5266      0.99998   0.00150119 -0.000104833 
       -46.5       45.803      0.99998   0.00150155 -0.000103234 
       -46.5      46.0801     0.999979   0.00150191 -0.000101638 
       -46.5      46.3581     0.999979   0.00150228 -0.000100045 
       -46.5       46.637     0.999978   0.00150266 -9.84543e-05 
       -46.5      46.9167     0.999978   0.00150304 -9.68667e-05 
       -46.5      47.1972     0.999978    0.0015035 -9.54023e-05 
       -46.5      47.4785     0.999978   0.00150386 -9.38039e-05 
       -46.5      47.7607     0.999977   0.00150422 -9.22076e-05 
       -46.5      48.0438     0.999977   0.00150459 -9.06135e-05 
       -46.5      48.3276     0.999977   0.00150496 -8.90217e-05 
       -46.5      48.6123     0.999976   0.00150534 -8.74321e-05 
       -46.5      48.8979     0.999976   0.00150573 -8.58449e-05 
       -46.5      49.1842     0.999976   0.00150612 -8.42601e-05 
       -46.5      49.4714     0.999976   0.00150652 -8.26777e-05 
       -46.5      49.7595     0.999975   0.00150692 -8.10979e-05 
       -46.5      50.0484     0.999975   0.00150732 -7.95206e-05 
       -46.5      50.3381     0.999975   0.00150773 -7.79459e-05 
       -46.5      50.6286     0.999975   0.00150815 -7.63738e-05 
       -46.5        50.92     0.999974   0.00150856 -7.48045e-05 
       -46.5      51.2122     0.999974   0.00150898 -7.32379e-05 
       -46.5      51.5053     0.999974   0.00150941 -7.16741e-05 
       -46.5      51.7992     0.999974   0.00150983 -7.01132e-05 
       -46.5      52.0939     0.999973   0.00151026 -6.85552e-05 
       -46.5      52.3895     0.999973   0.00151069 -6.70001e-05 
       -46.5      52.6859     0.999973   0.00151112 -6.54481e-05 
       -46.5      52.9831     0.999973   0.00151156 -6.38991e-05 
       -46.5      53.2812     0.999973   0.00151199 -6.23533e-05 
       -46.5      53.5801     0.999973   0.00151243 -6.08106e-05 
       -46.5      53.8799     0.999972   0.00151287 -5.92712e-05 
       -46.5      54.1805     0.999972    0.0015133  -5.7735e-05 
       -46.5      54.4819     0.999972   0.00151405 -5.61177e-05 
       -46.5      54.7841     0.999971   0.00151448 -5.46134e-05 
       -46.5      55.0872     0.999971   0.00151492 -5.31061e-05 
       -46.5      55.3912     0.999971   0.00151536 -5.15958e-05 
       -46.5      55.6959     0.999971    0.0015158 -5.00831e-05 
       -46.5      56.0015     0.999971   0.00151625 -4.85681e-05 
       -46.5       56.308      0.99997    0.0015167 -4.70513e-05 
       -46.5      56.6152      0.99997   0.00151716  -4.5533e-05 
       -46.5      56.9233      0.99997   0.00151762 -4.40134e-05 
       -46.5      57.2323      0.99997   0.00151809  -4.2493e-05 
       -46.5      57.5421      0.99997   0.00151856 -4.09721e-05 
       -46.5      57.8527      0.99997   0.00151904  -3.9451e-05 
       -46.5      58.1641      0.99997   0.00151953 -3.79302e-05 
       -46.5      58.4764      0.99997   0.00152002 -3.64099e-05 
       -46.5      58.7896     0.999969   0.00152052 -3.48906e-05 
       -46.5      59.1035     0.999969   0.00152102 -3.33726e-05 
       -46.5      59.4183     0.999969   0.00152154 -3.18563e-05 
       -46.5      59.7339     0.999969   0.00152206 -3.03421e-05 
       -46.5      60.0504     0.999969   0.00152259 -2.88304e-05 
       -46.5      60.3677     0.999969   0.00152312 -2.73216e-05 
       -46.5      60.6859     0.999969   0.00152367 -2.58161e-05 
       -46.5      61.0048     0.999969   0.00152423 -2.43143e-05 
       -46.5      61.3247     0.999969   0.00152479 -2.28166e-05 
       -46.5      61.6453     0.999969   0.00152529 -2.12285e-05 
       -46.5      61.9668     0.999969   0.00152584 -1.97314e-05 
       -46.5      62.2891     0.999969    0.0015264 -1.82361e-05 
       -46.5      62.6123     0.999969   0.00152695 -1.67429e-05 
       -46.5      62.9363     0.999969    0.0015275 -1.52524e-05 
       -46.5      63.2611     0.999969   0.00152805  -1.3765e-05 
       -46.5      63.5868     0.999968   0.00152859  -1.2281e-05 
       -46.5      63.9133     0.999968   0.00152913 -1.08009e-05 
       -46.5      64.2406     0.999968   0.00152966 -9.32517e-06 
       -46.5      64.5688     0.999968    0.0015302 -7.85419e-06 
       -46.5      64.8978     0.999968   0.00153072 -6.38843e-06 
       -46.5      65.2277     0.999967   0.00153125 -4.92832e-06 
       -46.5      65.5583     0.999967   0.00153177 -3.47435e-06 
       -46.5      65.8899     0.999967   0.00153228 -2.02697e-06 
       -46.5      66.2222     0.999967   0.00153279 -5.86648e-07 
       -46.5      66.5554     0.999967   0.00153329  8.46141e-07 
       -46.5      66.8894     0.999966   0.00153379   2.2709e-06 
       -46.5      67.2243     0.999966   0.00153428  3.68716e-06 
       -46.5        67.56     0.999966   0.00153476  5.09441e-06 
       -46.5      67.8966     0.999966   0.00153524  6.49215e-06 
       -46.5      68.2339     0.999966   0.00153571  7.87989e-06 
       -46.5      68.5721     0.999967   0.00153637  9.20703e-06 
       -46.5      68.9112     0.999967   0.00153683  1.06493e-05 
       -46.5      69.2511     0.999967   0.00153729  1.20892e-05 
       -46.5      69.5918     0.999967   0.00153775  1.35267e-05 
       -46.5      69.9333     0.999967   0.00153821  1.49617e-05 
       -46.5      70.2757     0.999967   0.00153868  1.63943e-05 
       -46.5      70.6189     0.999967   0.00153914  1.78244e-05 
       -46.5       70.963     0.999967    0.0015396   1.9252e-05 
       -46.5      71.3079     0.999967   0.00154006   2.0677e-05 
       -46.5      71.6536     0.999967   0.00154052  2.20995e-05 
       -46.5      72.0002     0.999967   0.00154098  2.35194e-05 
       -46.5      72.3476     0.999967   0.00154144  2.49367e-05 
       -46.5      72.6959     0.999967    0.0015419  2.63515e-05 
       -46.5      73.0449     0.999967   0.00154237  2.77636e-05 
       -46.5      73.3949     0.999967   0.00154283   2.9173e-05 
       -46.5      73.7456     0.999967    0.0015433  3.05798e-05 
       -46.5      74.0972     0.999967   0.00154376  3.19838e-05 
       -46.5      74.4496     0.999967   0.00154423  3.33852e-05 
       -46.5      74.8029     0.999967    0.0015447  3.47838e-05 
       -46.5       75.157     0.999967   0.00154517  3.61797e-05 
       -46.5      75.5119     0.999967   0.00154564  3.75729e-05 
       -46.5      75.8677     0.999967   0.00154611  3.89632e-05 
       -46.5      76.2243     0.999967   0.00154658  4.03508e-05 
       -46.5      76.5817     0.999967   0.00154706  4.17355e-05 
       -46.5        76.94     0.999968   0.00154754  4.31174e-05 
       -46.5      77.2991     0.999968   0.00154802  4.44964e-05 
       -46.5      77.6591     0.999968    0.0015485  4.58726e-05 
       -46.5      78.0198     0.999968   0.00154898  4.72459e-05 
       -46.5      78.3815     0.999968   0.00154947  4.86163e-05 
       -46.5      78.7439     0.999968   0.00154995  4.99838e-05 
       -46.5      79.1072     0.999968   0.00155044  5.13483e-05 
       -46.5      79.4714     0.999968   0.00155094  5.27099e-05 
       -46.5      79.8363     0.999968   0.00155143  5.40685e-05 
       -46.5      80.2021     0.999968   0.00155193  5.54242e-05 
       -46.5      80.5688     0.999968   0.00155243  5.67768e-05 
       -46.5      80.9362     0.999968   0.00155294  5.81265e-05 
       -46.5      81.3045     0.999968   0.00155345  5.94731e-05 
       -46.5      81.6737     0.999968    0.0015547  6.08832e-05 
       -46.5      82.0437     0.999968   0.00155501  6.23166e-05 
       -46.5      82.4145     0.999968   0.00155532  6.37457e-05 
       -46.5      82.7861     0.999968   0.00155563  6.51705e-05 
       -46.5      83.1586     0.999968   0.00155596  6.65908e-05 
       -46.5       83.532     0.999968   0.00155629  6.80069e-05 
       -46.5      83.9061     0.999968   0.00155662  6.94185e-05 
       -46.5      84.2811     0.999968   0.00155696  7.08258e-05 
       -46.5       84.657     0.999968   0.00155731  7.22287e-05 
       -46.5      85.0336     0.999968   0.00155766  7.36273e-05 
       -46.5      85.4111     0.999969   0.00155802  7.50215e-05 
       -46.5      85.7895     0.999969   0.00155838  7.64114e-05 
       -46.5      86.1687     0.999969   0.00155875  7.77969e-05 
       -46.5      86.5487     0.999969   0.00155913   7.9178e-05 
       -46.5      86.9295     0.999969   0.00155951  8.05549e-05 
       -46.5      87.3112     0.999969   0.00155989  8.19274e-05 
       -46.5      87.6937     0.999969   0.00156028  8.32956e-05 
       -46.5      88.0771     0.999969   0.00156067  8.46594e-05 
       -46.5      88.4613      0.99997   0.00156107   8.6019e-05 
       -46.5      88.8463      0.99997   0.00156147  8.73742e-05 
       -46.5      89.2322      0.99997   0.00156188  8.87252e-05 
       -46.5      89.6189      0.99997   0.00156229  9.00719e-05 
       -46.5      90.0064      0.99997   0.00156271  9.14143e-05 
       -46.5      90.3948     0.999971   0.00156313  9.27525e-05 
       -46.5       90.784     0.999971   0.00156355  9.40864e-05 
       -46.5      91.1741     0.999971   0.00156398  9.54161e-05 
       -46.5       91.565     0.999971   0.00156441  9.67415e-05 
       -46.5      91.9567     0.999971   0.00156484  9.80628e-05 
       -46.5      92.3492     0.999972   0.00156528  9.93798e-05 
       -46.5      92.7426     0.999972   0.00156572  0.000100693 
       -46.5      93.1369     0.999972   0.00156616  0.000102001 
       -46.5      93.5319     0.999972    0.0015666  0.000103306 
       -46.5      93.9278     0.999973   0.00156705  0.000104606 
       -46.5      94.3246     0.999973    0.0015675  0.000105903 
       -46.5      94.7221     0.999973   0.00156795  0.000107195 
       -46.5      95.1206     0.999974   0.00156841  0.000108483 
       -46.5      95.5198     0.999974   0.00156886  0.000109767 
       -46.5      95.9199     0.999974   0.00156932  0.000111047 
       -46.5      96.3208     0.999974   0.00156978  0.000112323 
       -46.5      96.7226     0.999975   0.00157024  0.000113595 
       -46.5      97.1251     0.999975    0.0015707  0.000114863 
       -46.5      97.5286     0.999975   0.00157116  0.000116128 
       -46.5      97.9328     0.999976   0.00157162  0.000117388 
       -46.5      98.3379     0.999976   0.00157209  0.000118644 
       -46.5      98.7439     0.999976   0.00157255  0.000119897 
       -46.5      99.1506     0.999977   0.00157302  0.000121145 
       -46.5      99.5583     0.999977   0.00157348   0.00012239 
       -46.5      99.9667     0.999977   0.00157394  0.000123631 
       -46.5      100.376     0.999975   0.00157374  0.000125788 
       -46.5      100.786     0.999975   0.00157422  0.000127154 
       -46.5      101.197     0.999975   0.00157468  0.000128515 
       -46.5      101.609     0.999976   0.00157514   0.00012987 
       -46.5      102.021     0.999976   0.00157559  0.000131219 
       -46.5      102.435     0.999976   0.00157603  0.000132561 
       -46.5      102.849     0.999977   0.00157646  0.000133897 
       -46.5      103.264     0.999977   0.00157688  0.000135225 
       -46.5       103.68     0.999978   0.00157729  0.000136546 
       -46.5      104.097     0.999978   0.00157769  0.000137859 
       -46.5      104.515     0.999979   0.00157807  0.000139163 
       -46.5      104.933     0.999979   0.00157845   0.00014046 
       -46.5      105.353      0.99998   0.00157881  0.000141747 
       -46.5      105.773     0.999981   0.00157915  0.000143026 
       -46.5      106.194     0.999982   0.00157948  0.000144294 
       -46.5      106.616     0.999982    0.0015798  0.000145554 
       -46.5      107.038     0.999983    0.0015801  0.000146803 
       -46.5      107.462     0.999984   0.00158037  0.000147731 
       -46.5      107.886     0.999984   0.00158067  0.000149177 
       -46.5      108.311     0.999984   0.00158096  0.000150614 
       -46.5      108.737     0.999984   0.00158125  0.000152042 
       -46.5      109.164     0.999984   0.00158154  0.000153461 
       -46.5      109.592     0.999984   0.00158183  0.000154871 
       -46.5       110.02     0.999984   0.00158211  0.000156272 
       -46.5       110.45     0.999984   0.00158239  0.000157665 
       -46.5       110.88     0.999984   0.00158267   0.00015905 
       -46.5      111.311     0.999984   0.00158294  0.000160427 
       -46.5      111.743     0.999985   0.00158322  0.000161796 
       -46.5      112.175     0.999985   0.00158349  0.000163158 
       -46.5      112.609     0.999985   0.00158376  0.000164513 
       -46.5      113.043     0.999985   0.00158402   0.00016586 
       -46.5      113.478     0.999985   0.00158429  0.000167201 
       -46.5      113.914     0.999985   0.00158455  0.000168535 
       -46.5      114.351     0.999985   0.00158481  0.000169863 
       -46.5      114.789     0.999985   0.00158507  0.000171186 
       -46.5      115.228     0.999986   0.00158532  0.000172502 
       -46.5      115.667     0.999986   0.00158558  0.000173813 
       -46.5      116.107     0.999986   0.00158583  0.000175118 
       -46.5      116.548     0.999986   0.00158608  0.000176419 
       -46.5       116.99     0.999986   0.00158633  0.000177715 
       -46.5      117.433     0.999986   0.00158657  0.000179006 
       -46.5      117.876     0.999987   0.00158682  0.000180293 
       -46.5      118.321     0.999987   0.00158706  0.000181576 
       -46.5      118.766     0.999987    0.0015873  0.000182856 
       -46.5      119.212     0.999987   0.00158754  0.000184132 
       -46.5      119.659     0.999987   0.00158778  0.000185406 
       -46.5      120.107     0.999988   0.00158801  0.000186676 
       -46.5      120.555     0.999988   0.00158825  0.000187944 
       -46.5      121.005     0.999988   0.00158848   0.00018921 
       -46.5      121.455     0.999988   0.00158871  0.000190474 
       -46.5      121.906     0.999988   0.00158894  0.000191736 
       -46.5      122.358     0.999989   0.00158917  0.000192998 
       -46.5      122.811     0.999989    0.0015894  0.000194258 
       -46.5      123.264     0.999989   0.00158963  0.000195517 
       -46.5      123.719     0.999989   0.00158985  0.000196777 
       -46.5      124.174      0.99999   0.00159008  0.000198036 
       -46.5       124.63      0.99999    0.0015903  0.000199295 
       -46.5      125.087      0.99999   0.00159053  0.000200556 
       -46.5      125.545     0.999991   0.00159075  0.000201817 
       -46.5      126.003     0.999991   0.00159097  0.000203079 
       -46.5      126.463     0.999991   0.00159119  0.000204343 
       -46.5      126.923     0.999991   0.00159141   0.00020561 
       -46.5      127.384     0.999992   0.00159163  0.000206878 
       -46.5      127.846     0.999992   0.00159185  0.000208149 
       -46.5      128.309     0.999992   0.00159207  0.000209424 
       -46.5      128.773     0.999993   0.00159229  0.000210702 
       -46.5      129.237     0.999993   0.00159251  0.000211983 
       -46.5      129.702     0.999993   0.00159272  0.000213269 
       -46.5      130.169     0.999994   0.00159294  0.000214559 
       -46.5      130.636     0.999994   0.00159316  0.000215854 
       -46.5      131.103     0.999994   0.00159338  0.000217155 
       -46.5      131.572     0.999995    0.0015936  0.000218461 
       -46.5      132.041     0.999995   0.00159381  0.000219773 
       -46.5      132.512     0.999996   0.00159403  0.000221092 
       -46.5      132.983     0.999996   0.00159425  0.000222417 
       -46.5      133.455     0.999997   0.00159447   0.00022375 
       -46.5      133.928     0.999997   0.00159469   0.00022509 
       -46.5      134.401     0.999997   0.00159491  0.000226439 
       -46.5      134.876     0.999998   0.00159513  0.000227795 
       -46.5      135.351     0.999998   0.00159535  0.000229161 
       -46.5      135.827     0.999999   0.00159557  0.000230536 
       -46.5      136.304     0.999999   0.00159579  0.000231921 
       -46.5      136.782            1   0.00159602  0.000233316 
       -46.5      137.261            1   0.00159624  0.000234722 
       -46.5       137.74            1   0.00159647  0.000236138 
       -46.5      138.221            1   0.00159542  0.000238411 
       -46.5      138.702            1   0.00159535  0.000239807 
       -46.5      139.184            1   0.00159527  0.000241197 
       -46.5      139.667            1   0.00159519  0.000242582 
       -46.5      140.151            1   0.00159511  0.000243961 
       -46.5      140.635            1   0.00159503  0.000245333 
       -46.5       141.12            1   0.00159494    0.0002467 
       -46.5      141.607            1   0.00159485   0.00024806 
       -46.5      142.094            1   0.00159477  0.000249414 
       -46.5      142.582            1   0.00159468  0.000250762 
       -46.5       143.07            1   0.00159459  0.000252103 
       -46.5       143.56            1   0.00159449  0.000253438 
       -46.5       144.05            1    0.0015944  0.000254766 
       -46.5      144.541            1   0.00159431  0.000256087 
       -46.5      145.033            1   0.00159422  0.000257402 
       -46.5      145.526            1   0.00159412  0.000258709 
       -46.5       146.02            1   0.00159403   0.00026001 
       -46.5      146.515            1   0.00159394  0.000261304 
       -46.5       147.01            1   0.00159384  0.000262591 
       -46.5      147.506            1   0.00159375   0.00026387 
       -46.5      148.003            1   0.00159366  0.000265142 
       -46.5      148.501            1   0.00159357  0.000266407 
       -46.5          149            1   0.00159348  0.000267664 
       -46.5        149.5            1   0.00159339  0.000268914 
       -46.5          150            1   0.00159331  0.000270156 
