Variables = x, y, u, v, p

Zone, I=600, F=POINT
        46.5            0  1.17929e-05  1.50282e-07  -0.00012771 
        46.5     0.000418  0.000266681   1.4664e-07 -0.000127707 
        46.5     0.001672   0.00103132  1.42607e-07 -0.000127699 
        46.5     0.003763   0.00230626  1.58837e-07 -0.000127686 
        46.5     0.006689   0.00409014  2.29549e-07 -0.000127668 
        46.5     0.010451   0.00638341  4.02313e-07 -0.000127644 
        46.5      0.01505    0.0091864  7.37779e-07 -0.000127615 
        46.5     0.020485    0.0124982  1.30903e-06 -0.000127581 
        46.5     0.026756    0.0163182  2.20117e-06 -0.000127543 
        46.5     0.033863    0.0206459  3.51065e-06 -0.000127499 
        46.5     0.041806    0.0254804  5.34449e-06 -0.000127452 
        46.5     0.050585    0.0308209  7.81946e-06 -0.000127399 
        46.5     0.060201    0.0366665  1.10615e-05 -0.000127343 
        46.5     0.070652    0.0430146  1.52032e-05 -0.000127282 
        46.5      0.08194    0.0498644  2.03852e-05 -0.000127218 
        46.5     0.094063    0.0572126  2.67519e-05 -0.000127149 
        46.5     0.107023    0.0650575  3.44534e-05 -0.000127077 
        46.5     0.120819    0.0733955  4.36409e-05    -0.000127 
        46.5     0.135451    0.0822225  5.44673e-05  -0.00012692 
        46.5     0.150919    0.0915343  6.70844e-05 -0.000126836 
        46.5     0.167224     0.101326  8.16428e-05 -0.000126747 
        46.5     0.184364     0.111591   9.8286e-05 -0.000126654 
        46.5     0.202341     0.122324  0.000117155 -0.000126557 
        46.5     0.221153     0.133515  0.000138378 -0.000126454 
        46.5     0.240802     0.145158  0.000162079 -0.000126345 
        46.5     0.261287     0.157197  0.000187839 -0.000126222 
        46.5     0.282608     0.169773  0.000217378 -0.000126105 
        46.5     0.304765     0.182741  0.000249295 -0.000125976 
        46.5     0.327758      0.19609  0.000283586 -0.000125834 
        46.5     0.351588     0.209808  0.000320216 -0.000125676 
        46.5     0.376253     0.223879   0.00035912 -0.000125502 
        46.5     0.401755     0.238293    0.0004002 -0.000125308 
        46.5     0.428092     0.253033  0.000443319 -0.000125092 
        46.5     0.455266     0.268085  0.000488301 -0.000124852 
        46.5     0.483276     0.283434  0.000534923 -0.000124584 
        46.5     0.512122     0.299063  0.000582917 -0.000124284 
        46.5     0.541805     0.314957  0.000631962  -0.00012395 
        46.5     0.572323     0.331097  0.000681678 -0.000123578 
        46.5     0.603677     0.347466  0.000731631 -0.000123162 
        46.5     0.635868     0.364045  0.000781322 -0.000122698 
        46.5     0.668894     0.380815  0.000830179  -0.00012218 
        46.5     0.702757     0.397756  0.000877566 -0.000121604 
        46.5     0.737456     0.414848  0.000922765 -0.000120963 
        46.5     0.772991     0.432557  0.000972431 -0.000120324 
        46.5     0.809362      0.45015   0.00101775 -0.000119523 
        46.5      0.84657     0.468023   0.00106416 -0.000118653 
        46.5     0.884613     0.486152   0.00111164  -0.00011771 
        46.5     0.923492     0.504513   0.00116017 -0.000116691 
        46.5     0.963208     0.523081   0.00120975  -0.00011559 
        46.5      1.00376     0.541825   0.00126034 -0.000114404 
        46.5      1.04515     0.560714   0.00131193 -0.000113126 
        46.5      1.08737     0.579714    0.0013645 -0.000111753 
        46.5      1.13043     0.598789   0.00141801  -0.00011028 
        46.5      1.17433       0.6179   0.00147244   -0.0001087 
        46.5      1.21906     0.637004   0.00152775 -0.000107009 
        46.5      1.26463     0.656057   0.00158392   -0.0001052 
        46.5      1.31103     0.675009   0.00164089 -0.000103269 
        46.5      1.35827     0.693811   0.00169863 -0.000101208 
        46.5      1.40635     0.712407   0.00175709 -9.90106e-05 
        46.5      1.45526     0.730739   0.00181623 -9.66712e-05 
        46.5      1.50501     0.748745   0.00187599 -9.41826e-05 
        46.5       1.5556      0.76636   0.00193631 -9.15377e-05 
        46.5      1.60702     0.783514   0.00199713 -8.87291e-05 
        46.5      1.65928     0.800133   0.00205839 -8.57493e-05 
        46.5      1.71237     0.816141   0.00212002 -8.25903e-05 
        46.5       1.7663     0.831076   0.00217521 -7.91875e-05 
        46.5      1.82106      0.84557   0.00222944 -7.57603e-05 
        46.5      1.87667     0.859378   0.00228145  -7.2206e-05 
        46.5      1.93311     0.872488   0.00233118 -6.85254e-05 
        46.5      1.99038     0.884894   0.00237859 -6.47195e-05 
        46.5      2.04849     0.896588   0.00242363 -6.07897e-05 
        46.5      2.10744     0.907568   0.00246626 -5.67376e-05 
        46.5      2.16722     0.917831   0.00250645 -5.25655e-05 
        46.5      2.22784     0.927379   0.00254417 -4.82756e-05 
        46.5      2.28929     0.936217   0.00257941  -4.3871e-05 
        46.5      2.35158     0.944351   0.00261214 -3.93547e-05 
        46.5      2.41471      0.95179   0.00264237 -3.47305e-05 
        46.5      2.47867     0.958548    0.0026701 -3.00024e-05 
        46.5      2.54347     0.964641   0.00269533 -2.51752e-05 
        46.5      2.60911     0.970087    0.0027181 -2.02537e-05 
        46.5      2.67558     0.974909   0.00273842 -1.52434e-05 
        46.5      2.74288     0.979134   0.00275633 -1.01504e-05 
        46.5      2.81103      0.98279   0.00277189 -4.98124e-06 
        46.5      2.88001     0.985912   0.00278514  2.57102e-07 
        46.5      2.94983     0.988536   0.00279615  5.55698e-06 
        46.5      3.02048     0.990705     0.002805  1.09102e-05 
        46.5      3.09197     0.992462   0.00281178  1.63081e-05 
        46.5      3.16429     0.993859   0.00281657  2.17412e-05 
        46.5      3.23745     0.994949    0.0028195  2.71996e-05 
        46.5      3.31145      0.99579   0.00282068  3.26728e-05 
        46.5      3.38628     0.996446   0.00282024  3.81493e-05 
        46.5      3.46195     0.996985   0.00281834  4.36174e-05 
        46.5      3.53845      0.99748   0.00281512  4.90644e-05 
        46.5      3.61579     0.998009   0.00281077   5.4477e-05 
        46.5      3.69397     0.998654   0.00280546   5.9841e-05 
        46.5      3.77298     0.998928   0.00280823  6.56214e-05 
        46.5      3.85283     0.999082   0.00280448  7.11865e-05 
        46.5      3.93352     0.999211    0.0028005  7.67565e-05 
        46.5      4.01504     0.999316   0.00279631  8.23299e-05 
        46.5       4.0974     0.999399    0.0027919  8.79051e-05 
        46.5      4.18059     0.999462   0.00278729  9.34803e-05 
        46.5      4.26462     0.999507   0.00278251  9.90539e-05 
        46.5      4.34949     0.999537   0.00277755  0.000104624 
        46.5      4.43519     0.999553   0.00277244  0.000110189 
        46.5      4.52173      0.99956   0.00276719  0.000115748 
        46.5       4.6091     0.999558   0.00276183  0.000121298 
        46.5      4.69731     0.999553   0.00275637  0.000126837 
        46.5      4.78636     0.999546   0.00275083  0.000132365 
        46.5      4.87624     0.999559   0.00274535  0.000137876 
        46.5      4.96696     0.999552   0.00273967  0.000143374 
        46.5      5.05851     0.999544   0.00273393  0.000148855 
        46.5       5.1509     0.999538   0.00272813  0.000154317 
        46.5      5.24413     0.999535   0.00272228   0.00015976 
        46.5       5.3382     0.999532   0.00271637  0.000165183 
        46.5      5.43309     0.999527   0.00271039  0.000170576 
        46.5      5.52883     0.999522   0.00270434  0.000175946 
        46.5       5.6254     0.999517   0.00269823  0.000181292 
        46.5      5.72281     0.999512   0.00269205   0.00018661 
        46.5      5.82105     0.999507   0.00268582  0.000191897 
        46.5      5.92013     0.999502   0.00267953  0.000197154 
        46.5      6.02005     0.999498   0.00267318  0.000202377 
        46.5       6.1208     0.999493   0.00266677  0.000207567 
        46.5      6.22239     0.999488    0.0026603   0.00021272 
        46.5      6.32482     0.999483   0.00265377  0.000217836 
        46.5      6.42808     0.999479   0.00264719  0.000222913 
        46.5      6.53217     0.999474   0.00264056   0.00022795 
        46.5      6.63711      0.99947   0.00263387  0.000232946 
        46.5      6.74287     0.999465   0.00262712  0.000237898 
        46.5      6.84948     0.999461   0.00262033  0.000242805 
        46.5      6.95692     0.999456   0.00261349  0.000247667 
        46.5       7.0652     0.999452   0.00260659   0.00025248 
        46.5      7.17431     0.999448   0.00259965  0.000257245 
        46.5      7.28426     0.999443   0.00259265  0.000261969 
        46.5      7.39505     0.999439   0.00258561  0.000266641 
        46.5      7.50667     0.999435   0.00257853  0.000271261 
        46.5      7.61913     0.999431    0.0025714  0.000275827 
        46.5      7.73242     0.999427   0.00256423  0.000280338 
        46.5      7.84655     0.999423   0.00255702  0.000284794 
        46.5      7.96152     0.999419   0.00254977  0.000289193 
        46.5      8.07732     0.999415   0.00254247  0.000293535 
        46.5      8.19396     0.999412   0.00253514  0.000297819 
        46.5      8.31143     0.999408   0.00252777  0.000302045 
        46.5      8.42974     0.999404   0.00252038  0.000306226 
        46.5      8.54889       0.9994   0.00251294  0.000310321 
        46.5      8.66887     0.999397   0.00250548  0.000314357 
        46.5      8.78969     0.999393   0.00249798  0.000318331 
        46.5      8.91135      0.99939   0.00249045  0.000322244 
        46.5      9.03384     0.999387    0.0024829  0.000326094 
        46.5      9.15717     0.999383   0.00247531   0.00032988 
        46.5      9.28133      0.99938    0.0024677  0.000333602 
        46.5      9.40633     0.999377   0.00246007  0.000337257 
        46.5      9.53216     0.999374   0.00245241  0.000340846 
        46.5      9.65884     0.999371   0.00244473  0.000344368 
        46.5      9.78634     0.999368   0.00243702  0.000347821 
        46.5      9.91469     0.999365    0.0024293  0.000351205 
        46.5      10.0439     0.999363   0.00242156   0.00035452 
        46.5      10.1739      0.99936   0.00241381  0.000357763 
        46.5      10.3047     0.999357   0.00240604  0.000360935 
        46.5      10.4364     0.999355   0.00239825  0.000364035 
        46.5      10.5689     0.999352   0.00239045  0.000367062 
        46.5      10.7023      0.99935   0.00238266   0.00037004 
        46.5      10.8365     0.999348   0.00237487  0.000372935 
        46.5      10.9715     0.999345   0.00236707  0.000375758 
        46.5      11.1074     0.999343   0.00235926  0.000378509 
        46.5      11.2441     0.999341   0.00235145  0.000381187 
        46.5      11.3817     0.999339   0.00234363  0.000383794 
        46.5        11.52     0.999337    0.0023358  0.000386329 
        46.5      11.6592     0.999335   0.00232798  0.000388794 
        46.5      11.7993     0.999333   0.00232015  0.000391189 
        46.5      11.9402     0.999332   0.00231233  0.000393515 
        46.5      12.0819      0.99933   0.00230451  0.000395771 
        46.5      12.2245     0.999328   0.00229669   0.00039796 
        46.5      12.3679     0.999327   0.00228888  0.000400082 
        46.5      12.5121     0.999325   0.00228113  0.000402056 
        46.5      12.6572     0.999324   0.00227333  0.000404039 
        46.5      12.8031     0.999323   0.00226554   0.00040595 
        46.5      12.9498     0.999322   0.00225776  0.000407788 
        46.5      13.0974      0.99932   0.00225001  0.000409554 
        46.5      13.2458     0.999319   0.00224227  0.000411247 
        46.5       13.395     0.999318   0.00223455  0.000412869 
        46.5      13.5451     0.999318   0.00222685  0.000414419 
        46.5       13.696     0.999317   0.00221917  0.000415899 
        46.5      13.8478     0.999316   0.00221152  0.000417307 
        46.5      14.0004     0.999315   0.00220388  0.000418645 
        46.5      14.1538     0.999315   0.00219626  0.000419914 
        46.5      14.3081     0.999314   0.00218867  0.000421113 
        46.5      14.4632     0.999314    0.0021811  0.000422244 
        46.5      14.6191     0.999313   0.00217355  0.000423308 
        46.5      14.7759     0.999313   0.00216602  0.000424304 
        46.5      14.9335     0.999312   0.00215848  0.000425305 
        46.5      15.0919     0.999312   0.00215105  0.000426195 
        46.5      15.2512     0.999312   0.00214363  0.000427023 
        46.5      15.4113     0.999312   0.00213625  0.000427789 
        46.5      15.5723     0.999312    0.0021289  0.000428494 
        46.5      15.7341     0.999312   0.00212157  0.000429138 
        46.5      15.8967     0.999312   0.00211427  0.000429721 
        46.5      16.0602     0.999312   0.00210701  0.000430245 
        46.5      16.2245     0.999313   0.00209978  0.000430709 
        46.5      16.3896     0.999313   0.00209258  0.000431115 
        46.5      16.5556     0.999314   0.00208542  0.000431463 
        46.5      16.7224     0.999314    0.0020783  0.000431754 
        46.5        16.89     0.999315   0.00207121  0.000431988 
        46.5      17.0585     0.999315   0.00206416  0.000432167 
        46.5      17.2278     0.999316   0.00205715  0.000432292 
        46.5      17.3979     0.999316   0.00205019  0.000432363 
        46.5      17.5689     0.999317   0.00204326  0.000432381 
        46.5      17.7408     0.999318   0.00203638  0.000432347 
        46.5      17.9134     0.999319   0.00202955  0.000432263 
        46.5      18.0869      0.99932   0.00202276   0.00043213 
        46.5      18.2612     0.999321   0.00201602  0.000431948 
        46.5      18.4364     0.999322   0.00200933  0.000431719 
        46.5      18.6124     0.999322   0.00200272  0.000431526 
        46.5      18.7892     0.999323   0.00199608  0.000431185 
        46.5      18.9669     0.999324   0.00198949  0.000430802 
        46.5      19.1454     0.999326   0.00198295  0.000430378 
        46.5      19.3248     0.999327   0.00197645  0.000429913 
        46.5       19.505     0.999328      0.00197  0.000429407 
        46.5       19.686      0.99933   0.00196359  0.000428861 
        46.5      19.8678     0.999331   0.00195724  0.000428275 
        46.5      20.0505     0.999333   0.00195093   0.00042765 
        46.5      20.2341     0.999334   0.00194467  0.000426986 
        46.5      20.4184     0.999336   0.00193846  0.000426285 
        46.5      20.6036     0.999337   0.00193229  0.000425546 
        46.5      20.7897     0.999339   0.00192618   0.00042477 
        46.5      20.9765      0.99934   0.00192011  0.000423958 
        46.5      21.1642     0.999342   0.00191409   0.00042311 
        46.5      21.3528     0.999344   0.00190813  0.000422227 
        46.5      21.5422     0.999346   0.00190221   0.00042131 
        46.5      21.7324     0.999347   0.00189634   0.00042036 
        46.5      21.9234     0.999349   0.00189053  0.000419377 
        46.5      22.1153     0.999351   0.00188476  0.000418362 
        46.5       22.308     0.999353   0.00187904  0.000417316 
        46.5      22.5016     0.999355   0.00187338  0.000416239 
        46.5       22.696     0.999357   0.00186776  0.000415134 
        46.5      22.8912     0.999359    0.0018622     0.000414 
        46.5      23.0873     0.999361   0.00185668  0.000412839 
        46.5      23.2842     0.999363   0.00185122  0.000411651 
        46.5       23.482     0.999365   0.00184581  0.000410437 
        46.5      23.6805     0.999367   0.00184044    0.0004092 
        46.5        23.88     0.999369   0.00183513  0.000407939 
        46.5      24.0802     0.999372   0.00183032  0.000406848 
        46.5      24.2813     0.999374   0.00182506   0.00040553 
        46.5      24.4832     0.999376   0.00181985  0.000404187 
        46.5       24.686     0.999378    0.0018147  0.000402822 
        46.5      24.8896      0.99938    0.0018096  0.000401434 
        46.5       25.094     0.999383   0.00180456  0.000400025 
        46.5      25.2993     0.999385   0.00179958  0.000398597 
        46.5      25.5054     0.999387   0.00179465   0.00039715 
        46.5      25.7123      0.99939   0.00178978  0.000395686 
        46.5      25.9201     0.999392   0.00178497  0.000394206 
        46.5      26.1287     0.999394   0.00178022  0.000392712 
        46.5      26.3381     0.999397   0.00177553  0.000391204 
        46.5      26.5484     0.999399   0.00177091  0.000389685 
        46.5      26.7595     0.999402   0.00176634  0.000388155 
        46.5      26.9715     0.999404   0.00176184  0.000386617 
        46.5      27.1843     0.999407   0.00175699  0.000385033 
        46.5      27.3979      0.99941   0.00175268  0.000383511 
        46.5      27.6124     0.999412    0.0017484  0.000381976 
        46.5      27.8277     0.999414   0.00174416  0.000380428 
        46.5      28.0438     0.999417   0.00173995  0.000378869 
        46.5      28.2608     0.999419   0.00173577  0.000377298 
        46.5      28.4786     0.999422   0.00173163  0.000375717 
        46.5      28.6972     0.999424   0.00172753  0.000374124 
        46.5      28.9167     0.999427   0.00172345  0.000372522 
        46.5       29.137      0.99943   0.00171941   0.00037091 
        46.5      29.3582     0.999432   0.00171541  0.000369289 
        46.5      29.5802     0.999435   0.00171143  0.000367659 
        46.5       29.803     0.999438   0.00170749  0.000366022 
        46.5      30.0267      0.99944   0.00170359  0.000364377 
        46.5      30.2512     0.999444   0.00169954  0.000362511 
        46.5      30.4765     0.999446   0.00169572  0.000360837 
        46.5      30.7027     0.999449   0.00169194  0.000359162 
        46.5      30.9297     0.999452   0.00168821  0.000357485 
        46.5      31.1575     0.999455   0.00168452  0.000355806 
        46.5      31.3862     0.999457   0.00168087  0.000354127 
        46.5      31.6157      0.99946   0.00167727  0.000352447 
        46.5      31.8461     0.999463   0.00167371  0.000350766 
        46.5      32.0773     0.999466   0.00167019  0.000349084 
        46.5      32.3093     0.999468   0.00166671  0.000347403 
        46.5      32.5421     0.999471   0.00166327  0.000345721 
        46.5      32.7758     0.999474   0.00165988  0.000344039 
        46.5      33.0104     0.999476   0.00165653  0.000342358 
        46.5      33.2457     0.999479   0.00165321  0.000340677 
        46.5      33.4819     0.999482   0.00164994  0.000338997 
        46.5       33.719     0.999485   0.00164671  0.000337319 
        46.5      33.9568     0.999487   0.00164352  0.000335641 
        46.5      34.1956      0.99949   0.00164037  0.000333965 
        46.5      34.4351     0.999493   0.00163726  0.000332291 
        46.5      34.6755     0.999496   0.00163418  0.000330619 
        46.5      34.9167     0.999498   0.00163115  0.000328949 
        46.5      35.1588     0.999501   0.00162815  0.000327281 
        46.5      35.4017     0.999504   0.00162519  0.000325617 
        46.5      35.6454     0.999507   0.00162227  0.000323955 
        46.5      35.8899     0.999509   0.00161938  0.000322296 
        46.5      36.1354     0.999512   0.00161653  0.000320642 
        46.5      36.3816     0.999515   0.00161371  0.000318991 
        46.5      36.6287     0.999517   0.00161093  0.000317344 
        46.5      36.8766      0.99952   0.00160818  0.000315701 
        46.5      37.1253     0.999523   0.00160546  0.000314063 
        46.5      37.3749     0.999526   0.00160278   0.00031243 
        46.5      37.6253     0.999528   0.00160013  0.000310802 
        46.5      37.8766     0.999531   0.00159751   0.00030918 
        46.5      38.1287     0.999534   0.00159478  0.000307684 
        46.5      38.3816     0.999536   0.00159233  0.000306114 
        46.5      38.6353     0.999539    0.0015899  0.000304548 
        46.5      38.8899     0.999542   0.00158751  0.000302986 
        46.5      39.1454     0.999544   0.00158514   0.00030143 
        46.5      39.4016     0.999547   0.00158279  0.000299879 
        46.5      39.6588      0.99955   0.00158048  0.000298333 
        46.5      39.9167     0.999552   0.00157818  0.000296793 
        46.5      40.1755     0.999555   0.00157592  0.000295258 
        46.5      40.4351     0.999558   0.00157368   0.00029373 
        46.5      40.6955     0.999561   0.00157147  0.000292208 
        46.5      40.9568     0.999563   0.00156928  0.000290693 
        46.5      41.2189     0.999566   0.00156711  0.000289185 
        46.5      41.4819     0.999569   0.00156497  0.000287684 
        46.5      41.7457     0.999571   0.00156285  0.000286191 
        46.5      42.0103     0.999574   0.00156076  0.000284705 
        46.5      42.2758     0.999577   0.00155869  0.000283227 
        46.5      42.5421      0.99958   0.00155664  0.000281757 
        46.5      42.8092     0.999582   0.00155462  0.000280296 
        46.5      43.0772     0.999585   0.00155261  0.000278844 
        46.5       43.346     0.999588   0.00155063  0.000277401 
        46.5      43.6157      0.99959   0.00154867  0.000275968 
        46.5      43.8862     0.999593   0.00154673  0.000274544 
        46.5      44.1575     0.999596   0.00154481   0.00027313 
        46.5      44.4296     0.999598   0.00154291  0.000271727 
        46.5      44.7026     0.999601   0.00154103  0.000270334 
        46.5      44.9765     0.999604   0.00153917  0.000268952 
        46.5      45.2511     0.999606   0.00153732  0.000267581 
        46.5      45.5266     0.999609   0.00153549  0.000266222 
        46.5       45.803     0.999611   0.00153343   0.00026498 
        46.5      46.0801     0.999613   0.00153165  0.000263657 
        46.5      46.3581     0.999616    0.0015299  0.000262347 
        46.5       46.637     0.999618   0.00152819  0.000261049 
        46.5      46.9167     0.999621   0.00152649  0.000259765 
        46.5      47.1972     0.999623   0.00152483  0.000258492 
        46.5      47.4785     0.999626    0.0015232  0.000257232 
        46.5      47.7607     0.999628   0.00152159  0.000255983 
        46.5      48.0438     0.999631      0.00152  0.000254746 
        46.5      48.3276     0.999633   0.00151845   0.00025352 
        46.5      48.6123     0.999636   0.00151692  0.000252305 
        46.5      48.8979     0.999638   0.00151541  0.000251101 
        46.5      49.1842     0.999641   0.00151393  0.000249908 
        46.5      49.4714     0.999643   0.00151247  0.000248725 
        46.5      49.7595     0.999646   0.00151104  0.000247552 
        46.5      50.0484     0.999648   0.00150963  0.000246389 
        46.5      50.3381     0.999651   0.00150824  0.000245235 
        46.5      50.6286     0.999653   0.00150688  0.000244091 
        46.5        50.92     0.999656   0.00150554  0.000242955 
        46.5      51.2122     0.999658   0.00150422  0.000241828 
        46.5      51.5053     0.999661   0.00150292  0.000240709 
        46.5      51.7992     0.999663   0.00150164  0.000239598 
        46.5      52.0939     0.999666   0.00150038  0.000238495 
        46.5      52.3895     0.999668   0.00149914  0.000237399 
        46.5      52.6859     0.999671   0.00149792  0.000236311 
        46.5      52.9831     0.999674   0.00149672  0.000235228 
        46.5      53.2812     0.999675   0.00149607  0.000234354 
        46.5      53.5801     0.999677   0.00149489  0.000233312 
        46.5      53.8799      0.99968   0.00149373  0.000232284 
        46.5      54.1805     0.999682   0.00149258  0.000231269 
        46.5      54.4819     0.999684   0.00149145  0.000230268 
        46.5      54.7841     0.999687   0.00149033  0.000229281 
        46.5      55.0872     0.999689   0.00148922  0.000228307 
        46.5      55.3912     0.999691   0.00148812  0.000227346 
        46.5      55.6959     0.999694   0.00148704  0.000226399 
        46.5      56.0015     0.999696   0.00148597  0.000225465 
        46.5       56.308     0.999698   0.00148492  0.000224544 
        46.5      56.6152     0.999701   0.00148387  0.000223636 
        46.5      56.9233     0.999703   0.00148284  0.000222741 
        46.5      57.2323     0.999705   0.00148183   0.00022186 
        46.5      57.5421     0.999707   0.00148082  0.000220991 
        46.5      57.8527      0.99971   0.00147983  0.000220135 
        46.5      58.1641     0.999712   0.00147886  0.000219291 
        46.5      58.4764     0.999714   0.00147789   0.00021846 
        46.5      58.7896     0.999716   0.00147694  0.000217642 
        46.5      59.1035     0.999718     0.001476  0.000216836 
        46.5      59.4183      0.99972   0.00147507  0.000216042 
        46.5      59.7339     0.999722   0.00147416  0.000215261 
        46.5      60.0504     0.999725   0.00147325  0.000214491 
        46.5      60.3677     0.999727   0.00147236  0.000213733 
        46.5      60.6859     0.999729   0.00147149  0.000212988 
        46.5      61.0048     0.999731   0.00147062  0.000212254 
        46.5      61.3247     0.999733   0.00146976  0.000211531 
        46.5      61.6453     0.999735   0.00146892   0.00021082 
        46.5      61.9668     0.999737   0.00146809   0.00021012 
        46.5      62.2891     0.999739   0.00146727  0.000209431 
        46.5      62.6123     0.999741   0.00146646  0.000208753 
        46.5      62.9363     0.999743   0.00146566  0.000208087 
        46.5      63.2611     0.999745   0.00146488   0.00020743 
        46.5      63.5868     0.999747    0.0014641  0.000206785 
        46.5      63.9133     0.999749   0.00146334   0.00020615 
        46.5      64.2406     0.999751   0.00146258  0.000205525 
        46.5      64.5688     0.999753   0.00146184   0.00020491 
        46.5      64.8978     0.999755   0.00146111  0.000204305 
        46.5      65.2277     0.999757   0.00146038   0.00020371 
        46.5      65.5583     0.999759   0.00145967  0.000203124 
        46.5      65.8899     0.999761   0.00145897  0.000202548 
        46.5      66.2222     0.999763   0.00145828  0.000201981 
        46.5      66.5554     0.999765   0.00145759  0.000201423 
        46.5      66.8894     0.999767   0.00145692  0.000200874 
        46.5      67.2243     0.999769   0.00145626  0.000200334 
        46.5        67.56     0.999771    0.0014556  0.000199802 
        46.5      67.8966     0.999773   0.00145496  0.000199278 
        46.5      68.2339     0.999775   0.00145432  0.000198763 
        46.5      68.5721     0.999778   0.00145369  0.000198255 
        46.5      68.9112      0.99978   0.00145307  0.000197755 
        46.5      69.2511     0.999782   0.00145246  0.000197262 
        46.5      69.5918     0.999784   0.00145185  0.000196776 
        46.5      69.9333     0.999786   0.00145126  0.000196298 
        46.5      70.2757     0.999788   0.00145067  0.000195826 
        46.5      70.6189      0.99979   0.00145009  0.000195361 
        46.5       70.963     0.999792   0.00144952  0.000194902 
        46.5      71.3079     0.999795   0.00144858   0.00019445 
        46.5      71.6536     0.999797   0.00144784   0.00019406 
        46.5      72.0002     0.999799    0.0014471  0.000193681 
        46.5      72.3476     0.999801   0.00144637  0.000193312 
        46.5      72.6959     0.999801   0.00144668  0.000192866 
        46.5      73.0449     0.999802    0.0014462  0.000192587 
        46.5      73.3949     0.999804   0.00144573  0.000192314 
        46.5      73.7456     0.999806   0.00144526  0.000192048 
        46.5      74.0972     0.999808   0.00144479  0.000191788 
        46.5      74.4496     0.999809   0.00144432  0.000191535 
        46.5      74.8029     0.999811   0.00144386  0.000191288 
        46.5       75.157     0.999813   0.00144339  0.000191048 
        46.5      75.5119     0.999815   0.00144293  0.000190814 
        46.5      75.8677     0.999816   0.00144247  0.000190587 
        46.5      76.2243     0.999818   0.00144201  0.000190367 
        46.5      76.5817      0.99982   0.00144156  0.000190153 
        46.5        76.94     0.999821   0.00144111  0.000189946 
        46.5      77.2991     0.999823   0.00144066  0.000189746 
        46.5      77.6591     0.999824   0.00144021  0.000189552 
        46.5      78.0198     0.999826   0.00143976  0.000189366 
        46.5      78.3815     0.999828   0.00143932  0.000189186 
        46.5      78.7439     0.999829   0.00143888  0.000189013 
        46.5      79.1072     0.999831   0.00143844  0.000188847 
        46.5      79.4714     0.999832   0.00143801  0.000188688 
        46.5      79.8363     0.999834   0.00143758  0.000188536 
        46.5      80.2021     0.999835   0.00143715  0.000188391 
        46.5      80.5688     0.999837   0.00143672  0.000188253 
        46.5      80.9362     0.999839    0.0014363  0.000188123 
        46.5      81.3045      0.99984   0.00143588  0.000187999 
        46.5      81.6737     0.999842   0.00143547  0.000187882 
        46.5      82.0437     0.999843   0.00143505  0.000187773 
        46.5      82.4145     0.999845   0.00143465  0.000187671 
        46.5      82.7861     0.999846   0.00143424  0.000187576 
        46.5      83.1586     0.999848   0.00143384  0.000187488 
        46.5       83.532     0.999849   0.00143344  0.000187408 
        46.5      83.9061     0.999851   0.00143305  0.000187335 
        46.5      84.2811     0.999852   0.00143266  0.000187269 
        46.5       84.657     0.999853   0.00143227  0.000187211 
        46.5      85.0336     0.999855   0.00143189  0.000187161 
        46.5      85.4111     0.999856   0.00143151  0.000187117 
        46.5      85.7895     0.999858   0.00143114  0.000187082 
        46.5      86.1687     0.999859   0.00143077  0.000187054 
        46.5      86.5487     0.999861    0.0014304  0.000187033 
        46.5      86.9295     0.999862   0.00143004   0.00018702 
        46.5      87.3112     0.999864   0.00142969  0.000187015 
        46.5      87.6937     0.999865   0.00142934  0.000187017 
        46.5      88.0771     0.999866   0.00142899  0.000187027 
        46.5      88.4613     0.999868   0.00142865  0.000187045 
        46.5      88.8463     0.999869   0.00142831   0.00018707 
        46.5      89.2322     0.999871   0.00142798  0.000187103 
        46.5      89.6189     0.999872   0.00142766  0.000187144 
        46.5      90.0064     0.999874   0.00142733  0.000187193 
        46.5      90.3948     0.999875   0.00142702   0.00018725 
        46.5       90.784     0.999876   0.00142671  0.000187315 
        46.5      91.1741     0.999878    0.0014264  0.000187388 
        46.5       91.565     0.999879    0.0014261  0.000187468 
        46.5      91.9567     0.999881   0.00142581  0.000187557 
        46.5      92.3492     0.999882   0.00142552  0.000187653 
        46.5      92.7426     0.999884   0.00142524  0.000187758 
        46.5      93.1369     0.999885   0.00142497  0.000187871 
        46.5      93.5319     0.999887    0.0014247  0.000187992 
        46.5      93.9278     0.999888   0.00142443  0.000188121 
        46.5      94.3246      0.99989   0.00142418  0.000188258 
        46.5      94.7221     0.999891   0.00142393  0.000188403 
        46.5      95.1206     0.999892   0.00142368  0.000188557 
        46.5      95.5198     0.999894   0.00142345  0.000188719 
        46.5      95.9199     0.999895   0.00142322  0.000188889 
        46.5      96.3208     0.999897   0.00142299  0.000189067 
        46.5      96.7226     0.999899   0.00142278  0.000189254 
        46.5      97.1251       0.9999   0.00142257  0.000189449 
        46.5      97.5286     0.999902   0.00142237  0.000189652 
        46.5      97.9328     0.999902   0.00142233  0.000189841 
        46.5      98.3379     0.999904   0.00142181  0.000190088 
        46.5      98.7439     0.999905   0.00142129  0.000190342 
        46.5      99.1506     0.999906    0.0014208  0.000190604 
        46.5      99.5583     0.999907   0.00142032  0.000190873 
        46.5      99.9667     0.999909   0.00141986  0.000191149 
        46.5      100.376      0.99991   0.00141942  0.000191431 
        46.5      100.786     0.999911   0.00141899  0.000191721 
        46.5      101.197     0.999913   0.00141858  0.000192017 
        46.5      101.609     0.999914   0.00141818   0.00019232 
        46.5      102.021     0.999915    0.0014178  0.000192629 
        46.5      102.435     0.999917   0.00141744  0.000192945 
        46.5      102.849     0.999918   0.00141709  0.000193267 
        46.5      103.264     0.999919   0.00141676  0.000193595 
        46.5       103.68     0.999921   0.00141645  0.000193929 
        46.5      104.097     0.999922   0.00141616  0.000194268 
        46.5      104.515     0.999923   0.00141588  0.000194614 
        46.5      104.933     0.999925   0.00141562  0.000194965 
        46.5      105.353     0.999926   0.00141537  0.000195321 
        46.5      105.773     0.999927   0.00141515  0.000195683 
        46.5      106.194     0.999929   0.00141494   0.00019605 
        46.5      106.616      0.99993   0.00141475  0.000196422 
        46.5      107.038     0.999931   0.00141457  0.000196799 
        46.5      107.462     0.999933   0.00141441  0.000197181 
        46.5      107.886     0.999936   0.00141589  0.000197529 
        46.5      108.311     0.999936   0.00141551  0.000197862 
        46.5      108.737     0.999937   0.00141512  0.000198204 
        46.5      109.164     0.999938   0.00141474  0.000198556 
        46.5      109.592     0.999939   0.00141435  0.000198915 
        46.5       110.02      0.99994   0.00141397  0.000199284 
        46.5       110.45      0.99994   0.00141358  0.000199662 
        46.5       110.88     0.999941   0.00141319  0.000200049 
        46.5      111.311     0.999942   0.00141281  0.000200445 
        46.5      111.743     0.999943   0.00141242   0.00020085 
        46.5      112.175     0.999944   0.00141204  0.000201263 
        46.5      112.609     0.999945   0.00141166  0.000201686 
        46.5      113.043     0.999946   0.00141127  0.000202117 
        46.5      113.478     0.999947   0.00141089  0.000202558 
        46.5      113.914     0.999948    0.0014105  0.000203007 
        46.5      114.351     0.999949   0.00141012  0.000203465 
        46.5      114.789      0.99995   0.00140974  0.000203932 
        46.5      115.228      0.99995   0.00140935  0.000204408 
        46.5      115.667     0.999951   0.00140897  0.000204893 
        46.5      116.107     0.999952   0.00140859  0.000205387 
        46.5      116.548     0.999953   0.00140821   0.00020589 
        46.5       116.99     0.999954   0.00140783  0.000206401 
        46.5      117.433     0.999955   0.00140745  0.000206922 
        46.5      117.876     0.999956   0.00140707  0.000207451 
        46.5      118.321     0.999957   0.00140669  0.000207989 
        46.5      118.766     0.999958   0.00140631  0.000208536 
        46.5      119.212     0.999959   0.00140593  0.000209091 
        46.5      119.659      0.99996   0.00140555  0.000209656 
        46.5      120.107     0.999961   0.00140517  0.000210229 
        46.5      120.555     0.999963   0.00140479  0.000210811 
        46.5      121.005     0.999964   0.00140442  0.000211402 
        46.5      121.455     0.999965   0.00140404  0.000212002 
        46.5      121.906     0.999966   0.00140367   0.00021261 
        46.5      122.358     0.999967   0.00140329  0.000213227 
        46.5      122.811     0.999968   0.00140292  0.000213852 
        46.5      123.264     0.999969   0.00140255  0.000214487 
        46.5      123.719     0.999967   0.00140398  0.000215199 
        46.5      124.174     0.999968   0.00140374  0.000215796 
        46.5       124.63      0.99997    0.0014035  0.000216399 
        46.5      125.087     0.999971   0.00140327  0.000217008 
        46.5      125.545     0.999972   0.00140303  0.000217623 
        46.5      126.003     0.999974   0.00140279  0.000218244 
        46.5      126.463     0.999975   0.00140255  0.000218871 
        46.5      126.923     0.999977   0.00140231  0.000219504 
        46.5      127.384     0.999978   0.00140207  0.000220143 
        46.5      127.846     0.999979   0.00140183  0.000220788 
        46.5      128.309     0.999981   0.00140159  0.000221438 
        46.5      128.773     0.999982   0.00140134  0.000222095 
        46.5      129.237     0.999984    0.0014011  0.000222757 
        46.5      129.702     0.999985   0.00140085  0.000223426 
        46.5      130.169     0.999987    0.0014006    0.0002241 
        46.5      130.636     0.999988   0.00140035   0.00022478 
        46.5      131.103     0.999989    0.0014001  0.000225466 
        46.5      131.572     0.999991   0.00139985  0.000226158 
        46.5      132.041     0.999992   0.00139959  0.000226855 
        46.5      132.512     0.999993   0.00139933  0.000227558 
        46.5      132.983     0.999995   0.00139907  0.000228267 
        46.5      133.455     0.999996   0.00139881  0.000228982 
        46.5      133.928     0.999997   0.00139855  0.000229703 
        46.5      134.401     0.999999   0.00139828  0.000230429 
        46.5      134.876            1   0.00139801  0.000231161 
        46.5      135.351            1   0.00139773  0.000231898 
        46.5      135.827            1   0.00139746  0.000232641 
        46.5      136.304            1   0.00139718   0.00023339 
        46.5      136.782            1    0.0013969  0.000234145 
        46.5      137.261      1.00001   0.00139661  0.000234905 
        46.5       137.74      1.00001   0.00139632   0.00023567 
        46.5      138.221      1.00001   0.00139603  0.000236441 
        46.5      138.702      1.00001   0.00139573  0.000237218 
        46.5      139.184      1.00001   0.00139543     0.000238 
        46.5      139.667      1.00001   0.00139513  0.000238788 
        46.5      140.151      1.00001   0.00139482  0.000239581 
        46.5      140.635      1.00001    0.0013945   0.00024038 
        46.5       141.12      1.00001   0.00139419  0.000241183 
        46.5      141.607      1.00001   0.00139386  0.000241993 
        46.5      142.094      1.00001   0.00139354  0.000242808 
        46.5      142.582      1.00001   0.00139321  0.000243628 
        46.5       143.07      1.00001   0.00139287  0.000244453 
        46.5       143.56      1.00001   0.00139253  0.000245284 
        46.5       144.05      1.00001   0.00139218   0.00024612 
        46.5      144.541      1.00001   0.00139183  0.000246961 
        46.5      145.033      1.00001   0.00139147  0.000247807 
        46.5      145.526      1.00001    0.0013911  0.000248659 
        46.5       146.02      1.00001   0.00139073  0.000249515 
        46.5      146.515      1.00001   0.00139036  0.000250377 
        46.5       147.01      1.00001   0.00138998  0.000251244 
        46.5      147.506      1.00001   0.00138959  0.000252116 
        46.5      148.003      1.00001   0.00138919  0.000252993 
        46.5      148.501      1.00001   0.00138879  0.000253875 
        46.5          149      1.00001   0.00138838  0.000254762 
        46.5        149.5      1.00001   0.00138797  0.000255654 
        46.5          150      1.00001   0.00138755  0.000256551 
