Variables = x, y, u, v, p

Zone, I=600, F=POINT
       493.5            0  1.07187e-07 -2.05862e-11 -4.59044e-05 
       493.5     0.000418  0.000152358 -1.11748e-12 -4.59043e-05 
       493.5     0.001672  0.000609113   2.8784e-10 -4.59041e-05 
       493.5     0.003763   0.00137074  1.53877e-09 -4.59036e-05 
       493.5     0.006689    0.0024365   4.9034e-09  -4.5903e-05 
       493.5     0.010451   0.00380678  1.19959e-08 -4.59021e-05 
       493.5      0.01505   0.00548193  2.48946e-08 -4.59011e-05 
       493.5     0.020485    0.0074616  4.61344e-08 -4.58999e-05 
       493.5     0.026756   0.00974579   7.8713e-08 -4.58985e-05 
       493.5     0.033863    0.0123345  1.26089e-07  -4.5897e-05 
       493.5     0.041806    0.0152277  1.92181e-07 -4.58952e-05 
       493.5     0.050585    0.0184255  2.81371e-07 -4.58933e-05 
       493.5     0.060201    0.0219281  3.98513e-07 -4.58912e-05 
       493.5     0.070652    0.0257349  5.48885e-07 -4.58889e-05 
       493.5      0.08194    0.0298465  7.38279e-07 -4.58864e-05 
       493.5     0.094063    0.0342623  9.72886e-07 -4.58837e-05 
       493.5     0.107023    0.0389828  1.25943e-06 -4.58809e-05 
       493.5     0.120819    0.0440078  1.60504e-06 -4.58779e-05 
       493.5     0.135451    0.0493372  2.01731e-06 -4.58746e-05 
       493.5     0.150919    0.0549709  2.50433e-06 -4.58712e-05 
       493.5     0.167224    0.0609092  3.07465e-06 -4.58676e-05 
       493.5     0.184364    0.0671513  3.73718e-06 -4.58639e-05 
       493.5     0.202341    0.0736979  4.50146e-06 -4.58599e-05 
       493.5     0.221153    0.0805481  5.37732e-06 -4.58558e-05 
       493.5     0.240802    0.0877025   6.3752e-06 -4.58514e-05 
       493.5     0.261287    0.0951626  7.51331e-06 -4.58469e-05 
       493.5     0.282608     0.102921  8.78161e-06 -4.58422e-05 
       493.5     0.304765     0.110983  1.02072e-05 -4.58374e-05 
       493.5     0.327758     0.119348  1.18022e-05 -4.58323e-05 
       493.5     0.351588     0.128016  1.35789e-05  -4.5827e-05 
       493.5     0.376253     0.136985  1.55499e-05 -4.58216e-05 
       493.5     0.401755     0.146256  1.77285e-05  -4.5816e-05 
       493.5     0.428092     0.155825  2.01279e-05 -4.58101e-05 
       493.5     0.455266     0.165694   2.2762e-05 -4.58041e-05 
       493.5     0.483276     0.175859  2.56448e-05 -4.57979e-05 
       493.5     0.512122      0.18632  2.87908e-05 -4.57915e-05 
       493.5     0.541805     0.197076  3.22146e-05 -4.57849e-05 
       493.5     0.572323     0.208122  3.59311e-05 -4.57781e-05 
       493.5     0.603677     0.219458  3.99556e-05 -4.57711e-05 
       493.5     0.635868     0.231082  4.43037e-05 -4.57638e-05 
       493.5     0.668894      0.24299  4.89911e-05 -4.57564e-05 
       493.5     0.702757      0.25518  5.40339e-05 -4.57488e-05 
       493.5     0.737456     0.267649  5.94483e-05  -4.5741e-05 
       493.5     0.772991     0.280121  6.48361e-05 -4.57329e-05 
       493.5     0.809362     0.293289  7.12872e-05 -4.57246e-05 
       493.5      0.84657      0.30669  7.81184e-05 -4.57161e-05 
       493.5     0.884613     0.320319  8.53435e-05 -4.57073e-05 
       493.5     0.923492     0.334169  9.29773e-05 -4.56983e-05 
       493.5     0.963208     0.348236  0.000101034  -4.5689e-05 
       493.5      1.00376     0.362512  0.000109529 -4.56794e-05 
       493.5      1.04515      0.37699  0.000118477 -4.56696e-05 
       493.5      1.08737     0.391664  0.000127892 -4.56595e-05 
       493.5      1.13043     0.406526  0.000137789  -4.5649e-05 
       493.5      1.17433      0.42157  0.000148184 -4.56383e-05 
       493.5      1.21906     0.436786  0.000159092 -4.56273e-05 
       493.5      1.26463     0.452167  0.000170528 -4.56159e-05 
       493.5      1.31103     0.467705  0.000182506 -4.56041e-05 
       493.5      1.35827     0.483391  0.000195043  -4.5592e-05 
       493.5      1.40635     0.499216  0.000208154 -4.55795e-05 
       493.5      1.45526      0.51517  0.000221853 -4.55666e-05 
       493.5      1.50501     0.531244  0.000236156 -4.55532e-05 
       493.5       1.5556     0.547428  0.000251078 -4.55395e-05 
       493.5      1.60702      0.56371  0.000266634 -4.55252e-05 
       493.5      1.65928     0.580081  0.000282839 -4.55105e-05 
       493.5      1.71237      0.59653  0.000299709 -4.54953e-05 
       493.5       1.7663     0.613384  0.000317766 -4.54795e-05 
       493.5      1.82106     0.629693  0.000335552 -4.54629e-05 
       493.5      1.87667     0.645859  0.000353696 -4.54456e-05 
       493.5      1.93311     0.661865  0.000372176 -4.54276e-05 
       493.5      1.99038     0.677693  0.000390967 -4.54089e-05 
       493.5      2.04849     0.693323  0.000410047 -4.53895e-05 
       493.5      2.10744     0.708739  0.000429385 -4.53693e-05 
       493.5      2.16722     0.723921  0.000448953 -4.53484e-05 
       493.5      2.22784      0.73885  0.000468717 -4.53267e-05 
       493.5      2.28929     0.753506  0.000488643 -4.53041e-05 
       493.5      2.35158     0.767871  0.000508691 -4.52808e-05 
       493.5      2.41471     0.781925  0.000528822 -4.52566e-05 
       493.5      2.47867     0.795648  0.000548991 -4.52316e-05 
       493.5      2.54347     0.809019  0.000569152 -4.52057e-05 
       493.5      2.60911     0.822018  0.000589255 -4.51789e-05 
       493.5      2.67558     0.834624  0.000609248 -4.51513e-05 
       493.5      2.74288     0.846816  0.000629073 -4.51227e-05 
       493.5      2.81103     0.858574  0.000648671 -4.50931e-05 
       493.5      2.88001     0.869874  0.000667979 -4.50626e-05 
       493.5      2.94983     0.880697  0.000686932 -4.50312e-05 
       493.5      3.02048     0.891019  0.000705457 -4.49988e-05 
       493.5      3.09197     0.900818  0.000723481 -4.49653e-05 
       493.5      3.16429     0.910073  0.000740927 -4.49309e-05 
       493.5      3.23745     0.918759  0.000757712 -4.48954e-05 
       493.5      3.31145     0.926855   0.00077375 -4.48588e-05 
       493.5      3.38628     0.934337  0.000788952 -4.48213e-05 
       493.5      3.46195     0.941181  0.000803222 -4.47826e-05 
       493.5      3.53845     0.947363  0.000816462 -4.47428e-05 
       493.5      3.61579     0.952861  0.000828567 -4.47019e-05 
       493.5      3.69397     0.957649  0.000839431 -4.46599e-05 
       493.5      3.77298     0.966548  0.000857504 -4.46496e-05 
       493.5      3.85283     0.969957  0.000865998 -4.46092e-05 
       493.5      3.93352     0.973155  0.000874002 -4.45683e-05 
       493.5      4.01504     0.976144  0.000881516 -4.45268e-05 
       493.5       4.0974     0.978925  0.000888544 -4.44849e-05 
       493.5      4.18059       0.9815  0.000895088 -4.44425e-05 
       493.5      4.26462     0.983984   0.00090167 -4.43605e-05 
       493.5      4.34949     0.985942  0.000906781 -4.43112e-05 
       493.5      4.43519     0.987769  0.000911559 -4.42614e-05 
       493.5      4.52173     0.989464  0.000916007 -4.42112e-05 
       493.5       4.6091      0.99103  0.000920128 -4.41604e-05 
       493.5      4.69731     0.992468  0.000923926 -4.41092e-05 
       493.5      4.78636     0.993781  0.000927408 -4.40575e-05 
       493.5      4.87624     0.994971  0.000930579 -4.40053e-05 
       493.5      4.96696     0.996041  0.000933445 -4.39526e-05 
       493.5      5.05851     0.996993  0.000936015 -4.38994e-05 
       493.5       5.1509     0.997832  0.000938297 -4.38458e-05 
       493.5      5.24413     0.998561    0.0009403 -4.37917e-05 
       493.5       5.3382     0.999184  0.000942035 -4.37371e-05 
       493.5      5.43309     0.999707  0.000943512 -4.36821e-05 
       493.5      5.52883      1.00013  0.000944744 -4.36267e-05 
       493.5       5.6254      1.00047  0.000945744 -4.35708e-05 
       493.5      5.72281      1.00072  0.000946526 -4.35144e-05 
       493.5      5.82105      1.00089  0.000947105 -4.34576e-05 
       493.5      5.92013      1.00099  0.000947496 -4.34004e-05 
       493.5      6.02005      1.00102  0.000947718 -4.33428e-05 
       493.5       6.1208      1.00099  0.000947788 -4.32847e-05 
       493.5      6.22239      1.00091  0.000947726 -4.32263e-05 
       493.5      6.32482      1.00079  0.000947552 -4.31674e-05 
       493.5      6.42808      1.00064  0.000947287 -4.31081e-05 
       493.5      6.53217      1.00046  0.000946955 -4.30485e-05 
       493.5      6.63711      1.00027  0.000946578 -4.29884e-05 
       493.5      6.74287      1.00007  0.000946183  -4.2928e-05 
       493.5      6.84948     0.999881  0.000945796 -4.28672e-05 
       493.5      6.95692     0.999706  0.000945444 -4.28061e-05 
       493.5       7.0652     0.999559  0.000945156 -4.27446e-05 
       493.5      7.17431     0.999453  0.000944963 -4.26828e-05 
       493.5      7.28426       0.9994  0.000944895 -4.26207e-05 
       493.5      7.39505     0.999414  0.000944987 -4.25582e-05 
       493.5      7.50667     0.999508  0.000945272 -4.24954e-05 
       493.5      7.61913     0.999698  0.000945786 -4.24323e-05 
       493.5      7.73242     0.999996  0.000946567  -4.2369e-05 
       493.5      7.84655      1.00042  0.000947652 -4.23053e-05 
       493.5      7.96152     0.999753  0.000945906 -4.22295e-05 
       493.5      8.07732     0.999753  0.000945907 -4.21611e-05 
       493.5      8.19396     0.999753  0.000945907 -4.20923e-05 
       493.5      8.31143     0.999753  0.000945909 -4.20231e-05 
       493.5      8.42974     0.999752  0.000945911 -4.19534e-05 
       493.5      8.54889     0.999753  0.000945913 -4.18834e-05 
       493.5      8.66887     0.999753  0.000945916 -4.18129e-05 
       493.5      8.78969     0.999753  0.000945919  -4.1742e-05 
       493.5      8.91135     0.999753  0.000945923 -4.16707e-05 
       493.5      9.03384     0.999753  0.000945927  -4.1599e-05 
       493.5      9.15717     0.999754  0.000945932 -4.15269e-05 
       493.5      9.28133     0.999754  0.000945937 -4.14543e-05 
       493.5      9.40633     0.999755  0.000945943 -4.13813e-05 
       493.5      9.53216     0.999755  0.000945949 -4.13079e-05 
       493.5      9.65884     0.999756  0.000945956 -4.12341e-05 
       493.5      9.78634     0.999756  0.000945964 -4.11598e-05 
       493.5      9.91469     0.999757  0.000945972 -4.10851e-05 
       493.5      10.0439     0.999758  0.000945981   -4.101e-05 
       493.5      10.1739     0.999759   0.00094599 -4.09344e-05 
       493.5      10.3047     0.999759  0.000945999 -4.08584e-05 
       493.5      10.4364      0.99976   0.00094601  -4.0782e-05 
       493.5      10.5689     0.999761   0.00094602 -4.07051e-05 
       493.5      10.7023     0.999761  0.000946032 -4.06278e-05 
       493.5      10.8365     0.999762  0.000946044 -4.05501e-05 
       493.5      10.9715     0.999763  0.000946056 -4.04719e-05 
       493.5      11.1074     0.999763  0.000946069 -4.03932e-05 
       493.5      11.2441     0.999764  0.000946083 -4.03141e-05 
       493.5      11.3817     0.999765  0.000946097 -4.02345e-05 
       493.5        11.52     0.999765  0.000946112 -4.01545e-05 
       493.5      11.6592     0.999766  0.000946127 -4.00741e-05 
       493.5      11.7993     0.999766  0.000946143 -3.99931e-05 
       493.5      11.9402     0.999767  0.000946159 -3.99117e-05 
       493.5      12.0819     0.999767  0.000946176 -3.98298e-05 
       493.5      12.2245     0.999767  0.000946194 -3.97475e-05 
       493.5      12.3679     0.999767  0.000946212 -3.96646e-05 
       493.5      12.5121     0.999767  0.000946231 -3.95813e-05 
       493.5      12.6572     0.999767   0.00094625 -3.94975e-05 
       493.5      12.8031     0.999766   0.00094627 -3.94132e-05 
       493.5      12.9498     0.999766   0.00094629 -3.93285e-05 
       493.5      13.0974     0.999765  0.000946311 -3.92432e-05 
       493.5      13.2458     0.999765  0.000946333 -3.91574e-05 
       493.5       13.395     0.999768  0.000946143 -3.90503e-05 
       493.5      13.5451     0.999771   0.00094641 -3.89829e-05 
       493.5       13.696     0.999771  0.000946414 -3.89018e-05 
       493.5      13.8478     0.999772  0.000946402  -3.8688e-05 
       493.5      14.0004     0.999773  0.000946393  -3.8614e-05 
       493.5      14.1538     0.999773  0.000946386 -3.85389e-05 
       493.5      14.3081     0.999774  0.000946379 -3.84628e-05 
       493.5      14.4632     0.999774  0.000946374 -3.83855e-05 
       493.5      14.6191     0.999775  0.000946369 -3.83071e-05 
       493.5      14.7759     0.999775  0.000946366 -3.82276e-05 
       493.5      14.9335     0.999776  0.000946364  -3.8147e-05 
       493.5      15.0919     0.999777  0.000946363 -3.80653e-05 
       493.5      15.2512     0.999777  0.000946363 -3.79825e-05 
       493.5      15.4113     0.999778  0.000946363 -3.78987e-05 
       493.5      15.5723     0.999778  0.000946365 -3.78137e-05 
       493.5      15.7341     0.999779  0.000946368 -3.77277e-05 
       493.5      15.8967      0.99978  0.000946372 -3.76407e-05 
       493.5      16.0602      0.99978  0.000946376 -3.75525e-05 
       493.5      16.2245     0.999781  0.000946382 -3.74633e-05 
       493.5      16.3896     0.999781  0.000946388  -3.7373e-05 
       493.5      16.5556     0.999782  0.000946395 -3.72817e-05 
       493.5      16.7224     0.999783  0.000946403 -3.71894e-05 
       493.5        16.89     0.999783  0.000946411  -3.7096e-05 
       493.5      17.0585     0.999784  0.000946421 -3.70016e-05 
       493.5      17.2278     0.999784  0.000946431 -3.69062e-05 
       493.5      17.3979     0.999785  0.000946441 -3.68097e-05 
       493.5      17.5689     0.999786  0.000946453 -3.67123e-05 
       493.5      17.7408     0.999786  0.000946464 -3.66139e-05 
       493.5      17.9134     0.999787  0.000946477 -3.65145e-05 
       493.5      18.0869     0.999788   0.00094649 -3.64141e-05 
       493.5      18.2612     0.999788  0.000946503 -3.63128e-05 
       493.5      18.4364     0.999789  0.000946516 -3.62106e-05 
       493.5      18.6124      0.99979   0.00094653 -3.61074e-05 
       493.5      18.7892      0.99979  0.000946545 -3.60033e-05 
       493.5      18.9669     0.999791  0.000946559 -3.58982e-05 
       493.5      19.1454     0.999792  0.000946574 -3.57923e-05 
       493.5      19.3248     0.999792  0.000946589 -3.56856e-05 
       493.5       19.505     0.999793  0.000946604 -3.55779e-05 
       493.5       19.686     0.999794  0.000946619 -3.54694e-05 
       493.5      19.8678     0.999794  0.000946634 -3.53601e-05 
       493.5      20.0505     0.999795  0.000946649   -3.525e-05 
       493.5      20.2341     0.999796  0.000946664  -3.5139e-05 
       493.5      20.4184     0.999796  0.000946679 -3.50273e-05 
       493.5      20.6036     0.999797  0.000946693 -3.49148e-05 
       493.5      20.7897     0.999798  0.000946707 -3.48016e-05 
       493.5      20.9765     0.999799  0.000946721 -3.46877e-05 
       493.5      21.1642     0.999799  0.000946734  -3.4573e-05 
       493.5      21.3528       0.9998  0.000946747 -3.44577e-05 
       493.5      21.5422     0.999801  0.000946759 -3.43417e-05 
       493.5      21.7324     0.999801  0.000946771 -3.42251e-05 
       493.5      21.9234     0.999802  0.000946782 -3.41079e-05 
       493.5      22.1153     0.999803  0.000946792   -3.399e-05 
       493.5       22.308     0.999803  0.000946801 -3.38716e-05 
       493.5      22.5016     0.999804  0.000946809 -3.37527e-05 
       493.5       22.696     0.999805  0.000946817 -3.36332e-05 
       493.5      22.8912     0.999805  0.000946823 -3.35132e-05 
       493.5      23.0873     0.999806  0.000946828 -3.33928e-05 
       493.5      23.2842     0.999807  0.000946831 -3.32719e-05 
       493.5       23.482     0.999807  0.000946833 -3.31506e-05 
       493.5      23.6805     0.999808  0.000946834 -3.30289e-05 
       493.5        23.88     0.999809  0.000946833 -3.29069e-05 
       493.5      24.0802     0.999809  0.000946831 -3.27845e-05 
       493.5      24.2813     0.999811  0.000946745 -3.26548e-05 
       493.5      24.4832     0.999811  0.000946751 -3.25497e-05 
       493.5       24.686     0.999812  0.000946757 -3.24433e-05 
       493.5      24.8896     0.999813  0.000946763 -3.23357e-05 
       493.5       25.094     0.999814  0.000946771 -3.22268e-05 
       493.5      25.2993     0.999815  0.000946781 -3.21167e-05 
       493.5      25.5054     0.999817  0.000946609 -3.20353e-05 
       493.5      25.7123     0.999817   0.00094665 -3.19188e-05 
       493.5      25.9201     0.999818   0.00094669  -3.1801e-05 
       493.5      26.1287     0.999819  0.000946727 -3.16819e-05 
       493.5      26.3381     0.999819  0.000946763 -3.15615e-05 
       493.5      26.5484      0.99982  0.000946798 -3.14397e-05 
       493.5      26.7595     0.999821   0.00094683 -3.13167e-05 
       493.5      26.9715     0.999821  0.000946861 -3.11922e-05 
       493.5      27.1843     0.999822  0.000946889 -3.10664e-05 
       493.5      27.3979     0.999823  0.000946916 -3.09392e-05 
       493.5      27.6124     0.999824  0.000946836 -3.07263e-05 
       493.5      27.8277     0.999824  0.000946854 -3.06009e-05 
       493.5      28.0438     0.999825  0.000946872 -3.04764e-05 
       493.5      28.2608     0.999826   0.00094689 -3.03528e-05 
       493.5      28.4786     0.999827  0.000946908 -3.02301e-05 
       493.5      28.6972     0.999828  0.000946926 -3.01081e-05 
       493.5      28.9167     0.999829  0.000946944 -2.99867e-05 
       493.5       29.137     0.999829  0.000946963  -2.9866e-05 
       493.5      29.3582      0.99983  0.000946981 -2.97457e-05 
       493.5      29.5802     0.999831  0.000946999 -2.96259e-05 
       493.5       29.803     0.999832  0.000947017 -2.95065e-05 
       493.5      30.0267     0.999833  0.000947035 -2.93873e-05 
       493.5      30.2512     0.999834  0.000947053 -2.92683e-05 
       493.5      30.4765     0.999835   0.00094707 -2.91494e-05 
       493.5      30.7027     0.999836  0.000947087 -2.90305e-05 
       493.5      30.9297     0.999837  0.000947104 -2.89115e-05 
       493.5      31.1575     0.999838   0.00094712 -2.87923e-05 
       493.5      31.3862     0.999839  0.000947135 -2.86729e-05 
       493.5      31.6157      0.99984   0.00094715 -2.85531e-05 
       493.5      31.8461     0.999841  0.000947165 -2.84328e-05 
       493.5      32.0773     0.999842  0.000947178 -2.83119e-05 
       493.5      32.3093     0.999843  0.000947191 -2.81903e-05 
       493.5      32.5421     0.999843  0.000947203 -2.80679e-05 
       493.5      32.7758     0.999844  0.000947214 -2.79446e-05 
       493.5      33.0104     0.999845  0.000947225 -2.78202e-05 
       493.5      33.2457     0.999846  0.000947234 -2.76948e-05 
       493.5      33.4819     0.999847  0.000947242 -2.75681e-05 
       493.5       33.719     0.999848  0.000947249   -2.744e-05 
       493.5      33.9568     0.999849  0.000947254 -2.73104e-05 
       493.5      34.1956      0.99985  0.000947259 -2.71791e-05 
       493.5      34.4351     0.999851  0.000947261 -2.70462e-05 
       493.5      34.6755     0.999852  0.000947263 -2.69113e-05 
       493.5      34.9167     0.999853  0.000947263 -2.67744e-05 
       493.5      35.1588     0.999854  0.000947261 -2.66354e-05 
       493.5      35.4017     0.999855  0.000947258 -2.64941e-05 
       493.5      35.6454     0.999856  0.000947253 -2.63504e-05 
       493.5      35.8899     0.999857  0.000947246 -2.62041e-05 
       493.5      36.1354     0.999858  0.000947237 -2.60551e-05 
       493.5      36.3816     0.999859  0.000947226 -2.59032e-05 
       493.5      36.6287      0.99986  0.000947213 -2.57483e-05 
       493.5      36.8766     0.999861  0.000947197 -2.55903e-05 
       493.5      37.1253     0.999861   0.00094718 -2.54289e-05 
       493.5      37.3749     0.999862   0.00094716 -2.52641e-05 
       493.5      37.6253     0.999863  0.000947137 -2.50956e-05 
       493.5      37.8766     0.999864  0.000947112 -2.49234e-05 
       493.5      38.1287     0.999865  0.000947085 -2.47471e-05 
       493.5      38.3816     0.999866  0.000947054 -2.45668e-05 
       493.5      38.6353     0.999867  0.000947021 -2.43821e-05 
       493.5      38.8899     0.999867  0.000947757 -2.43128e-05 
       493.5      39.1454     0.999868  0.000947682  -2.4157e-05 
       493.5      39.4016     0.999869  0.000947613 -2.40013e-05 
       493.5      39.6588      0.99987  0.000947549 -2.38456e-05 
       493.5      39.9167     0.999871  0.000947489   -2.369e-05 
       493.5      40.1755     0.999872  0.000947435 -2.35345e-05 
       493.5      40.4351     0.999873  0.000947385 -2.33789e-05 
       493.5      40.6955     0.999874  0.000947341 -2.32234e-05 
       493.5      40.9568     0.999875  0.000947301 -2.30678e-05 
       493.5      41.2189     0.999876  0.000947265 -2.29122e-05 
       493.5      41.4819     0.999877  0.000947234 -2.27567e-05 
       493.5      41.7457     0.999878  0.000947208  -2.2601e-05 
       493.5      42.0103     0.999879  0.000947186 -2.24453e-05 
       493.5      42.2758      0.99988  0.000947169 -2.22896e-05 
       493.5      42.5421     0.999881  0.000947155 -2.21337e-05 
       493.5      42.8092     0.999882  0.000947146 -2.19777e-05 
       493.5      43.0772     0.999883  0.000947142 -2.18217e-05 
       493.5       43.346     0.999884  0.000947141 -2.16655e-05 
       493.5      43.6157     0.999885  0.000947144 -2.15091e-05 
       493.5      43.8862     0.999886  0.000947151 -2.13526e-05 
       493.5      44.1575     0.999887  0.000947162 -2.11959e-05 
       493.5      44.4296     0.999889  0.000947177  -2.1039e-05 
       493.5      44.7026      0.99989  0.000947195 -2.08819e-05 
       493.5      44.9765     0.999891  0.000947217 -2.07245e-05 
       493.5      45.2511     0.999892  0.000947242 -2.05669e-05 
       493.5      45.5266     0.999893   0.00094727 -2.04091e-05 
       493.5       45.803     0.999894  0.000947302 -2.02509e-05 
       493.5      46.0801     0.999895  0.000947337 -2.00924e-05 
       493.5      46.3581     0.999896  0.000947375 -1.99336e-05 
       493.5       46.637     0.999897  0.000947416 -1.97745e-05 
       493.5      46.9167     0.999898   0.00094746  -1.9615e-05 
       493.5      47.1972       0.9999  0.000947506 -1.94551e-05 
       493.5      47.4785     0.999901  0.000947555 -1.92948e-05 
       493.5      47.7607     0.999902  0.000947606  -1.9134e-05 
       493.5      48.0438     0.999903   0.00094766 -1.89728e-05 
       493.5      48.3276     0.999904  0.000947716 -1.88111e-05 
       493.5      48.6123     0.999905  0.000947774  -1.8649e-05 
       493.5      48.8979     0.999907  0.000947834 -1.84863e-05 
       493.5      49.1842     0.999908  0.000947896  -1.8323e-05 
       493.5      49.4714     0.999909   0.00094796 -1.81592e-05 
       493.5      49.7595      0.99991  0.000948025 -1.79948e-05 
       493.5      50.0484      0.99991  0.000947497 -1.77659e-05 
       493.5      50.3381     0.999911  0.000947485 -1.76015e-05 
       493.5      50.6286     0.999912  0.000947475  -1.7436e-05 
       493.5        50.92     0.999914  0.000947465 -1.72694e-05 
       493.5      51.2122     0.999915  0.000947457 -1.71017e-05 
       493.5      51.5053     0.999916  0.000947449 -1.69331e-05 
       493.5      51.7992     0.999917  0.000947443 -1.67636e-05 
       493.5      52.0939     0.999918  0.000947437 -1.65931e-05 
       493.5      52.3895     0.999919  0.000947433 -1.64217e-05 
       493.5      52.6859      0.99992   0.00094743 -1.62494e-05 
       493.5      52.9831     0.999922  0.000947428 -1.60764e-05 
       493.5      53.2812     0.999923  0.000947428 -1.59026e-05 
       493.5      53.5801     0.999924  0.000947428  -1.5728e-05 
       493.5      53.8799     0.999925   0.00094743 -1.55528e-05 
       493.5      54.1805     0.999926  0.000947434 -1.53769e-05 
       493.5      54.4819     0.999927  0.000947438 -1.52004e-05 
       493.5      54.7841     0.999929  0.000947445 -1.50234e-05 
       493.5      55.0872      0.99993  0.000947452 -1.48458e-05 
       493.5      55.3912     0.999931  0.000947461 -1.46677e-05 
       493.5      55.6959     0.999932  0.000947472 -1.44892e-05 
       493.5      56.0015     0.999934  0.000947484 -1.43103e-05 
       493.5       56.308     0.999935  0.000947498 -1.41311e-05 
       493.5      56.6152     0.999936  0.000947513 -1.39516e-05 
       493.5      56.9233     0.999937   0.00094753 -1.37718e-05 
       493.5      57.2323     0.999939  0.000947549 -1.35919e-05 
       493.5      57.5421      0.99994   0.00094757 -1.34117e-05 
       493.5      57.8527     0.999941  0.000947592 -1.32315e-05 
       493.5      58.1641     0.999943  0.000947617 -1.30513e-05 
       493.5      58.4764     0.999944  0.000947643  -1.2871e-05 
       493.5      58.7896     0.999945  0.000947671 -1.26908e-05 
       493.5      59.1035     0.999947  0.000947701 -1.25107e-05 
       493.5      59.4183     0.999948  0.000947733 -1.23307e-05 
       493.5      59.7339     0.999949  0.000947767  -1.2151e-05 
       493.5      60.0504     0.999951  0.000947803 -1.19715e-05 
       493.5      60.3677     0.999952  0.000947842 -1.17924e-05 
       493.5      60.6859     0.999954  0.000947883 -1.16137e-05 
       493.5      61.0048     0.999955  0.000947925 -1.14354e-05 
       493.5      61.3247     0.999957  0.000947971 -1.12576e-05 
       493.5      61.6453     0.999957  0.000947752 -1.10358e-05 
       493.5      61.9668     0.999958  0.000947727 -1.08602e-05 
       493.5      62.2891     0.999959  0.000947703 -1.06832e-05 
       493.5      62.6123      0.99996  0.000947682 -1.05049e-05 
       493.5      62.9363     0.999961  0.000947662 -1.03252e-05 
       493.5      63.2611     0.999962  0.000947644 -1.01441e-05 
       493.5      63.5868     0.999964  0.000947628 -9.96181e-06 
       493.5      63.9133     0.999965  0.000947614 -9.77818e-06 
       493.5      64.2406     0.999966  0.000947601 -9.59326e-06 
       493.5      64.5688     0.999967   0.00094759 -9.40709e-06 
       493.5      64.8978     0.999968   0.00094758 -9.21966e-06 
       493.5      65.2277     0.999969  0.000947572 -9.03101e-06 
       493.5      65.5583     0.999971  0.000947566 -8.84115e-06 
       493.5      65.8899     0.999972  0.000947561 -8.65011e-06 
       493.5      66.2222     0.999973  0.000947557 -8.45789e-06 
       493.5      66.5554     0.999974  0.000947554 -8.26451e-06 
       493.5      66.8894     0.999975  0.000947553 -8.07001e-06 
       493.5      67.2243     0.999977  0.000947553 -7.87439e-06 
       493.5        67.56     0.999978  0.000947555 -7.67768e-06 
       493.5      67.8966     0.999979  0.000947557  -7.4799e-06 
       493.5      68.2339      0.99998  0.000947561 -7.28108e-06 
       493.5      68.5721     0.999982  0.000947565 -7.08122e-06 
       493.5      68.9112     0.999983  0.000947571 -6.88036e-06 
       493.5      69.2511     0.999984  0.000947577 -6.67852e-06 
       493.5      69.5918     0.999985  0.000947585 -6.47571e-06 
       493.5      69.9333     0.999987  0.000947593 -6.27197e-06 
       493.5      70.2757     0.999988  0.000947601 -6.06731e-06 
       493.5      70.6189     0.999989  0.000947611 -5.86177e-06 
       493.5       70.963      0.99999  0.000947621 -5.65535e-06 
       493.5      71.3079     0.999991  0.000947632  -5.4481e-06 
       493.5      71.6536     0.999993  0.000947643 -5.24003e-06 
       493.5      72.0002     0.999994  0.000947654 -5.03117e-06 
       493.5      72.3476     0.999995  0.000947666 -4.82155e-06 
       493.5      72.6959     0.999996  0.000947678 -4.61119e-06 
       493.5      73.0449     0.999998  0.000947691 -4.40011e-06 
       493.5      73.3949     0.999999  0.000947704 -4.18835e-06 
       493.5      73.7456            1  0.000947716 -3.97594e-06 
       493.5      74.0972            1  0.000947729 -3.76289e-06 
       493.5      74.4496            1  0.000947742 -3.54925e-06 
       493.5      74.8029            1  0.000947754 -3.33503e-06 
       493.5       75.157      1.00001  0.000947766 -3.12027e-06 
       493.5      75.5119      1.00001  0.000947779 -2.90499e-06 
       493.5      75.8677      1.00001   0.00094779 -2.68924e-06 
       493.5      76.2243      1.00001  0.000947802 -2.47303e-06 
       493.5      76.5817      1.00001  0.000947812 -2.25639e-06 
       493.5        76.94      1.00001  0.000947823 -2.03937e-06 
       493.5      77.2991      1.00001  0.000947832 -1.82198e-06 
       493.5      77.6591      1.00001  0.000947841 -1.60427e-06 
       493.5      78.0198      1.00002  0.000947849 -1.38627e-06 
       493.5      78.3815      1.00002  0.000947856   -1.168e-06 
       493.5      78.7439      1.00002  0.000947862 -9.49503e-07 
       493.5      79.1072      1.00002  0.000947867 -7.30813e-07 
       493.5      79.4714      1.00002  0.000947871 -5.11963e-07 
       493.5      79.8363      1.00002  0.000947874 -2.92987e-07 
       493.5      80.2021      1.00002  0.000947875 -7.39213e-08 
       493.5      80.5688      1.00002  0.000947875  1.45198e-07 
       493.5      80.9362      1.00003  0.000947874  3.64337e-07 
       493.5      81.3045      1.00003   0.00094787  5.83457e-07 
       493.5      81.6737      1.00003  0.000947866  8.02521e-07 
       493.5      82.0437      1.00003  0.000947859  1.02149e-06 
       493.5      82.4145      1.00003   0.00094785  1.24033e-06 
       493.5      82.7861      1.00003   0.00094784  1.45901e-06 
       493.5      83.1586      1.00003  0.000947827  1.67747e-06 
       493.5       83.532      1.00003  0.000947813  1.89568e-06 
       493.5      83.9061      1.00004  0.000947796  2.11361e-06 
       493.5      84.2811      1.00004  0.000947776  2.33121e-06 
       493.5       84.657      1.00004  0.000947754  2.54844e-06 
       493.5      85.0336      1.00004   0.00094773  2.76526e-06 
       493.5      85.4111      1.00004  0.000947703  2.98163e-06 
       493.5      85.7895      1.00004  0.000947673   3.1975e-06 
       493.5      86.1687      1.00004   0.00094764  3.41284e-06 
       493.5      86.5487      1.00004  0.000947604   3.6276e-06 
       493.5      86.9295      1.00005  0.000947565  3.84173e-06 
       493.5      87.3112      1.00005  0.000947523  4.05519e-06 
       493.5      87.6937      1.00005  0.000947478  4.26795e-06 
       493.5      88.0771      1.00005  0.000948177  4.60237e-06 
       493.5      88.4613      1.00005  0.000948114  4.81837e-06 
       493.5      88.8463      1.00005  0.000948047   5.0355e-06 
       493.5      89.2322      1.00005  0.000947978  5.25383e-06 
       493.5      89.6189      1.00005  0.000947906  5.47342e-06 
       493.5      90.0064      1.00006  0.000947831  5.69434e-06 
       493.5      90.3948      1.00006  0.000947754  5.91666e-06 
       493.5       90.784      1.00006  0.000947674  6.14046e-06 
       493.5      91.1741      1.00006  0.000947592   6.3658e-06 
       493.5       91.565      1.00006  0.000947508  6.59275e-06 
       493.5      91.9567      1.00006  0.000947422   6.8214e-06 
       493.5      92.3492      1.00007  0.000947084  7.04396e-06 
       493.5      92.7426      1.00007  0.000947104  7.25538e-06 
       493.5      93.1369      1.00007  0.000947122  7.46802e-06 
       493.5      93.5319      1.00007  0.000947138  7.68189e-06 
       493.5      93.9278      1.00007  0.000947153  7.89697e-06 
       493.5      94.3246      1.00007  0.000947166  8.11324e-06 
       493.5      94.7221      1.00007  0.000947178  8.33072e-06 
       493.5      95.1206      1.00008  0.000947188  8.54937e-06 
       493.5      95.5198      1.00008  0.000947197   8.7692e-06 
       493.5      95.9199      1.00008  0.000947204   8.9902e-06 
       493.5      96.3208      1.00008   0.00094721  9.21235e-06 
       493.5      96.7226      1.00008  0.000947214  9.43565e-06 
       493.5      97.1251      1.00008  0.000947216  9.66008e-06 
       493.5      97.5286      1.00008  0.000947217  9.88564e-06 
       493.5      97.9328      1.00008  0.000947217  1.01123e-05 
       493.5      98.3379      1.00008  0.000947216  1.03401e-05 
       493.5      98.7439      1.00008  0.000947212   1.0569e-05 
       493.5      99.1506      1.00009  0.000947208  1.07989e-05 
       493.5      99.5583      1.00009  0.000947202    1.103e-05 
       493.5      99.9667      1.00009  0.000947195   1.1262e-05 
       493.5      100.376      1.00009  0.000947187  1.14952e-05 
       493.5      100.786      1.00009  0.000947177  1.17294e-05 
       493.5      101.197      1.00009  0.000947166  1.19646e-05 
       493.5      101.609      1.00009  0.000947154  1.22008e-05 
       493.5      102.021      1.00009   0.00094714   1.2438e-05 
       493.5      102.435      1.00009  0.000947126  1.26762e-05 
       493.5      102.849       1.0001   0.00094711  1.29154e-05 
       493.5      103.264       1.0001  0.000947093  1.31555e-05 
       493.5       103.68       1.0001  0.000947075  1.33966e-05 
       493.5      104.097       1.0001  0.000947055  1.36386e-05 
       493.5      104.515       1.0001  0.000947035  1.38816e-05 
       493.5      104.933       1.0001  0.000947014  1.41255e-05 
       493.5      105.353       1.0001  0.000946991  1.43702e-05 
       493.5      105.773       1.0001  0.000946968  1.46159e-05 
       493.5      106.194       1.0001  0.000946943  1.48624e-05 
       493.5      106.616      1.00011  0.000946918  1.51098e-05 
       493.5      107.038      1.00011  0.000946892   1.5358e-05 
       493.5      107.462      1.00011  0.000946865  1.56071e-05 
       493.5      107.886      1.00011  0.000946837  1.58569e-05 
       493.5      108.311      1.00011  0.000946808  1.61076e-05 
       493.5      108.737      1.00011  0.000946778   1.6359e-05 
       493.5      109.164      1.00011  0.000946748  1.66112e-05 
       493.5      109.592      1.00011  0.000946716  1.68642e-05 
       493.5       110.02      1.00012  0.000946684  1.71179e-05 
       493.5       110.45      1.00012  0.000946652  1.73723e-05 
       493.5       110.88      1.00012  0.000946618  1.76274e-05 
       493.5      111.311      1.00012  0.000946584  1.78832e-05 
       493.5      111.743      1.00012   0.00094655  1.81397e-05 
       493.5      112.175      1.00012  0.000946515  1.83968e-05 
       493.5      112.609      1.00012  0.000946479  1.86546e-05 
       493.5      113.043      1.00012  0.000946443  1.89129e-05 
       493.5      113.478      1.00013  0.000946406  1.91719e-05 
       493.5      113.914      1.00013  0.000946369  1.94315e-05 
       493.5      114.351      1.00013  0.000946332  1.96916e-05 
       493.5      114.789      1.00013  0.000946294  1.99523e-05 
       493.5      115.228      1.00013  0.000946256  2.02135e-05 
       493.5      115.667      1.00013  0.000946217  2.04752e-05 
       493.5      116.107      1.00013  0.000946178  2.07375e-05 
       493.5      116.548      1.00014  0.000946139  2.10001e-05 
       493.5       116.99      1.00014    0.0009461  2.12633e-05 
       493.5      117.433      1.00014  0.000946061  2.15269e-05 
       493.5      117.876      1.00014  0.000946021  2.17909e-05 
       493.5      118.321      1.00014  0.000945981  2.20553e-05 
       493.5      118.766      1.00014  0.000945942    2.232e-05 
       493.5      119.212      1.00015  0.000945902  2.25852e-05 
       493.5      119.659      1.00015  0.000945862  2.28506e-05 
       493.5      120.107      1.00015  0.000945823  2.31164e-05 
       493.5      120.555      1.00015  0.000945783  2.33825e-05 
       493.5      121.005      1.00015  0.000945744  2.36488e-05 
       493.5      121.455      1.00015  0.000945705  2.39154e-05 
       493.5      121.906      1.00016  0.000945666  2.41823e-05 
       493.5      122.358      1.00016  0.000945627  2.44493e-05 
       493.5      122.811      1.00016  0.000945589  2.47166e-05 
       493.5      123.264      1.00016  0.000945551   2.4984e-05 
       493.5      123.719      1.00016  0.000945513  2.52515e-05 
       493.5      124.174      1.00017  0.000945476  2.55192e-05 
       493.5       124.63      1.00017  0.000945439  2.57869e-05 
       493.5      125.087      1.00017  0.000945403  2.60547e-05 
       493.5      125.545      1.00017  0.000945367  2.63226e-05 
       493.5      126.003      1.00017  0.000945332  2.65905e-05 
       493.5      126.463      1.00018  0.000945298  2.68585e-05 
       493.5      126.923      1.00018  0.000945264  2.71263e-05 
       493.5      127.384      1.00018  0.000945231  2.73942e-05 
       493.5      127.846      1.00018  0.000945199   2.7662e-05 
       493.5      128.309      1.00018  0.000945168  2.79297e-05 
       493.5      128.773      1.00019  0.000945138  2.81972e-05 
       493.5      129.237      1.00019  0.000945108  2.84646e-05 
       493.5      129.702      1.00019   0.00094508  2.87319e-05 
       493.5      130.169      1.00019  0.000945052  2.89989e-05 
       493.5      130.636       1.0002  0.000945026  2.92658e-05 
       493.5      131.103       1.0002  0.000945001  2.95324e-05 
       493.5      131.572       1.0002  0.000944977  2.97987e-05 
       493.5      132.041       1.0002  0.000944954  3.00647e-05 
       493.5      132.512      1.00021  0.000944932  3.03304e-05 
       493.5      132.983      1.00021  0.000944912  3.05957e-05 
       493.5      133.455      1.00021  0.000944893  3.08606e-05 
       493.5      133.928      1.00021  0.000944876  3.11252e-05 
       493.5      134.401      1.00022   0.00094486  3.13893e-05 
       493.5      134.876      1.00022  0.000944846  3.16529e-05 
       493.5      135.351      1.00022  0.000944833   3.1916e-05 
       493.5      135.827      1.00022  0.000944822  3.21786e-05 
       493.5      136.304      1.00023  0.000944813  3.24407e-05 
       493.5      136.782      1.00023  0.000944805  3.27022e-05 
       493.5      137.261      1.00023  0.000944799   3.2963e-05 
       493.5       137.74      1.00024  0.000944795  3.32233e-05 
       493.5      138.221      1.00024  0.000944793  3.34828e-05 
       493.5      138.702      1.00024  0.000944793  3.37417e-05 
       493.5      139.184      1.00025  0.000944796  3.39998e-05 
       493.5      139.667      1.00025    0.0009448  3.42571e-05 
       493.5      140.151      1.00025  0.000944806  3.45137e-05 
       493.5      140.635      1.00025  0.000944815  3.47694e-05 
       493.5       141.12      1.00026  0.000944826  3.50243e-05 
       493.5      141.607      1.00026  0.000944839  3.52783e-05 
       493.5      142.094      1.00027  0.000944855  3.55313e-05 
       493.5      142.582      1.00027  0.000944873  3.57834e-05 
       493.5       143.07      1.00027  0.000944894  3.60346e-05 
       493.5       143.56      1.00028  0.000944917  3.62847e-05 
       493.5       144.05      1.00021   0.00094488  3.67915e-05 
       493.5      144.541       1.0002  0.000944878  3.70614e-05 
       493.5      145.033       1.0002  0.000944874  3.73311e-05 
       493.5      145.526      1.00019  0.000944869  3.76005e-05 
       493.5       146.02      1.00019  0.000944862  3.78697e-05 
       493.5      146.515      1.00018  0.000944853  3.81386e-05 
       493.5       147.01      1.00018  0.000944843  3.84073e-05 
       493.5      147.506      1.00017  0.000944831  3.86757e-05 
       493.5      148.003      1.00016  0.000944817  3.89439e-05 
       493.5      148.501      1.00016  0.000944801  3.92118e-05 
       493.5          149      1.00015  0.000944783  3.94795e-05 
       493.5        149.5      1.00014  0.000944764  3.97469e-05 
       493.5          150      1.00013  0.000944742   4.0014e-05 
