Variables = x, y, u, v, p

Zone, I=600, F=POINT
        36.5            0            0            0  7.74838e-05 
        36.5     0.000418  0.000247487  -3.7414e-09  7.74783e-05 
        36.5     0.001672  0.000989913 -1.20796e-08  7.74615e-05 
        36.5     0.003763   0.00222776 -1.64714e-08  7.74333e-05 
        36.5     0.006689   0.00395964 -3.04695e-09  7.73935e-05 
        36.5     0.010451   0.00618589  4.68478e-08  7.73418e-05 
        36.5      0.01505   0.00890673   1.5603e-07  7.72787e-05 
        36.5     0.020485    0.0121211  3.50665e-07  7.72052e-05 
        36.5     0.026756    0.0158284  6.59557e-07  7.71233e-05 
        36.5     0.033863    0.0200279  1.11346e-06  7.70363e-05 
        36.5     0.041806    0.0247187  1.74452e-06  7.69487e-05 
        36.5     0.050585    0.0298999  2.58595e-06  7.68668e-05 
        36.5     0.060201    0.0355707  3.67203e-06   7.6798e-05 
        36.5     0.070652    0.0417285  5.03773e-06  7.67506e-05 
        36.5      0.08194    0.0483729  6.71988e-06  7.67335e-05 
        36.5     0.094063    0.0555006  8.75642e-06  7.67546e-05 
        36.5     0.107023    0.0631105  1.11878e-05  7.68196e-05 
        36.5     0.120819    0.0711994  1.40558e-05    7.693e-05 
        36.5     0.135451    0.0797643  1.74028e-05  7.70801e-05 
        36.5     0.150919    0.0888019  2.12695e-05  7.72539e-05 
        36.5     0.167224    0.0983086  2.56903e-05  7.74205e-05 
        36.5     0.184364     0.108279  3.06852e-05  7.75293e-05 
        36.5     0.202341     0.118709  3.62496e-05   7.7503e-05 
        36.5     0.221153     0.129593  4.23353e-05  7.72307e-05 
        36.5     0.240802     0.140924  4.88286e-05  7.65586e-05 
        36.5     0.261287     0.152699  5.60452e-05  7.63811e-05 
        36.5     0.282608       0.1649  6.40034e-05  7.68605e-05 
        36.5     0.304765     0.177519  7.22997e-05  7.72217e-05 
        36.5     0.327758     0.190549  8.08905e-05  7.74716e-05 
        36.5     0.351588     0.203987  8.97323e-05  7.76203e-05 
        36.5     0.376253     0.217824  9.87827e-05  7.76805e-05 
        36.5     0.401755     0.232059  0.000108004  7.76677e-05 
        36.5     0.428092     0.246684  0.000117363  7.75998e-05 
        36.5     0.455266     0.261696  0.000126833  7.74966e-05 
        36.5     0.483276      0.27709  0.000136393  7.73794e-05 
        36.5     0.512122     0.292863  0.000146032  7.72706e-05 
        36.5     0.541805     0.309012  0.000155743  7.71927e-05 
        36.5     0.572323     0.325531  0.000165522  7.71674e-05 
        36.5     0.603677      0.34242  0.000175371  7.72152e-05 
        36.5     0.635868     0.359676  0.000185285  7.73534e-05 
        36.5     0.668894     0.377297  0.000195248  7.75954e-05 
        36.5     0.702757     0.395282  0.000205227  7.79491e-05 
        36.5     0.737456     0.413631  0.000215155   7.8415e-05 
        36.5     0.772991     0.432431  0.000226316  7.84824e-05 
        36.5     0.809362     0.451545  0.000238553   7.8345e-05 
        36.5      0.84657     0.470882  0.000251227  7.82727e-05 
        36.5     0.884613     0.490414  0.000264353  7.82623e-05 
        36.5     0.923492     0.510114  0.000277945  7.83103e-05 
        36.5     0.963208     0.529951  0.000292007  7.84125e-05 
        36.5      1.00376     0.549893   0.00030654  7.85644e-05 
        36.5      1.04515     0.569904  0.000321536   7.8761e-05 
        36.5      1.08737     0.589948   0.00033698  7.89969e-05 
        36.5      1.13043     0.609985   0.00035285  7.92663e-05 
        36.5      1.17433     0.629972  0.000369115  7.95633e-05 
        36.5      1.21906     0.649867  0.000385736  7.98818e-05 
        36.5      1.26463     0.669621  0.000402665  8.02156e-05 
        36.5      1.31103     0.689185  0.000419845  8.05585e-05 
        36.5      1.35827     0.708506  0.000437214  8.09045e-05 
        36.5      1.40635     0.727527    0.0004547  8.12478e-05 
        36.5      1.45526     0.746191  0.000472226   8.1583e-05 
        36.5      1.50501     0.764434   0.00048971  8.19053e-05 
        36.5       1.5556     0.782192  0.000507068  8.22106e-05 
        36.5      1.60702     0.799396  0.000524215  8.24955e-05 
        36.5      1.65928     0.815972  0.000541069   8.2758e-05 
        36.5      1.71237     0.831846  0.000557554  8.29972e-05 
        36.5       1.7663       0.8468   0.00057375  8.33318e-05 
        36.5      1.82106     0.860701  0.000589703  8.39304e-05 
        36.5      1.87667     0.873908  0.000604985  8.45234e-05 
        36.5      1.93311     0.886412  0.000619569  8.51116e-05 
        36.5      1.99038     0.898204   0.00063343  8.56957e-05 
        36.5      2.04849      0.90928  0.000646545  8.62766e-05 
        36.5      2.10744     0.919637  0.000658898   8.6855e-05 
        36.5      2.16722     0.929275  0.000670472  8.74319e-05 
        36.5      2.22784     0.938195  0.000681256  8.80081e-05 
        36.5      2.28929     0.946405  0.000691242  8.85846e-05 
        36.5      2.35158      0.95391  0.000700425  8.91624e-05 
        36.5      2.41471     0.960724  0.000708806  8.97423e-05 
        36.5      2.47867     0.966859   0.00071639  9.03255e-05 
        36.5      2.54347     0.972334  0.000723184  9.09128e-05 
        36.5      2.60911     0.977169  0.000729201  9.15053e-05 
        36.5      2.67558     0.981388  0.000734461  9.21037e-05 
        36.5      2.74288     0.985021  0.000738984  9.27091e-05 
        36.5      2.81103     0.988097  0.000742798  9.33223e-05 
        36.5      2.88001     0.990654  0.000745934  9.39441e-05 
        36.5      2.94983     0.992729  0.000748429  9.45751e-05 
        36.5      3.02048     0.994368  0.000750322   9.5216e-05 
        36.5      3.09197     0.995618   0.00075166  9.58673e-05 
        36.5      3.16429      0.99653   0.00075249  9.65293e-05 
        36.5      3.23745     0.997162  0.000752866  9.72025e-05 
        36.5      3.31145     0.997575  0.000752843  9.78868e-05 
        36.5      3.38628     0.997835  0.000752481  9.85822e-05 
        36.5      3.46195     0.998012  0.000751842  9.92884e-05 
        36.5      3.53845     0.998183   0.00075099  0.000100005 
        36.5      3.61579     0.998428  0.000749989  0.000100731 
        36.5      3.69397     0.998834  0.000748906  0.000101466 
        36.5      3.77298     0.999312  0.000748283  0.000102147 
        36.5      3.85283     0.999442  0.000748327   0.00010267 
        36.5      3.93352     0.999552  0.000747758  0.000103189 
        36.5      4.01504     0.999641  0.000746775  0.000103713 
        36.5       4.0974     0.999711  0.000745533  0.000104253 
        36.5      4.18059     0.999765  0.000744154  0.000104819 
        36.5      4.26462     0.999803  0.000742722   0.00010542 
        36.5      4.34949     0.999828  0.000741293  0.000106067 
        36.5      4.43519     0.999841  0.000739895  0.000106769 
        36.5      4.52173     0.999844  0.000738539  0.000107536 
        36.5       4.6091      0.99984  0.000737223  0.000108376 
        36.5      4.69731     0.999831  0.000735941    0.0001093 
        36.5      4.78636     0.999819  0.000734695  0.000110314 
        36.5      4.87624     0.999807  0.000733582  0.000111036 
        36.5      4.96696     0.999797  0.000732368  0.000111162 
        36.5      5.05851     0.999793   0.00073061  0.000110967 
        36.5       5.1509     0.999792  0.000728657  0.000110992 
        36.5      5.24413     0.999786  0.000727658  0.000111912 
        36.5       5.3382     0.999782  0.000726598  0.000112712 
        36.5      5.43309     0.999779  0.000725459  0.000113413 
        36.5      5.52883     0.999777  0.000724231  0.000114038 
        36.5       5.6254     0.999777   0.00072291  0.000114603 
        36.5      5.72281     0.999777  0.000721497  0.000115128 
        36.5      5.82105     0.999779  0.000719998  0.000115625 
        36.5      5.92013     0.999782  0.000718425  0.000116108 
        36.5      6.02005     0.999786  0.000716794  0.000116586 
        36.5       6.1208      0.99979  0.000715123  0.000117065 
        36.5      6.22239     0.999796  0.000713433   0.00011755 
        36.5      6.32482     0.999801  0.000711747  0.000118039 
        36.5      6.42808     0.999807  0.000710087  0.000118528 
        36.5      6.53217     0.999814  0.000708475   0.00011901 
        36.5      6.63711     0.999821   0.00070693  0.000119472 
        36.5      6.74287     0.999827  0.000705466  0.000119895 
        36.5      6.84948     0.999834  0.000704092  0.000120257 
        36.5      6.95692      0.99984  0.000702806  0.000120529 
        36.5       7.0652     0.999846    0.0007016  0.000120677 
        36.5      7.17431     0.999851  0.000700284  0.000121043 
        36.5      7.28426     0.999854   0.00069878  0.000122118 
        36.5      7.39505     0.999846  0.000697334  0.000122801 
        36.5      7.50667     0.999831  0.000695748  0.000122968 
        36.5      7.61913     0.999818     0.000694  0.000123236 
        36.5      7.73242     0.999807  0.000692135  0.000123562 
        36.5      7.84655     0.999798  0.000690417  0.000123867 
        36.5      7.96152      0.99979  0.000688791  0.000124156 
        36.5      8.07732     0.999785  0.000687217  0.000124437 
        36.5      8.19396     0.999781  0.000685662  0.000124713 
        36.5      8.31143     0.999779  0.000684104  0.000124987 
        36.5      8.42974     0.999778   0.00068253  0.000125263 
        36.5      8.54889     0.999778  0.000680934  0.000125543 
        36.5      8.66887      0.99978  0.000679316  0.000125825 
        36.5      8.78969     0.999783  0.000677681   0.00012611 
        36.5      8.91135     0.999786  0.000676037  0.000126394 
        36.5      9.03384     0.999791  0.000674393  0.000126675 
        36.5      9.15717     0.999795  0.000672758  0.000126945 
        36.5      9.28133       0.9998  0.000671137  0.000127198 
        36.5      9.40633     0.999806  0.000669531  0.000127425 
        36.5      9.53216     0.999811  0.000667931  0.000127615 
        36.5      9.65884     0.999815  0.000666317  0.000127754 
        36.5      9.78634      0.99982  0.000664656  0.000127828 
        36.5      9.91469     0.999823  0.000662896  0.000127819 
        36.5      10.0439     0.999827  0.000661287   0.00012798 
        36.5      10.1739     0.999829  0.000659786  0.000128187 
        36.5      10.3047      0.99983  0.000658279  0.000128339 
        36.5      10.4364     0.999831  0.000656758  0.000128442 
        36.5      10.5689     0.999832  0.000655219  0.000128505 
        36.5      10.7023     0.999831  0.000653659  0.000128535 
        36.5      10.8365      0.99983  0.000652077   0.00012854 
        36.5      10.9715     0.999829  0.000650471  0.000128528 
        36.5      11.1074     0.999827  0.000648846  0.000128507 
        36.5      11.2441     0.999825  0.000647206  0.000128485 
        36.5      11.3817     0.999823  0.000645559  0.000128472 
        36.5        11.52     0.999821  0.000643915  0.000128474 
        36.5      11.6592     0.999818  0.000642281  0.000128429 
        36.5      11.7993     0.999816   0.00064062  0.000128308 
        36.5      11.9402     0.999814  0.000638934  0.000128197 
        36.5      12.0819     0.999812  0.000637238  0.000128094 
        36.5      12.2245      0.99981  0.000635547  0.000127997 
        36.5      12.3679     0.999809  0.000633875  0.000127904 
        36.5      12.5121     0.999808  0.000632232  0.000127811 
        36.5      12.6572     0.999807  0.000630627  0.000127715 
        36.5      12.8031     0.999806  0.000629068  0.000127611 
        36.5      12.9498     0.999806  0.000627555  0.000127492 
        36.5      13.0974     0.999807  0.000626087  0.000127353 
        36.5      13.2458     0.999808  0.000624654  0.000127186 
        36.5       13.395     0.999809  0.000623242  0.000126982 
        36.5      13.5451     0.999811  0.000621829  0.000126732 
        36.5       13.696     0.999814  0.000620384  0.000126426 
        36.5      13.8478     0.999817  0.000618859   0.00012607 
        36.5      14.0004     0.999817  0.000617238  0.000125879 
        36.5      14.1538     0.999818  0.000615652  0.000125672 
        36.5      14.3081     0.999819  0.000614097  0.000125449 
        36.5      14.4632      0.99982  0.000612569  0.000125211 
        36.5      14.6191      0.99982  0.000611065  0.000124958 
        36.5      14.7759     0.999821  0.000609582   0.00012469 
        36.5      14.9335     0.999822  0.000608117  0.000124409 
        36.5      15.0919     0.999823  0.000606668  0.000124114 
        36.5      15.2512     0.999824  0.000605232  0.000123806 
        36.5      15.4113     0.999824  0.000603807  0.000123485 
        36.5      15.5723     0.999825  0.000602393  0.000123152 
        36.5      15.7341     0.999826  0.000600987  0.000122808 
        36.5      15.8967     0.999827  0.000599589  0.000122452 
        36.5      16.0602     0.999828  0.000598198  0.000122086 
        36.5      16.2245     0.999828  0.000596812  0.000121709 
        36.5      16.3896     0.999829  0.000595433  0.000121323 
        36.5      16.5556      0.99983  0.000594059  0.000120926 
        36.5      16.7224      0.99983  0.000592691  0.000120521 
        36.5        16.89     0.999831  0.000591328  0.000120106 
        36.5      17.0585     0.999831  0.000589972  0.000119683 
        36.5      17.2278     0.999832  0.000588623  0.000119251 
        36.5      17.3979     0.999832  0.000587281  0.000118812 
        36.5      17.5689     0.999833  0.000585948  0.000118364 
        36.5      17.7408     0.999833  0.000584624  0.000117909 
        36.5      17.9134     0.999834  0.000583309  0.000117447 
        36.5      18.0869     0.999834  0.000582005  0.000116977 
        36.5      18.2612     0.999835  0.000580713    0.0001165 
        36.5      18.4364     0.999835  0.000579433  0.000116015 
        36.5      18.6124     0.999836  0.000578165  0.000115524 
        36.5      18.7892     0.999836  0.000576911  0.000115026 
        36.5      18.9669     0.999837  0.000575669   0.00011452 
        36.5      19.1454     0.999838  0.000574442  0.000114008 
        36.5      19.3248     0.999838  0.000573226  0.000113488 
        36.5       19.505     0.999839  0.000572024  0.000112961 
        36.5       19.686      0.99984  0.000570832  0.000112426 
        36.5      19.8678      0.99984  0.000569649  0.000111882 
        36.5      20.0505     0.999841  0.000568473  0.000111331 
        36.5      20.2341     0.999842  0.000567306  0.000110783 
        36.5      20.4184     0.999842  0.000566161  0.000110251 
        36.5      20.6036     0.999843   0.00056503  0.000109713 
        36.5      20.7897     0.999844  0.000563909  0.000109173 
        36.5      20.9765     0.999845  0.000562793  0.000108635 
        36.5      21.1642     0.999845  0.000561678  0.000108104 
        36.5      21.3528     0.999846  0.000560569  0.000107576 
        36.5      21.5422     0.999847  0.000559533     0.000107 
        36.5      21.7324     0.999847  0.000558501  0.000106423 
        36.5      21.9234     0.999848  0.000557474  0.000105846 
        36.5      22.1153     0.999849  0.000556454  0.000105268 
        36.5       22.308     0.999849  0.000555443   0.00010469 
        36.5      22.5016      0.99985  0.000554443   0.00010411 
        36.5       22.696      0.99985   0.00055345  0.000103527 
        36.5      22.8912     0.999851  0.000552436  0.000102929 
        36.5      23.0873     0.999852  0.000551433  0.000102331 
        36.5      23.2842     0.999853  0.000550444  0.000101732 
        36.5       23.482     0.999853  0.000549467  0.000101133 
        36.5      23.6805     0.999854  0.000548504  0.000100532 
        36.5        23.88     0.999855  0.000547554  9.99313e-05 
        36.5      24.0802     0.999856  0.000546618  9.93296e-05 
        36.5      24.2813     0.999857  0.000545695  9.87271e-05 
        36.5      24.4832     0.999857  0.000544785  9.81241e-05 
        36.5       24.686     0.999858  0.000543889  9.75204e-05 
        36.5      24.8896     0.999859  0.000543006  9.69161e-05 
        36.5       25.094      0.99986  0.000542135  9.63112e-05 
        36.5      25.2993      0.99986  0.000541277  9.57058e-05 
        36.5      25.5054     0.999861  0.000540431     9.51e-05 
        36.5      25.7123     0.999862  0.000539597  9.44937e-05 
        36.5      25.9201     0.999863  0.000538775  9.38871e-05 
        36.5      26.1287     0.999863  0.000537964  9.32802e-05 
        36.5      26.3381     0.999864  0.000537164  9.26731e-05 
        36.5      26.5484     0.999865  0.000536374  9.20658e-05 
        36.5      26.7595     0.999866  0.000535595  9.14586e-05 
        36.5      26.9715     0.999867  0.000534825  9.08514e-05 
        36.5      27.1843     0.999867  0.000534064  9.02443e-05 
        36.5      27.3979     0.999868  0.000533313  8.96375e-05 
        36.5      27.6124     0.999869   0.00053257  8.90311e-05 
        36.5      27.8277      0.99987  0.000531835  8.84252e-05 
        36.5      28.0438      0.99987  0.000531109    8.782e-05 
        36.5      28.2608     0.999871   0.00053039  8.72155e-05 
        36.5      28.4786     0.999872   0.00052968   8.6612e-05 
        36.5      28.6972     0.999873  0.000528977  8.60096e-05 
        36.5      28.9167     0.999873  0.000528282  8.54085e-05 
        36.5       29.137     0.999874  0.000527595  8.48089e-05 
        36.5      29.3582     0.999875  0.000526916  8.42108e-05 
        36.5      29.5802     0.999876  0.000526246  8.36147e-05 
        36.5       29.803     0.999876  0.000525585  8.30206e-05 
        36.5      30.0267     0.999877  0.000524933  8.24288e-05 
        36.5      30.2512     0.999878  0.000524293  8.18395e-05 
        36.5      30.4765     0.999878  0.000523667  8.12518e-05 
        36.5      30.7027     0.999879  0.000523062  8.06628e-05 
        36.5      30.9297      0.99988  0.000522463  8.00763e-05 
        36.5      31.1575     0.999881  0.000521871  7.94925e-05 
        36.5      31.3862     0.999881  0.000521286  7.89113e-05 
        36.5      31.6157     0.999882  0.000520707  7.83327e-05 
        36.5      31.8461     0.999883  0.000520136  7.77568e-05 
        36.5      32.0773     0.999884  0.000519572  7.71836e-05 
        36.5      32.3093     0.999884  0.000519016   7.6613e-05 
        36.5      32.5421     0.999885  0.000518466  7.60451e-05 
        36.5      32.7758     0.999886  0.000517925  7.54799e-05 
        36.5      33.0104     0.999887  0.000517391  7.49174e-05 
        36.5      33.2457     0.999887  0.000516865  7.43575e-05 
        36.5      33.4819     0.999888  0.000516346  7.38005e-05 
        36.5       33.719     0.999889  0.000515836  7.32461e-05 
        36.5      33.9568     0.999889  0.000515332  7.26945e-05 
        36.5      34.1956      0.99989  0.000514837  7.21457e-05 
        36.5      34.4351     0.999891  0.000514349  7.15996e-05 
        36.5      34.6755     0.999892  0.000513869  7.10564e-05 
        36.5      34.9167     0.999892  0.000513396   7.0516e-05 
        36.5      35.1588     0.999893  0.000512931  6.99784e-05 
        36.5      35.4017     0.999894  0.000512473  6.94437e-05 
        36.5      35.6454     0.999894  0.000512023  6.89119e-05 
        36.5      35.8899     0.999895  0.000511579   6.8383e-05 
        36.5      36.1354     0.999896  0.000511143  6.78571e-05 
        36.5      36.3816     0.999896  0.000510713  6.73341e-05 
        36.5      36.6287     0.999897  0.000510291  6.68142e-05 
        36.5      36.8766     0.999898  0.000509874  6.62973e-05 
        36.5      37.1253     0.999898  0.000509465  6.57835e-05 
        36.5      37.3749     0.999899  0.000509062  6.52728e-05 
        36.5      37.6253       0.9999  0.000508665  6.47653e-05 
        36.5      37.8766       0.9999  0.000508274  6.42609e-05 
        36.5      38.1287     0.999901   0.00050789  6.37598e-05 
        36.5      38.3816     0.999902  0.000507511   6.3262e-05 
        36.5      38.6353     0.999902  0.000507138  6.27675e-05 
        36.5      38.8899     0.999903  0.000506771  6.22764e-05 
        36.5      39.1454     0.999904  0.000506409  6.17887e-05 
        36.5      39.4016     0.999904  0.000506053  6.13049e-05 
        36.5      39.6588     0.999905  0.000505703  6.08265e-05 
        36.5      39.9167     0.999906  0.000505358  6.03522e-05 
        36.5      40.1755     0.999906  0.000505018  5.98819e-05 
        36.5      40.4351     0.999907  0.000504683  5.94158e-05 
        36.5      40.6955     0.999908  0.000504353  5.89539e-05 
        36.5      40.9568     0.999908  0.000504029  5.84962e-05 
        36.5      41.2189     0.999909  0.000503711  5.80427e-05 
        36.5      41.4819      0.99991  0.000503399   5.7593e-05 
        36.5      41.7457      0.99991  0.000503094   5.7144e-05 
        36.5      42.0103     0.999911  0.000502799  5.67005e-05 
        36.5      42.2758     0.999911  0.000502512  5.62626e-05 
        36.5      42.5421     0.999912  0.000502235  5.58305e-05 
        36.5      42.8092     0.999913   0.00050195  5.53927e-05 
        36.5      43.0772     0.999913  0.000501664  5.49553e-05 
        36.5       43.346     0.999914  0.000501383  5.45221e-05 
        36.5      43.6157     0.999914  0.000501106   5.4093e-05 
        36.5      43.8862     0.999915  0.000500833  5.36679e-05 
        36.5      44.1575     0.999916  0.000500564   5.3247e-05 
        36.5      44.4296     0.999916    0.0005003    5.283e-05 
        36.5      44.7026     0.999917   0.00050004  5.24169e-05 
        36.5      44.9765     0.999917  0.000499784  5.20079e-05 
        36.5      45.2511     0.999918  0.000499532  5.16027e-05 
        36.5      45.5266     0.999919  0.000499284  5.12013e-05 
        36.5       45.803     0.999919  0.000499041  5.08038e-05 
        36.5      46.0801      0.99992  0.000498801    5.041e-05 
        36.5      46.3581      0.99992  0.000498566    5.002e-05 
        36.5       46.637     0.999921  0.000498335  4.96337e-05 
        36.5      46.9167     0.999922  0.000498107  4.92511e-05 
        36.5      47.1972     0.999922  0.000497884  4.88721e-05 
        36.5      47.4785     0.999923  0.000497665  4.84967e-05 
        36.5      47.7607     0.999923  0.000497449  4.81249e-05 
        36.5      48.0438     0.999924  0.000497238  4.77567e-05 
        36.5      48.3276     0.999924   0.00049703  4.73919e-05 
        36.5      48.6123     0.999925  0.000496826  4.70307e-05 
        36.5      48.8979     0.999925  0.000496625  4.66729e-05 
        36.5      49.1842     0.999926  0.000496429  4.63186e-05 
        36.5      49.4714     0.999926  0.000496235  4.59677e-05 
        36.5      49.7595     0.999927  0.000496046  4.56201e-05 
        36.5      50.0484     0.999927   0.00049586  4.52759e-05 
        36.5      50.3381     0.999928  0.000495677  4.49351e-05 
        36.5      50.6286     0.999929  0.000495498  4.45976e-05 
        36.5        50.92     0.999929  0.000495322  4.42634e-05 
        36.5      51.2122      0.99993  0.000495149  4.39325e-05 
        36.5      51.5053      0.99993  0.000494979  4.36049e-05 
        36.5      51.7992     0.999931  0.000494812  4.32805e-05 
        36.5      52.0939     0.999931  0.000494649  4.29594e-05 
        36.5      52.3895     0.999932  0.000494488  4.26415e-05 
        36.5      52.6859     0.999932   0.00049433  4.23269e-05 
        36.5      52.9831     0.999933  0.000494175  4.20155e-05 
        36.5      53.2812     0.999933  0.000494022  4.17073e-05 
        36.5      53.5801     0.999934  0.000493873  4.14024e-05 
        36.5      53.8799     0.999934  0.000493725  4.11007e-05 
        36.5      54.1805     0.999935   0.00049358  4.08022e-05 
        36.5      54.4819     0.999935  0.000493438  4.05069e-05 
        36.5      54.7841     0.999936  0.000493298  4.02149e-05 
        36.5      55.0872     0.999936   0.00049316  3.99261e-05 
        36.5      55.3912     0.999936  0.000493024  3.96406e-05 
        36.5      55.6959     0.999937   0.00049289  3.93584e-05 
        36.5      56.0015     0.999937  0.000492758  3.90795e-05 
        36.5       56.308     0.999938  0.000492628  3.88039e-05 
        36.5      56.6152     0.999938    0.0004925  3.85317e-05 
        36.5      56.9233     0.999939  0.000492374  3.82628e-05 
        36.5      57.2323     0.999939  0.000492249  3.79974e-05 
        36.5      57.5421      0.99994  0.000492126  3.77353e-05 
        36.5      57.8527      0.99994  0.000492004  3.74768e-05 
        36.5      58.1641     0.999941  0.000491883  3.72217e-05 
        36.5      58.4764     0.999941  0.000491764  3.69702e-05 
        36.5      58.7896     0.999942  0.000491647  3.67223e-05 
        36.5      59.1035     0.999942   0.00049153  3.64781e-05 
        36.5      59.4183     0.999943  0.000491415  3.62376e-05 
        36.5      59.7339     0.999943    0.0004913  3.60008e-05 
        36.5      60.0504     0.999944  0.000491202  3.57572e-05 
        36.5      60.3677     0.999944  0.000491109  3.55126e-05 
        36.5      60.6859     0.999944  0.000491016  3.52709e-05 
        36.5      61.0048     0.999945  0.000490922  3.50321e-05 
        36.5      61.3247     0.999945  0.000490829  3.47962e-05 
        36.5      61.6453     0.999946  0.000490735  3.45633e-05 
        36.5      61.9668     0.999946  0.000490642  3.43335e-05 
        36.5      62.2891     0.999946  0.000490548  3.41066e-05 
        36.5      62.6123     0.999947  0.000490455  3.38828e-05 
        36.5      62.9363     0.999947  0.000490363  3.36622e-05 
        36.5      63.2611     0.999948  0.000490271  3.34446e-05 
        36.5      63.5868     0.999948  0.000490179  3.32303e-05 
        36.5      63.9133     0.999948  0.000490089  3.30191e-05 
        36.5      64.2406     0.999949  0.000489999  3.28111e-05 
        36.5      64.5688     0.999949  0.000489911  3.26063e-05 
        36.5      64.8978     0.999949  0.000489824  3.24048e-05 
        36.5      65.2277      0.99995  0.000489738  3.22066e-05 
        36.5      65.5583      0.99995  0.000489655  3.20116e-05 
        36.5      65.8899     0.999951  0.000489574  3.18202e-05 
        36.5      66.2222     0.999951  0.000489509  3.16334e-05 
        36.5      66.5554     0.999951  0.000489444  3.14493e-05 
        36.5      66.8894     0.999952   0.00048938  3.12678e-05 
        36.5      67.2243     0.999952  0.000489316  3.10891e-05 
        36.5        67.56     0.999952  0.000489253   3.0913e-05 
        36.5      67.8966     0.999953   0.00048919  3.07395e-05 
        36.5      68.2339     0.999953  0.000489127  3.05686e-05 
        36.5      68.5721     0.999954  0.000489065  3.04003e-05 
        36.5      68.9112     0.999954  0.000489003  3.02346e-05 
        36.5      69.2511     0.999954  0.000488942  3.00713e-05 
        36.5      69.5918     0.999955  0.000488882  2.99106e-05 
        36.5      69.9333     0.999955  0.000488822  2.97523e-05 
        36.5      70.2757     0.999955  0.000488762  2.95965e-05 
        36.5      70.6189     0.999956  0.000488703  2.94431e-05 
        36.5       70.963     0.999956  0.000488645  2.92921e-05 
        36.5      71.3079     0.999956  0.000488587  2.91434e-05 
        36.5      71.6536     0.999957   0.00048853  2.89971e-05 
        36.5      72.0002     0.999957  0.000488473  2.88531e-05 
        36.5      72.3476     0.999958  0.000488417  2.87114e-05 
        36.5      72.6959     0.999958  0.000488362  2.85719e-05 
        36.5      73.0449     0.999958  0.000488308  2.84347e-05 
        36.5      73.3949     0.999959  0.000488254  2.82996e-05 
        36.5      73.7456     0.999959  0.000488201  2.81667e-05 
        36.5      74.0972     0.999959  0.000488148   2.8036e-05 
        36.5      74.4496      0.99996  0.000488097  2.79074e-05 
        36.5      74.8029      0.99996  0.000488046  2.77808e-05 
        36.5       75.157      0.99996  0.000487996  2.76563e-05 
        36.5      75.5119     0.999961  0.000487947  2.75338e-05 
        36.5      75.8677     0.999961  0.000487899  2.74133e-05 
        36.5      76.2243     0.999961  0.000487851  2.72947e-05 
        36.5      76.5817     0.999962  0.000487805  2.71781e-05 
        36.5        76.94     0.999962  0.000487759  2.70634e-05 
        36.5      77.2991     0.999962  0.000487714  2.69505e-05 
        36.5      77.6591     0.999962  0.000487671  2.68394e-05 
        36.5      78.0198     0.999963  0.000487628  2.67302e-05 
        36.5      78.3815     0.999963  0.000487586  2.66227e-05 
        36.5      78.7439     0.999963  0.000487545  2.65169e-05 
        36.5      79.1072     0.999964  0.000487505  2.64129e-05 
        36.5      79.4714     0.999964  0.000487466  2.63105e-05 
        36.5      79.8363     0.999964  0.000487428  2.62098e-05 
        36.5      80.2021     0.999965  0.000487391  2.61106e-05 
        36.5      80.5688     0.999965  0.000487356  2.60131e-05 
        36.5      80.9362     0.999965  0.000487321   2.5917e-05 
        36.5      81.3045     0.999966  0.000487287  2.58225e-05 
        36.5      81.6737     0.999966  0.000487254  2.57294e-05 
        36.5      82.0437     0.999966  0.000487222  2.56378e-05 
        36.5      82.4145     0.999967  0.000487192  2.55476e-05 
        36.5      82.7861     0.999967  0.000487162  2.54587e-05 
        36.5      83.1586     0.999967  0.000487133  2.53712e-05 
        36.5       83.532     0.999967  0.000487106  2.52849e-05 
        36.5      83.9061     0.999968  0.000487079     2.52e-05 
        36.5      84.2811     0.999968  0.000487053  2.51162e-05 
        36.5       84.657     0.999968  0.000487028  2.50337e-05 
        36.5      85.0336     0.999968  0.000487004  2.49523e-05 
        36.5      85.4111     0.999969  0.000486981  2.48721e-05 
        36.5      85.7895     0.999969  0.000486959  2.47929e-05 
        36.5      86.1687     0.999969  0.000486938  2.47148e-05 
        36.5      86.5487      0.99997  0.000486917  2.46378e-05 
        36.5      86.9295      0.99997  0.000486898  2.45617e-05 
        36.5      87.3112      0.99997  0.000486878  2.44866e-05 
        36.5      87.6937      0.99997   0.00048686  2.44125e-05 
        36.5      88.0771      0.99997  0.000486822  2.43592e-05 
        36.5      88.4613      0.99997  0.000486787  2.43074e-05 
        36.5      88.8463     0.999971  0.000486753  2.42571e-05 
        36.5      89.2322     0.999971  0.000486722  2.42083e-05 
        36.5      89.6189     0.999971  0.000486692   2.4161e-05 
        36.5      90.0064     0.999971  0.000486664  2.41153e-05 
        36.5      90.3948     0.999971  0.000486638  2.40711e-05 
        36.5       90.784     0.999971  0.000486614  2.40284e-05 
        36.5      91.1741     0.999971  0.000486591  2.39873e-05 
        36.5       91.565     0.999971  0.000486569  2.39478e-05 
        36.5      91.9567     0.999972  0.000486549  2.39099e-05 
        36.5      92.3492     0.999972   0.00048653  2.38735e-05 
        36.5      92.7426     0.999972  0.000486512  2.38387e-05 
        36.5      93.1369     0.999972  0.000486495  2.38055e-05 
        36.5      93.5319     0.999972  0.000486479  2.37739e-05 
        36.5      93.9278     0.999972  0.000486464  2.37437e-05 
        36.5      94.3246     0.999973  0.000486449  2.37151e-05 
        36.5      94.7221     0.999973  0.000486435   2.3688e-05 
        36.5      95.1206     0.999973  0.000486422  2.36624e-05 
        36.5      95.5198     0.999973  0.000486409  2.36382e-05 
        36.5      95.9199     0.999974  0.000486396  2.36155e-05 
        36.5      96.3208     0.999974  0.000486384  2.35942e-05 
        36.5      96.7226     0.999974  0.000486362  2.35717e-05 
        36.5      97.1251     0.999975  0.000486337  2.35496e-05 
        36.5      97.5286     0.999975  0.000486312  2.35286e-05 
        36.5      97.9328     0.999976  0.000486288  2.35088e-05 
        36.5      98.3379     0.999976  0.000486265  2.34902e-05 
        36.5      98.7439     0.999976  0.000486242  2.34728e-05 
        36.5      99.1506     0.999977   0.00048622  2.34566e-05 
        36.5      99.5583     0.999977  0.000486198  2.34416e-05 
        36.5      99.9667     0.999977  0.000486176  2.34277e-05 
        36.5      100.376     0.999978  0.000486156  2.34151e-05 
        36.5      100.786     0.999978  0.000486135  2.34037e-05 
        36.5      101.197     0.999978  0.000486115  2.33935e-05 
        36.5      101.609     0.999978  0.000486096  2.33845e-05 
        36.5      102.021     0.999979  0.000486077  2.33768e-05 
        36.5      102.435     0.999979  0.000486058  2.33703e-05 
        36.5      102.849     0.999979   0.00048604   2.3365e-05 
        36.5      103.264     0.999979  0.000486023   2.3361e-05 
        36.5       103.68      0.99998  0.000486006  2.33582e-05 
        36.5      104.097      0.99998  0.000485989  2.33567e-05 
        36.5      104.515      0.99998  0.000485973  2.33565e-05 
        36.5      104.933      0.99998  0.000485958  2.33575e-05 
        36.5      105.353      0.99998  0.000485943  2.33598e-05 
        36.5      105.773     0.999981  0.000485928  2.33634e-05 
        36.5      106.194     0.999981  0.000485914  2.33682e-05 
        36.5      106.616     0.999981    0.0004859  2.33744e-05 
        36.5      107.038     0.999981  0.000485887  2.33818e-05 
        36.5      107.462     0.999981  0.000485874  2.33905e-05 
        36.5      107.886     0.999981  0.000485861  2.34005e-05 
        36.5      108.311     0.999981  0.000485849  2.34119e-05 
        36.5      108.737     0.999982  0.000485837  2.34245e-05 
        36.5      109.164     0.999982  0.000485826  2.34385e-05 
        36.5      109.592     0.999982  0.000485815  2.34537e-05 
        36.5       110.02     0.999982  0.000485805  2.34703e-05 
        36.5       110.45     0.999982  0.000485795  2.34882e-05 
        36.5       110.88     0.999982  0.000485785  2.35074e-05 
        36.5      111.311     0.999982  0.000485776   2.3528e-05 
        36.5      111.743     0.999982  0.000485767  2.35499e-05 
        36.5      112.175     0.999982  0.000485758  2.35731e-05 
        36.5      112.609     0.999983   0.00048575  2.35976e-05 
        36.5      113.043     0.999983  0.000485742  2.36235e-05 
        36.5      113.478     0.999983  0.000485734  2.36508e-05 
        36.5      113.914     0.999983  0.000485727  2.36793e-05 
        36.5      114.351     0.999983   0.00048572  2.37093e-05 
        36.5      114.789     0.999983  0.000485713  2.37405e-05 
        36.5      115.228     0.999983  0.000485707  2.37732e-05 
        36.5      115.667     0.999983  0.000485701  2.38071e-05 
        36.5      116.107     0.999983  0.000485695  2.38425e-05 
        36.5      116.548     0.999983  0.000485689  2.38791e-05 
        36.5       116.99     0.999983  0.000485684  2.39172e-05 
        36.5      117.433     0.999983  0.000485679  2.39566e-05 
        36.5      117.876     0.999983  0.000485674  2.39973e-05 
        36.5      118.321     0.999983  0.000485669  2.40394e-05 
        36.5      118.766     0.999983  0.000485664  2.40829e-05 
        36.5      119.212     0.999983   0.00048566  2.41277e-05 
        36.5      119.659     0.999983  0.000485655  2.41739e-05 
        36.5      120.107     0.999983  0.000485651  2.42214e-05 
        36.5      120.555     0.999983  0.000485647  2.42703e-05 
        36.5      121.005     0.999984  0.000485643  2.43205e-05 
        36.5      121.455     0.999984  0.000485638  2.43721e-05 
        36.5      121.906     0.999984  0.000485634  2.44251e-05 
        36.5      122.358     0.999984   0.00048563  2.44794e-05 
        36.5      122.811     0.999984  0.000485626  2.45351e-05 
        36.5      123.264     0.999984  0.000485622  2.45921e-05 
        36.5      123.719     0.999984  0.000485618  2.46505e-05 
        36.5      124.174     0.999984  0.000485614  2.47102e-05 
        36.5       124.63     0.999984  0.000485609  2.47712e-05 
        36.5      125.087     0.999984  0.000485605  2.48336e-05 
        36.5      125.545     0.999984    0.0004856  2.48974e-05 
        36.5      126.003     0.999984  0.000485595  2.49625e-05 
        36.5      126.463     0.999984   0.00048559  2.50289e-05 
        36.5      126.923     0.999984  0.000485585  2.50966e-05 
        36.5      127.384     0.999984   0.00048558  2.51657e-05 
        36.5      127.846     0.999984  0.000485574  2.52361e-05 
        36.5      128.309     0.999984  0.000485567  2.53078e-05 
        36.5      128.773     0.999984  0.000485561  2.53809e-05 
        36.5      129.237     0.999984  0.000485554  2.54552e-05 
        36.5      129.702     0.999984  0.000485546  2.55309e-05 
        36.5      130.169     0.999985  0.000485538  2.56078e-05 
        36.5      130.636     0.999985   0.00048553  2.56861e-05 
        36.5      131.103     0.999985  0.000485521  2.57656e-05 
        36.5      131.572     0.999985  0.000485511  2.58465e-05 
        36.5      132.041     0.999985  0.000485501  2.59286e-05 
        36.5      132.512     0.999985   0.00048549   2.6012e-05 
        36.5      132.983     0.999985  0.000485479  2.60966e-05 
        36.5      133.455     0.999985  0.000485466  2.61825e-05 
        36.5      133.928     0.999985  0.000485453  2.62697e-05 
        36.5      134.401     0.999986  0.000485439  2.63581e-05 
        36.5      134.876     0.999986  0.000485424  2.64478e-05 
        36.5      135.351     0.999986  0.000485408  2.65387e-05 
        36.5      135.827     0.999986  0.000485391  2.66308e-05 
        36.5      136.304     0.999986  0.000485374  2.67241e-05 
        36.5      136.782     0.999987  0.000485355  2.68186e-05 
        36.5      137.261     0.999987  0.000485334  2.69144e-05 
        36.5       137.74     0.999987  0.000485313  2.70113e-05 
        36.5      138.221     0.999987   0.00048529  2.71094e-05 
        36.5      138.702     0.999988  0.000485266  2.72086e-05 
        36.5      139.184     0.999988  0.000485241   2.7309e-05 
        36.5      139.667     0.999988  0.000485214  2.74106e-05 
        36.5      140.151     0.999988  0.000485186  2.75133e-05 
        36.5      140.635     0.999989  0.000485156  2.76171e-05 
        36.5       141.12     0.999989  0.000485125  2.77221e-05 
        36.5      141.607      0.99999  0.000485091  2.78281e-05 
        36.5      142.094      0.99999  0.000485071  2.79308e-05 
        36.5      142.582      0.99999  0.000485063  2.80316e-05 
        36.5       143.07     0.999991  0.000485052  2.81347e-05 
        36.5       143.56     0.999991  0.000485041  2.82404e-05 
        36.5       144.05     0.999992  0.000485028  2.83486e-05 
        36.5      144.541     0.999992  0.000485014  2.84597e-05 
        36.5      145.033     0.999993  0.000484999  2.85737e-05 
        36.5      145.526     0.999993  0.000484983  2.86909e-05 
        36.5       146.02     0.999994  0.000484967  2.88114e-05 
        36.5      146.515     0.999995  0.000484951  2.89354e-05 
        36.5       147.01     0.999995  0.000484935  2.90631e-05 
        36.5      147.506     0.999996   0.00048492  2.91947e-05 
        36.5      148.003     0.999997  0.000484905  2.93304e-05 
        36.5      148.501     0.999998  0.000484891  2.94703e-05 
        36.5          149     0.999998  0.000484879  2.96148e-05 
        36.5        149.5     0.999999  0.000484869  2.97639e-05 
        36.5          150            1  0.000484862  2.99179e-05 
