Variables = x, y, u, v, p

Zone, I=600, F=POINT
        15.5           -3            0            0  0.000888547 
        15.5     -2.99957  1.38601e-05 -7.14838e-09  0.000888509 
        15.5     -2.99829  5.49444e-05  -1.3612e-07  0.000888393 
        15.5     -2.99616  0.000121519  -7.1169e-07  0.000888194 
        15.5     -2.99318  0.000210871 -2.28403e-06  0.000887907 
        15.5     -2.98934  0.000319241 -5.64031e-06  0.000887524 
        15.5     -2.98465  0.000441907 -1.18179e-05  0.000887036 
        15.5     -2.97911  0.000573391 -2.21261e-05  0.000886436 
        15.5     -2.97271  0.000707403 -3.81532e-05  0.000885716 
        15.5     -2.96546  0.000837161 -6.17953e-05  0.000884871 
        15.5     -2.95736  0.000955456 -9.52718e-05  0.000883895 
        15.5      -2.9484   0.00105487 -0.000141155  0.000882786 
        15.5     -2.93859   0.00112797 -0.000202418  0.000881537 
        15.5     -2.92794   0.00116719 -0.000282274  0.000880094 
        15.5     -2.91642   0.00116533 -0.000384353  0.000878465 
        15.5     -2.90406   0.00111538 -0.000512657   0.00087664 
        15.5     -2.89084   0.00101046 -0.000671471  0.000874576 
        15.5     -2.87676  0.000844392  -0.00086552   0.00087225 
        15.5     -2.86184  0.000611861  -0.00109994   0.00086967 
        15.5     -2.84606  0.000307754  -0.00138022  0.000866768 
        15.5     -2.82943 -7.16738e-05  -0.00171227  0.000863561 
        15.5     -2.81195 -0.000530319  -0.00210255   0.00086001 
        15.5     -2.79361  -0.00107103  -0.00255808  0.000856087 
        15.5     -2.77442  -0.00169548  -0.00308646  0.000851785 
        15.5     -2.75438  -0.00240466  -0.00369601  0.000847089 
        15.5     -2.73349  -0.00319914  -0.00439581  0.000841985 
        15.5     -2.71174  -0.00407912  -0.00519572  0.000836454 
        15.5     -2.68914  -0.00504366  -0.00610651   0.00083046 
        15.5     -2.66569  -0.00609195  -0.00713983  0.000824003 
        15.5     -2.64138  -0.00722322  -0.00830838  0.000817002 
        15.5     -2.61622  -0.00843744  -0.00962559  0.000809397 
        15.5     -2.59021  -0.00973387   -0.0111059  0.000801015 
        15.5     -2.56335   -0.0111133   -0.0127639  0.000791844 
        15.5     -2.53563   -0.0125777   -0.0146158  0.000781505 
        15.5     -2.50706   -0.0141278   -0.0166761  0.000769807 
        15.5     -2.47763    -0.015764     -0.01896  0.000756249 
        15.5     -2.44736   -0.0174872   -0.0214794  0.000740694 
        15.5     -2.41623   -0.0192947   -0.0242456  0.000722207 
        15.5     -2.38425   -0.0211785   -0.0272631  0.000700364 
        15.5     -2.35141   -0.0231275   -0.0305328  0.000674363 
        15.5     -2.31773   -0.0251243    -0.034046  0.000643461 
        15.5     -2.28319   -0.0271416   -0.0377865  0.000606477 
        15.5     -2.24779   -0.0291465   -0.0417258  0.000562742 
        15.5     -2.21155   -0.0311014   -0.0458272  0.000511495 
        15.5     -2.17445   -0.0329561   -0.0500401  0.000451253 
        15.5      -2.1365   -0.0346587   -0.0543024  0.000381746 
        15.5     -2.09769   -0.0361624   -0.0585476  0.000302546 
        15.5     -2.05804   -0.0374148   -0.0626993  0.000213734 
        15.5     -2.01753   -0.0383637   -0.0666813  0.000114354 
        15.5     -1.97616   -0.0389766   -0.0704166  6.46846e-06 
        15.5     -1.93395   -0.0392317   -0.0738425 -0.000109451 
        15.5     -1.89088   -0.0391079   -0.0768948 -0.000231956 
        15.5     -1.84696   -0.0386068   -0.0795363  -0.00035912 
        15.5     -1.80219    -0.037751    -0.081738 -0.000488074 
        15.5     -1.75656    -0.036563   -0.0834932 -0.000617507 
        15.5     -1.71008   -0.0350712   -0.0848011 -0.000745075 
        15.5     -1.66275   -0.0333308   -0.0856902 -0.000866593 
        15.5     -1.61456   -0.0313864   -0.0861876 -0.000980884 
        15.5     -1.56552   -0.0292756   -0.0863305  -0.00108674 
        15.5     -1.51563   -0.0270394   -0.0861571  -0.00118153 
        15.5     -1.46489   -0.0247295   -0.0857132  -0.00126227 
        15.5     -1.41329    -0.022368   -0.0850348  -0.00132866 
        15.5     -1.36084   -0.0199749   -0.0841519  -0.00137938 
        15.5     -1.30754   -0.0175731   -0.0830929   -0.0014125 
        15.5     -1.25338   -0.0151761   -0.0818781  -0.00142684 
        15.5     -1.19837   -0.0127799   -0.0805182  -0.00142138 
        15.5     -1.14251   -0.0103841   -0.0790187  -0.00139484 
        15.5      -1.0858  -0.00798299   -0.0773816  -0.00134605 
        15.5     -1.02823  -0.00555798   -0.0756004  -0.00127402 
        15.5    -0.969813  -0.00308958   -0.0736662   -0.0011774 
        15.5    -0.910541 -0.000550608   -0.0715676  -0.00105525 
        15.5    -0.850416   0.00209655     -0.06929 -0.000906511 
        15.5    -0.789438   0.00489766   -0.0668181  -0.00073013 
        15.5    -0.727607   0.00791278   -0.0641361 -0.000525332 
        15.5    -0.664923    0.0112186   -0.0612293 -0.000291383 
        15.5    -0.601386    0.0149125   -0.0580848 -2.79225e-05 
        15.5    -0.536997    0.0191214   -0.0546943  0.000264934 
        15.5    -0.471755    0.0240055   -0.0510556  0.000586252 
        15.5    -0.405659    0.0297699   -0.0471778  0.000933755 
        15.5    -0.338711    0.0366682   -0.0430865   0.00130313 
        15.5    -0.270911    0.0450093   -0.0388313    0.0016871 
        15.5    -0.202257    0.0551526   -0.0344927    0.0020747 
        15.5     -0.13275    0.0674912   -0.0301864   0.00245099 
        15.5    -0.062391    0.0824198   -0.0260556   0.00279835 
        15.5     0.008821     0.100289   -0.0222493   0.00309947 
        15.5     0.080886     0.121356   -0.0188889   0.00334105 
        15.5     0.153804     0.145746   -0.0160379   0.00351822 
        15.5     0.227575     0.173433   -0.0136952   0.00363205 
        15.5     0.302198     0.204256   -0.0118116   0.00369117 
        15.5     0.377675     0.237927   -0.0103113   0.00370539 
        15.5     0.454004      0.27409   -0.0091192   0.00368496 
        15.5     0.531186     0.312328  -0.00816284   0.00363901 
        15.5     0.609221     0.352203   -0.0073915   0.00357523 
        15.5     0.688108     0.393177  -0.00674761   0.00349749 
        15.5     0.767849     0.434699  -0.00620234   0.00341177 
        15.5     0.848442     0.476268  -0.00573293   0.00332028 
        15.5     0.929889     0.517453  -0.00531952     0.003227 
        15.5      1.01219     0.557951  -0.00495465   0.00313138 
        15.5      1.09534      0.59742  -0.00462076   0.00303631 
        15.5      1.17935     0.635587  -0.00432032   0.00294133 
        15.5       1.2642     0.672273  -0.00404165   0.00284885 
        15.5      1.34991     0.707286  -0.00378152   0.00275775 
        15.5      1.43648     0.740457  -0.00353954   0.00267025 
        15.5      1.52389     0.771622  -0.00331003   0.00258711 
        15.5      1.61216     0.800601  -0.00309286   0.00250543 
        15.5      1.70128     0.827361  -0.00288474   0.00242649 
        15.5      1.79126     0.851889  -0.00268562   0.00235091 
        15.5      1.88209     0.874169  -0.00249705   0.00227951 
        15.5      1.97376       0.8942  -0.00231771   0.00221329 
        15.5       2.0663     0.912023  -0.00215006   0.00214446 
        15.5      2.15969     0.927754  -0.00198663   0.00208611 
        15.5      2.25392     0.941423  -0.00183586   0.00202202 
        15.5      2.34902     0.953156  -0.00169407   0.00196127 
        15.5      2.44496     0.963099  -0.00155428   0.00190714 
        15.5      2.54176     0.971375  -0.00141779   0.00185687 
        15.5      2.63941       0.9781  -0.00128904   0.00180878 
        15.5      2.73791     0.983409  -0.00117417   0.00176237 
        15.5      2.83727     0.987479  -0.00107932   0.00171843 
        15.5      2.93748     0.990493 -0.000965918   0.00167854 
        15.5      3.03854     0.992598 -0.000860671   0.00163616 
        15.5      3.14045     0.994097 -0.000793556    0.0015831 
        15.5      3.24322     0.995199  -0.00070915   0.00155803 
        15.5      3.34684     0.996013 -0.000615175   0.00153483 
        15.5      3.45131       0.9966 -0.000533752   0.00150208 
        15.5      3.55664     0.997012 -0.000467002   0.00146459 
        15.5      3.66282     0.997302 -0.000411601   0.00143073 
        15.5      3.76985     0.997513  -0.00035645   0.00140762 
        15.5      3.87773     0.997661 -0.000292625   0.00137351 
        15.5      3.98647     0.997823 -0.000238309   0.00134331 
        15.5      4.09606     0.998015 -0.000188304   0.00131595 
        15.5       4.2065     0.998232 -0.000138603   0.00128993 
        15.5       4.3178     0.998445 -8.78242e-05   0.00126331 
        15.5      4.42995     0.998598 -3.91625e-05   0.00123568 
        15.5      4.54295     0.998663  4.15542e-06   0.00121376 
        15.5       4.6568     0.998676  4.55916e-05   0.00119088 
        15.5      4.77151     0.998652  8.46884e-05   0.00116907 
        15.5      4.88707     0.998612  0.000120616   0.00115042 
        15.5      5.00348     0.998574  0.000157319   0.00113163 
        15.5      5.12075     0.998544  0.000195021    0.0011094 
        15.5      5.23886     0.998529  0.000229249   0.00108869 
        15.5      5.35784      0.99853  0.000260926   0.00106918 
        15.5      5.47766     0.998544  0.000290788   0.00105058 
        15.5      5.59834      0.99857   0.00031939   0.00103266 
        15.5      5.71987     0.998607   0.00034713   0.00101524 
        15.5      5.84225     0.998652   0.00037426  0.000998193 
        15.5      5.96549     0.998702  0.000400918  0.000981458 
        15.5      6.08957     0.998754  0.000427145  0.000965043 
        15.5      6.21451     0.998804  0.000452917  0.000949028 
        15.5      6.34031     0.998845  0.000478198  0.000932702 
        15.5      6.46695     0.998866   0.00050181  0.000915877 
        15.5      6.59445     0.998883  0.000521532  0.000901006 
        15.5      6.72281     0.998897  0.000542781  0.000886309 
        15.5      6.85201     0.998909  0.000564098  0.000871868 
        15.5      6.98207      0.99892   0.00058477   0.00085759 
        15.5      7.11298     0.998928  0.000604467  0.000843512 
        15.5      7.24475     0.998935  0.000623189   0.00082966 
        15.5      7.37736     0.998941  0.000641147  0.000816054 
        15.5      7.51083     0.998947  0.000658639  0.000802703 
        15.5      7.64515     0.998954  0.000675906  0.000789605 
        15.5      7.78033     0.998963  0.000692974  0.000776747 
        15.5      7.91636     0.998973  0.000709488  0.000764102 
        15.5      8.05324     0.998985  0.000724943  0.000751773 
        15.5      8.19097     0.998997  0.000739889  0.000739789 
        15.5      8.32956      0.99901  0.000754432  0.000728025 
        15.5        8.469     0.999022  0.000768674  0.000716485 
        15.5      8.60929     0.999034  0.000782649  0.000705176 
        15.5      8.75043     0.999046  0.000796339  0.000694102 
        15.5      8.89243     0.999057  0.000809672  0.000683268 
        15.5      9.03528     0.999069  0.000822537  0.000672678 
        15.5      9.17899     0.999081  0.000834972  0.000661882 
        15.5      9.32354     0.999093  0.000847062  0.000651346 
        15.5      9.46895     0.999105  0.000858838  0.000641069 
        15.5      9.61522     0.999116  0.000870338  0.000631027 
        15.5      9.76233     0.999129   0.00088161   0.00062119 
        15.5       9.9103     0.999141  0.000892713  0.000611522 
        15.5      10.0591     0.999153  0.000903295  0.000602057 
        15.5      10.2088     0.999164    0.0009135  0.000592774 
        15.5      10.3593     0.999175  0.000923573  0.000583625 
        15.5      10.5107     0.999185  0.000933474  0.000574615 
        15.5      10.6629     0.999195  0.000943169  0.000565746 
        15.5       10.816     0.999206  0.000952638  0.000557021 
        15.5        10.97     0.999215  0.000961866  0.000548444 
        15.5      11.1247     0.999225   0.00097085  0.000540018 
        15.5      11.2804     0.999234  0.000979593  0.000531744 
        15.5      11.4369     0.999243  0.000988105  0.000523626 
        15.5      11.5942     0.999252  0.000996402  0.000515667 
        15.5      11.7524     0.999261   0.00100452   0.00050785 
        15.5      11.9115     0.999269    0.0010125  0.000500094 
        15.5      12.0714     0.999277   0.00102032  0.000492406 
        15.5      12.2322     0.999286   0.00102798  0.000484799 
        15.5      12.3938     0.999294   0.00103538  0.000477515 
        15.5      12.5562     0.999302   0.00104265  0.000470329 
        15.5      12.7196     0.999309   0.00104979  0.000463208 
        15.5      12.8837     0.999317   0.00105676  0.000456206 
        15.5      13.0488     0.999325   0.00106358  0.000449319 
        15.5      13.2146     0.999332   0.00107025  0.000442543 
        15.5      13.3814      0.99934   0.00107678  0.000435874 
        15.5      13.5489     0.999347   0.00108317   0.00042931 
        15.5      13.7174     0.999354   0.00108942  0.000422848 
        15.5      13.8867     0.999361   0.00109554  0.000416489 
        15.5      14.0568     0.999368   0.00110154  0.000410232 
        15.5      14.2278     0.999375   0.00110741  0.000404079 
        15.5      14.3997     0.999381   0.00111317   0.00039803 
        15.5      14.5724     0.999388    0.0011188  0.000392091 
        15.5      14.7459     0.999394   0.00112432  0.000386254 
        15.5      14.9203       0.9994   0.00112975  0.000380484 
        15.5      15.0956     0.999406   0.00113506  0.000374809 
        15.5      15.2717     0.999412   0.00114027  0.000369225 
        15.5      15.4486     0.999418   0.00114537  0.000363733 
        15.5      15.6265     0.999424   0.00115037  0.000358329 
        15.5      15.8051     0.999429   0.00115527  0.000353011 
        15.5      15.9847     0.999435   0.00116007  0.000347778 
        15.5       16.165     0.999441   0.00116479  0.000342627 
        15.5      16.3463     0.999446   0.00116941  0.000337557 
        15.5      16.5283     0.999452   0.00117395  0.000332566 
        15.5      16.7113     0.999457    0.0011784  0.000327653 
        15.5      16.8951     0.999463   0.00118277  0.000322814 
        15.5      17.0797     0.999468   0.00118706   0.00031805 
        15.5      17.2652     0.999473   0.00119128  0.000313359 
        15.5      17.4515     0.999479   0.00119542  0.000308738 
        15.5      17.6387     0.999484   0.00119948  0.000304195 
        15.5      17.8268     0.999489   0.00120346  0.000299733 
        15.5      18.0157     0.999494   0.00120737  0.000295339 
        15.5      18.2055     0.999499   0.00121121  0.000291016 
        15.5      18.3961     0.999504   0.00121498  0.000286756 
        15.5      18.5875     0.999509   0.00121869  0.000282561 
        15.5      18.7798     0.999514   0.00122233  0.000278432 
        15.5       18.973     0.999519   0.00122591  0.000274368 
        15.5       19.167     0.999524   0.00122942  0.000270366 
        15.5      19.3619     0.999528   0.00123287  0.000266425 
        15.5      19.5576     0.999533   0.00123626  0.000262546 
        15.5      19.7542     0.999537   0.00123959  0.000258727 
        15.5      19.9516     0.999542   0.00124287  0.000254968 
        15.5      20.1499     0.999547   0.00124609  0.000251267 
        15.5      20.3491     0.999551   0.00124926  0.000247624 
        15.5      20.5491     0.999555   0.00125238  0.000244038 
        15.5      20.7499      0.99956   0.00125544  0.000240509 
        15.5      20.9516     0.999564   0.00125845  0.000237035 
        15.5      21.1541     0.999568   0.00126141  0.000233617 
        15.5      21.3575     0.999573   0.00126432  0.000230253 
        15.5      21.5618     0.999577   0.00126718  0.000226944 
        15.5      21.7669     0.999581   0.00126999  0.000223689 
        15.5      21.9729     0.999585   0.00127276  0.000220487 
        15.5      22.1797     0.999589   0.00127548  0.000217329 
        15.5      22.3874     0.999593   0.00127816   0.00021422 
        15.5      22.5959     0.999597    0.0012808  0.000211161 
        15.5      22.8052       0.9996   0.00128339   0.00020815 
        15.5      23.0155     0.999604   0.00128594  0.000205187 
        15.5      23.2265     0.999608   0.00128845   0.00020227 
        15.5      23.4385     0.999611   0.00129093    0.0001994 
        15.5      23.6513     0.999615   0.00129336  0.000196575 
        15.5      23.8649     0.999619   0.00129575  0.000193795 
        15.5      24.0794     0.999622    0.0012981  0.000191059 
        15.5      24.2947     0.999626   0.00130042  0.000188366 
        15.5      24.5109     0.999629    0.0013027  0.000185716 
        15.5       24.728     0.999633   0.00130495  0.000183108 
        15.5      24.9459     0.999636   0.00130716  0.000180542 
        15.5      25.1646     0.999639   0.00130934  0.000178016 
        15.5      25.3842     0.999643   0.00131148   0.00017553 
        15.5      25.6047     0.999646   0.00131359  0.000173084 
        15.5       25.826     0.999649   0.00131567  0.000170678 
        15.5      26.0482     0.999652   0.00131772  0.000168313 
        15.5      26.2712     0.999655   0.00131974  0.000165987 
        15.5      26.4951     0.999659   0.00132172    0.0001637 
        15.5      26.7198     0.999662   0.00132368  0.000161442 
        15.5      26.9454     0.999665   0.00132561  0.000159223 
        15.5      27.1718     0.999668   0.00132751   0.00015704 
        15.5      27.3991     0.999671   0.00132938  0.000154896 
        15.5      27.6272     0.999674   0.00133122  0.000152787 
        15.5      27.8562     0.999677   0.00133304  0.000150713 
        15.5       28.086      0.99968   0.00133482  0.000148673 
        15.5      28.3167     0.999682   0.00133659  0.000146667 
        15.5      28.5483     0.999685   0.00133832  0.000144694 
        15.5      28.7807     0.999688   0.00134003  0.000142753 
        15.5      29.0139     0.999691   0.00134172  0.000140843 
        15.5       29.248     0.999694   0.00134338  0.000138966 
        15.5       29.483     0.999696   0.00134502  0.000137119 
        15.5      29.7188     0.999699   0.00134663  0.000135303 
        15.5      29.9555     0.999702   0.00134822  0.000133518 
        15.5       30.193     0.999704   0.00134979  0.000131762 
        15.5      30.4313     0.999707   0.00135134  0.000130036 
        15.5      30.6706      0.99971   0.00135286  0.000128339 
        15.5      30.9106     0.999712   0.00135437  0.000126672 
        15.5      31.1516     0.999715   0.00135585  0.000125034 
        15.5      31.3933     0.999717   0.00135731  0.000123425 
        15.5       31.636      0.99972   0.00135875  0.000121845 
        15.5      31.8795     0.999722   0.00136017  0.000120293 
        15.5      32.1238     0.999724   0.00136157  0.000118765 
        15.5       32.369     0.999727   0.00136295  0.000117265 
        15.5       32.615     0.999729   0.00136431  0.000115792 
        15.5      32.8619     0.999732   0.00136565  0.000114344 
        15.5      33.1097     0.999734   0.00136698  0.000112923 
        15.5      33.3583     0.999736   0.00136828  0.000111527 
        15.5      33.6077     0.999739   0.00136957  0.000110156 
        15.5      33.8581     0.999741   0.00137084  0.000108809 
        15.5      34.1092     0.999743   0.00137209  0.000107488 
        15.5      34.3612     0.999745   0.00137333   0.00010619 
        15.5      34.6141     0.999747   0.00137455  0.000104916 
        15.5      34.8678      0.99975   0.00137575  0.000103665 
        15.5      35.1224     0.999752   0.00137694  0.000102438 
        15.5      35.3778     0.999754   0.00137811  0.000101233 
        15.5      35.6341     0.999756   0.00137927   0.00010005 
        15.5      35.8912     0.999758   0.00138041  9.88905e-05 
        15.5      36.1492      0.99976   0.00138153  9.77524e-05 
        15.5      36.4081     0.999762   0.00138264  9.66361e-05 
        15.5      36.6677     0.999764   0.00138374  9.55418e-05 
        15.5      36.9283     0.999766   0.00138481  9.44688e-05 
        15.5      37.1897     0.999768   0.00138588  9.34169e-05 
        15.5      37.4519      0.99977   0.00138693  9.23858e-05 
        15.5       37.715     0.999772   0.00138797  9.13752e-05 
        15.5       37.979     0.999774   0.00138899   9.0385e-05 
        15.5      38.2438     0.999776   0.00139001  8.94148e-05 
        15.5      38.5095     0.999778     0.001391  8.84642e-05 
        15.5       38.776      0.99978   0.00139199  8.75332e-05 
        15.5      39.0433     0.999782   0.00139296  8.66214e-05 
        15.5      39.3115     0.999784   0.00139392  8.57286e-05 
        15.5      39.5806     0.999786   0.00139486  8.48547e-05 
        15.5      39.8505     0.999788    0.0013958  8.39993e-05 
        15.5      40.1213     0.999789   0.00139672  8.31624e-05 
        15.5      40.3929     0.999791   0.00139763  8.23435e-05 
        15.5      40.6654     0.999793   0.00139853  8.15427e-05 
        15.5      40.9388     0.999795   0.00139942  8.07596e-05 
        15.5       41.213     0.999797   0.00140029   7.9994e-05 
        15.5       41.488     0.999798   0.00140116  7.92457e-05 
        15.5      41.7639       0.9998   0.00140201  7.85146e-05 
        15.5      42.0406     0.999802   0.00140286  7.78004e-05 
        15.5      42.3182     0.999804   0.00140369  7.71029e-05 
        15.5      42.5967     0.999805   0.00140451   7.6422e-05 
        15.5       42.876     0.999807   0.00140532  7.57575e-05 
        15.5      43.1562     0.999809   0.00140612  7.51089e-05 
        15.5      43.4372      0.99981   0.00140691  7.44761e-05 
        15.5       43.719     0.999812   0.00140769  7.38591e-05 
        15.5      44.0017     0.999814   0.00140846  7.32575e-05 
        15.5      44.2853     0.999815   0.00140923  7.26712e-05 
        15.5      44.5697     0.999817   0.00140998     7.21e-05 
        15.5       44.855     0.999818   0.00141072  7.15443e-05 
        15.5      45.1411      0.99982   0.00141145   7.1004e-05 
        15.5      45.4281     0.999822   0.00141218  7.04785e-05 
        15.5       45.716     0.999823   0.00141289  6.99675e-05 
        15.5      46.0046     0.999825    0.0014136  6.94709e-05 
        15.5      46.2942     0.999826    0.0014143  6.89886e-05 
        15.5      46.5846     0.999828   0.00141498  6.85204e-05 
        15.5      46.8758     0.999829   0.00141566  6.80662e-05 
        15.5      47.1679     0.999831   0.00141633  6.76258e-05 
        15.5      47.4609     0.999832     0.001417  6.71992e-05 
        15.5      47.7547     0.999834   0.00141765  6.67861e-05 
        15.5      48.0493     0.999835    0.0014183  6.63864e-05 
        15.5      48.3448     0.999837   0.00141894      6.6e-05 
        15.5      48.6412     0.999838   0.00141957  6.56267e-05 
        15.5      48.9384     0.999839   0.00142019  6.52663e-05 
        15.5      49.2365     0.999841   0.00142081  6.49188e-05 
        15.5      49.5354     0.999842   0.00142142  6.45839e-05 
        15.5      49.8352     0.999844   0.00142202  6.42616e-05 
        15.5      50.1358     0.999845   0.00142261  6.39516e-05 
        15.5      50.4373     0.999846    0.0014232  6.36538e-05 
        15.5      50.7396     0.999848   0.00142377   6.3368e-05 
        15.5      51.0428     0.999849   0.00142435  6.30941e-05 
        15.5      51.3468     0.999851   0.00142491  6.28319e-05 
        15.5      51.6517     0.999852   0.00142547  6.25813e-05 
        15.5      51.9575     0.999853   0.00142602  6.23422e-05 
        15.5      52.2641     0.999855   0.00142656  6.21142e-05 
        15.5      52.5715     0.999856    0.0014271  6.18988e-05 
        15.5      52.8798     0.999857   0.00142763  6.16955e-05 
        15.5       53.189     0.999858   0.00142815  6.15033e-05 
        15.5       53.499      0.99986   0.00142867   6.1322e-05 
        15.5      53.8098     0.999861   0.00142918  6.11515e-05 
        15.5      54.1215     0.999862   0.00142969  6.09918e-05 
        15.5      54.4341     0.999864   0.00143019  6.08426e-05 
        15.5      54.7475     0.999865   0.00143068   6.0704e-05 
        15.5      55.0618     0.999866   0.00143117  6.05757e-05 
        15.5      55.3769     0.999867   0.00143165  6.04578e-05 
        15.5      55.6929     0.999868   0.00143212  6.03501e-05 
        15.5      56.0097      0.99987   0.00143259  6.02533e-05 
        15.5      56.3274     0.999871   0.00143305   6.0167e-05 
        15.5       56.646     0.999872   0.00143351  6.00907e-05 
        15.5      56.9653     0.999873   0.00143396  6.00243e-05 
        15.5      57.2856     0.999875   0.00143441  5.99677e-05 
        15.5      57.6067     0.999876   0.00143485  5.99209e-05 
        15.5      57.9286     0.999877   0.00143528  5.98836e-05 
        15.5      58.2514     0.999878   0.00143571  5.98558e-05 
        15.5      58.5751     0.999879   0.00143613  5.98375e-05 
        15.5      58.8996      0.99988   0.00143655  5.98285e-05 
        15.5      59.2249     0.999882   0.00143697  5.98287e-05 
        15.5      59.5512     0.999883   0.00143738   5.9838e-05 
        15.5      59.8782     0.999884   0.00143778  5.98565e-05 
        15.5      60.2061     0.999885   0.00143818  5.98839e-05 
        15.5      60.5349     0.999886   0.00143857  5.99203e-05 
        15.5      60.8645     0.999887   0.00143896  5.99655e-05 
        15.5       61.195     0.999888   0.00143934  6.00196e-05 
        15.5      61.5263     0.999889   0.00143972  6.00824e-05 
        15.5      61.8585      0.99989   0.00144009  6.01539e-05 
        15.5      62.1915     0.999892   0.00144046   6.0234e-05 
        15.5      62.5254     0.999893   0.00144082  6.03228e-05 
        15.5      62.8602     0.999894   0.00144118  6.04201e-05 
        15.5      63.1958     0.999895   0.00144154   6.0526e-05 
        15.5      63.5322     0.999896   0.00144189  6.06404e-05 
        15.5      63.8695     0.999897   0.00144223  6.07633e-05 
        15.5      64.2077     0.999898   0.00144257  6.08948e-05 
        15.5      64.5467     0.999899   0.00144291  6.10346e-05 
        15.5      64.8865       0.9999   0.00144324   6.1182e-05 
        15.5      65.2272     0.999901   0.00144357  6.13369e-05 
        15.5      65.5688     0.999902   0.00144389  6.14994e-05 
        15.5      65.9112     0.999903   0.00144421  6.16693e-05 
        15.5      66.2545     0.999904   0.00144452  6.18466e-05 
        15.5      66.5986     0.999905   0.00144483  6.20312e-05 
        15.5      66.9436     0.999906   0.00144513  6.22231e-05 
        15.5      67.2894     0.999907   0.00144543  6.24223e-05 
        15.5      67.6361     0.999908   0.00144574  6.26337e-05 
        15.5      67.9836     0.999909   0.00144604  6.28514e-05 
        15.5       68.332      0.99991   0.00144634  6.30742e-05 
        15.5      68.6812     0.999911   0.00144663  6.33025e-05 
        15.5      69.0313     0.999912   0.00144692  6.35363e-05 
        15.5      69.3823     0.999913    0.0014472  6.37759e-05 
        15.5      69.7341     0.999914   0.00144747  6.40251e-05 
        15.5      70.0867     0.999915   0.00144773  6.42847e-05 
        15.5      70.4402     0.999916   0.00144799  6.45515e-05 
        15.5      70.7946     0.999917   0.00144824  6.48252e-05 
        15.5      71.1498     0.999918    0.0014485  6.51059e-05 
        15.5      71.5058     0.999919   0.00144875  6.53933e-05 
        15.5      71.8628     0.999919     0.001449  6.56874e-05 
        15.5      72.2205      0.99992   0.00144924  6.59881e-05 
        15.5      72.5791     0.999921   0.00144949  6.62954e-05 
        15.5      72.9386     0.999922   0.00144973  6.66091e-05 
        15.5      73.2989     0.999923   0.00144997  6.69291e-05 
        15.5      73.6601     0.999924    0.0014502  6.72555e-05 
        15.5      74.0222     0.999925   0.00145044  6.75882e-05 
        15.5       74.385     0.999926   0.00145067  6.79271e-05 
        15.5      74.7488     0.999927   0.00145089  6.82722e-05 
        15.5      75.1134     0.999928   0.00145111  6.86235e-05 
        15.5      75.4788     0.999928   0.00145133   6.8981e-05 
        15.5      75.8451     0.999929   0.00145154  6.93447e-05 
        15.5      76.2122      0.99993   0.00145175  6.97146e-05 
        15.5      76.5802     0.999931   0.00145195  7.00908e-05 
        15.5      76.9491     0.999932   0.00145215  7.04732e-05 
        15.5      77.3188     0.999933   0.00145235   7.0862e-05 
        15.5      77.6894     0.999934   0.00145254  7.12571e-05 
        15.5      78.0608     0.999934   0.00145272  7.16587e-05 
        15.5       78.433     0.999935   0.00145291  7.20669e-05 
        15.5      78.8062     0.999936   0.00145309  7.24817e-05 
        15.5      79.1801     0.999937   0.00145327  7.29032e-05 
        15.5       79.555     0.999938   0.00145344  7.33317e-05 
        15.5      79.9306     0.999939   0.00145362  7.37671e-05 
        15.5      80.3072     0.999939   0.00145379  7.42098e-05 
        15.5      80.6845      0.99994   0.00145397  7.46597e-05 
        15.5      81.0628     0.999941   0.00145415  7.51172e-05 
        15.5      81.4419     0.999942   0.00145432  7.55615e-05 
        15.5      81.8218     0.999943   0.00145448  7.60093e-05 
        15.5      82.2026     0.999944   0.00145463  7.64645e-05 
        15.5      82.5842     0.999944   0.00145479  7.69268e-05 
        15.5      82.9667     0.999945   0.00145493   7.7396e-05 
        15.5      83.3501     0.999946   0.00145508   7.7872e-05 
        15.5      83.7343     0.999947   0.00145522  7.83547e-05 
        15.5      84.1194     0.999947   0.00145536  7.88438e-05 
        15.5      84.5053     0.999948   0.00145549  7.93393e-05 
        15.5       84.892     0.999949   0.00145563  7.98411e-05 
        15.5      85.2796      0.99995   0.00145576  8.03488e-05 
        15.5      85.6681     0.999951   0.00145589  8.08625e-05 
        15.5      86.0574     0.999951   0.00145601  8.13819e-05 
        15.5      86.4476     0.999952   0.00145614  8.19069e-05 
        15.5      86.8386     0.999953   0.00145626  8.24375e-05 
        15.5      87.2305     0.999954   0.00145638  8.29733e-05 
        15.5      87.6233     0.999954    0.0014565  8.35143e-05 
        15.5      88.0168     0.999955   0.00145662  8.40604e-05 
        15.5      88.4113     0.999956   0.00145673  8.46114e-05 
        15.5      88.8066     0.999957   0.00145684  8.51672e-05 
        15.5      89.2027     0.999957   0.00145694  8.57277e-05 
        15.5      89.5997     0.999958   0.00145705  8.62927e-05 
        15.5      89.9976     0.999959   0.00145715   8.6862e-05 
        15.5      90.3963     0.999959   0.00145724  8.74357e-05 
        15.5      90.7958      0.99996   0.00145734  8.80135e-05 
        15.5      91.1962     0.999961   0.00145742  8.85953e-05 
        15.5      91.5975     0.999962   0.00145751  8.91811e-05 
        15.5      91.9996     0.999962   0.00145759  8.97706e-05 
        15.5      92.4026     0.999963   0.00145766  9.03639e-05 
        15.5      92.8064     0.999964   0.00145773  9.09607e-05 
        15.5      93.2111     0.999965    0.0014578  9.15609e-05 
        15.5      93.6166     0.999965   0.00145786  9.21646e-05 
        15.5       94.023     0.999966   0.00145792  9.27715e-05 
        15.5      94.4302     0.999967   0.00145797  9.33909e-05 
        15.5      94.8383     0.999967   0.00145802  9.40191e-05 
        15.5      95.2472     0.999968   0.00145807  9.46526e-05 
        15.5       95.657     0.999969   0.00145813  9.52912e-05 
        15.5      96.0677      0.99997   0.00145819  9.59345e-05 
        15.5      96.4791      0.99997   0.00145825  9.65823e-05 
        15.5      96.8915     0.999971   0.00145831  9.72342e-05 
        15.5      97.3047     0.999972   0.00145837  9.78899e-05 
        15.5      97.7187     0.999972   0.00145843  9.85489e-05 
        15.5      98.1337     0.999973   0.00145849   9.9211e-05 
        15.5      98.5494     0.999974   0.00145856  9.98756e-05 
        15.5       98.966     0.999975   0.00145862  0.000100542 
        15.5      99.3835     0.999975   0.00145868  0.000101211 
        15.5      99.8018     0.999976   0.00145873  0.000101881 
        15.5      100.221     0.999977   0.00145878  0.000102552 
        15.5      100.641     0.999978    0.0014588   0.00010325 
        15.5      101.062     0.999978    0.0014588  0.000103965 
        15.5      101.484     0.999979    0.0014588  0.000104675 
        15.5      101.906     0.999979   0.00145881  0.000105383 
        15.5       102.33      0.99998   0.00145881  0.000106089 
        15.5      102.754      0.99998   0.00145882  0.000106794 
        15.5      103.179     0.999981   0.00145882    0.0001075 
        15.5      103.605     0.999982   0.00145881  0.000108205 
        15.5      104.032     0.999982   0.00145881  0.000108913 
        15.5       104.46     0.999983    0.0014588  0.000109623 
        15.5      104.888     0.999984   0.00145879  0.000110336 
        15.5      105.318     0.999984   0.00145877  0.000111054 
        15.5      105.748     0.999985   0.00145875  0.000111775 
        15.5      106.179     0.999986   0.00145872  0.000112502 
        15.5      106.611     0.999986    0.0014587  0.000113235 
        15.5      107.044     0.999987   0.00145867  0.000113974 
        15.5      107.477     0.999988   0.00145863   0.00011472 
        15.5      107.912     0.999989    0.0014586  0.000115473 
        15.5      108.347     0.999989   0.00145857  0.000116234 
        15.5      108.784      0.99999   0.00145853  0.000117002 
        15.5      109.221     0.999991    0.0014585  0.000117779 
        15.5      109.659     0.999991   0.00145847  0.000118565 
        15.5      110.097     0.999992   0.00145845  0.000119358 
        15.5      110.537     0.999993   0.00145842  0.000120161 
        15.5      110.977     0.999993    0.0014584  0.000120973 
        15.5      111.419     0.999994   0.00145839  0.000121793 
        15.5      111.861     0.999995   0.00145838  0.000122622 
        15.5      112.304     0.999995   0.00145837   0.00012346 
        15.5      112.748     0.999996   0.00145836   0.00012426 
        15.5      113.193     0.999996   0.00145834  0.000125056 
        15.5      113.638     0.999997   0.00145833  0.000125855 
        15.5      114.085     0.999997   0.00145831  0.000126659 
        15.5      114.532     0.999998   0.00145829  0.000127465 
        15.5       114.98     0.999999   0.00145826  0.000128274 
        15.5      115.429     0.999999   0.00145824  0.000129084 
        15.5      115.879            1   0.00145821  0.000129895 
        15.5       116.33            1   0.00145817  0.000130706 
        15.5      116.781            1   0.00145813  0.000131516 
        15.5      117.234            1   0.00145808  0.000132324 
        15.5      117.687            1   0.00145802  0.000133128 
        15.5      118.141            1   0.00145795  0.000133927 
        15.5      118.596            1   0.00145786  0.000134721 
        15.5      119.052            1   0.00145775  0.000135506 
        15.5      119.509            1   0.00145762  0.000136281 
        15.5      119.966            1   0.00145745  0.000137046 
        15.5      120.425            1   0.00145726  0.000137797 
        15.5      120.884            1   0.00145702  0.000138533 
        15.5      121.344      1.00001   0.00145673  0.000139252 
        15.5      121.805      1.00001   0.00145639  0.000139951 
        15.5      122.267      1.00001   0.00145623  0.000140833 
        15.5       122.73      1.00001   0.00145611  0.000141762 
        15.5      123.193      1.00001   0.00145601  0.000142699 
        15.5      123.657      1.00001   0.00145591  0.000143642 
        15.5      124.123      1.00001   0.00145581  0.000144591 
        15.5      124.589      1.00001   0.00145573  0.000145546 
        15.5      125.056      1.00001   0.00145565  0.000146505 
        15.5      125.523      1.00001   0.00145557  0.000147469 
        15.5      125.992      1.00001    0.0014555  0.000148436 
        15.5      126.462      1.00001   0.00145543  0.000149405 
        15.5      126.932      1.00001   0.00145537  0.000150377 
        15.5      127.403      1.00001   0.00145531   0.00015135 
        15.5      127.875      1.00002   0.00145526  0.000152324 
        15.5      128.348      1.00002   0.00145523  0.000153262 
        15.5      128.822      1.00002   0.00145519  0.000154199 
        15.5      129.296      1.00002   0.00145514  0.000155137 
        15.5      129.772      1.00002   0.00145507  0.000156076 
        15.5      130.248      1.00002   0.00145498  0.000157015 
        15.5      130.725      1.00002   0.00145488  0.000157954 
        15.5      131.203      1.00002   0.00145477  0.000158894 
        15.5      131.682      1.00002   0.00145464  0.000159835 
        15.5      132.162      1.00002   0.00145449  0.000160778 
        15.5      132.643      1.00002   0.00145434  0.000161721 
        15.5      133.124      1.00003   0.00145416  0.000162665 
        15.5      133.606      1.00003   0.00145398   0.00016361 
        15.5      134.089      1.00003   0.00145378  0.000164557 
        15.5      134.573      1.00003   0.00145357  0.000165506 
        15.5      135.058      1.00003   0.00145335  0.000166456 
        15.5      135.544      1.00003   0.00145313  0.000167407 
        15.5       136.03      1.00003   0.00145289  0.000168361 
        15.5      136.518      1.00003   0.00145265  0.000169316 
        15.5      137.006      1.00003    0.0014524  0.000170273 
        15.5      137.495      1.00004   0.00145214  0.000171233 
        15.5      137.985      1.00004   0.00145189  0.000172195 
        15.5      138.476      1.00004   0.00145163  0.000173159 
        15.5      138.968      1.00004   0.00145136  0.000174125 
        15.5       139.46      1.00004    0.0014511  0.000175094 
        15.5      139.954      1.00004   0.00145085  0.000176066 
        15.5      140.448      1.00004   0.00145059   0.00017704 
        15.5      140.943      1.00004   0.00145034  0.000178018 
        15.5      141.439      1.00004   0.00145009  0.000178998 
        15.5      141.936      1.00004   0.00144985  0.000179981 
        15.5      142.433      1.00004   0.00144962  0.000180968 
        15.5      142.932      1.00004    0.0014494  0.000181958 
        15.5      143.431      1.00004   0.00144919  0.000182951 
        15.5      143.931      1.00004   0.00144899  0.000183948 
        15.5      144.432      1.00004    0.0014488  0.000184949 
        15.5      144.934      1.00003   0.00144862  0.000185953 
        15.5      145.437      1.00003   0.00144846  0.000186961 
        15.5       145.94      1.00003   0.00144831  0.000187973 
        15.5      146.445      1.00003   0.00144818  0.000188989 
        15.5       146.95      1.00002   0.00144807  0.000190009 
        15.5      147.456      1.00002   0.00144797  0.000191034 
        15.5      147.963      1.00002   0.00144788  0.000192062 
        15.5      148.471      1.00001   0.00144781  0.000193096 
        15.5       148.98      1.00001   0.00144776  0.000194134 
        15.5       149.49      1.00001   0.00144773  0.000195176 
        15.5          150            1    0.0014477  0.000196223 
