Variables = x, y, u, v, p

Zone, I=600, F=POINT
        -8.5            0  2.10965e-06  6.68379e-07 -0.000804149 
        -8.5     0.000418  0.000249567  6.51886e-07 -0.000804186 
        -8.5     0.001672  0.000991907  6.03736e-07 -0.000804295 
        -8.5     0.003763   0.00222962  5.27837e-07 -0.000804471 
        -8.5     0.006689   0.00396135  4.30714e-07 -0.000804705 
        -8.5     0.010451   0.00618746  3.21106e-07 -0.000804984 
        -8.5      0.01505   0.00890823  2.09838e-07 -0.000805294 
        -8.5     0.020485    0.0121227   1.0953e-07 -0.000805618 
        -8.5     0.026756    0.0158304  3.41095e-08 -0.000805939 
        -8.5     0.033863    0.0200308 -1.63126e-09 -0.000806239 
        -8.5     0.041806    0.0247234  1.74148e-08   -0.0008065 
        -8.5     0.050585    0.0299074   1.0605e-07 -0.000806707 
        -8.5     0.060201    0.0355827    2.781e-07 -0.000806849 
        -8.5     0.070652    0.0417473  5.45567e-07 -0.000806918 
        -8.5      0.08194    0.0484014  9.17933e-07 -0.000806914 
        -8.5     0.094063    0.0555429  1.40105e-06 -0.000806845 
        -8.5     0.107023    0.0631717  1.99639e-06 -0.000806727 
        -8.5     0.120819    0.0712862  2.69977e-06 -0.000806592 
        -8.5     0.135451    0.0798851  3.50033e-06 -0.000806483 
        -8.5     0.150919    0.0889668  4.37931e-06 -0.000806462 
        -8.5     0.167224    0.0985305  5.30883e-06 -0.000806609 
        -8.5     0.184364     0.108573  6.25031e-06 -0.000807026 
        -8.5     0.202341     0.119095   7.1534e-06  -0.00080784 
        -8.5     0.221153     0.130092  7.95414e-06 -0.000809204 
        -8.5     0.240802     0.141564   8.5737e-06 -0.000811303 
        -8.5     0.261287     0.153514  8.30225e-06 -0.000812181 
        -8.5     0.282608     0.165925  9.23164e-06 -0.000810939 
        -8.5     0.304765     0.178808  1.05121e-05 -0.000809949 
        -8.5     0.327758     0.192157  1.21796e-05 -0.000809213 
        -8.5     0.351588     0.205968  1.42717e-05 -0.000808727 
        -8.5     0.376253     0.220236  1.68268e-05 -0.000808482 
        -8.5     0.401755     0.234954   1.9885e-05  -0.00080846 
        -8.5     0.428092     0.250117  2.34874e-05 -0.000808637 
        -8.5     0.455266     0.265716  2.76768e-05 -0.000808978 
        -8.5     0.483276     0.281743  3.24968e-05  -0.00080944 
        -8.5     0.512122      0.29819  3.79925e-05 -0.000809969 
        -8.5     0.541805     0.315045  4.42106e-05   -0.0008105 
        -8.5     0.572323     0.332298  5.11981e-05 -0.000810957 
        -8.5     0.603677     0.349937  5.90042e-05 -0.000811249 
        -8.5     0.635868     0.367948  6.76792e-05 -0.000811274 
        -8.5     0.668894     0.386316   7.7274e-05 -0.000810912 
        -8.5     0.702757     0.405026  8.78416e-05 -0.000810031 
        -8.5     0.737456     0.424061  9.94358e-05  -0.00080848 
        -8.5     0.772991     0.443318  0.000113286 -0.000807486 
        -8.5     0.809362     0.462955  0.000127826 -0.000807126 
        -8.5      0.84657       0.4828  0.000143655 -0.000806798 
        -8.5     0.884613     0.502825  0.000160778 -0.000806496 
        -8.5     0.923492     0.522998  0.000179196 -0.000806212 
        -8.5     0.963208     0.543286  0.000198901 -0.000805938 
        -8.5      1.00376     0.563653   0.00021988 -0.000805665 
        -8.5      1.04515     0.584061   0.00024211 -0.000805383 
        -8.5      1.08737      0.60447  0.000265562 -0.000805079 
        -8.5      1.13043     0.624836  0.000290196  -0.00080474 
        -8.5      1.17433     0.645114  0.000315965 -0.000804352 
        -8.5      1.21906     0.665254  0.000342811 -0.000803897 
        -8.5      1.26463     0.685207  0.000370666 -0.000803358 
        -8.5      1.31103     0.704916   0.00039945 -0.000802715 
        -8.5      1.35827     0.724325  0.000429075 -0.000801946 
        -8.5      1.40635     0.743373  0.000459438 -0.000801028 
        -8.5      1.45526     0.761994  0.000490426 -0.000799935 
        -8.5      1.50501     0.780123  0.000521911  -0.00079864 
        -8.5       1.5556     0.797687  0.000553753 -0.000797113 
        -8.5      1.60702     0.814612  0.000585798 -0.000795323 
        -8.5      1.65928     0.830818  0.000617877 -0.000793235 
        -8.5      1.71237     0.846224  0.000649805 -0.000790813 
        -8.5       1.7663     0.861757  0.000677985  -0.00078974 
        -8.5      1.82106     0.875052  0.000709972 -0.000788152 
        -8.5      1.87667     0.887627  0.000740503 -0.000786463 
        -8.5      1.93311     0.899477   0.00076955 -0.000784673 
        -8.5      1.99038     0.910594  0.000797089 -0.000782782 
        -8.5      2.04849     0.920978  0.000823098 -0.000780792 
        -8.5      2.10744     0.930627  0.000847564 -0.000778703 
        -8.5      2.16722     0.939545  0.000870475 -0.000776516 
        -8.5      2.22784     0.947738  0.000891825 -0.000774234 
        -8.5      2.28929     0.955213  0.000911613 -0.000771859 
        -8.5      2.35158     0.961984  0.000929845 -0.000769392 
        -8.5      2.41471     0.968066  0.000946529 -0.000766836 
        -8.5      2.47867     0.973478  0.000961682 -0.000764195 
        -8.5      2.54347     0.978241  0.000975325 -0.000761472 
        -8.5      2.60911     0.982382  0.000987488 -0.000758672 
        -8.5      2.67558      0.98593  0.000998204 -0.000755797 
        -8.5      2.74288      0.98892   0.00100751 -0.000752854 
        -8.5      2.81103      0.99139   0.00101547 -0.000749847 
        -8.5      2.88001      0.99338   0.00102212 -0.000746782 
        -8.5      2.94983     0.994939   0.00102753 -0.000743665 
        -8.5      3.02048     0.996116   0.00103178 -0.000740504 
        -8.5      3.09197     0.996968   0.00103493 -0.000737304 
        -8.5      3.16429     0.997555   0.00103708 -0.000734075 
        -8.5      3.23745     0.997942   0.00103832 -0.000730823 
        -8.5      3.31145       0.9982   0.00103876 -0.000727558 
        -8.5      3.38628     0.998405   0.00103851  -0.00072429 
        -8.5      3.46195     0.998637   0.00103769 -0.000721028 
        -8.5      3.53845     0.998983   0.00103642 -0.000717783 
        -8.5      3.61579     0.999535   0.00103486 -0.000714566 
        -8.5      3.69397      1.00039   0.00103316 -0.000711389 
        -8.5      3.77298      1.00024   0.00103364 -0.000706193 
        -8.5      3.85283       1.0003   0.00103251 -0.000702778 
        -8.5      3.93352      1.00034   0.00103133 -0.000699304 
        -8.5      4.01504      1.00037   0.00103009 -0.000695773 
        -8.5       4.0974       1.0004   0.00102881 -0.000692185 
        -8.5      4.18059      1.00042   0.00102748 -0.000688542 
        -8.5      4.26462      1.00042   0.00102612 -0.000684847 
        -8.5      4.34949      1.00043   0.00102474   -0.0006811 
        -8.5      4.43519      1.00042   0.00102333 -0.000677305 
        -8.5      4.52173      1.00042    0.0010219 -0.000673463 
        -8.5       4.6091       1.0004   0.00102048 -0.000669578 
        -8.5      4.69731      1.00039   0.00101905 -0.000665651 
        -8.5      4.78636      1.00037   0.00101764 -0.000661684 
        -8.5      4.87624      1.00036   0.00101625 -0.000657682 
        -8.5      4.96696      1.00035   0.00101489 -0.000653647 
        -8.5      5.05851      1.00034   0.00101358 -0.000649583 
        -8.5       5.1509      1.00033   0.00101232 -0.000645492 
        -8.5      5.24413      1.00034   0.00101112 -0.000641378 
        -8.5       5.3382      1.00035   0.00101001 -0.000637245 
        -8.5      5.43309      1.00037   0.00100898 -0.000633096 
        -8.5      5.52883      1.00036   0.00100821 -0.000629309 
        -8.5       5.6254      1.00039   0.00100748 -0.000624464 
        -8.5      5.72281      1.00034   0.00100549 -0.000620423 
        -8.5      5.82105      1.00033   0.00100446 -0.000616158 
        -8.5      5.92013      1.00033   0.00100347 -0.000611864 
        -8.5      6.02005      1.00033    0.0010025 -0.000607542 
        -8.5       6.1208      1.00032   0.00100157 -0.000603194 
        -8.5      6.22239      1.00032   0.00100067 -0.000598821 
        -8.5      6.32482      1.00031  0.000999801 -0.000594422 
        -8.5      6.42808      1.00031  0.000998972     -0.00059 
        -8.5      6.53217      1.00031   0.00099818 -0.000585556 
        -8.5      6.63711       1.0003  0.000997425  -0.00058109 
        -8.5      6.74287       1.0003  0.000996709 -0.000576604 
        -8.5      6.84948      1.00029  0.000996033 -0.000572099 
        -8.5      6.95692      1.00029  0.000995398 -0.000567577 
        -8.5       7.0652      1.00029  0.000994804 -0.000563038 
        -8.5      7.17431      1.00028  0.000994253 -0.000558484 
        -8.5      7.28426      1.00028  0.000993746 -0.000553916 
        -8.5      7.39505      1.00027  0.000993284 -0.000549336 
        -8.5      7.50667      1.00027  0.000992867 -0.000544746 
        -8.5      7.61913      1.00026  0.000992498 -0.000540146 
        -8.5      7.73242      1.00026  0.000992176 -0.000535539 
        -8.5      7.84655      1.00026  0.000991903 -0.000530926 
        -8.5      7.96152      1.00025  0.000991588 -0.000526228 
        -8.5      8.07732      1.00025  0.000991364 -0.000521618 
        -8.5      8.19396      1.00024   0.00099117 -0.000516992 
        -8.5      8.31143      1.00024  0.000991007 -0.000512351 
        -8.5      8.42974      1.00024  0.000990877 -0.000507698 
        -8.5      8.54889      1.00023  0.000990781 -0.000503033 
        -8.5      8.66887      1.00023  0.000990721 -0.000498359 
        -8.5      8.78969      1.00022  0.000990698 -0.000493676 
        -8.5      8.91135      1.00022  0.000990714 -0.000488988 
        -8.5      9.03384      1.00021   0.00099077 -0.000484295 
        -8.5      9.15717      1.00021  0.000990867 -0.000479599 
        -8.5      9.28133      1.00021   0.00099109 -0.000474955 
        -8.5      9.40633       1.0002   0.00099132 -0.000470301 
        -8.5      9.53216       1.0002  0.000991587 -0.000465647 
        -8.5      9.65884      1.00019  0.000991892 -0.000460992 
        -8.5      9.78634      1.00019  0.000992233 -0.000456337 
        -8.5      9.91469      1.00019  0.000992611 -0.000451682 
        -8.5      10.0439      1.00018  0.000993026 -0.000447028 
        -8.5      10.1739      1.00018  0.000993477 -0.000442375 
        -8.5      10.3047      1.00017  0.000993964 -0.000437724 
        -8.5      10.4364      1.00017  0.000994486 -0.000433076 
        -8.5      10.5689      1.00016  0.000995044  -0.00042843 
        -8.5      10.7023      1.00016  0.000995667 -0.000423807 
        -8.5      10.8365      1.00016  0.000996316 -0.000419188 
        -8.5      10.9715      1.00015  0.000997004 -0.000414579 
        -8.5      11.1074      1.00015  0.000997729  -0.00040998 
        -8.5      11.2441      1.00014  0.000998493 -0.000405393 
        -8.5      11.3817      1.00014  0.000999295 -0.000400818 
        -8.5        11.52      1.00014   0.00100013 -0.000396255 
        -8.5      11.6592      1.00013   0.00100101 -0.000391705 
        -8.5      11.7993      1.00013   0.00100193 -0.000387168 
        -8.5      11.9402      1.00012   0.00100288 -0.000382645 
        -8.5      12.0819      1.00012   0.00100386 -0.000378136 
        -8.5      12.2245      1.00012   0.00100489 -0.000373642 
        -8.5      12.3679      1.00011   0.00100595 -0.000369164 
        -8.5      12.5121      1.00011   0.00100704 -0.000364701 
        -8.5      12.6572       1.0001   0.00100817 -0.000360255 
        -8.5      12.8031       1.0001   0.00100934 -0.000355826 
        -8.5      12.9498       1.0001   0.00101054 -0.000351414 
        -8.5      13.0974      1.00009   0.00101177 -0.000347019 
        -8.5      13.2458      1.00009   0.00101306 -0.000342639 
        -8.5       13.395      1.00009   0.00101435 -0.000338296 
        -8.5      13.5451      1.00008   0.00101568  -0.00033397 
        -8.5       13.696      1.00008   0.00101704 -0.000329663 
        -8.5      13.8478      1.00007   0.00101844 -0.000325375 
        -8.5      14.0004      1.00007   0.00101986 -0.000321107 
        -8.5      14.1538      1.00007   0.00102132  -0.00031686 
        -8.5      14.3081      1.00006    0.0010228 -0.000312633 
        -8.5      14.4632      1.00006   0.00102432 -0.000308428 
        -8.5      14.6191      1.00006   0.00102587 -0.000304245 
        -8.5      14.7759      1.00005   0.00102745 -0.000300085 
        -8.5      14.9335      1.00005   0.00102906 -0.000295948 
        -8.5      15.0919      1.00005    0.0010307 -0.000291836 
        -8.5      15.2512      1.00004   0.00103236 -0.000287748 
        -8.5      15.4113      1.00004   0.00103406 -0.000283686 
        -8.5      15.5723      1.00004   0.00103579 -0.000279649 
        -8.5      15.7341      1.00003   0.00103754 -0.000275639 
        -8.5      15.8967      1.00003   0.00103932 -0.000271696 
        -8.5      16.0602      1.00003   0.00104111 -0.000267728 
        -8.5      16.2245      1.00002   0.00104292 -0.000263788 
        -8.5      16.3896      1.00002   0.00104476 -0.000259877 
        -8.5      16.5556      1.00002   0.00104662 -0.000255995 
        -8.5      16.7224      1.00001   0.00104851 -0.000252142 
        -8.5        16.89      1.00001   0.00105042 -0.000248317 
        -8.5      17.0585      1.00001   0.00105235 -0.000244521 
        -8.5      17.2278            1   0.00105431 -0.000240754 
        -8.5      17.3979            1   0.00105629 -0.000237016 
        -8.5      17.5689     0.999998   0.00105829 -0.000233307 
        -8.5      17.7408     0.999995   0.00106031 -0.000229626 
        -8.5      17.9134     0.999992   0.00106235 -0.000225974 
        -8.5      18.0869     0.999989   0.00106441 -0.000222351 
        -8.5      18.2612     0.999986   0.00106649 -0.000218756 
        -8.5      18.4364     0.999983   0.00106859 -0.000215189 
        -8.5      18.6124      0.99998   0.00107071 -0.000211651 
        -8.5      18.7892     0.999977   0.00107285  -0.00020814 
        -8.5      18.9669     0.999975     0.001075 -0.000204658 
        -8.5      19.1454     0.999972   0.00107717 -0.000201202 
        -8.5      19.3248     0.999969   0.00107935 -0.000197775 
        -8.5       19.505     0.999966   0.00108155 -0.000194374 
        -8.5       19.686     0.999964   0.00108375 -0.000190989 
        -8.5      19.8678     0.999961   0.00108598 -0.000187672 
        -8.5      20.0505     0.999959   0.00108822 -0.000184383 
        -8.5      20.2341     0.999956   0.00109047 -0.000181121 
        -8.5      20.4184     0.999954   0.00109274 -0.000177889 
        -8.5      20.6036     0.999951   0.00109501 -0.000174684 
        -8.5      20.7897     0.999949    0.0010973 -0.000171508 
        -8.5      20.9765     0.999946    0.0010996 -0.000168361 
        -8.5      21.1642     0.999944   0.00110191 -0.000165243 
        -8.5      21.3528     0.999942   0.00110424 -0.000162154 
        -8.5      21.5422     0.999939   0.00110657 -0.000159095 
        -8.5      21.7324     0.999937   0.00110891 -0.000156065 
        -8.5      21.9234     0.999935   0.00111126 -0.000153064 
        -8.5      22.1153     0.999933   0.00111362 -0.000150094 
        -8.5       22.308     0.999931   0.00111599 -0.000147153 
        -8.5      22.5016     0.999928   0.00111837 -0.000144242 
        -8.5       22.696     0.999926   0.00112075 -0.000141362 
        -8.5      22.8912     0.999924   0.00112315 -0.000138512 
        -8.5      23.0873     0.999922   0.00112555 -0.000135692 
        -8.5      23.2842      0.99992   0.00112795 -0.000132903 
        -8.5       23.482     0.999918   0.00113036 -0.000130144 
        -8.5      23.6805     0.999916   0.00113278 -0.000127416 
        -8.5        23.88     0.999915   0.00113519 -0.000124718 
        -8.5      24.0802     0.999913   0.00113762 -0.000122051 
        -8.5      24.2813     0.999911   0.00114005 -0.000119415 
        -8.5      24.4832     0.999909   0.00114248  -0.00011681 
        -8.5       24.686     0.999907   0.00114491 -0.000114233 
        -8.5      24.8896     0.999906   0.00114735 -0.000111665 
        -8.5       25.094     0.999904   0.00114978 -0.000109127 
        -8.5      25.2993     0.999902   0.00115222 -0.000106619 
        -8.5      25.5054     0.999901   0.00115466 -0.000104141 
        -8.5      25.7123     0.999899    0.0011571 -0.000101693 
        -8.5      25.9201     0.999897   0.00115954 -9.92731e-05 
        -8.5      26.1287     0.999896   0.00116198 -9.68826e-05 
        -8.5      26.3381     0.999894   0.00116442 -9.45208e-05 
        -8.5      26.5484     0.999893   0.00116686 -9.21873e-05 
        -8.5      26.7595     0.999891    0.0011693 -8.98819e-05 
        -8.5      26.9715      0.99989   0.00117174 -8.76042e-05 
        -8.5      27.1843     0.999889   0.00117417  -8.5354e-05 
        -8.5      27.3979     0.999887   0.00117661 -8.31308e-05 
        -8.5      27.6124     0.999886   0.00117905 -8.09343e-05 
        -8.5      27.8277     0.999885   0.00118148 -7.87641e-05 
        -8.5      28.0438     0.999884   0.00118391 -7.66197e-05 
        -8.5      28.2608     0.999882   0.00118634 -7.45008e-05 
        -8.5      28.4786     0.999881   0.00118877  -7.2407e-05 
        -8.5      28.6972      0.99988    0.0011912 -7.03376e-05 
        -8.5      28.9167     0.999879   0.00119362 -6.82924e-05 
        -8.5       29.137     0.999878   0.00119605 -6.62381e-05 
        -8.5      29.3582     0.999877   0.00119845 -6.42557e-05 
        -8.5      29.5802     0.999876   0.00120085 -6.22957e-05 
        -8.5       29.803     0.999875   0.00120324 -6.03581e-05 
        -8.5      30.0267     0.999874   0.00120562 -5.84429e-05 
        -8.5      30.2512     0.999873   0.00120801 -5.65501e-05 
        -8.5      30.4765     0.999872   0.00121038 -5.46795e-05 
        -8.5      30.7027     0.999871   0.00121275 -5.28311e-05 
        -8.5      30.9297      0.99987   0.00121512 -5.10048e-05 
        -8.5      31.1575     0.999869   0.00121748 -4.92006e-05 
        -8.5      31.3862     0.999868   0.00121983 -4.74184e-05 
        -8.5      31.6157     0.999867   0.00122218 -4.56581e-05 
        -8.5      31.8461     0.999867   0.00122452 -4.39195e-05 
        -8.5      32.0773     0.999866   0.00122686 -4.22027e-05 
        -8.5      32.3093     0.999865   0.00122919 -4.05073e-05 
        -8.5      32.5421     0.999864   0.00123151 -3.88334e-05 
        -8.5      32.7758     0.999864   0.00123382 -3.71808e-05 
        -8.5      33.0104     0.999863   0.00123612 -3.55493e-05 
        -8.5      33.2457     0.999862   0.00123842 -3.39388e-05 
        -8.5      33.4819     0.999862   0.00124071 -3.23492e-05 
        -8.5       33.719     0.999861   0.00124299 -3.07802e-05 
        -8.5      33.9568     0.999861   0.00124526 -2.92318e-05 
        -8.5      34.1956      0.99986   0.00124752 -2.77036e-05 
        -8.5      34.4351      0.99986   0.00124977 -2.61956e-05 
        -8.5      34.6755     0.999859   0.00125201 -2.47075e-05 
        -8.5      34.9167     0.999859   0.00125424 -2.32391e-05 
        -8.5      35.1588     0.999858   0.00125646 -2.17902e-05 
        -8.5      35.4017     0.999858   0.00125867 -2.03606e-05 
        -8.5      35.6454     0.999857   0.00126087   -1.895e-05 
        -8.5      35.8899     0.999857   0.00126306 -1.75581e-05 
        -8.5      36.1354     0.999857   0.00126524 -1.61848e-05 
        -8.5      36.3816     0.999856   0.00126747 -1.48078e-05 
        -8.5      36.6287     0.999856   0.00126962  -1.3455e-05 
        -8.5      36.8766     0.999856   0.00127175 -1.21208e-05 
        -8.5      37.1253     0.999855   0.00127388 -1.08049e-05 
        -8.5      37.3749     0.999855     0.001276 -9.50694e-06 
        -8.5      37.6253     0.999855   0.00127811  -8.2265e-06 
        -8.5      37.8766     0.999855   0.00128021  -6.9632e-06 
        -8.5      38.1287     0.999855   0.00128229 -5.71666e-06 
        -8.5      38.3816     0.999854   0.00128437 -4.48646e-06 
        -8.5      38.6353     0.999854   0.00128644 -3.27219e-06 
        -8.5      38.8899     0.999854    0.0012885  -2.0734e-06 
        -8.5      39.1454     0.999854   0.00129055 -8.89652e-07 
        -8.5      39.4016     0.999854   0.00129259  2.79506e-07 
        -8.5      39.6588     0.999854   0.00129462  1.43455e-06 
        -8.5      39.9167     0.999854   0.00129664  2.57595e-06 
        -8.5      40.1755     0.999854   0.00129865  3.70421e-06 
        -8.5      40.4351     0.999854   0.00130066  4.81984e-06 
        -8.5      40.6955     0.999854   0.00130265  5.92335e-06 
        -8.5      40.9568     0.999854   0.00130441   7.0823e-06 
        -8.5      41.2189     0.999854    0.0013064  8.14504e-06 
        -8.5      41.4819     0.999854   0.00130837  9.19831e-06 
        -8.5      41.7457     0.999854   0.00131033  1.02421e-05 
        -8.5      42.0103     0.999854   0.00131227  1.12764e-05 
        -8.5      42.2758     0.999854    0.0013142  1.23013e-05 
        -8.5      42.5421     0.999854   0.00131612  1.33167e-05 
        -8.5      42.8092     0.999854   0.00131802  1.43226e-05 
        -8.5      43.0772     0.999854    0.0013199  1.53191e-05 
        -8.5       43.346     0.999854   0.00132177  1.63061e-05 
        -8.5      43.6157     0.999854   0.00132363  1.72836e-05 
        -8.5      43.8862     0.999855   0.00132547  1.82518e-05 
        -8.5      44.1575     0.999855   0.00132729  1.92105e-05 
        -8.5      44.4296     0.999855   0.00132911  2.01598e-05 
        -8.5      44.7026     0.999855    0.0013309  2.10998e-05 
        -8.5      44.9765     0.999855   0.00133269  2.20304e-05 
        -8.5      45.2511     0.999855   0.00133446  2.29516e-05 
        -8.5      45.5266     0.999856   0.00133621  2.38636e-05 
        -8.5       45.803     0.999856   0.00133795  2.47662e-05 
        -8.5      46.0801     0.999856   0.00133968  2.56596e-05 
        -8.5      46.3581     0.999856   0.00134139  2.65438e-05 
        -8.5       46.637     0.999857   0.00134309  2.74188e-05 
        -8.5      46.9167     0.999857   0.00134478  2.82846e-05 
        -8.5      47.1972     0.999857   0.00134645  2.91414e-05 
        -8.5      47.4785     0.999858   0.00134811   2.9989e-05 
        -8.5      47.7607     0.999858   0.00134975  3.08276e-05 
        -8.5      48.0438     0.999858   0.00135138  3.16572e-05 
        -8.5      48.3276     0.999859   0.00135303  3.23421e-05 
        -8.5      48.6123     0.999859   0.00135465  3.31669e-05 
        -8.5      48.8979      0.99986   0.00135626   3.3984e-05 
        -8.5      49.1842      0.99986   0.00135786  3.47936e-05 
        -8.5      49.4714      0.99986   0.00135945  3.55957e-05 
        -8.5      49.7595     0.999861   0.00136103  3.63906e-05 
        -8.5      50.0484     0.999861   0.00136259  3.71784e-05 
        -8.5      50.3381     0.999862   0.00136414  3.79592e-05 
        -8.5      50.6286     0.999862   0.00136568  3.87332e-05 
        -8.5        50.92     0.999862   0.00136721  3.95006e-05 
        -8.5      51.2122     0.999863   0.00136873  4.02614e-05 
        -8.5      51.5053     0.999863   0.00137024   4.1016e-05 
        -8.5      51.7992     0.999864   0.00137173  4.17644e-05 
        -8.5      52.0939     0.999864   0.00137322  4.25069e-05 
        -8.5      52.3895     0.999865   0.00137469  4.32436e-05 
        -8.5      52.6859     0.999865   0.00137615  4.39747e-05 
        -8.5      52.9831     0.999866    0.0013776  4.47004e-05 
        -8.5      53.2812     0.999866   0.00137904  4.54209e-05 
        -8.5      53.5801     0.999867   0.00138046  4.61364e-05 
        -8.5      53.8799     0.999867   0.00138187  4.68471e-05 
        -8.5      54.1805     0.999868   0.00138328  4.75531e-05 
        -8.5      54.4819     0.999868   0.00138467  4.82548e-05 
        -8.5      54.7841     0.999869   0.00138604  4.89523e-05 
        -8.5      55.0872     0.999869   0.00138741  4.96458e-05 
        -8.5      55.3912      0.99987   0.00138877  5.03356e-05 
        -8.5      55.6959      0.99987   0.00139011  5.10219e-05 
        -8.5      56.0015     0.999871   0.00139144   5.1705e-05 
        -8.5       56.308     0.999872   0.00139276  5.23849e-05 
        -8.5      56.6152     0.999872   0.00139407  5.30621e-05 
        -8.5      56.9233     0.999873   0.00139537  5.37367e-05 
        -8.5      57.2323     0.999873   0.00139665  5.44091e-05 
        -8.5      57.5421     0.999874   0.00139793  5.50794e-05 
        -8.5      57.8527     0.999874   0.00139919  5.57478e-05 
        -8.5      58.1641     0.999875   0.00140044  5.64148e-05 
        -8.5      58.4764     0.999876   0.00140168  5.70805e-05 
        -8.5      58.7896     0.999876    0.0014029  5.77452e-05 
        -8.5      59.1035     0.999877   0.00140412  5.84093e-05 
        -8.5      59.4183     0.999877   0.00140532  5.90728e-05 
        -8.5      59.7339     0.999878   0.00140651  5.97363e-05 
        -8.5      60.0504     0.999879    0.0014077  6.03999e-05 
        -8.5      60.3677     0.999879   0.00140887   6.1064e-05 
        -8.5      60.6859      0.99988   0.00141002  6.17288e-05 
        -8.5      61.0048      0.99988   0.00141117  6.23947e-05 
        -8.5      61.3247     0.999881   0.00141237  6.29583e-05 
        -8.5      61.6453     0.999882    0.0014135  6.36035e-05 
        -8.5      61.9668     0.999882   0.00141462  6.42473e-05 
        -8.5      62.2891     0.999883   0.00141574  6.48898e-05 
        -8.5      62.6123     0.999884   0.00141684  6.55309e-05 
        -8.5      62.9363     0.999884   0.00141793  6.61709e-05 
        -8.5      63.2611     0.999885   0.00141902  6.68097e-05 
        -8.5      63.5868     0.999886   0.00142009  6.74475e-05 
        -8.5      63.9133     0.999886   0.00142115  6.80842e-05 
        -8.5      64.2406     0.999887   0.00142221    6.872e-05 
        -8.5      64.5688     0.999888   0.00142326  6.93549e-05 
        -8.5      64.8978     0.999888   0.00142429   6.9989e-05 
        -8.5      65.2277     0.999889   0.00142532  7.06224e-05 
        -8.5      65.5583      0.99989   0.00142634  7.12552e-05 
        -8.5      65.8899      0.99989   0.00142734  7.18874e-05 
        -8.5      66.2222     0.999891   0.00142834  7.25191e-05 
        -8.5      66.5554     0.999892   0.00142933  7.31504e-05 
        -8.5      66.8894     0.999892   0.00143031  7.37813e-05 
        -8.5      67.2243     0.999893   0.00143128   7.4412e-05 
        -8.5        67.56     0.999894   0.00143224  7.50425e-05 
        -8.5      67.8966     0.999895   0.00143319  7.56729e-05 
        -8.5      68.2339     0.999895   0.00143413  7.63034e-05 
        -8.5      68.5721     0.999896   0.00143506  7.69724e-05 
        -8.5      68.9112     0.999897   0.00143599  7.75993e-05 
        -8.5      69.2511     0.999897   0.00143691  7.82275e-05 
        -8.5      69.5918     0.999898   0.00143782   7.8857e-05 
        -8.5      69.9333     0.999899   0.00143872  7.94878e-05 
        -8.5      70.2757     0.999899   0.00143961  8.01199e-05 
        -8.5      70.6189       0.9999   0.00144049  8.07533e-05 
        -8.5       70.963     0.999901   0.00144136   8.1388e-05 
        -8.5      71.3079     0.999901   0.00144223  8.20241e-05 
        -8.5      71.6536     0.999902   0.00144308  8.26615e-05 
        -8.5      72.0002     0.999903   0.00144393  8.33002e-05 
        -8.5      72.3476     0.999904   0.00144477  8.39402e-05 
        -8.5      72.6959     0.999904    0.0014456  8.45817e-05 
        -8.5      73.0449     0.999905   0.00144642  8.52245e-05 
        -8.5      73.3949     0.999906   0.00144724  8.58687e-05 
        -8.5      73.7456     0.999906   0.00144804  8.65142e-05 
        -8.5      74.0972     0.999907   0.00144884  8.71612e-05 
        -8.5      74.4496     0.999908   0.00144963  8.78095e-05 
        -8.5      74.8029     0.999908   0.00145041  8.84593e-05 
        -8.5       75.157     0.999909   0.00145118  8.91105e-05 
        -8.5      75.5119      0.99991   0.00145195  8.97632e-05 
        -8.5      75.8677     0.999911    0.0014527  9.04172e-05 
        -8.5      76.2243     0.999911   0.00145345  9.10728e-05 
        -8.5      76.5817     0.999912   0.00145419  9.17298e-05 
        -8.5        76.94     0.999913   0.00145493  9.23882e-05 
        -8.5      77.2991     0.999913   0.00145565  9.30482e-05 
        -8.5      77.6591     0.999914   0.00145637  9.37096e-05 
        -8.5      78.0198     0.999915   0.00145708  9.43726e-05 
        -8.5      78.3815     0.999916   0.00145778   9.5037e-05 
        -8.5      78.7439     0.999916   0.00145847   9.5703e-05 
        -8.5      79.1072     0.999917   0.00145916  9.63706e-05 
        -8.5      79.4714     0.999918   0.00145983  9.70396e-05 
        -8.5      79.8363     0.999918   0.00146051  9.77103e-05 
        -8.5      80.2021     0.999919   0.00146117  9.83825e-05 
        -8.5      80.5688      0.99992   0.00146183  9.90563e-05 
        -8.5      80.9362      0.99992   0.00146248  9.97317e-05 
        -8.5      81.3045     0.999921   0.00146312  0.000100409 
        -8.5      81.6737     0.999922   0.00146375  0.000101087 
        -8.5      82.0437     0.999923   0.00146438  0.000101768 
        -8.5      82.4145     0.999923     0.001465  0.000102449 
        -8.5      82.7861     0.999924   0.00146562  0.000103133 
        -8.5      83.1586     0.999925   0.00146623  0.000103818 
        -8.5       83.532     0.999925   0.00146685  0.000104545 
        -8.5      83.9061     0.999926   0.00146745  0.000105236 
        -8.5      84.2811     0.999927   0.00146804   0.00010593 
        -8.5       84.657     0.999927   0.00146863  0.000106626 
        -8.5      85.0336     0.999928    0.0014692  0.000107325 
        -8.5      85.4111     0.999929   0.00146977  0.000108026 
        -8.5      85.7895     0.999929   0.00147034  0.000108729 
        -8.5      86.1687      0.99993    0.0014709  0.000109436 
        -8.5      86.5487     0.999931   0.00147145  0.000110145 
        -8.5      86.9295     0.999932   0.00147199  0.000110857 
        -8.5      87.3112     0.999932   0.00147253  0.000111572 
        -8.5      87.6937     0.999933   0.00147306  0.000112289 
        -8.5      88.0771     0.999934   0.00147358   0.00011301 
        -8.5      88.4613     0.999934    0.0014741  0.000113734 
        -8.5      88.8463     0.999935   0.00147461  0.000114462 
        -8.5      89.2322     0.999936   0.00147511  0.000115192 
        -8.5      89.6189     0.999936   0.00147561  0.000115926 
        -8.5      90.0064     0.999937    0.0014761  0.000116663 
        -8.5      90.3948     0.999938   0.00147658  0.000117404 
        -8.5       90.784     0.999938   0.00147706  0.000118149 
        -8.5      91.1741     0.999939   0.00147749  0.000118884 
        -8.5       91.565      0.99994   0.00147797  0.000119623 
        -8.5      91.9567      0.99994   0.00147844  0.000120363 
        -8.5      92.3492     0.999941   0.00147891  0.000121105 
        -8.5      92.7426     0.999942   0.00147937  0.000121849 
        -8.5      93.1369     0.999942   0.00147982  0.000122594 
        -8.5      93.5319     0.999943   0.00148026  0.000123342 
        -8.5      93.9278     0.999944    0.0014807  0.000124093 
        -8.5      94.3246     0.999944   0.00148113  0.000124845 
        -8.5      94.7221     0.999945   0.00148155  0.000125599 
        -8.5      95.1206     0.999946   0.00148197  0.000126356 
        -8.5      95.5198     0.999947   0.00148246  0.000127024 
        -8.5      95.9199     0.999947   0.00148285  0.000127817 
        -8.5      96.3208     0.999948   0.00148324  0.000128613 
        -8.5      96.7226     0.999948   0.00148362  0.000129411 
        -8.5      97.1251     0.999949     0.001484   0.00013021 
        -8.5      97.5286      0.99995   0.00148438  0.000131012 
        -8.5      97.9328      0.99995   0.00148475  0.000131816 
        -8.5      98.3379     0.999951   0.00148512  0.000132622 
        -8.5      98.7439     0.999951   0.00148548  0.000133429 
        -8.5      99.1506     0.999952   0.00148584  0.000134239 
        -8.5      99.5583     0.999953    0.0014862  0.000135051 
        -8.5      99.9667     0.999953   0.00148655  0.000135865 
        -8.5      100.376     0.999954   0.00148689  0.000136681 
        -8.5      100.786     0.999954   0.00148724  0.000137499 
        -8.5      101.197     0.999955   0.00148758   0.00013832 
        -8.5      101.609     0.999956   0.00148791  0.000139142 
        -8.5      102.021     0.999956   0.00148824  0.000139966 
        -8.5      102.435     0.999957   0.00148857  0.000140793 
        -8.5      102.849     0.999958   0.00148889  0.000141622 
        -8.5      103.264     0.999958   0.00148921  0.000142453 
        -8.5       103.68     0.999959   0.00148952  0.000143286 
        -8.5      104.097      0.99996   0.00148983  0.000144121 
        -8.5      104.515      0.99996   0.00149013  0.000144958 
        -8.5      104.933     0.999961   0.00149043  0.000145798 
        -8.5      105.353     0.999962   0.00149073  0.000146639 
        -8.5      105.773     0.999962   0.00149102  0.000147483 
        -8.5      106.194      0.99996   0.00149116  0.000148375 
        -8.5      106.616     0.999961   0.00149144  0.000149218 
        -8.5      107.038     0.999961   0.00149172  0.000150064 
        -8.5      107.462     0.999962   0.00149198  0.000150914 
        -8.5      107.886     0.999962   0.00149225  0.000151767 
        -8.5      108.311     0.999963   0.00149251  0.000152623 
        -8.5      108.737     0.999964   0.00149276  0.000153483 
        -8.5      109.164     0.999964   0.00149301  0.000154346 
        -8.5      109.592     0.999965   0.00149326  0.000155213 
        -8.5       110.02     0.999965    0.0014935  0.000156083 
        -8.5       110.45     0.999966   0.00149373  0.000156956 
        -8.5       110.88     0.999967   0.00149397  0.000157833 
        -8.5      111.311     0.999967   0.00149419  0.000158713 
        -8.5      111.743     0.999968   0.00149442  0.000159596 
        -8.5      112.175     0.999969   0.00149463  0.000160483 
        -8.5      112.609     0.999969   0.00149485  0.000161373 
        -8.5      113.043      0.99997   0.00149506  0.000162266 
        -8.5      113.478     0.999971   0.00149526  0.000163163 
        -8.5      113.914     0.999971   0.00149546  0.000164063 
        -8.5      114.351     0.999972   0.00149566  0.000164967 
        -8.5      114.789     0.999973   0.00149585  0.000165874 
        -8.5      115.228     0.999973   0.00149604  0.000166784 
        -8.5      115.667     0.999974   0.00149622  0.000167697 
        -8.5      116.107     0.999975    0.0014964  0.000168614 
        -8.5      116.548     0.999975   0.00149657  0.000169534 
        -8.5       116.99     0.999976   0.00149674  0.000170457 
        -8.5      117.433     0.999977   0.00149691  0.000171384 
        -8.5      117.876     0.999978   0.00149707  0.000172314 
        -8.5      118.321     0.999978   0.00149722  0.000173247 
        -8.5      118.766     0.999979   0.00149738  0.000174184 
        -8.5      119.212      0.99998   0.00149753  0.000175123 
        -8.5      119.659     0.999981   0.00149767  0.000176066 
        -8.5      120.107     0.999981   0.00149781  0.000177013 
        -8.5      120.555     0.999982   0.00149795  0.000177962 
        -8.5      121.005     0.999983   0.00149808  0.000178915 
        -8.5      121.455     0.999984   0.00149821  0.000179871 
        -8.5      121.906     0.999984   0.00149833   0.00018083 
        -8.5      122.358     0.999985   0.00149845  0.000181793 
        -8.5      122.811     0.999986   0.00149856  0.000182758 
        -8.5      123.264     0.999987   0.00149868  0.000183727 
        -8.5      123.719     0.999987   0.00149878  0.000184699 
        -8.5      124.174     0.999988   0.00149889  0.000185675 
        -8.5       124.63     0.999989   0.00149899  0.000186653 
        -8.5      125.087      0.99999   0.00149908  0.000187635 
        -8.5      125.545      0.99999   0.00149918   0.00018862 
        -8.5      126.003     0.999991   0.00149926  0.000189608 
        -8.5      126.463     0.999992   0.00149935  0.000190599 
        -8.5      126.923     0.999992   0.00149943  0.000191593 
        -8.5      127.384     0.999993   0.00149951   0.00019259 
        -8.5      127.846     0.999994   0.00149958  0.000193591 
        -8.5      128.309     0.999995   0.00149965  0.000194595 
        -8.5      128.773     0.999995   0.00149971  0.000195601 
        -8.5      129.237     0.999996   0.00149978  0.000196611 
        -8.5      129.702     0.999997   0.00149983  0.000197624 
        -8.5      130.169     0.999997   0.00149989   0.00019864 
        -8.5      130.636     0.999998   0.00149994  0.000199659 
        -8.5      131.103     0.999999   0.00149999  0.000200681 
        -8.5      131.572     0.999999   0.00150003  0.000201707 
        -8.5      132.041            1   0.00150008  0.000202735 
        -8.5      132.512            1   0.00150011  0.000203766 
        -8.5      132.983            1   0.00150015    0.0002048 
        -8.5      133.455            1   0.00150018  0.000205838 
        -8.5      133.928            1   0.00150021  0.000206878 
        -8.5      134.401            1   0.00150023  0.000207921 
        -8.5      134.876            1   0.00150025  0.000208967 
        -8.5      135.351            1   0.00150027  0.000210016 
        -8.5      135.827            1   0.00150029  0.000211069 
        -8.5      136.304            1    0.0015003  0.000212124 
        -8.5      136.782      1.00001   0.00150031  0.000213182 
        -8.5      137.261      1.00001   0.00150031  0.000214242 
        -8.5       137.74      1.00001   0.00150032  0.000215306 
        -8.5      138.221      1.00001   0.00150032  0.000216373 
        -8.5      138.702      1.00001   0.00150032  0.000217442 
        -8.5      139.184      1.00001   0.00150031  0.000218515 
        -8.5      139.667      1.00001    0.0015003   0.00021959 
        -8.5      140.151      1.00001   0.00150029  0.000220668 
        -8.5      140.635      1.00001   0.00150028  0.000221749 
        -8.5       141.12      1.00001   0.00150026  0.000222832 
        -8.5      141.607      1.00001   0.00150024  0.000223919 
        -8.5      142.094      1.00001   0.00150022  0.000225008 
        -8.5      142.582      1.00001    0.0015002    0.0002261 
        -8.5       143.07      1.00001   0.00150017  0.000227194 
        -8.5       143.56      1.00001   0.00150014  0.000228292 
        -8.5       144.05      1.00001   0.00150011  0.000229392 
        -8.5      144.541      1.00001   0.00150008  0.000230495 
        -8.5      145.033      1.00001   0.00150005    0.0002316 
        -8.5      145.526      1.00001   0.00150001  0.000232708 
        -8.5       146.02      1.00001   0.00149997  0.000233819 
        -8.5      146.515      1.00001   0.00149993  0.000234932 
        -8.5       147.01      1.00001   0.00149988  0.000236049 
        -8.5      147.506      1.00001   0.00149984  0.000237167 
        -8.5      148.003      1.00001   0.00149979  0.000238288 
        -8.5      148.501      1.00001   0.00149974  0.000239412 
        -8.5          149      1.00001   0.00149969  0.000240538 
        -8.5        149.5      1.00001   0.00149964  0.000241667 
        -8.5          150      1.00001   0.00149958  0.000242799 
