Variables = x, y, u, v, p

Zone, I=600, F=POINT
        45.5            0  3.74418e-06  6.19338e-08 -0.000158349 
        45.5     0.000418  0.000248653  6.05288e-08 -0.000158348 
        45.5     0.001672  0.000983363  6.07115e-08 -0.000158345 
        45.5     0.003763   0.00220841  7.56602e-08 -0.000158339 
        45.5     0.006689   0.00392252  1.27222e-07 -0.000158331 
        45.5     0.010451   0.00612615  2.45818e-07  -0.00015832 
        45.5      0.01505    0.0088197  4.70304e-07 -0.000158305 
        45.5     0.020485    0.0120023  8.47609e-07 -0.000158288 
        45.5     0.026756    0.0156737  1.43254e-06 -0.000158266 
        45.5     0.033863    0.0198334  2.28744e-06  -0.00015824 
        45.5     0.041806     0.024481  3.48175e-06  -0.00015821 
        45.5     0.050585    0.0296157  5.09163e-06 -0.000158175 
        45.5     0.060201    0.0352374  7.19966e-06 -0.000158135 
        45.5     0.070652     0.041344  9.89338e-06 -0.000158091 
        45.5      0.08194    0.0479355  1.32663e-05 -0.000158041 
        45.5     0.094063    0.0550094  1.74154e-05 -0.000157988 
        45.5     0.107023    0.0625652  2.24423e-05  -0.00015793 
        45.5     0.120819    0.0706005  2.84509e-05  -0.00015787 
        45.5     0.135451    0.0791131  3.55474e-05 -0.000157809 
        45.5     0.150919    0.0881004  4.38392e-05 -0.000157749 
        45.5     0.167224    0.0975601  5.34348e-05 -0.000157691 
        45.5     0.184364     0.107488  6.44402e-05 -0.000157639 
        45.5     0.202341      0.11788  7.69624e-05 -0.000157596 
        45.5     0.221153     0.128733  9.11029e-05 -0.000157567 
        45.5     0.240802     0.140041  0.000106962 -0.000157556 
        45.5     0.261287     0.151745  0.000124107 -0.000157504 
        45.5     0.282608     0.163976  0.000143931 -0.000157295 
        45.5     0.304765     0.176622  0.000165533 -0.000157113 
        45.5     0.327758     0.189675  0.000188939 -0.000156956 
        45.5     0.351588     0.203125  0.000214157 -0.000156825 
        45.5     0.376253     0.216963  0.000241174 -0.000156714 
        45.5     0.401755     0.231177  0.000269962  -0.00015662 
        45.5     0.428092     0.245756  0.000300465 -0.000156537 
        45.5     0.455266     0.260689  0.000332609 -0.000156459 
        45.5     0.483276     0.275963  0.000366289 -0.000156377 
        45.5     0.512122     0.291564  0.000401371  -0.00015628 
        45.5     0.541805     0.307479  0.000437694 -0.000156156 
        45.5     0.572323     0.323691  0.000475055 -0.000155992 
        45.5     0.603677     0.340186  0.000513224 -0.000155771 
        45.5     0.635868     0.356946  0.000551928 -0.000155476 
        45.5     0.668894     0.373954  0.000590852 -0.000155084 
        45.5     0.702757     0.391191  0.000629641 -0.000154574 
        45.5     0.737456     0.408637  0.000667888 -0.000153919 
        45.5     0.772991     0.426475   0.00070964 -0.000153825 
        45.5     0.809362     0.444376  0.000747301 -0.000153179 
        45.5      0.84657     0.462533   0.00078607 -0.000152526 
        45.5     0.884613     0.480925  0.000825933 -0.000151862 
        45.5     0.923492     0.499526  0.000866877 -0.000151183 
        45.5     0.963208     0.518311  0.000908886 -0.000150485 
        45.5      1.00376     0.537251  0.000951937 -0.000149763 
        45.5      1.04515     0.556317  0.000996004  -0.00014901 
        45.5      1.08737     0.575475   0.00104106 -0.000148222 
        45.5      1.13043     0.594691   0.00108707  -0.00014739 
        45.5      1.17433     0.613928   0.00113399 -0.000146507 
        45.5      1.21906     0.633146   0.00118178 -0.000145564 
        45.5      1.26463     0.652303    0.0012304 -0.000144553 
        45.5      1.31103     0.671353   0.00127978 -0.000143463 
        45.5      1.35827      0.69025   0.00132988 -0.000142284 
        45.5      1.40635     0.708943   0.00138061 -0.000141003 
        45.5      1.45526     0.727377   0.00143192 -0.000139609 
        45.5      1.50501     0.745496   0.00148373 -0.000138087 
        45.5       1.5556      0.76324   0.00153595 -0.000136423 
        45.5      1.60702     0.780545   0.00158848 -0.000134601 
        45.5      1.65928     0.797344   0.00164124 -0.000132604 
        45.5      1.71237     0.813568   0.00169411 -0.000130415 
        45.5       1.7663     0.829151   0.00173745 -0.000126362 
        45.5      1.82106     0.843782   0.00178876 -0.000124606 
        45.5      1.87667     0.857722   0.00183792 -0.000122721 
        45.5      1.93311      0.87096   0.00188487 -0.000120706 
        45.5      1.99038     0.883489   0.00192957 -0.000118562 
        45.5      2.04849     0.895301   0.00197199 -0.000116293 
        45.5      2.10744     0.906393    0.0020121 -0.000113899 
        45.5      2.16722     0.916764   0.00204988 -0.000111385 
        45.5      2.22784     0.926416   0.00208532 -0.000108753 
        45.5      2.28929     0.935351   0.00211839 -0.000106007 
        45.5      2.35158     0.943576   0.00214911 -0.000103153 
        45.5      2.41471     0.951102   0.00217749 -0.000100194 
        45.5      2.47867     0.957942   0.00220353 -9.71361e-05 
        45.5      2.54347      0.96411   0.00222727 -9.39865e-05 
        45.5      2.60911     0.969626   0.00224873 -9.07517e-05 
        45.5      2.67558     0.974513   0.00226796 -8.74392e-05 
        45.5      2.74288     0.978797   0.00228501 -8.40576e-05 
        45.5      2.81103     0.982507   0.00229994 -8.06156e-05 
        45.5      2.88001     0.985678   0.00231284 -7.71232e-05 
        45.5      2.94983     0.988345   0.00232377 -7.35908e-05 
        45.5      3.02048     0.990552   0.00233283 -7.00297e-05 
        45.5      3.09197     0.992342   0.00234013  -6.6452e-05 
        45.5      3.16429     0.993767   0.00234579 -6.28707e-05 
        45.5      3.23745     0.994879   0.00234994 -5.92996e-05 
        45.5      3.31145     0.995739   0.00235271 -5.57533e-05 
        45.5      3.38628     0.996409   0.00235426 -5.22475e-05 
        45.5      3.46195     0.996958   0.00235477 -4.87985e-05 
        45.5      3.53845     0.997458    0.0023544  -4.5424e-05 
        45.5      3.61579     0.997989   0.00235336 -4.21423e-05 
        45.5      3.69397     0.998633   0.00235186 -3.89728e-05 
        45.5      3.77298     0.999079   0.00235476 -3.53407e-05 
        45.5      3.85283     0.999215   0.00235241 -3.13769e-05 
        45.5      3.93352     0.999332   0.00234997 -2.74852e-05 
        45.5      4.01504     0.999431   0.00234743 -2.36581e-05 
        45.5       4.0974     0.999512   0.00234479 -1.98871e-05 
        45.5      4.18059     0.999578   0.00234207 -1.61633e-05 
        45.5      4.26462     0.999629   0.00233926  -1.2477e-05 
        45.5      4.34949     0.999666   0.00233638 -8.81777e-06 
        45.5      4.43519     0.999692   0.00233342 -5.17452e-06 
        45.5      4.52173     0.999708    0.0023304  -1.5353e-06 
        45.5       4.6091     0.999715   0.00232731  2.11246e-06 
        45.5      4.69731     0.999715   0.00232417  5.78227e-06 
        45.5      4.78636     0.999711   0.00232098  9.48842e-06 
        45.5      4.87624     0.999704   0.00231775   1.3246e-05 
        45.5      4.96696     0.999696   0.00231448  1.70708e-05 
        45.5      5.05851      0.99969    0.0023112  2.09798e-05 
        45.5       5.1509     0.999689   0.00230789  2.49905e-05 
        45.5      5.24413     0.999694   0.00230458  2.91218e-05 
        45.5       5.3382     0.999672   0.00230072  3.21043e-05 
        45.5      5.43309     0.999672   0.00229719    3.577e-05 
        45.5      5.52883     0.999672   0.00229362  3.94311e-05 
        45.5       5.6254     0.999671      0.00229  4.30862e-05 
        45.5      5.72281     0.999669   0.00228633  4.67341e-05 
        45.5      5.82105     0.999667   0.00228263  5.03735e-05 
        45.5      5.92013     0.999665   0.00227888  5.40031e-05 
        45.5      6.02005     0.999662   0.00227509  5.76216e-05 
        45.5       6.1208     0.999659   0.00227126  6.12276e-05 
        45.5      6.22239     0.999655   0.00226739  6.48197e-05 
        45.5      6.32482     0.999652   0.00226348  6.83965e-05 
        45.5      6.42808     0.999648   0.00225953  7.19566e-05 
        45.5      6.53217     0.999644   0.00225554  7.54985e-05 
        45.5      6.63711     0.999641   0.00225151  7.90208e-05 
        45.5      6.74287     0.999637   0.00224745  8.25219e-05 
        45.5      6.84948     0.999633   0.00224336  8.60003e-05 
        45.5      6.95692      0.99963   0.00223923  8.94544e-05 
        45.5       7.0652     0.999627   0.00223507  9.28827e-05 
        45.5      7.17431     0.999624   0.00223088  9.62835e-05 
        45.5      7.28426     0.999621   0.00222664  9.96863e-05 
        45.5      7.39505     0.999618   0.00222238  0.000103057 
        45.5      7.50667     0.999615   0.00221809  0.000106401 
        45.5      7.61913     0.999613   0.00221377  0.000109718 
        45.5      7.73242      0.99961   0.00220942  0.000113007 
        45.5      7.84655     0.999607   0.00220503  0.000116268 
        45.5      7.96152     0.999604   0.00220061  0.000119499 
        45.5      8.07732     0.999601   0.00219616  0.000122701 
        45.5      8.19396     0.999599   0.00219168  0.000125873 
        45.5      8.31143     0.999596   0.00218718  0.000129015 
        45.5      8.42974     0.999593   0.00218264  0.000132125 
        45.5      8.54889     0.999591   0.00217809  0.000135204 
        45.5      8.66887     0.999588   0.00217351  0.000138253 
        45.5      8.78969     0.999586   0.00216889  0.000141268 
        45.5      8.91135     0.999583   0.00216425   0.00014425 
        45.5      9.03384     0.999581   0.00215959  0.000147196 
        45.5      9.15717     0.999579    0.0021549  0.000150107 
        45.5      9.28133     0.999576   0.00215019  0.000152982 
        45.5      9.40633     0.999574   0.00214546   0.00015582 
        45.5      9.53216     0.999572    0.0021407   0.00015862 
        45.5      9.65884     0.999569   0.00213593  0.000161382 
        45.5      9.78634     0.999567   0.00213113  0.000164116 
        45.5      9.91469     0.999565   0.00212632  0.000166801 
        45.5      10.0439     0.999563   0.00212149   0.00016945 
        45.5      10.1739     0.999561   0.00211665   0.00017206 
        45.5      10.3047     0.999559   0.00211178  0.000174631 
        45.5      10.4364     0.999557    0.0021069  0.000177164 
        45.5      10.5689     0.999555     0.002102  0.000179656 
        45.5      10.7023     0.999553   0.00209709  0.000182108 
        45.5      10.8365     0.999551   0.00209216   0.00018452 
        45.5      10.9715     0.999549   0.00208723  0.000186858 
        45.5      11.1074     0.999547   0.00208229  0.000189188 
        45.5      11.2441     0.999546   0.00207733  0.000191475 
        45.5      11.3817     0.999544   0.00207236  0.000193719 
        45.5        11.52     0.999542   0.00206738  0.000195918 
        45.5      11.6592     0.999541    0.0020624  0.000198074 
        45.5      11.7993     0.999539   0.00205741  0.000200186 
        45.5      11.9402     0.999538   0.00205241  0.000202254 
        45.5      12.0819     0.999536   0.00204741  0.000204278 
        45.5      12.2245     0.999535    0.0020424  0.000206257 
        45.5      12.3679     0.999533   0.00203739  0.000208193 
        45.5      12.5121     0.999532   0.00203237  0.000210084 
        45.5      12.6572     0.999531   0.00202735  0.000211931 
        45.5      12.8031     0.999529   0.00202233  0.000213733 
        45.5      12.9498     0.999528   0.00201731  0.000215492 
        45.5      13.0974     0.999527   0.00201229  0.000217207 
        45.5      13.2458     0.999526   0.00200727  0.000218878 
        45.5       13.395     0.999525   0.00200225  0.000220506 
        45.5      13.5451     0.999524   0.00199723   0.00022209 
        45.5       13.696     0.999523   0.00199222  0.000223631 
        45.5      13.8478     0.999522   0.00198722   0.00022513 
        45.5      14.0004     0.999521   0.00198221  0.000226586 
        45.5      14.1538     0.999521   0.00197722  0.000227999 
        45.5      14.3081      0.99952   0.00197223  0.000229371 
        45.5      14.4632     0.999519   0.00196725  0.000230702 
        45.5      14.6191     0.999519   0.00196228  0.000231992 
        45.5      14.7759     0.999518    0.0019573  0.000233215 
        45.5      14.9335     0.999517   0.00195235  0.000234401 
        45.5      15.0919     0.999517   0.00194741  0.000235546 
        45.5      15.2512     0.999517   0.00194248  0.000236651 
        45.5      15.4113     0.999516   0.00193756  0.000237714 
        45.5      15.5723     0.999516   0.00193266  0.000238737 
        45.5      15.7341     0.999515   0.00192776   0.00023972 
        45.5      15.8967     0.999515   0.00192288  0.000240661 
        45.5      16.0602     0.999515   0.00191802  0.000241562 
        45.5      16.2245     0.999515   0.00191317  0.000242423 
        45.5      16.3896     0.999515   0.00190833  0.000243243 
        45.5      16.5556     0.999514   0.00190351  0.000244022 
        45.5      16.7224     0.999514   0.00189871  0.000244762 
        45.5        16.89     0.999514   0.00189392  0.000245462 
        45.5      17.0585     0.999514   0.00188915  0.000246121 
        45.5      17.2278     0.999514   0.00188441  0.000246741 
        45.5      17.3979     0.999515   0.00187968  0.000247322 
        45.5      17.5689     0.999515   0.00187497  0.000247864 
        45.5      17.7408     0.999515   0.00187028  0.000248367 
        45.5      17.9134     0.999515   0.00186562  0.000248831 
        45.5      18.0869     0.999515   0.00186091  0.000249309 
        45.5      18.2612     0.999516   0.00185631  0.000249705 
        45.5      18.4364     0.999516   0.00185173  0.000250063 
        45.5      18.6124     0.999517   0.00184718  0.000250384 
        45.5      18.7892     0.999517   0.00184264  0.000250668 
        45.5      18.9669     0.999517   0.00183813  0.000250917 
        45.5      19.1454     0.999518   0.00183363  0.000251131 
        45.5      19.3248     0.999518   0.00182916  0.000251313 
        45.5       19.505     0.999519   0.00182471  0.000251463 
        45.5       19.686      0.99952   0.00182028  0.000251581 
        45.5      19.8678      0.99952   0.00181587  0.000251671 
        45.5      20.0505     0.999521   0.00181148  0.000251732 
        45.5      20.2341     0.999522   0.00180711  0.000251766 
        45.5      20.4184     0.999523    0.0018029  0.000251703 
        45.5      20.6036     0.999523   0.00179858  0.000251702 
        45.5      20.7897     0.999524   0.00179431  0.000251672 
        45.5      20.9765     0.999525   0.00179006  0.000251611 
        45.5      21.1642     0.999526   0.00178586  0.000251521 
        45.5      21.3528     0.999527   0.00178168  0.000251401 
        45.5      21.5422     0.999528   0.00177754  0.000251252 
        45.5      21.7324     0.999529   0.00177344  0.000251073 
        45.5      21.9234      0.99953   0.00176937  0.000250864 
        45.5      22.1153     0.999531   0.00176534  0.000250627 
        45.5       22.308     0.999532   0.00176134  0.000250361 
        45.5      22.5016     0.999533   0.00175722  0.000249966 
        45.5       22.696     0.999534   0.00175327  0.000249647 
        45.5      22.8912     0.999535   0.00174934  0.000249305 
        45.5      23.0873     0.999536   0.00174544  0.000248939 
        45.5      23.2842     0.999538   0.00174157  0.000248551 
        45.5       23.482     0.999539   0.00173773  0.000248141 
        45.5      23.6805      0.99954   0.00173393  0.000247709 
        45.5        23.88     0.999541   0.00173015  0.000247256 
        45.5      24.0802     0.999543    0.0017264  0.000246782 
        45.5      24.2813     0.999544   0.00172268  0.000246288 
        45.5      24.4832     0.999545     0.001719  0.000245774 
        45.5       24.686     0.999547   0.00171534  0.000245241 
        45.5      24.8896     0.999548   0.00171172  0.000244689 
        45.5       25.094     0.999549   0.00170812  0.000244119 
        45.5      25.2993     0.999551   0.00170456  0.000243531 
        45.5      25.5054     0.999552   0.00170104  0.000242927 
        45.5      25.7123     0.999554   0.00169754  0.000242306 
        45.5      25.9201     0.999555   0.00169407  0.000241669 
        45.5      26.1287     0.999557   0.00169064  0.000241017 
        45.5      26.3381     0.999558   0.00168724  0.000240351 
        45.5      26.5484      0.99956   0.00168388  0.000239671 
        45.5      26.7595     0.999562   0.00168054  0.000238978 
        45.5      26.9715     0.999563   0.00167724  0.000238273 
        45.5      27.1843     0.999565   0.00167398  0.000237556 
        45.5      27.3979     0.999566   0.00167074  0.000236828 
        45.5      27.6124     0.999568   0.00166754  0.000236091 
        45.5      27.8277      0.99957   0.00166437  0.000235344 
        45.5      28.0438     0.999571   0.00166121  0.000234585 
        45.5      28.2608     0.999573    0.0016581  0.000233794 
        45.5      28.4786     0.999575   0.00165502  0.000232995 
        45.5      28.6972     0.999576   0.00165197  0.000232188 
        45.5      28.9167     0.999578   0.00164895  0.000231374 
        45.5       29.137      0.99958   0.00164596  0.000230552 
        45.5      29.3582     0.999582     0.001643  0.000229723 
        45.5      29.5802     0.999583   0.00164007  0.000228887 
        45.5       29.803     0.999585   0.00163718  0.000228044 
        45.5      30.0267     0.999587   0.00163431  0.000227194 
        45.5      30.2512     0.999589   0.00163148  0.000226339 
        45.5      30.4765     0.999591   0.00162867  0.000225477 
        45.5      30.7027     0.999592   0.00162589  0.000224609 
        45.5      30.9297     0.999594   0.00162315  0.000223736 
        45.5      31.1575     0.999596   0.00162043  0.000222857 
        45.5      31.3862     0.999598   0.00161775  0.000221974 
        45.5      31.6157       0.9996   0.00161509  0.000221085 
        45.5      31.8461     0.999602   0.00161247  0.000220192 
        45.5      32.0773     0.999603   0.00160987  0.000219295 
        45.5      32.3093     0.999605    0.0016073  0.000218393 
        45.5      32.5421     0.999607   0.00160476  0.000217488 
        45.5      32.7758     0.999609   0.00160226   0.00021658 
        45.5      33.0104     0.999611   0.00159978  0.000215668 
        45.5      33.2457     0.999613   0.00159732  0.000214754 
        45.5      33.4819     0.999615    0.0015949  0.000213837 
        45.5       33.719     0.999617    0.0015925  0.000212917 
        45.5      33.9568     0.999619   0.00159014  0.000211996 
        45.5      34.1956     0.999621    0.0015878  0.000211074 
        45.5      34.4351     0.999622   0.00158548   0.00021015 
        45.5      34.6755     0.999624    0.0015832  0.000209226 
        45.5      34.9167     0.999626   0.00158094  0.000208301 
        45.5      35.1588     0.999628   0.00157871  0.000207376 
        45.5      35.4017      0.99963    0.0015765  0.000206451 
        45.5      35.6454     0.999632   0.00157432  0.000205526 
        45.5      35.8899     0.999634   0.00157216  0.000204603 
        45.5      36.1354     0.999636   0.00157003  0.000203681 
        45.5      36.3816     0.999638   0.00156793  0.000202761 
        45.5      36.6287      0.99964   0.00156585  0.000201843 
        45.5      36.8766     0.999642   0.00156379  0.000200928 
        45.5      37.1253     0.999644   0.00156176  0.000200016 
        45.5      37.3749     0.999646    0.0015598  0.000199113 
        45.5      37.6253     0.999648   0.00155781  0.000198132 
        45.5      37.8766      0.99965   0.00155584  0.000197208 
        45.5      38.1287     0.999652   0.00155387  0.000196329 
        45.5      38.3816     0.999654   0.00155198  0.000195422 
        45.5      38.6353     0.999656   0.00155011  0.000194519 
        45.5      38.8899     0.999658   0.00154826   0.00019362 
        45.5      39.1454      0.99966   0.00154643  0.000192725 
        45.5      39.4016     0.999662   0.00154462  0.000191834 
        45.5      39.6588     0.999664   0.00154283  0.000190948 
        45.5      39.9167     0.999665   0.00154107  0.000190065 
        45.5      40.1755     0.999667   0.00153933  0.000189188 
        45.5      40.4351     0.999669   0.00153761  0.000188314 
        45.5      40.6955     0.999671   0.00153591  0.000187445 
        45.5      40.9568     0.999673   0.00153423  0.000186581 
        45.5      41.2189     0.999675   0.00153258  0.000185722 
        45.5      41.4819     0.999677   0.00153094  0.000184868 
        45.5      41.7457     0.999679   0.00152933  0.000184018 
        45.5      42.0103     0.999681   0.00152773  0.000183174 
        45.5      42.2758     0.999683   0.00152616  0.000182335 
        45.5      42.5421     0.999685   0.00152461  0.000181501 
        45.5      42.8092     0.999687   0.00152307  0.000180673 
        45.5      43.0772     0.999689   0.00152156   0.00017985 
        45.5       43.346     0.999691   0.00152007  0.000179033 
        45.5      43.6157     0.999693    0.0015186  0.000178221 
        45.5      43.8862     0.999695   0.00151714  0.000177416 
        45.5      44.1575     0.999697   0.00151571  0.000176616 
        45.5      44.4296     0.999699   0.00151429  0.000175823 
        45.5      44.7026     0.999701    0.0015129  0.000175035 
        45.5      44.9765     0.999702   0.00151152  0.000174254 
        45.5      45.2511     0.999704   0.00151016   0.00017348 
        45.5      45.5266     0.999706   0.00150882  0.000172712 
        45.5       45.803     0.999708    0.0015075   0.00017195 
        45.5      46.0801      0.99971   0.00150619  0.000171195 
        45.5      46.3581     0.999712   0.00150491  0.000170448 
        45.5       46.637     0.999714   0.00150364  0.000169707 
        45.5      46.9167     0.999716   0.00150238  0.000168973 
        45.5      47.1972     0.999718   0.00150115  0.000168246 
        45.5      47.4785      0.99972   0.00149992  0.000167527 
        45.5      47.7607     0.999721   0.00149872  0.000166816 
        45.5      48.0438     0.999723   0.00149753  0.000166111 
        45.5      48.3276     0.999725   0.00149636  0.000165415 
        45.5      48.6123     0.999727    0.0014952  0.000164726 
        45.5      48.8979     0.999729   0.00149406  0.000164046 
        45.5      49.1842     0.999731   0.00149293  0.000163373 
        45.5      49.4714     0.999733   0.00149181  0.000162709 
        45.5      49.7595     0.999735   0.00149071  0.000162053 
        45.5      50.0484     0.999736   0.00148962  0.000161405 
        45.5      50.3381     0.999738   0.00148854  0.000160766 
        45.5      50.6286      0.99974   0.00148748  0.000160136 
        45.5        50.92     0.999742   0.00148647  0.000159467 
        45.5      51.2122     0.999744   0.00148545  0.000158858 
        45.5      51.5053     0.999746   0.00148444  0.000158256 
        45.5      51.7992     0.999747   0.00148344   0.00015766 
        45.5      52.0939     0.999749   0.00148246  0.000157072 
        45.5      52.3895     0.999751   0.00148149   0.00015649 
        45.5      52.6859     0.999753   0.00148053  0.000155915 
        45.5      52.9831     0.999755   0.00147958  0.000155347 
        45.5      53.2812     0.999756   0.00147865  0.000154787 
        45.5      53.5801     0.999758   0.00147773  0.000154233 
        45.5      53.8799      0.99976   0.00147682  0.000153688 
        45.5      54.1805     0.999762   0.00147593  0.000153149 
        45.5      54.4819     0.999763   0.00147505  0.000152618 
        45.5      54.7841     0.999765   0.00147418  0.000152095 
        45.5      55.0872     0.999767   0.00147332  0.000151579 
        45.5      55.3912     0.999769   0.00147247  0.000151072 
        45.5      55.6959      0.99977   0.00147164  0.000150572 
        45.5      56.0015     0.999772   0.00147081   0.00015008 
        45.5       56.308     0.999774      0.00147  0.000149597 
        45.5      56.6152     0.999776   0.00146921  0.000149122 
        45.5      56.9233     0.999777   0.00146842  0.000148655 
        45.5      57.2323     0.999779   0.00146764  0.000148196 
        45.5      57.5421     0.999781   0.00146688  0.000147746 
        45.5      57.8527     0.999782   0.00146612  0.000147305 
        45.5      58.1641     0.999784   0.00146538  0.000146872 
        45.5      58.4764     0.999786   0.00146465  0.000146449 
        45.5      58.7896     0.999787   0.00146393  0.000146034 
        45.5      59.1035     0.999789   0.00146322  0.000145628 
        45.5      59.4183     0.999791   0.00146255  0.000145268 
        45.5      59.7339     0.999792   0.00146184  0.000144875 
        45.5      60.0504     0.999794   0.00146114  0.000144492 
        45.5      60.3677     0.999796   0.00146045  0.000144118 
        45.5      60.6859     0.999797   0.00145977  0.000143754 
        45.5      61.0048     0.999799    0.0014591  0.000143398 
        45.5      61.3247     0.999801   0.00145844  0.000143052 
        45.5      61.6453     0.999802   0.00145779  0.000142714 
        45.5      61.9668     0.999804   0.00145714  0.000142385 
        45.5      62.2891     0.999806   0.00145651  0.000142065 
        45.5      62.6123     0.999807   0.00145589  0.000141753 
        45.5      62.9363     0.999809   0.00145527   0.00014145 
        45.5      63.2611      0.99981   0.00145467  0.000141155 
        45.5      63.5868     0.999812   0.00145407  0.000140868 
        45.5      63.9133     0.999814   0.00145348   0.00014059 
        45.5      64.2406     0.999815    0.0014529  0.000140319 
        45.5      64.5688     0.999817   0.00145232  0.000140057 
        45.5      64.8978     0.999818   0.00145176  0.000139802 
        45.5      65.2277      0.99982    0.0014512  0.000139554 
        45.5      65.5583     0.999821   0.00145065  0.000139314 
        45.5      65.8899     0.999823   0.00145011  0.000139082 
        45.5      66.2222     0.999824   0.00144958  0.000138856 
        45.5      66.5554     0.999826   0.00144905  0.000138638 
        45.5      66.8894     0.999827   0.00144853  0.000138427 
        45.5      67.2243     0.999829   0.00144801  0.000138222 
        45.5        67.56     0.999831    0.0014475  0.000138024 
        45.5      67.8966     0.999832     0.001447  0.000137833 
        45.5      68.2339     0.999834   0.00144651  0.000137647 
        45.5      68.5721     0.999835   0.00144602  0.000137468 
        45.5      68.9112     0.999837   0.00144554  0.000137295 
        45.5      69.2511     0.999838   0.00144506  0.000137128 
        45.5      69.5918      0.99984   0.00144458  0.000136967 
        45.5      69.9333     0.999841   0.00144412  0.000136811 
        45.5      70.2757     0.999842   0.00144356  0.000136817 
        45.5      70.6189     0.999844   0.00144312  0.000136684 
        45.5       70.963     0.999845   0.00144268   0.00013656 
        45.5      71.3079     0.999847   0.00144225  0.000136444 
        45.5      71.6536     0.999848   0.00144183  0.000136336 
        45.5      72.0002      0.99985    0.0014414  0.000136236 
        45.5      72.3476     0.999851   0.00144098  0.000136145 
        45.5      72.6959     0.999852   0.00144057  0.000136062 
        45.5      73.0449     0.999854   0.00144016  0.000135987 
        45.5      73.3949     0.999855   0.00143975   0.00013592 
        45.5      73.7456     0.999857   0.00143934  0.000135862 
        45.5      74.0972     0.999858   0.00143894  0.000135811 
        45.5      74.4496      0.99986   0.00143854  0.000135769 
        45.5      74.8029     0.999861   0.00143815  0.000135735 
        45.5       75.157     0.999862   0.00143776  0.000135708 
        45.5      75.5119     0.999864   0.00143737   0.00013569 
        45.5      75.8677     0.999865   0.00143699   0.00013568 
        45.5      76.2243     0.999866   0.00143661  0.000135678 
        45.5      76.5817     0.999868   0.00143624  0.000135684 
        45.5        76.94     0.999869   0.00143587  0.000135697 
        45.5      77.2991      0.99987    0.0014355  0.000135719 
        45.5      77.6591     0.999872   0.00143514  0.000135748 
        45.5      78.0198     0.999873   0.00143478  0.000135785 
        45.5      78.3815     0.999874   0.00143442   0.00013583 
        45.5      78.7439     0.999876   0.00143407  0.000135883 
        45.5      79.1072     0.999877   0.00143372  0.000135943 
        45.5      79.4714     0.999878   0.00143337  0.000136011 
        45.5      79.8363      0.99988   0.00143303  0.000136087 
        45.5      80.2021     0.999881    0.0014327   0.00013617 
        45.5      80.5688     0.999882   0.00143236  0.000136261 
        45.5      80.9362     0.999884   0.00143203  0.000136359 
        45.5      81.3045     0.999885   0.00143171  0.000136465 
        45.5      81.6737     0.999886   0.00143138  0.000136578 
        45.5      82.0437     0.999887   0.00143106  0.000136699 
        45.5      82.4145     0.999889   0.00143075  0.000136826 
        45.5      82.7861      0.99989   0.00143044  0.000136961 
        45.5      83.1586     0.999891   0.00143017  0.000137027 
        45.5       83.532     0.999892   0.00142985  0.000137167 
        45.5      83.9061     0.999894   0.00142954  0.000137314 
        45.5      84.2811     0.999895   0.00142923  0.000137466 
        45.5       84.657     0.999896   0.00142892  0.000137625 
        45.5      85.0336     0.999897   0.00142861   0.00013779 
        45.5      85.4111     0.999899   0.00142831   0.00013796 
        45.5      85.7895       0.9999   0.00142801  0.000138137 
        45.5      86.1687     0.999901   0.00142772  0.000138321 
        45.5      86.5487     0.999902   0.00142743   0.00013851 
        45.5      86.9295     0.999903   0.00142714  0.000138705 
        45.5      87.3112     0.999905   0.00142685  0.000138907 
        45.5      87.6937     0.999906   0.00142656  0.000139114 
        45.5      88.0771     0.999907   0.00142628  0.000139328 
        45.5      88.4613     0.999908     0.001426  0.000139548 
        45.5      88.8463     0.999909   0.00142572  0.000139775 
        45.5      89.2322     0.999911   0.00142545  0.000140007 
        45.5      89.6189     0.999912   0.00142518  0.000140246 
        45.5      90.0064     0.999913    0.0014249   0.00014049 
        45.5      90.3948     0.999914   0.00142464  0.000140741 
        45.5       90.784     0.999915   0.00142437  0.000140999 
        45.5      91.1741     0.999916    0.0014241  0.000141262 
        45.5       91.565     0.999917   0.00142384  0.000141531 
        45.5      91.9567     0.999919   0.00142358  0.000141807 
        45.5      92.3492      0.99992   0.00142332  0.000142089 
        45.5      92.7426     0.999921   0.00142306  0.000142377 
        45.5      93.1369     0.999922   0.00142281  0.000142672 
        45.5      93.5319     0.999923   0.00142255  0.000142972 
        45.5      93.9278     0.999924    0.0014223  0.000143279 
        45.5      94.3246     0.999925   0.00142205  0.000143592 
        45.5      94.7221     0.999926   0.00142179  0.000143911 
        45.5      95.1206     0.999928   0.00142154  0.000144237 
        45.5      95.5198     0.999929    0.0014213  0.000144568 
        45.5      95.9199      0.99993   0.00142105  0.000144906 
        45.5      96.3208     0.999931    0.0014208   0.00014525 
        45.5      96.7226     0.999932   0.00142055    0.0001456 
        45.5      97.1251     0.999933   0.00142031  0.000145957 
        45.5      97.5286     0.999934   0.00142006  0.000146319 
        45.5      97.9328     0.999935   0.00141982  0.000146688 
        45.5      98.3379     0.999936   0.00141958  0.000147063 
        45.5      98.7439     0.999937   0.00141933  0.000147444 
        45.5      99.1506     0.999938   0.00141909  0.000147831 
        45.5      99.5583     0.999939   0.00141884  0.000148225 
        45.5      99.9667      0.99994    0.0014186  0.000148624 
        45.5      100.376     0.999942   0.00141836   0.00014903 
        45.5      100.786     0.999944   0.00141797  0.000149414 
        45.5      101.197     0.999945   0.00141775  0.000149824 
        45.5      101.609     0.999946   0.00141753   0.00015024 
        45.5      102.021     0.999947    0.0014173  0.000150661 
        45.5      102.435     0.999948   0.00141708  0.000151088 
        45.5      102.849     0.999948   0.00141686   0.00015152 
        45.5      103.264     0.999949   0.00141663  0.000151957 
        45.5       103.68      0.99995   0.00141641    0.0001524 
        45.5      104.097     0.999951   0.00141618  0.000152848 
        45.5      104.515     0.999952   0.00141596  0.000153301 
        45.5      104.933     0.999953   0.00141573   0.00015376 
        45.5      105.353     0.999954    0.0014155  0.000154224 
        45.5      105.773     0.999955   0.00141527  0.000154693 
        45.5      106.194     0.999955   0.00141505  0.000155168 
        45.5      106.616     0.999956   0.00141482  0.000155648 
        45.5      107.038     0.999957   0.00141459  0.000156133 
        45.5      107.462     0.999958   0.00141436  0.000156624 
        45.5      107.886     0.999959   0.00141413  0.000157119 
        45.5      108.311      0.99996   0.00141389   0.00015762 
        45.5      108.737     0.999961   0.00141366  0.000158127 
        45.5      109.164     0.999962   0.00141343  0.000158638 
        45.5      109.592     0.999963    0.0014132  0.000159155 
        45.5       110.02     0.999964   0.00141296  0.000159677 
        45.5       110.45     0.999964   0.00141273  0.000160204 
        45.5       110.88     0.999965   0.00141249  0.000160736 
        45.5      111.311     0.999966   0.00141226  0.000161274 
        45.5      111.743     0.999967   0.00141202  0.000161816 
        45.5      112.175     0.999968   0.00141179  0.000162364 
        45.5      112.609     0.999969   0.00141155  0.000162917 
        45.5      113.043      0.99997   0.00141131  0.000163475 
        45.5      113.478     0.999971   0.00141107  0.000164038 
        45.5      113.914     0.999972   0.00141083  0.000164606 
        45.5      114.351     0.999973   0.00141059   0.00016518 
        45.5      114.789     0.999974   0.00141035  0.000165758 
        45.5      115.228     0.999975   0.00141011  0.000166341 
        45.5      115.667     0.999976   0.00140987  0.000166929 
        45.5      116.107     0.999977   0.00140963  0.000167523 
        45.5      116.548     0.999977   0.00140938  0.000168121 
        45.5       116.99     0.999978   0.00140914  0.000168724 
        45.5      117.433     0.999979    0.0014089  0.000169332 
        45.5      117.876      0.99998   0.00140865  0.000169945 
        45.5      118.321     0.999981    0.0014084  0.000170563 
        45.5      118.766     0.999982   0.00140816  0.000171186 
        45.5      119.212     0.999983   0.00140791  0.000171814 
        45.5      119.659     0.999984   0.00140766  0.000172446 
        45.5      120.107     0.999985   0.00140741  0.000173084 
        45.5      120.555     0.999986   0.00140716  0.000173726 
        45.5      121.005     0.999987   0.00140691  0.000174373 
        45.5      121.455     0.999988   0.00140666  0.000175024 
        45.5      121.906     0.999989   0.00140641  0.000175681 
        45.5      122.358      0.99999   0.00140616  0.000176342 
        45.5      122.811     0.999991   0.00140591  0.000177007 
        45.5      123.264     0.999992   0.00140565  0.000177678 
        45.5      123.719     0.999992    0.0014054  0.000178353 
        45.5      124.174     0.999993   0.00140514  0.000179032 
        45.5       124.63     0.999994   0.00140488  0.000179716 
        45.5      125.087     0.999995   0.00140463  0.000180405 
        45.5      125.545     0.999996   0.00140437  0.000181098 
        45.5      126.003     0.999997   0.00140411  0.000181796 
        45.5      126.463     0.999998   0.00140385  0.000182498 
        45.5      126.923     0.999999   0.00140359  0.000183204 
        45.5      127.384            1   0.00140333  0.000183915 
        45.5      127.846            1   0.00140307  0.000184631 
        45.5      128.309            1    0.0014028   0.00018535 
        45.5      128.773            1   0.00140254  0.000186074 
        45.5      129.237            1   0.00140227  0.000186802 
        45.5      129.702            1   0.00140201  0.000187535 
        45.5      130.169      1.00001   0.00140174  0.000188271 
        45.5      130.636      1.00001   0.00140147  0.000189012 
        45.5      131.103      1.00001   0.00140121  0.000189757 
        45.5      131.572      1.00001   0.00140094  0.000190506 
        45.5      132.041      1.00001   0.00140067   0.00019126 
        45.5      132.512      1.00001    0.0014004  0.000192017 
        45.5      132.983      1.00002    0.0013998  0.000192587 
        45.5      133.455      1.00002   0.00139953  0.000193348 
        45.5      133.928      1.00002   0.00139926  0.000194113 
        45.5      134.401      1.00002   0.00139898  0.000194883 
        45.5      134.876      1.00002   0.00139871  0.000195658 
        45.5      135.351      1.00002   0.00139843  0.000196438 
        45.5      135.827      1.00002   0.00139815  0.000197222 
        45.5      136.304      1.00002   0.00139787  0.000198011 
        45.5      136.782      1.00002   0.00139759  0.000198805 
        45.5      137.261      1.00003   0.00139731  0.000199604 
        45.5       137.74      1.00003   0.00139702  0.000200407 
        45.5      138.221      1.00003   0.00139674  0.000201215 
        45.5      138.702      1.00003   0.00139645  0.000202028 
        45.5      139.184      1.00003   0.00139616  0.000202846 
        45.5      139.667      1.00003   0.00139586  0.000203668 
        45.5      140.151      1.00003   0.00139557  0.000204496 
        45.5      140.635      1.00003   0.00139527  0.000205328 
        45.5       141.12      1.00003   0.00139498  0.000206165 
        45.5      141.607      1.00003   0.00139467  0.000207007 
        45.5      142.094      1.00003   0.00139437  0.000207853 
        45.5      142.582      1.00003   0.00139407  0.000208705 
        45.5       143.07      1.00003   0.00139376  0.000209561 
        45.5       143.56      1.00003   0.00139345  0.000210423 
        45.5       144.05      1.00003   0.00139314  0.000211289 
        45.5      144.541      1.00003   0.00139283   0.00021216 
        45.5      145.033      1.00003   0.00139251  0.000213036 
        45.5      145.526      1.00003   0.00139219  0.000213916 
        45.5       146.02      1.00003   0.00139187  0.000214802 
        45.5      146.515      1.00003   0.00139155  0.000215693 
        45.5       147.01      1.00003   0.00139122  0.000216588 
        45.5      147.506      1.00002   0.00139089  0.000217488 
        45.5      148.003      1.00002   0.00139056  0.000218394 
        45.5      148.501      1.00002   0.00139023  0.000219304 
        45.5          149      1.00002   0.00138989  0.000220219 
        45.5        149.5      1.00002   0.00138955  0.000221139 
        45.5          150      1.00002   0.00138921  0.000222064 
