Variables = x, y, u, v, p

Zone, I=600, F=POINT
       878.5            0  8.58236e-08 -5.10704e-09  -3.8562e-05 
       878.5     0.000418  0.000125904 -4.96982e-09 -3.85617e-05 
       878.5     0.001672  0.000503357 -4.43646e-09  -3.8561e-05 
       878.5     0.003763   0.00113275 -3.14089e-09 -3.85599e-05 
       878.5     0.006689   0.00201348  -4.7436e-10 -3.85584e-05 
       878.5     0.010451   0.00314585  4.41947e-09 -3.85567e-05 
       878.5      0.01505   0.00453016  1.26465e-08 -3.85549e-05 
       878.5     0.020485   0.00616611  2.55604e-08  -3.8553e-05 
       878.5     0.026756   0.00805371  4.47698e-08 -3.85512e-05 
       878.5     0.033863     0.010193  7.21407e-08 -3.85497e-05 
       878.5     0.041806    0.0125838  1.09801e-07 -3.85486e-05 
       878.5     0.050585    0.0152264  1.60146e-07 -3.85479e-05 
       878.5     0.060201    0.0181209  2.25849e-07 -3.85478e-05 
       878.5     0.070652    0.0212667  3.09844e-07 -3.85482e-05 
       878.5      0.08194    0.0246644  4.15376e-07 -3.85492e-05 
       878.5     0.094063    0.0283135   5.4595e-07 -3.85506e-05 
       878.5     0.107023    0.0322145   7.0541e-07 -3.85522e-05 
       878.5     0.120819    0.0363671  8.97879e-07 -3.85536e-05 
       878.5     0.135451    0.0407712  1.12781e-06 -3.85546e-05 
       878.5     0.150919    0.0454269  1.39997e-06 -3.85543e-05 
       878.5     0.167224    0.0503344  1.71949e-06 -3.85521e-05 
       878.5     0.184364    0.0554931  2.09181e-06 -3.85471e-05 
       878.5     0.202341    0.0609035  2.52278e-06 -3.85379e-05 
       878.5     0.221153     0.066565  3.01855e-06 -3.85232e-05 
       878.5     0.240802    0.0724781  3.58575e-06 -3.85014e-05 
       878.5     0.261287    0.0786429  4.17445e-06 -3.84181e-05 
       878.5     0.282608    0.0850574  4.92367e-06 -3.85217e-05 
       878.5     0.304765     0.091723  5.75219e-06 -3.85979e-05 
       878.5     0.327758    0.0986394  6.66682e-06 -3.86466e-05 
       878.5     0.351588     0.105807  7.67487e-06 -3.86684e-05 
       878.5     0.376253     0.113224  8.78398e-06 -3.86648e-05 
       878.5     0.401755     0.120891  1.00025e-05  -3.8638e-05 
       878.5     0.428092     0.128808  1.13391e-05 -3.85911e-05 
       878.5     0.455266     0.136973  1.28031e-05 -3.85284e-05 
       878.5     0.483276     0.145386  1.44044e-05  -3.8455e-05 
       878.5     0.512122     0.154047  1.61535e-05 -3.83774e-05 
       878.5     0.541805     0.162955  1.80616e-05 -3.83033e-05 
       878.5     0.572323     0.172108  2.01402e-05 -3.82416e-05 
       878.5     0.603677     0.181506  2.24019e-05 -3.82029e-05 
       878.5     0.635868     0.191148  2.48599e-05 -3.81993e-05 
       878.5     0.668894     0.201031  2.75279e-05 -3.82445e-05 
       878.5     0.702757     0.211157  3.04207e-05  -3.8354e-05 
       878.5     0.737456     0.221522  3.35538e-05 -3.85451e-05 
       878.5     0.772991     0.232122   3.6998e-05 -3.81634e-05 
       878.5     0.809362     0.242958  4.04442e-05 -3.85028e-05 
       878.5      0.84657     0.254027  4.41547e-05 -3.87664e-05 
       878.5     0.884613     0.265327   4.8138e-05 -3.89558e-05 
       878.5     0.923492     0.276855  5.24021e-05 -3.90733e-05 
       878.5     0.963208     0.288607   5.6955e-05 -3.91222e-05 
       878.5      1.00376     0.300579  6.18041e-05 -3.91067e-05 
       878.5      1.04515     0.312766  6.69564e-05 -3.90321e-05 
       878.5      1.08737     0.325164  7.24186e-05 -3.89047e-05 
       878.5      1.13043     0.337767   7.8197e-05  -3.8732e-05 
       878.5      1.17433      0.35057  8.42971e-05 -3.85226e-05 
       878.5      1.21906     0.363566  9.07244e-05 -3.82864e-05 
       878.5      1.26463      0.37675  9.74835e-05 -3.80346e-05 
       878.5      1.31103     0.390115  0.000104578 -3.77798e-05 
       878.5      1.35827     0.403652  0.000112012  -3.7536e-05 
       878.5      1.40635     0.417355  0.000119788 -3.73187e-05 
       878.5      1.45526     0.431215  0.000127909 -3.71451e-05 
       878.5      1.50501     0.445222  0.000136374  -3.7034e-05 
       878.5       1.5556     0.459368  0.000145185 -3.70057e-05 
       878.5      1.60702     0.473643  0.000154342 -3.70825e-05 
       878.5      1.65928     0.488035  0.000163843 -3.72887e-05 
       878.5      1.71237     0.502534  0.000173687 -3.76501e-05 
       878.5       1.7663     0.516828  0.000181585 -4.27546e-05 
       878.5      1.82106      0.53164  0.000193397 -4.15279e-05 
       878.5      1.87667      0.54647  0.000205454 -4.04462e-05 
       878.5      1.93311     0.561306  0.000217751  -3.9507e-05 
       878.5      1.99038     0.576134  0.000230282 -3.87073e-05 
       878.5      2.04849      0.59094  0.000243042 -3.80433e-05 
       878.5      2.10744     0.605711  0.000256024 -3.75104e-05 
       878.5      2.16722     0.620433  0.000269219 -3.71029e-05 
       878.5      2.22784     0.635089  0.000282621 -3.68146e-05 
       878.5      2.28929     0.649665  0.000296219 -3.66379e-05 
       878.5      2.35158     0.664144  0.000310003 -3.65646e-05 
       878.5      2.41471     0.678511  0.000323964 -3.65854e-05 
       878.5      2.47867     0.692748   0.00033809 -3.66899e-05 
       878.5      2.54347     0.706837  0.000352367 -3.68667e-05 
       878.5      2.60911     0.720761  0.000366783 -3.71031e-05 
       878.5      2.67558       0.7345  0.000381323 -3.73855e-05 
       878.5      2.74288     0.748036  0.000395972  -3.7699e-05 
       878.5      2.81103     0.761349  0.000410714 -3.80275e-05 
       878.5      2.88001     0.774417   0.00042553 -3.83536e-05 
       878.5      2.94983     0.787221  0.000440403 -3.86585e-05 
       878.5      3.02048     0.799738  0.000455313 -3.89223e-05 
       878.5      3.09197     0.811946  0.000470239 -3.91235e-05 
       878.5      3.16429     0.823822  0.000485158 -3.92393e-05 
       878.5      3.23745     0.835342  0.000500049 -3.92454e-05 
       878.5      3.31145     0.846482  0.000514887 -3.91159e-05 
       878.5      3.38628     0.857217  0.000529645 -3.88234e-05 
       878.5      3.46195     0.867521  0.000544297  -3.8339e-05 
       878.5      3.53845     0.877367  0.000558815 -3.76321e-05 
       878.5      3.61579     0.886729  0.000573169 -3.66703e-05 
       878.5      3.69397     0.895578  0.000587327 -3.54197e-05 
       878.5      3.77298      0.90934  0.000610943 -3.34977e-05 
       878.5      3.85283     0.915733  0.000621256   -3.613e-05 
       878.5      3.93352     0.921892  0.000631224 -3.86838e-05 
       878.5      4.01504     0.927814  0.000640844  -4.1159e-05 
       878.5       4.0974     0.933495  0.000650115 -4.35555e-05 
       878.5      4.18059     0.938934  0.000659034 -4.58735e-05 
       878.5      4.26462     0.944128  0.000667603 -4.81133e-05 
       878.5      4.34949     0.949076   0.00067582 -5.02754e-05 
       878.5      4.43519     0.953776  0.000683686 -5.23605e-05 
       878.5      4.52173     0.958228  0.000691203 -5.43695e-05 
       878.5       4.6091     0.962432  0.000698372 -5.63034e-05 
       878.5      4.69731     0.971694  0.000695994 -4.43812e-05 
       878.5      4.78636     0.973684  0.000701928 -4.45567e-05 
       878.5      4.87624     0.975602  0.000707645 -4.46994e-05 
       878.5      4.96696     0.977446  0.000713143 -4.48099e-05 
       878.5      5.05851     0.979216  0.000718422 -4.48886e-05 
       878.5       5.1509     0.980912   0.00072348 -4.49361e-05 
       878.5      5.24413     0.982534  0.000728317 -4.49529e-05 
       878.5       5.3382     0.984081  0.000732933 -4.49396e-05 
       878.5      5.43309     0.985554  0.000737327 -4.48972e-05 
       878.5      5.52883     0.986953    0.0007415 -4.48262e-05 
       878.5       5.6254     0.988278  0.000745453 -4.47278e-05 
       878.5      5.72281     0.989529  0.000749186 -4.46028e-05 
       878.5      5.82105     0.990707  0.000752702 -4.44522e-05 
       878.5      5.92013     0.991812     0.000756 -4.42773e-05 
       878.5      6.02005     0.992845  0.000759085 -4.40792e-05 
       878.5       6.1208     0.993807  0.000761957 -4.38593e-05 
       878.5      6.22239     0.994699   0.00076462 -4.36189e-05 
       878.5      6.32482     0.995522  0.000767076 -4.33596e-05 
       878.5      6.42808     0.996277   0.00076933 -4.30829e-05 
       878.5      6.53217     0.996966  0.000771386 -4.27906e-05 
       878.5      6.63711     0.997589  0.000773247 -4.24843e-05 
       878.5      6.74287     0.998149  0.000774919 -4.21659e-05 
       878.5      6.84948     0.998647  0.000776406 -4.18375e-05 
       878.5      6.95692     0.999085  0.000777715  -4.1501e-05 
       878.5       7.0652     0.999466  0.000778851 -4.11588e-05 
       878.5      7.17431     0.999791  0.000779821  -4.0813e-05 
       878.5      7.28426      1.00006  0.000780632  -4.0466e-05 
       878.5      7.39505      1.00028  0.000781292 -4.01205e-05 
       878.5      7.50667      1.00046  0.000781808 -3.97789e-05 
       878.5      7.61913      1.00059  0.000782189  -3.9444e-05 
       878.5      7.73242      1.00067  0.000782444 -3.91186e-05 
       878.5      7.84655      1.00072  0.000782583 -3.88059e-05 
       878.5      7.96152      1.00073  0.000782615 -3.85087e-05 
       878.5      8.07732      1.00071  0.000782552 -3.82304e-05 
       878.5      8.19396      1.00067  0.000782403 -3.79742e-05 
       878.5      8.31143       1.0006  0.000782182 -3.77438e-05 
       878.5      8.42974      1.00051  0.000781899 -3.75426e-05 
       878.5      8.54889       1.0004  0.000781569 -3.73743e-05 
       878.5      8.66887      1.00028  0.000781204  -3.7243e-05 
       878.5      8.78969      1.00016  0.000780819 -3.71525e-05 
       878.5      8.91135      1.00003  0.000780427  -3.7107e-05 
       878.5      9.03384     0.999911  0.000780045 -3.71108e-05 
       878.5      9.15717     0.999799  0.000779688 -3.71683e-05 
       878.5      9.28133     0.999702  0.000779372 -3.72842e-05 
       878.5      9.40633     0.999625  0.000779116 -3.74631e-05 
       878.5      9.53216     0.999575  0.000778936 -3.77099e-05 
       878.5      9.65884     0.999558  0.000778851 -3.80296e-05 
       878.5      9.78634      0.99958   0.00077888 -3.84276e-05 
       878.5      9.91469     0.999648  0.000779044  -3.8909e-05 
       878.5      10.0439     0.999769  0.000779362 -3.94794e-05 
       878.5      10.1739     0.999738   0.00077645 -4.55894e-05 
       878.5      10.3047     0.999736  0.000776858 -4.45063e-05 
       878.5      10.4364     0.999734  0.000777222 -4.34847e-05 
       878.5      10.5689     0.999733  0.000777544 -4.25237e-05 
       878.5      10.7023     0.999732  0.000777825 -4.16224e-05 
       878.5      10.8365     0.999731  0.000778066 -4.07798e-05 
       878.5      10.9715     0.999731  0.000778269 -3.99949e-05 
       878.5      11.1074     0.999731  0.000778435 -3.92666e-05 
       878.5      11.2441     0.999731  0.000778566 -3.85937e-05 
       878.5      11.3817     0.999732  0.000778663 -3.79748e-05 
       878.5        11.52     0.999733  0.000778728 -3.74087e-05 
       878.5      11.6592     0.999734  0.000778764 -3.68939e-05 
       878.5      11.7993     0.999735  0.000778771 -3.64289e-05 
       878.5      11.9402     0.999736  0.000778752 -3.60119e-05 
       878.5      12.0819     0.999738  0.000778708 -3.56415e-05 
       878.5      12.2245      0.99974  0.000778643 -3.53157e-05 
       878.5      12.3679     0.999742  0.000778557 -3.50327e-05 
       878.5      12.5121     0.999744  0.000778455 -3.47905e-05 
       878.5      12.6572     0.999747  0.000778337 -3.45871e-05 
       878.5      12.8031     0.999749  0.000778206 -3.44203e-05 
       878.5      12.9498     0.999752  0.000778065 -3.42879e-05 
       878.5      13.0974     0.999754  0.000777917 -3.41875e-05 
       878.5      13.2458     0.999757  0.000777765 -3.41168e-05 
       878.5       13.395      0.99976   0.00077761 -3.40731e-05 
       878.5      13.5451     0.999763  0.000777457 -3.40538e-05 
       878.5       13.696     0.999765  0.000777308 -3.40563e-05 
       878.5      13.8478     0.999768  0.000777167 -3.40776e-05 
       878.5      14.0004     0.999771  0.000777037 -3.41148e-05 
       878.5      14.1538     0.999774   0.00077692 -3.41649e-05 
       878.5      14.3081     0.999777  0.000776822 -3.42247e-05 
       878.5      14.4632     0.999779  0.000776744 -3.42909e-05 
       878.5      14.6191     0.999782  0.000776692 -3.43603e-05 
       878.5      14.7759     0.999784  0.000776668 -3.44292e-05 
       878.5      14.9335     0.999786  0.000776677  -3.4494e-05 
       878.5      15.0919     0.999788  0.000776723 -3.45512e-05 
       878.5      15.2512     0.999789   0.00077681 -3.45967e-05 
       878.5      15.4113     0.999791  0.000776942 -3.46268e-05 
       878.5      15.5723     0.999792  0.000777124 -3.46373e-05 
       878.5      15.7341     0.999792   0.00077736 -3.46239e-05 
       878.5      15.8967     0.999793  0.000777654 -3.45825e-05 
       878.5      16.0602     0.999793  0.000778012 -3.45086e-05 
       878.5      16.2245     0.999792  0.000778438 -3.43975e-05 
       878.5      16.3896     0.999791  0.000778938 -3.42447e-05 
       878.5      16.5556      0.99979  0.000779516 -3.40452e-05 
       878.5      16.7224     0.999788  0.000780178 -3.37942e-05 
       878.5        16.89     0.999785  0.000780929 -3.34865e-05 
       878.5      17.0585     0.999782  0.000781775  -3.3117e-05 
       878.5      17.2278     0.999778  0.000782721 -3.26803e-05 
       878.5      17.3979     0.999774  0.000783774 -3.21709e-05 
       878.5      17.5689     0.999804  0.000781313 -3.78942e-05 
       878.5      17.7408     0.999808  0.000781977 -3.84833e-05 
       878.5      17.9134     0.999813   0.00078278 -3.91787e-05 
       878.5      18.0869     0.999799  0.000781934 -3.58388e-05 
       878.5      18.2612     0.999798  0.000781274 -3.50531e-05 
       878.5      18.4364     0.999795  0.000783611 -3.44742e-05 
       878.5      18.6124     0.999795  0.000782314  -3.3174e-05 
       878.5      18.7892     0.999795  0.000781142 -3.20058e-05 
       878.5      18.9669     0.999795  0.000780091 -3.09657e-05 
       878.5      19.1454     0.999795  0.000779156 -3.00491e-05 
       878.5      19.3248     0.999795  0.000778335 -2.92517e-05 
       878.5       19.505     0.999796  0.000777623 -2.85687e-05 
       878.5       19.686     0.999796  0.000777016 -2.79953e-05 
       878.5      19.8678     0.999797   0.00077651 -2.75265e-05 
       878.5      20.0505     0.999797  0.000776101 -2.71572e-05 
       878.5      20.2341     0.999798  0.000775784 -2.68818e-05 
       878.5      20.4184     0.999799  0.000775555  -2.6695e-05 
       878.5      20.6036       0.9998  0.000775408 -2.65909e-05 
       878.5      20.7897     0.999801  0.000775339 -2.65636e-05 
       878.5      20.9765     0.999802  0.000775343 -2.66071e-05 
       878.5      21.1642     0.999803  0.000775414 -2.67151e-05 
       878.5      21.3528     0.999805  0.000775546  -2.6881e-05 
       878.5      21.5422     0.999806  0.000775735 -2.70982e-05 
       878.5      21.7324     0.999807  0.000775974 -2.73599e-05 
       878.5      21.9234     0.999808  0.000776258  -2.7659e-05 
       878.5      22.1153      0.99981   0.00077658 -2.79882e-05 
       878.5       22.308     0.999811  0.000776933 -2.83401e-05 
       878.5      22.5016     0.999812  0.000777313 -2.87069e-05 
       878.5       22.696     0.999813  0.000777711 -2.90809e-05 
       878.5      22.8912     0.999814  0.000778121  -2.9454e-05 
       878.5      23.0873     0.999816  0.000778535 -2.98179e-05 
       878.5      23.2842     0.999817  0.000778948  -3.0164e-05 
       878.5       23.482     0.999818  0.000779351 -3.04837e-05 
       878.5      23.6805     0.999818  0.000779736  -3.0768e-05 
       878.5        23.88     0.999819  0.000780097 -3.10078e-05 
       878.5      24.0802      0.99982  0.000780424 -3.11937e-05 
       878.5      24.2813      0.99982   0.00078071 -3.13161e-05 
       878.5      24.4832     0.999821  0.000780947 -3.13653e-05 
       878.5       24.686     0.999821  0.000781125  -3.1331e-05 
       878.5      24.8896     0.999821  0.000781237 -3.12032e-05 
       878.5       25.094     0.999821  0.000781273 -3.09712e-05 
       878.5      25.2993     0.999821  0.000781224 -3.06243e-05 
       878.5      25.5054     0.999823  0.000780278 -3.05339e-05 
       878.5      25.7123     0.999824  0.000780292 -3.05004e-05 
       878.5      25.9201     0.999825  0.000780306 -3.04633e-05 
       878.5      26.1287     0.999826  0.000780321 -3.04226e-05 
       878.5      26.3381     0.999827  0.000780334 -3.03785e-05 
       878.5      26.5484     0.999828  0.000780348 -3.03311e-05 
       878.5      26.7595     0.999829  0.000780361 -3.02804e-05 
       878.5      26.9715     0.999829  0.000780374 -3.02265e-05 
       878.5      27.1843      0.99983  0.000780386 -3.01697e-05 
       878.5      27.3979     0.999831  0.000780398 -3.01099e-05 
       878.5      27.6124     0.999832   0.00078041 -3.00473e-05 
       878.5      27.8277     0.999833  0.000780421  -2.9982e-05 
       878.5      28.0438     0.999834  0.000780431 -2.99142e-05 
       878.5      28.2608     0.999835  0.000780441 -2.98439e-05 
       878.5      28.4786     0.999836   0.00078045 -2.97713e-05 
       878.5      28.6972     0.999836  0.000780458 -2.96965e-05 
       878.5      28.9167     0.999837  0.000780466 -2.96197e-05 
       878.5       29.137     0.999838  0.000780473  -2.9541e-05 
       878.5      29.3582     0.999839  0.000780479 -2.94605e-05 
       878.5      29.5802      0.99984  0.000780484 -2.93783e-05 
       878.5       29.803      0.99984  0.000780488 -2.92947e-05 
       878.5      30.0267     0.999841  0.000780491 -2.92098e-05 
       878.5      30.2512     0.999842  0.000780493 -2.91237e-05 
       878.5      30.4765     0.999843  0.000780494 -2.90366e-05 
       878.5      30.7027     0.999844  0.000780494 -2.89487e-05 
       878.5      30.9297     0.999844  0.000780493 -2.88601e-05 
       878.5      31.1575     0.999845   0.00078049  -2.8771e-05 
       878.5      31.3862     0.999846  0.000780486 -2.86816e-05 
       878.5      31.6157     0.999847  0.000780481  -2.8592e-05 
       878.5      31.8461     0.999848  0.000780474 -2.85024e-05 
       878.5      32.0773     0.999848  0.000780466 -2.84131e-05 
       878.5      32.3093     0.999849  0.000780456 -2.83242e-05 
       878.5      32.5421      0.99985  0.000780444 -2.82359e-05 
       878.5      32.7758     0.999851  0.000780431 -2.81484e-05 
       878.5      33.0104     0.999852  0.000780416  -2.8062e-05 
       878.5      33.2457     0.999852    0.0007804 -2.79767e-05 
       878.5      33.4819     0.999853  0.000780381 -2.78929e-05 
       878.5       33.719     0.999854  0.000780361 -2.78107e-05 
       878.5      33.9568     0.999855  0.000780338 -2.77304e-05 
       878.5      34.1956     0.999856  0.000780314 -2.76522e-05 
       878.5      34.4351     0.999857  0.000780287 -2.75763e-05 
       878.5      34.6755     0.999858  0.000780258  -2.7503e-05 
       878.5      34.9167     0.999859  0.000780227 -2.74324e-05 
       878.5      35.1588      0.99986  0.000780193 -2.73649e-05 
       878.5      35.4017     0.999861  0.000780225 -2.71017e-05 
       878.5      35.6454     0.999862  0.000780225 -2.70132e-05 
       878.5      35.8899     0.999863  0.000780229 -2.69252e-05 
       878.5      36.1354     0.999864  0.000780239 -2.68378e-05 
       878.5      36.3816     0.999865  0.000780253 -2.67511e-05 
       878.5      36.6287     0.999866  0.000780273 -2.66651e-05 
       878.5      36.8766     0.999867  0.000780299 -2.65799e-05 
       878.5      37.1253     0.999868   0.00078033 -2.64955e-05 
       878.5      37.3749     0.999869  0.000780367 -2.64121e-05 
       878.5      37.6253      0.99987  0.000780411 -2.63296e-05 
       878.5      37.8766     0.999871  0.000780462 -2.62482e-05 
       878.5      38.1287     0.999872  0.000780519 -2.61679e-05 
       878.5      38.3816     0.999873  0.000780583 -2.60888e-05 
       878.5      38.6353     0.999874  0.000780655 -2.60109e-05 
       878.5      38.8899     0.999875  0.000780734 -2.59344e-05 
       878.5      39.1454     0.999875  0.000780399 -2.58118e-05 
       878.5      39.4016     0.999876  0.000780397 -2.57233e-05 
       878.5      39.6588     0.999877  0.000780395 -2.56347e-05 
       878.5      39.9167     0.999878  0.000780394 -2.55458e-05 
       878.5      40.1755     0.999879  0.000780393 -2.54567e-05 
       878.5      40.4351      0.99988  0.000780392 -2.53675e-05 
       878.5      40.6955     0.999881  0.000780391 -2.52779e-05 
       878.5      40.9568     0.999882   0.00078039 -2.51882e-05 
       878.5      41.2189     0.999883  0.000780389 -2.50982e-05 
       878.5      41.4819     0.999884  0.000780389  -2.5008e-05 
       878.5      41.7457     0.999885  0.000780389 -2.49176e-05 
       878.5      42.0103     0.999887  0.000780389  -2.4827e-05 
       878.5      42.2758     0.999888  0.000780389 -2.47361e-05 
       878.5      42.5421     0.999889  0.000780389  -2.4645e-05 
       878.5      42.8092      0.99989   0.00078039 -2.45536e-05 
       878.5      43.0772     0.999891   0.00078039  -2.4462e-05 
       878.5       43.346     0.999892  0.000780391 -2.43701e-05 
       878.5      43.6157     0.999893  0.000780392  -2.4278e-05 
       878.5      43.8862     0.999894  0.000780393 -2.41857e-05 
       878.5      44.1575     0.999895  0.000780394  -2.4093e-05 
       878.5      44.4296     0.999896  0.000780396 -2.40002e-05 
       878.5      44.7026     0.999897  0.000780397  -2.3907e-05 
       878.5      44.9765     0.999898  0.000780399 -2.38136e-05 
       878.5      45.2511     0.999899  0.000780401   -2.372e-05 
       878.5      45.5266       0.9999  0.000780403  -2.3626e-05 
       878.5       45.803     0.999901  0.000780405 -2.35318e-05 
       878.5      46.0801     0.999902  0.000780407 -2.34373e-05 
       878.5      46.3581     0.999903  0.000780409 -2.33425e-05 
       878.5       46.637     0.999904  0.000780411 -2.32474e-05 
       878.5      46.9167     0.999905  0.000780414 -2.31521e-05 
       878.5      47.1972     0.999906  0.000780416 -2.30564e-05 
       878.5      47.4785     0.999907  0.000780419 -2.29605e-05 
       878.5      47.7607     0.999909  0.000780421 -2.28642e-05 
       878.5      48.0438      0.99991  0.000780424 -2.27676e-05 
       878.5      48.3276     0.999911  0.000780427 -2.26708e-05 
       878.5      48.6123     0.999912   0.00078043 -2.25736e-05 
       878.5      48.8979     0.999913  0.000780446 -2.25329e-05 
       878.5      49.1842     0.999914  0.000780449 -2.24334e-05 
       878.5      49.4714     0.999915  0.000780453 -2.23336e-05 
       878.5      49.7595     0.999916  0.000780457 -2.22334e-05 
       878.5      50.0484     0.999917   0.00078046 -2.21328e-05 
       878.5      50.3381     0.999918  0.000780464 -2.20318e-05 
       878.5      50.6286     0.999919  0.000780467 -2.19306e-05 
       878.5        50.92      0.99992   0.00078047 -2.18289e-05 
       878.5      51.2122     0.999922  0.000780473 -2.17269e-05 
       878.5      51.5053     0.999923  0.000780476 -2.16246e-05 
       878.5      51.7992     0.999924  0.000780479  -2.1522e-05 
       878.5      52.0939     0.999925  0.000780482  -2.1419e-05 
       878.5      52.3895     0.999926  0.000780485 -2.13157e-05 
       878.5      52.6859     0.999927  0.000780488 -2.12121e-05 
       878.5      52.9831     0.999928   0.00078049 -2.11082e-05 
       878.5      53.2812     0.999929  0.000780493  -2.1004e-05 
       878.5      53.5801     0.999931  0.000780495 -2.08995e-05 
       878.5      53.8799     0.999932  0.000780498 -2.07948e-05 
       878.5      54.1805     0.999933    0.0007805 -2.06897e-05 
       878.5      54.4819     0.999934  0.000780502 -2.05844e-05 
       878.5      54.7841     0.999935  0.000780504 -2.04788e-05 
       878.5      55.0872     0.999936  0.000780506 -2.03729e-05 
       878.5      55.3912     0.999937  0.000780508 -2.02668e-05 
       878.5      55.6959     0.999938   0.00078051 -2.01604e-05 
       878.5      56.0015      0.99994  0.000780512 -2.00538e-05 
       878.5       56.308     0.999941  0.000780514  -1.9947e-05 
       878.5      56.6152     0.999942  0.000780516   -1.984e-05 
       878.5      56.9233     0.999943  0.000780518 -1.97327e-05 
       878.5      57.2323     0.999944  0.000780519 -1.96252e-05 
       878.5      57.5421     0.999945  0.000780521 -1.95175e-05 
       878.5      57.8527     0.999947  0.000780522 -1.94097e-05 
       878.5      58.1641     0.999948  0.000780524 -1.93016e-05 
       878.5      58.4764     0.999949  0.000780525 -1.91934e-05 
       878.5      58.7896      0.99995  0.000780527  -1.9085e-05 
       878.5      59.1035     0.999951  0.000780528 -1.89764e-05 
       878.5      59.4183     0.999952   0.00078053 -1.88677e-05 
       878.5      59.7339     0.999953  0.000780531 -1.87589e-05 
       878.5      60.0504     0.999955  0.000780532 -1.86499e-05 
       878.5      60.3677     0.999956  0.000780533 -1.85408e-05 
       878.5      60.6859     0.999957  0.000780535 -1.84316e-05 
       878.5      61.0048     0.999958  0.000780536 -1.83222e-05 
       878.5      61.3247     0.999959  0.000780537 -1.82128e-05 
       878.5      61.6453      0.99996  0.000780538 -1.81033e-05 
       878.5      61.9668     0.999962  0.000780539 -1.79937e-05 
       878.5      62.2891     0.999963   0.00078054  -1.7884e-05 
       878.5      62.6123     0.999964  0.000780542 -1.77743e-05 
       878.5      62.9363     0.999965  0.000780545 -1.76562e-05 
       878.5      63.2611     0.999966  0.000780546  -1.7546e-05 
       878.5      63.5868     0.999968  0.000780548 -1.74355e-05 
       878.5      63.9133     0.999969  0.000780549 -1.73248e-05 
       878.5      64.2406      0.99997  0.000780551 -1.72139e-05 
       878.5      64.5688     0.999971  0.000780553 -1.71027e-05 
       878.5      64.8978     0.999972  0.000780555 -1.69912e-05 
       878.5      65.2277     0.999974  0.000780557 -1.68795e-05 
       878.5      65.5583     0.999975  0.000780559 -1.67675e-05 
       878.5      65.8899     0.999976  0.000780561 -1.66553e-05 
       878.5      66.2222     0.999977  0.000780564 -1.65429e-05 
       878.5      66.5554     0.999978  0.000780566 -1.64302e-05 
       878.5      66.8894      0.99998  0.000780569 -1.63173e-05 
       878.5      67.2243     0.999981  0.000780571 -1.62041e-05 
       878.5        67.56     0.999982  0.000780574 -1.60907e-05 
       878.5      67.8966     0.999983  0.000780577 -1.59771e-05 
       878.5      68.2339     0.999984   0.00078058 -1.58632e-05 
       878.5      68.5721     0.999986  0.000780583 -1.57491e-05 
       878.5      68.9112     0.999987  0.000780587 -1.56348e-05 
       878.5      69.2511     0.999988   0.00078059 -1.55202e-05 
       878.5      69.5918     0.999989  0.000780594 -1.53762e-05 
       878.5      69.9333     0.999991  0.000780596 -1.52592e-05 
       878.5      70.2757     0.999992  0.000780598  -1.5142e-05 
       878.5      70.6189     0.999993  0.000780599 -1.50246e-05 
       878.5       70.963     0.999994  0.000780601  -1.4907e-05 
       878.5      71.3079     0.999996  0.000780603 -1.47892e-05 
       878.5      71.6536     0.999997  0.000780604 -1.46713e-05 
       878.5      72.0002     0.999998  0.000780606 -1.45531e-05 
       878.5      72.3476     0.999999  0.000780607 -1.44348e-05 
       878.5      72.6959            1  0.000780609 -1.43162e-05 
       878.5      73.0449            1  0.000780611 -1.41975e-05 
       878.5      73.3949            1  0.000780612 -1.40785e-05 
       878.5      73.7456            1  0.000780614 -1.39594e-05 
       878.5      74.0972      1.00001  0.000780615   -1.384e-05 
       878.5      74.4496      1.00001  0.000780617 -1.37205e-05 
       878.5      74.8029      1.00001  0.000780618 -1.36007e-05 
       878.5       75.157      1.00001   0.00078062 -1.34808e-05 
       878.5      75.5119      1.00001  0.000780621 -1.33606e-05 
       878.5      75.8677      1.00001  0.000780623 -1.32402e-05 
       878.5      76.2243      1.00001  0.000780624 -1.31197e-05 
       878.5      76.5817      1.00001  0.000780625 -1.29989e-05 
       878.5        76.94      1.00002  0.000780627 -1.28779e-05 
       878.5      77.2991      1.00002  0.000780628 -1.27568e-05 
       878.5      77.6591      1.00002   0.00078063 -1.26354e-05 
       878.5      78.0198      1.00002  0.000780631 -1.25138e-05 
       878.5      78.3815      1.00002  0.000780633  -1.2392e-05 
       878.5      78.7439      1.00002  0.000780634   -1.227e-05 
       878.5      79.1072      1.00002  0.000780635 -1.21477e-05 
       878.5      79.4714      1.00002  0.000780637 -1.20253e-05 
       878.5      79.8363      1.00003  0.000780638 -1.19026e-05 
       878.5      80.2021      1.00003  0.000780639 -1.17798e-05 
       878.5      80.5688      1.00003  0.000780641 -1.16567e-05 
       878.5      80.9362      1.00003  0.000780642 -1.15334e-05 
       878.5      81.3045      1.00003  0.000780643 -1.14099e-05 
       878.5      81.6737      1.00003  0.000780645 -1.12862e-05 
       878.5      82.0437      1.00003  0.000780646 -1.11622e-05 
       878.5      82.4145      1.00003  0.000780647 -1.10381e-05 
       878.5      82.7861      1.00004  0.000780649 -1.09137e-05 
       878.5      83.1586      1.00004   0.00078065 -1.07891e-05 
       878.5       83.532      1.00004  0.000780651 -1.06642e-05 
       878.5      83.9061      1.00004  0.000780653 -1.05392e-05 
       878.5      84.2811      1.00004  0.000780654 -1.04139e-05 
       878.5       84.657      1.00004  0.000780655 -1.02884e-05 
       878.5      85.0336      1.00004  0.000780657 -1.01627e-05 
       878.5      85.4111      1.00004  0.000780658 -1.00367e-05 
       878.5      85.7895      1.00005  0.000780659 -9.91049e-06 
       878.5      86.1687      1.00005  0.000780661 -9.78406e-06 
       878.5      86.5487      1.00005  0.000780662  -9.6574e-06 
       878.5      86.9295      1.00005  0.000780663 -9.53051e-06 
       878.5      87.3112      1.00005  0.000780665 -9.40337e-06 
       878.5      87.6937      1.00005  0.000780666   -9.276e-06 
       878.5      88.0771      1.00005  0.000780667  -9.1484e-06 
       878.5      88.4613      1.00005  0.000780669 -9.02055e-06 
       878.5      88.8463      1.00006   0.00078067 -8.89246e-06 
       878.5      89.2322      1.00006  0.000780672 -8.76413e-06 
       878.5      89.6189      1.00006  0.000780673 -8.63555e-06 
       878.5      90.0064      1.00006  0.000780674 -8.50673e-06 
       878.5      90.3948      1.00006  0.000780676 -8.37766e-06 
       878.5       90.784      1.00006  0.000780677 -8.24834e-06 
       878.5      91.1741      1.00006  0.000780679 -8.11877e-06 
       878.5       91.565      1.00006   0.00078068 -7.98895e-06 
       878.5      91.9567      1.00007  0.000780681 -7.85887e-06 
       878.5      92.3492      1.00007  0.000780683 -7.72854e-06 
       878.5      92.7426      1.00007  0.000780684 -7.59796e-06 
       878.5      93.1369      1.00007  0.000780686 -7.46711e-06 
       878.5      93.5319      1.00007  0.000780687   -7.336e-06 
       878.5      93.9278      1.00007  0.000780689 -7.20464e-06 
       878.5      94.3246      1.00007  0.000780684  -7.0423e-06 
       878.5      94.7221      1.00008  0.000780683 -6.90925e-06 
       878.5      95.1206      1.00008  0.000780683 -6.77598e-06 
       878.5      95.5198      1.00008  0.000780682 -6.64251e-06 
       878.5      95.9199      1.00008  0.000780682 -6.50884e-06 
       878.5      96.3208      1.00008  0.000780681 -6.37496e-06 
       878.5      96.7226      1.00008   0.00078068 -6.24088e-06 
       878.5      97.1251      1.00008   0.00078068 -6.10659e-06 
       878.5      97.5286      1.00008  0.000780679 -5.97211e-06 
       878.5      97.9328      1.00009  0.000780679 -5.83742e-06 
       878.5      98.3379      1.00009  0.000780678 -5.70254e-06 
       878.5      98.7439      1.00009  0.000780677 -5.56745e-06 
       878.5      99.1506      1.00009  0.000780677 -5.43217e-06 
       878.5      99.5583      1.00009  0.000780676  -5.2967e-06 
       878.5      99.9667      1.00009  0.000780675 -5.16102e-06 
       878.5      100.376      1.00009  0.000780674 -5.02516e-06 
       878.5      100.786      1.00009  0.000780674  -4.8891e-06 
       878.5      101.197       1.0001  0.000780673 -4.75285e-06 
       878.5      101.609       1.0001  0.000780672 -4.61641e-06 
       878.5      102.021       1.0001  0.000780671 -4.47978e-06 
       878.5      102.435       1.0001   0.00078067 -4.34296e-06 
       878.5      102.849       1.0001  0.000780669 -4.20595e-06 
       878.5      103.264       1.0001  0.000780669 -4.06875e-06 
       878.5       103.68       1.0001  0.000780668 -3.93137e-06 
       878.5      104.097      1.00011  0.000780667 -3.79381e-06 
       878.5      104.515      1.00011  0.000780666 -3.65606e-06 
       878.5      104.933      1.00011  0.000780665 -3.51813e-06 
       878.5      105.353      1.00011  0.000780664 -3.38002e-06 
       878.5      105.773      1.00011  0.000780663 -3.24173e-06 
       878.5      106.194      1.00011  0.000780662 -3.10326e-06 
       878.5      106.616      1.00011  0.000780661 -2.96461e-06 
       878.5      107.038      1.00011   0.00078066 -2.82578e-06 
       878.5      107.462      1.00012  0.000780659 -2.68678e-06 
       878.5      107.886      1.00012  0.000780657 -2.54761e-06 
       878.5      108.311      1.00012  0.000780656 -2.40826e-06 
       878.5      108.737      1.00012  0.000780655 -2.26874e-06 
       878.5      109.164      1.00012  0.000780654 -2.12905e-06 
       878.5      109.592      1.00012  0.000780653  -1.9892e-06 
       878.5       110.02      1.00012  0.000780652 -1.84917e-06 
       878.5       110.45      1.00013   0.00078065 -1.70897e-06 
       878.5       110.88      1.00013  0.000780649 -1.56861e-06 
       878.5      111.311      1.00013  0.000780648 -1.42809e-06 
       878.5      111.743      1.00013  0.000780647  -1.2874e-06 
       878.5      112.175      1.00013  0.000780645 -1.14655e-06 
       878.5      112.609      1.00013  0.000780644 -1.00554e-06 
       878.5      113.043      1.00014  0.000780643 -8.64369e-07 
       878.5      113.478      1.00014  0.000780642  -7.2304e-07 
       878.5      113.914      1.00014   0.00078064 -5.81555e-07 
       878.5      114.351      1.00014  0.000780639 -4.39914e-07 
       878.5      114.789      1.00014  0.000780638 -2.98118e-07 
       878.5      115.228      1.00014  0.000780636 -1.56169e-07 
       878.5      115.667      1.00015  0.000780635 -1.40687e-08 
       878.5      116.107      1.00015  0.000780633  1.28182e-07 
       878.5      116.548      1.00015  0.000780632  2.70582e-07 
       878.5       116.99      1.00015  0.000780631   4.1313e-07 
       878.5      117.433      1.00015  0.000780629  5.55824e-07 
       878.5      117.876      1.00015  0.000780628  6.98663e-07 
       878.5      118.321      1.00016  0.000780626  8.41645e-07 
       878.5      118.766      1.00016  0.000780625   9.8477e-07 
       878.5      119.212      1.00016  0.000780623  1.12804e-06 
       878.5      119.659      1.00016  0.000780622  1.27144e-06 
       878.5      120.107      1.00016   0.00078062  1.41498e-06 
       878.5      120.555      1.00016  0.000780619  1.55866e-06 
       878.5      121.005      1.00017  0.000780617  1.70248e-06 
       878.5      121.455      1.00017  0.000780616  1.84643e-06 
       878.5      121.906      1.00017  0.000780614  1.99051e-06 
       878.5      122.358      1.00017  0.000780613  2.13472e-06 
       878.5      122.811      1.00017  0.000780611  2.27906e-06 
       878.5      123.264      1.00018   0.00078061  2.42353e-06 
       878.5      123.719      1.00018  0.000780608  2.56813e-06 
       878.5      124.174      1.00018  0.000780606  2.71285e-06 
       878.5       124.63      1.00018  0.000780605  2.85769e-06 
       878.5      125.087      1.00018  0.000780715  3.19572e-06 
       878.5      125.545      1.00018  0.000780707  3.33653e-06 
       878.5      126.003      1.00018    0.0007807  3.47778e-06 
       878.5      126.463      1.00018  0.000780692  3.61946e-06 
       878.5      126.923      1.00019  0.000780684  3.76158e-06 
       878.5      127.384      1.00019  0.000780676  3.90413e-06 
       878.5      127.846      1.00019  0.000780668  4.04713e-06 
       878.5      128.309      1.00019  0.000780659  4.19056e-06 
       878.5      128.773      1.00019  0.000780651  4.33444e-06 
       878.5      129.237       1.0002  0.000780643  4.47876e-06 
       878.5      129.702       1.0002  0.000780634  4.62353e-06 
       878.5      130.169       1.0002  0.000780625  4.76874e-06 
       878.5      130.636       1.0002  0.000780617   4.9144e-06 
       878.5      131.103       1.0002  0.000780608  5.06051e-06 
       878.5      131.572      1.00021  0.000780599  5.20707e-06 
       878.5      132.041      1.00021   0.00078059  5.35408e-06 
       878.5      132.512      1.00021  0.000780581  5.50155e-06 
       878.5      132.983      1.00021  0.000780571  5.64947e-06 
       878.5      133.455      1.00021  0.000780562  5.79785e-06 
       878.5      133.928      1.00022  0.000780553  5.94669e-06 
       878.5      134.401      1.00022  0.000780544  6.09599e-06 
       878.5      134.876      1.00022  0.000780534  6.24575e-06 
       878.5      135.351      1.00022  0.000780525  6.39597e-06 
       878.5      135.827      1.00022  0.000780516  6.54666e-06 
       878.5      136.304      1.00022  0.000780506  6.69781e-06 
       878.5      136.782      1.00022  0.000780497  6.84943e-06 
       878.5      137.261      1.00022  0.000780487  7.00152e-06 
       878.5       137.74      1.00022  0.000780478  7.15408e-06 
       878.5      138.221      1.00022  0.000780468  7.30712e-06 
       878.5      138.702      1.00022  0.000780459  7.46062e-06 
       878.5      139.184      1.00022  0.000780449  7.61461e-06 
       878.5      139.667      1.00022   0.00078044  7.76907e-06 
       878.5      140.151      1.00022   0.00078043  7.92401e-06 
       878.5      140.635      1.00022  0.000780421  8.07943e-06 
       878.5       141.12      1.00022  0.000780411  8.23533e-06 
       878.5      141.607      1.00022  0.000780402  8.39171e-06 
       878.5      142.094      1.00022  0.000780393  8.54858e-06 
       878.5      142.582      1.00021  0.000780384  8.70594e-06 
       878.5       143.07      1.00021  0.000780374  8.86379e-06 
       878.5       143.56      1.00021  0.000780365  9.02213e-06 
       878.5       144.05       1.0002  0.000780356  9.18095e-06 
       878.5      144.541       1.0002  0.000780347  9.34028e-06 
       878.5      145.033      1.00019  0.000780338   9.5001e-06 
       878.5      145.526      1.00019  0.000780329  9.66041e-06 
       878.5       146.02      1.00018  0.000780321  9.82122e-06 
       878.5      146.515      1.00018  0.000780312  9.98254e-06 
       878.5       147.01      1.00017  0.000780304  1.01444e-05 
       878.5      147.506      1.00017  0.000780295  1.03067e-05 
       878.5      148.003      1.00016  0.000780287  1.04695e-05 
       878.5      148.501      1.00015  0.000780279  1.06328e-05 
       878.5          149      1.00014  0.000780271  1.07967e-05 
       878.5        149.5      1.00013  0.000780263   1.0961e-05 
       878.5          150      1.00013  0.000780256  1.11259e-05 
