Variables = x, y, u, v, p

Zone, I=600, F=POINT
        37.5         -1.5   0.00108128  0.000258217     0.007854 
        37.5     -1.49958   0.00105139  0.000253965   0.00785384 
        37.5     -1.49831  0.000961217  0.000241375   0.00785339 
        37.5      -1.4962  0.000809648  0.000220983   0.00785263 
        37.5     -1.49324  0.000594628  0.000193649   0.00785161 
        37.5     -1.48944  0.000313517  0.000160587   0.00785033 
        37.5      -1.4848 -3.71562e-05  0.000123314   0.00784883 
        37.5     -1.47931 -0.000461323  8.36709e-05   0.00784716 
        37.5     -1.47298 -0.000963516  4.37699e-05   0.00784535 
        37.5      -1.4658  -0.00154877  5.97889e-06   0.00784347 
        37.5     -1.45778  -0.00222236 -2.70952e-05   0.00784156 
        37.5     -1.44891  -0.00298964 -5.26441e-05   0.00783971 
        37.5      -1.4392  -0.00385617 -6.77035e-05   0.00783797 
        37.5     -1.42864  -0.00482711 -6.91818e-05   0.00783644 
        37.5     -1.41724  -0.00590773 -5.39086e-05    0.0078352 
        37.5       -1.405  -0.00710238 -1.86808e-05   0.00783433 
        37.5     -1.39191  -0.00841483  3.96848e-05   0.00783395 
        37.5     -1.37797  -0.00984803  0.000124305   0.00783415 
        37.5     -1.36319   -0.0114036  0.000238165   0.00783505 
        37.5     -1.34757   -0.0130818  0.000384043   0.00783677 
        37.5      -1.3311   -0.0148809  0.000564467   0.00783942 
        37.5     -1.31379   -0.0167976  0.000781645   0.00784314 
        37.5     -1.29564    -0.018826   0.00103736   0.00784805 
        37.5     -1.27663   -0.0209577   0.00133295    0.0078543 
        37.5     -1.25679   -0.0231813   0.00166914   0.00786203 
        37.5      -1.2361    -0.025482   0.00204606   0.00787139 
        37.5     -1.21457   -0.0278414   0.00246307   0.00788253 
        37.5     -1.19219   -0.0302371   0.00291873    0.0078956 
        37.5     -1.16896    -0.032642   0.00341064   0.00791076 
        37.5      -1.1449   -0.0350246   0.00393542   0.00792818 
        37.5     -1.11998   -0.0373475   0.00448851   0.00794803 
        37.5     -1.09423    -0.039568   0.00506416   0.00797046 
        37.5     -1.06763   -0.0416371   0.00565527   0.00799567 
        37.5     -1.04018   -0.0434989   0.00625328   0.00802381 
        37.5     -1.01189   -0.0450907   0.00684799   0.00805507 
        37.5    -0.982756   -0.0463418   0.00742759   0.00808963 
        37.5    -0.952777   -0.0471734   0.00797836   0.00812766 
        37.5    -0.921954   -0.0474981   0.00848465   0.00816934 
        37.5    -0.890286   -0.0472191   0.00892875   0.00821486 
        37.5    -0.857774   -0.0462296   0.00929068   0.00826441 
        37.5    -0.824417   -0.0444127   0.00954809   0.00831815 
        37.5    -0.790215     -0.04164   0.00967612   0.00837628 
        37.5    -0.755169    -0.037772   0.00964725   0.00843897 
        37.5    -0.719279   -0.0351263    0.0091226   0.00847036 
        37.5    -0.682544   -0.0310329   0.00867459   0.00851509 
        37.5    -0.644965     -0.02653   0.00807219   0.00855472 
        37.5    -0.606541   -0.0215526    0.0073447   0.00858875 
        37.5    -0.567273   -0.0160293   0.00652646    0.0086167 
        37.5     -0.52716  -0.00988206   0.00565717   0.00863803 
        37.5    -0.486203  -0.00302586   0.00478219   0.00865221 
        37.5    -0.444401   0.00463189    0.0039528    0.0086587 
        37.5    -0.401755    0.0131911   0.00322659   0.00865691 
        37.5    -0.358264    0.0227602   0.00266767   0.00864624 
        37.5    -0.313929    0.0338154   0.00227945    0.0086317 
        37.5    -0.268749    0.0458415   0.00201357   0.00861052 
        37.5    -0.222725    0.0588735   0.00183268     0.008585 
        37.5    -0.175857    0.0728879   0.00171633   0.00855582 
        37.5    -0.128143    0.0878554   0.00164139   0.00852374 
        37.5    -0.079586     0.103738   0.00158193   0.00848963 
        37.5    -0.030184     0.120493   0.00150899   0.00845446 
        37.5     0.020063      0.13824   0.00144435   0.00841825 
        37.5     0.071154     0.157006   0.00138639   0.00838141 
        37.5     0.123089     0.176818   0.00133476   0.00834426 
        37.5     0.175869     0.197691   0.00129056   0.00830702 
        37.5     0.229494     0.219635   0.00125496   0.00826988 
        37.5     0.283962     0.242641   0.00122854   0.00823296 
        37.5     0.339276     0.266679   0.00121162   0.00819633 
        37.5     0.395434     0.291743    0.0012051   0.00816009 
        37.5     0.452436     0.317762   0.00120902   0.00812417 
        37.5     0.510283     0.344656   0.00122335   0.00808851 
        37.5     0.568974     0.372336   0.00124804   0.00805302 
        37.5      0.62851     0.400705   0.00128301    0.0080176 
        37.5      0.68889     0.429655   0.00132812   0.00798214 
        37.5     0.750115     0.458578   0.00137939   0.00794559 
        37.5     0.812184     0.488675   0.00144567   0.00791024 
        37.5     0.875098     0.518654    0.0015181   0.00787381 
        37.5     0.938856     0.548429   0.00159612   0.00783621 
        37.5      1.00346      0.57791    0.0016791   0.00779734 
        37.5      1.06891     0.606999   0.00176637    0.0077571 
        37.5       1.1352     0.635594   0.00185718   0.00771539 
        37.5      1.20233     0.663586   0.00195072   0.00767209 
        37.5      1.27031     0.690862    0.0020461   0.00762709 
        37.5      1.33914     0.717299   0.00214238   0.00758025 
        37.5      1.40881      0.74277   0.00223853   0.00753145 
        37.5      1.47932     0.767141   0.00233345   0.00748054 
        37.5      1.55068      0.79027   0.00242598   0.00742738 
        37.5      1.62288      0.81201   0.00251485   0.00737182 
        37.5      1.69593     0.832204   0.00259874    0.0073137 
        37.5      1.76982     0.852251   0.00268098   0.00725697 
        37.5      1.84456     0.869415   0.00275884   0.00719345 
        37.5      1.92014      0.88524   0.00283061   0.00712866 
        37.5      1.99657     0.899749   0.00289634   0.00706268 
        37.5      2.07384     0.912971   0.00295612   0.00699557 
        37.5      2.15195     0.924937   0.00301002   0.00692743 
        37.5      2.23091     0.935684   0.00305817   0.00685833 
        37.5      2.31071     0.945255    0.0031007   0.00678837 
        37.5      2.39136     0.953696   0.00313774   0.00671764 
        37.5      2.47285     0.961059   0.00316947   0.00664626 
        37.5      2.55519     0.967403   0.00319608   0.00657433 
        37.5      2.63837     0.972789   0.00321777   0.00650196 
        37.5       2.7224     0.977287   0.00323478   0.00642929 
        37.5      2.80727      0.98097   0.00324737   0.00635645 
        37.5      2.89298     0.983919    0.0032558   0.00628357 
        37.5      2.97954      0.98622   0.00326038    0.0062108 
        37.5      3.06694     0.987966   0.00326143   0.00613831 
        37.5      3.15519     0.989255   0.00325929   0.00606624 
        37.5      3.24428     0.990193   0.00325435   0.00599477 
        37.5      3.33422     0.990891     0.003247   0.00592409 
        37.5        3.425      0.99147   0.00323766   0.00585436 
        37.5      3.51663     0.992054   0.00322679   0.00578581 
        37.5       3.6091     0.992777   0.00321486   0.00571861 
        37.5      3.70241      0.99378   0.00320239     0.005653 
        37.5      3.79657     0.993529   0.00318978   0.00558415 
        37.5      3.89158     0.993754   0.00317557   0.00551813 
        37.5      3.98743     0.993941   0.00316109   0.00545297 
        37.5      4.08412     0.994094   0.00314615   0.00538859 
        37.5      4.18166     0.994219   0.00313054   0.00532492 
        37.5      4.28004     0.994321    0.0031144   0.00526198 
        37.5      4.37927     0.994408    0.0030979   0.00519983 
        37.5      4.47933     0.994485   0.00308118   0.00513857 
        37.5      4.58025     0.994552   0.00306455   0.00507804 
        37.5      4.68201     0.994621   0.00304709   0.00501821 
        37.5      4.78461     0.994683   0.00302956   0.00495924 
        37.5      4.88806     0.994741   0.00301195    0.0049011 
        37.5      4.99236     0.994795   0.00299427   0.00484376 
        37.5      5.09749     0.994847    0.0029765   0.00478719 
        37.5      5.20348     0.994898   0.00295864   0.00473135 
        37.5       5.3103      0.99495   0.00294043   0.00467649 
        37.5      5.41797     0.995005    0.0029225   0.00462183 
        37.5      5.52649     0.995061   0.00290444   0.00456807 
        37.5      5.63585     0.995117   0.00288625   0.00451522 
        37.5      5.74605     0.995172   0.00286793   0.00446328 
        37.5       5.8571     0.995226   0.00284984   0.00441195 
        37.5        5.969     0.995279   0.00283173   0.00436133 
        37.5      6.08174      0.99533   0.00281363   0.00431138 
        37.5      6.19532      0.99538   0.00279557   0.00426207 
        37.5      6.30974     0.995428   0.00277756   0.00421336 
        37.5      6.42502     0.995474   0.00275961   0.00416505 
        37.5      6.54113     0.995522   0.00274164   0.00411766 
        37.5      6.65809     0.995569   0.00272378   0.00407088 
        37.5       6.7759     0.995616   0.00270601    0.0040247 
        37.5      6.89455     0.995663   0.00268835   0.00397913 
        37.5      7.01404     0.995709   0.00267079   0.00393417 
        37.5      7.13438     0.995754   0.00265333   0.00388979 
        37.5      7.25556     0.995799   0.00263598   0.00384601 
        37.5      7.37759     0.995843   0.00261874   0.00380281 
        37.5      7.50046     0.995887    0.0026016   0.00376019 
        37.5      7.62418     0.995929   0.00258458   0.00371813 
        37.5      7.74874     0.995971   0.00256777   0.00367662 
        37.5      7.87414     0.996013   0.00255099   0.00363575 
        37.5      8.00039     0.996054    0.0025343   0.00359542 
        37.5      8.12749     0.996095   0.00251794   0.00355549 
        37.5      8.25542     0.996135   0.00250167   0.00351603 
        37.5      8.38421     0.996175   0.00248558   0.00347708 
        37.5      8.51384     0.996214   0.00246953   0.00343878 
        37.5      8.64431     0.996252    0.0024537   0.00340084 
        37.5      8.77562      0.99629   0.00243801   0.00336338 
        37.5      8.90779     0.996328   0.00242247   0.00332641 
        37.5      9.04079     0.996366   0.00240709   0.00328991 
        37.5      9.17464     0.996402   0.00239186   0.00325387 
        37.5      9.30933     0.996439    0.0023768    0.0032183 
        37.5      9.44487     0.996475   0.00236189   0.00318317 
        37.5      9.58126      0.99651   0.00234716   0.00314849 
        37.5      9.71848     0.996546   0.00233259   0.00311423 
        37.5      9.85656      0.99658    0.0023182    0.0030804 
        37.5      9.99547     0.996615   0.00230398   0.00304697 
        37.5      10.1352     0.996648   0.00228994   0.00301394 
        37.5      10.2758     0.996682   0.00227609   0.00298129 
        37.5      10.4173     0.996715   0.00226222   0.00294909 
        37.5      10.5596     0.996747   0.00224871   0.00291727 
        37.5      10.7027     0.996779   0.00223535   0.00288584 
        37.5      10.8467     0.996811   0.00222213   0.00285477 
        37.5      10.9915     0.996843   0.00220906   0.00282408 
        37.5      11.1372     0.996874   0.00219615   0.00279376 
        37.5      11.2837     0.996904   0.00218339    0.0027638 
        37.5      11.4311     0.996935   0.00217079   0.00273421 
        37.5      11.5793     0.996965   0.00215834   0.00270498 
        37.5      11.7283     0.996995   0.00214606   0.00267611 
        37.5      11.8782     0.997024   0.00213395    0.0026476 
        37.5       12.029     0.997053     0.002122   0.00261944 
        37.5      12.1806     0.997081   0.00211023   0.00259156 
        37.5       12.333      0.99711   0.00209865   0.00256398 
        37.5      12.4863     0.997138   0.00208723   0.00253673 
        37.5      12.6404     0.997166   0.00207597   0.00250981 
        37.5      12.7953     0.997193   0.00206486   0.00248322 
        37.5      12.9512      0.99722   0.00205389   0.00245695 
        37.5      13.1078     0.997247   0.00204305   0.00243099 
        37.5      13.2653     0.997273   0.00203235   0.00240534 
        37.5      13.4236       0.9973   0.00202177   0.00237999 
        37.5      13.5828     0.997325   0.00201131   0.00235493 
        37.5      13.7429     0.997351   0.00200133   0.00233003 
        37.5      13.9037     0.997377   0.00199119    0.0023056 
        37.5      14.0654     0.997402   0.00198121   0.00228143 
        37.5       14.228     0.997426   0.00197138   0.00225752 
        37.5      14.3914     0.997451    0.0019617   0.00223387 
        37.5      14.5557     0.997475   0.00195217   0.00221048 
        37.5      14.7208     0.997499   0.00194279   0.00218735 
        37.5      14.8867     0.997523   0.00193355   0.00216448 
        37.5      15.0535     0.997546   0.00192446   0.00214186 
        37.5      15.2211      0.99757   0.00191551   0.00211951 
        37.5      15.3896     0.997593   0.00190671   0.00209741 
        37.5      15.5589     0.997615   0.00189804   0.00207556 
        37.5      15.7291     0.997638   0.00188951   0.00205397 
        37.5      15.9001      0.99766   0.00188111   0.00203263 
        37.5      16.0719     0.997682   0.00187285   0.00201155 
        37.5      16.2446     0.997704   0.00186472   0.00199071 
        37.5      16.4182     0.997725   0.00185671   0.00197012 
        37.5      16.5925     0.997746   0.00184882   0.00194977 
        37.5      16.7678     0.997767   0.00184106   0.00192967 
        37.5      16.9438     0.997788   0.00183341   0.00190981 
        37.5      17.1208     0.997809   0.00182588   0.00189018 
        37.5      17.2985      0.99783   0.00181828   0.00187034 
        37.5      17.4771      0.99785   0.00181092   0.00185112 
        37.5      17.6566      0.99787   0.00180369   0.00183213 
        37.5      17.8369     0.997889   0.00179659   0.00181335 
        37.5       18.018     0.997909   0.00178961   0.00179478 
        37.5         18.2     0.997928   0.00178277   0.00177642 
        37.5      18.3828     0.997947   0.00177605   0.00175825 
        37.5      18.5665     0.997966   0.00176946   0.00174028 
        37.5       18.751     0.997985   0.00176299    0.0017225 
        37.5      18.9364     0.998004   0.00175666    0.0017049 
        37.5      19.1226     0.998022   0.00175023   0.00168762 
        37.5      19.3097      0.99804   0.00174406   0.00167034 
        37.5      19.4976     0.998058   0.00173797   0.00165325 
        37.5      19.6863     0.998076   0.00173194   0.00163637 
        37.5      19.8759     0.998094     0.001726   0.00161969 
        37.5      20.0663     0.998111   0.00172048   0.00160337 
        37.5      20.2576     0.998128    0.0017147   0.00158715 
        37.5      20.4497     0.998145   0.00170903    0.0015711 
        37.5      20.6427     0.998162   0.00170346   0.00155523 
        37.5      20.8365     0.998179   0.00169799   0.00153953 
        37.5      21.0311     0.998195   0.00169262     0.001524 
        37.5      21.2266     0.998212   0.00168734   0.00150864 
        37.5       21.423     0.998228   0.00168215   0.00149345 
        37.5      21.6202     0.998244   0.00167706   0.00147843 
        37.5      21.8182      0.99826   0.00167206   0.00146358 
        37.5      22.0171     0.998276   0.00166715    0.0014489 
        37.5      22.2168     0.998291   0.00166233   0.00143438 
        37.5      22.4173     0.998306    0.0016576   0.00142002 
        37.5      22.6187     0.998322   0.00165295   0.00140583 
        37.5       22.821     0.998337   0.00164839    0.0013918 
        37.5      23.0241     0.998352   0.00164391   0.00137794 
        37.5       23.228     0.998367   0.00163951   0.00136423 
        37.5      23.4328     0.998381   0.00163519   0.00135067 
        37.5      23.6385     0.998396   0.00163094   0.00133727 
        37.5      23.8449      0.99841   0.00162677   0.00132403 
        37.5      24.0523     0.998424   0.00162268   0.00131093 
        37.5      24.2604     0.998438   0.00161865   0.00129798 
        37.5      24.4694     0.998452   0.00161469   0.00128518 
        37.5      24.6793     0.998466   0.00161079   0.00127253 
        37.5        24.89     0.998479   0.00160696   0.00126001 
        37.5      25.1015     0.998493   0.00160319   0.00124763 
        37.5      25.3139     0.998506   0.00159948   0.00123539 
        37.5      25.5271      0.99852   0.00159582   0.00122329 
        37.5      25.7412     0.998533   0.00159221   0.00121131 
        37.5      25.9561     0.998546   0.00158865   0.00119946 
        37.5      26.1719     0.998558   0.00158514   0.00118773 
        37.5      26.3885     0.998571   0.00158185   0.00117607 
        37.5       26.606     0.998584   0.00157858   0.00116467 
        37.5      26.8243     0.998596   0.00157537   0.00115338 
        37.5      27.0434     0.998609    0.0015722   0.00114222 
        37.5      27.2634     0.998621   0.00156909   0.00113118 
        37.5      27.4842     0.998633   0.00156603   0.00112026 
        37.5      27.7059     0.998645   0.00156302   0.00110946 
        37.5      27.9284     0.998657   0.00156006   0.00109878 
        37.5      28.1518     0.998668   0.00155715   0.00108822 
        37.5       28.376      0.99868   0.00155429   0.00107777 
        37.5       28.601     0.998692   0.00155148   0.00106745 
        37.5      28.8269     0.998703   0.00154873   0.00105724 
        37.5      29.0537     0.998714   0.00154602   0.00104715 
        37.5      29.2813     0.998726   0.00154337   0.00103717 
        37.5      29.5097     0.998737   0.00154076    0.0010273 
        37.5       29.739     0.998748   0.00153821   0.00101755 
        37.5      29.9691     0.998758    0.0015357   0.00100791 
        37.5      30.2001     0.998769   0.00153324   0.00099838 
        37.5      30.4319      0.99878   0.00153083  0.000988957 
        37.5      30.6645      0.99879   0.00152847  0.000979643 
        37.5       30.898     0.998801   0.00152616  0.000970434 
        37.5      31.1324     0.998811    0.0015239   0.00096133 
        37.5      31.3676     0.998821   0.00152168  0.000952329 
        37.5      31.6036     0.998832   0.00151951   0.00094343 
        37.5      31.8405     0.998842   0.00151739  0.000934631 
        37.5      32.0782     0.998852   0.00151531   0.00092593 
        37.5      32.3167     0.998862   0.00151328  0.000917325 
        37.5      32.5562     0.998871   0.00151119  0.000909022 
        37.5      32.7964     0.998881   0.00150918  0.000900589 
        37.5      33.0375     0.998891   0.00150721  0.000892254 
        37.5      33.2795       0.9989    0.0015053  0.000884018 
        37.5      33.5222     0.998909   0.00150343  0.000875879 
        37.5      33.7659     0.998919    0.0015016  0.000867839 
        37.5      34.0104     0.998928   0.00149981  0.000859896 
        37.5      34.2557     0.998937   0.00149807  0.000852052 
        37.5      34.5018     0.998946   0.00149637  0.000844305 
        37.5      34.7488     0.998955    0.0014947  0.000836656 
        37.5      34.9967     0.998964   0.00149307  0.000829105 
        37.5      35.2454     0.998973   0.00149147   0.00082165 
        37.5      35.4949     0.998982   0.00148991  0.000814293 
        37.5      35.7453      0.99899   0.00148818  0.000806989 
        37.5      35.9966     0.998999   0.00148667  0.000799758 
        37.5      36.2486     0.999007   0.00148519  0.000792613 
        37.5      36.5016     0.999016   0.00148373  0.000785553 
        37.5      36.7553     0.999024    0.0014823  0.000778577 
        37.5      37.0099     0.999032    0.0014809  0.000771684 
        37.5      37.2654     0.999041   0.00147953  0.000764873 
        37.5      37.5217     0.999049   0.00147818  0.000758144 
        37.5      37.7788     0.999057   0.00147685  0.000751495 
        37.5      38.0368     0.999065   0.00147555  0.000744925 
        37.5      38.2957     0.999073   0.00147428  0.000738434 
        37.5      38.5553     0.999081   0.00147303  0.000732019 
        37.5      38.8159     0.999088   0.00147181  0.000725681 
        37.5      39.0772     0.999096   0.00147062  0.000719417 
        37.5      39.3394     0.999104   0.00146945  0.000713227 
        37.5      39.6025     0.999111    0.0014683   0.00070711 
        37.5      39.8664     0.999119   0.00146718  0.000701063 
        37.5      40.1311     0.999126   0.00146608  0.000695086 
        37.5      40.3967     0.999133   0.00146501  0.000689178 
        37.5      40.6632     0.999141   0.00146397  0.000683336 
        37.5      40.9304     0.999148   0.00146294   0.00067756 
        37.5      41.1986     0.999155   0.00146194  0.000671849 
        37.5      41.4675     0.999162   0.00146096  0.000666199 
        37.5      41.7373     0.999169   0.00146001  0.000660611 
        37.5       42.008     0.999176   0.00145908  0.000655082 
        37.5      42.2795     0.999183   0.00145802  0.000649603 
        37.5      42.5518      0.99919   0.00145715  0.000644265 
        37.5       42.825     0.999197    0.0014563  0.000638986 
        37.5      43.0991     0.999203   0.00145546  0.000633767 
        37.5      43.3739      0.99921   0.00145464  0.000628606 
        37.5      43.6497     0.999217   0.00145383  0.000623505 
        37.5      43.9262     0.999223   0.00145303  0.000618462 
        37.5      44.2036      0.99923   0.00145224  0.000613477 
        37.5      44.4819     0.999236   0.00145147  0.000608551 
        37.5       44.761     0.999242   0.00145071  0.000603682 
        37.5      45.0409     0.999249   0.00144997  0.000598871 
        37.5      45.3217     0.999255   0.00144924  0.000594117 
        37.5      45.6034     0.999261   0.00144852  0.000589421 
        37.5      45.8858     0.999267   0.00144782  0.000584781 
        37.5      46.1692     0.999274   0.00144714  0.000580197 
        37.5      46.4533      0.99928   0.00144646   0.00057567 
        37.5      46.7383     0.999286    0.0014458  0.000571198 
        37.5      47.0242     0.999292   0.00144516  0.000566781 
        37.5      47.3109     0.999298   0.00144453  0.000562419 
        37.5      47.5984     0.999303   0.00144391  0.000558112 
        37.5      47.8868     0.999309   0.00144331  0.000553859 
        37.5      48.1761     0.999315   0.00144272  0.000549659 
        37.5      48.4661     0.999321   0.00144215  0.000545512 
        37.5      48.7571     0.999326   0.00144159  0.000541418 
        37.5      49.0488     0.999332   0.00144104  0.000537377 
        37.5      49.3415     0.999338   0.00144052  0.000533386 
        37.5      49.6349     0.999343      0.00144  0.000529447 
        37.5      49.9292     0.999349    0.0014395  0.000525559 
        37.5      50.2244     0.999354   0.00143902   0.00052172 
        37.5      50.5203     0.999359   0.00143855  0.000517931 
        37.5      50.8172     0.999365   0.00143809  0.000514191 
        37.5      51.1149      0.99937   0.00143734  0.000510515 
        37.5      51.4134     0.999375   0.00143691  0.000506789 
        37.5      51.7127     0.999381   0.00143649  0.000503114 
        37.5       52.013     0.999386   0.00143609   0.00049949 
        37.5       52.314     0.999391    0.0014357  0.000495918 
        37.5      52.6159     0.999396   0.00143532  0.000492396 
        37.5      52.9187     0.999401   0.00143496  0.000488925 
        37.5      53.2223     0.999406    0.0014346  0.000485503 
        37.5      53.5267     0.999411   0.00143425  0.000482132 
        37.5       53.832     0.999416   0.00143392  0.000478811 
        37.5      54.1381     0.999421   0.00143359  0.000475538 
        37.5      54.4451     0.999426   0.00143326  0.000472315 
        37.5      54.7529     0.999431   0.00143295   0.00046914 
        37.5      55.0615     0.999436   0.00143263  0.000466014 
        37.5       55.371      0.99944   0.00143232  0.000462935 
        37.5      55.6814     0.999445   0.00143202  0.000459905 
        37.5      55.9926      0.99945   0.00143172  0.000456921 
        37.5      56.3046     0.999454   0.00143141  0.000453984 
        37.5      56.6175     0.999459   0.00143111  0.000451094 
        37.5      56.9312     0.999463   0.00143081  0.000448249 
        37.5      57.2458     0.999468    0.0014305   0.00044545 
        37.5      57.5612     0.999472   0.00143019  0.000442697 
        37.5      57.8774     0.999476   0.00142988  0.000439988 
        37.5      58.1945     0.999481   0.00142968   0.00043676 
        37.5      58.5125     0.999486   0.00142945  0.000434075 
        37.5      58.8313      0.99949   0.00142923  0.000431422 
        37.5      59.1509     0.999494     0.001429  0.000428803 
        37.5      59.4714     0.999499   0.00142878  0.000426216 
        37.5      59.7927     0.999503   0.00142856  0.000423662 
        37.5      60.1149     0.999507   0.00142835   0.00042114 
        37.5      60.4379     0.999511   0.00142814   0.00041865 
        37.5      60.7618     0.999515   0.00142793  0.000416193 
        37.5      61.0865      0.99952   0.00142773  0.000413768 
        37.5       61.412     0.999524   0.00142753  0.000411374 
        37.5      61.7384     0.999528   0.00142733  0.000409013 
        37.5      62.0656     0.999532   0.00142714  0.000406683 
        37.5      62.3937     0.999536   0.00142695  0.000404384 
        37.5      62.7226      0.99954   0.00142676  0.000402116 
        37.5      63.0524     0.999544   0.00142658   0.00039988 
        37.5       63.383     0.999548    0.0014264  0.000397674 
        37.5      63.7145     0.999551   0.00142623  0.000395498 
        37.5      64.0468     0.999555   0.00142606  0.000393353 
        37.5      64.3799     0.999559   0.00142589  0.000391239 
        37.5      64.7139     0.999563   0.00142573  0.000389154 
        37.5      65.0488     0.999567   0.00142557  0.000387099 
        37.5      65.3844      0.99957   0.00142541  0.000385073 
        37.5       65.721     0.999574   0.00142526  0.000383077 
        37.5      66.0583     0.999578   0.00142511  0.000381109 
        37.5      66.3966     0.999581   0.00142497  0.000379171 
        37.5      66.7356     0.999585   0.00142483  0.000377261 
        37.5      67.0755     0.999589   0.00142469  0.000375379 
        37.5      67.4163     0.999592   0.00142456  0.000373524 
        37.5      67.7579     0.999596   0.00142443  0.000371698 
        37.5      68.1003     0.999599   0.00142431  0.000369899 
        37.5      68.4436     0.999603   0.00142419  0.000368127 
        37.5      68.7877     0.999606   0.00142407  0.000366381 
        37.5      69.1327      0.99961   0.00142396  0.000364662 
        37.5      69.4785     0.999613   0.00142386  0.000362969 
        37.5      69.8251     0.999617   0.00142375  0.000361302 
        37.5      70.1726      0.99962   0.00142366   0.00035966 
        37.5       70.521     0.999623   0.00142356  0.000358044 
        37.5      70.8702     0.999627   0.00142347  0.000356452 
        37.5      71.2202      0.99963   0.00142339  0.000354884 
        37.5      71.5711     0.999633   0.00142331  0.000353341 
        37.5      71.9228     0.999637   0.00142324  0.000351821 
        37.5      72.2754      0.99964   0.00142317  0.000350324 
        37.5      72.6288     0.999643    0.0014231   0.00034885 
        37.5      72.9831     0.999646   0.00142304  0.000347399 
        37.5      73.3382     0.999649   0.00142298  0.000345969 
        37.5      73.6941     0.999653   0.00142293  0.000344561 
        37.5      74.0509     0.999656   0.00142289  0.000343175 
        37.5      74.4086     0.999659   0.00142284  0.000341809 
        37.5       74.767     0.999662   0.00142268   0.00034094 
        37.5      75.1264     0.999665   0.00142258  0.000339604 
        37.5      75.4865     0.999668   0.00142249   0.00033829 
        37.5      75.8475     0.999671   0.00142241     0.000337 
        37.5      76.2094     0.999674   0.00142233  0.000335734 
        37.5      76.5721     0.999677   0.00142226  0.000334491 
        37.5      76.9357      0.99968   0.00142219  0.000333271 
        37.5         77.3     0.999683   0.00142213  0.000332075 
        37.5      77.6653     0.999686   0.00142207  0.000330902 
        37.5      78.0314     0.999689   0.00142201  0.000329752 
        37.5      78.3983     0.999691   0.00142196  0.000328626 
        37.5      78.7661     0.999694   0.00142191  0.000327523 
        37.5      79.1347     0.999697   0.00142187  0.000326444 
        37.5      79.5041       0.9997   0.00142182  0.000325388 
        37.5      79.8744     0.999703   0.00142178  0.000324355 
        37.5      80.2456     0.999706   0.00142175  0.000323345 
        37.5      80.6176     0.999708   0.00142171  0.000322359 
        37.5      80.9904     0.999711   0.00142168  0.000321395 
        37.5      81.3641     0.999714   0.00142165  0.000320455 
        37.5      81.7386     0.999716   0.00142162  0.000319539 
        37.5       82.114     0.999719   0.00142159  0.000318645 
        37.5      82.4902     0.999722   0.00142156  0.000317774 
        37.5      82.8673     0.999724   0.00142153  0.000316927 
        37.5      83.2452     0.999727    0.0014215  0.000316102 
        37.5      83.6239     0.999729   0.00142147    0.0003153 
        37.5      84.0035     0.999732   0.00142144  0.000314521 
        37.5       84.384     0.999734   0.00142141  0.000313766 
        37.5      84.7652     0.999737   0.00142138  0.000313032 
        37.5      85.1474     0.999739   0.00142134  0.000312322 
        37.5      85.5303     0.999742   0.00142107  0.000311374 
        37.5      85.9142     0.999745   0.00142104  0.000310662 
        37.5      86.2988     0.999747   0.00142102  0.000309966 
        37.5      86.6843      0.99975   0.00142099  0.000309287 
        37.5      87.0707     0.999752   0.00142097  0.000308624 
        37.5      87.4579     0.999755   0.00142094  0.000307977 
        37.5      87.8459     0.999757    0.0014209  0.000307346 
        37.5      88.2348     0.999759   0.00142087  0.000306732 
        37.5      88.6245     0.999762   0.00142084  0.000306134 
        37.5      89.0151     0.999764    0.0014208  0.000305551 
        37.5      89.4065     0.999766   0.00142076  0.000304985 
        37.5      89.7988     0.999769   0.00142072  0.000304434 
        37.5      90.1919     0.999771   0.00142068  0.000303899 
        37.5      90.5858     0.999773   0.00142064   0.00030338 
        37.5      90.9806     0.999775    0.0014206  0.000302877 
        37.5      91.3762     0.999778   0.00142055  0.000302389 
        37.5      91.7727      0.99978   0.00142051  0.000301917 
        37.5      92.1701     0.999782   0.00142046   0.00030146 
        37.5      92.5682     0.999784   0.00142041  0.000301019 
        37.5      92.9672     0.999786   0.00142036  0.000300592 
        37.5      93.3671     0.999789   0.00142031  0.000300181 
        37.5      93.7678     0.999791   0.00142026  0.000299785 
        37.5      94.1694     0.999793   0.00142021  0.000299404 
        37.5      94.5718     0.999795   0.00142016  0.000299038 
        37.5       94.975     0.999797    0.0014201  0.000298687 
        37.5      95.3791     0.999799   0.00142005   0.00029835 
        37.5       95.784     0.999801   0.00141999  0.000298028 
        37.5      96.1898     0.999803   0.00141994   0.00029772 
        37.5      96.5964     0.999806   0.00141988  0.000297427 
        37.5      97.0039     0.999808   0.00141982  0.000297148 
        37.5      97.4122      0.99981   0.00141977  0.000296883 
        37.5      97.8213     0.999812   0.00141971  0.000296632 
        37.5      98.2313     0.999814   0.00141965  0.000296395 
        37.5      98.6422     0.999816   0.00141959  0.000296172 
        37.5      99.0538     0.999818   0.00141953  0.000295962 
        37.5      99.4664      0.99982   0.00141947  0.000295767 
        37.5      99.8797     0.999821   0.00141942  0.000295584 
        37.5      100.294     0.999823   0.00141936  0.000295415 
        37.5      100.709     0.999825    0.0014193  0.000295259 
        37.5      101.125     0.999827   0.00141924  0.000295116 
        37.5      101.542     0.999829   0.00141918  0.000294986 
        37.5      101.959     0.999831   0.00141912  0.000294869 
        37.5      102.378     0.999833   0.00141906  0.000294764 
        37.5      102.797     0.999835     0.001419  0.000294672 
        37.5      103.217     0.999836   0.00141895  0.000294593 
        37.5      103.638     0.999838   0.00141889  0.000294525 
        37.5       104.06      0.99984   0.00141883   0.00029447 
        37.5      104.483     0.999842   0.00141878  0.000294426 
        37.5      104.906     0.999844   0.00141872  0.000294394 
        37.5       105.33     0.999845   0.00141867  0.000294374 
        37.5      105.756     0.999847   0.00141862  0.000294365 
        37.5      106.182     0.999849   0.00141856  0.000294367 
        37.5      106.609      0.99985   0.00141851  0.000294381 
        37.5      107.036     0.999852   0.00141846  0.000294405 
        37.5      107.465     0.999854   0.00141841   0.00029444 
        37.5      107.894     0.999855   0.00141836  0.000294518 
        37.5      108.325     0.999857   0.00141827  0.000294587 
        37.5      108.756     0.999859   0.00141817  0.000294667 
        37.5      109.188      0.99986   0.00141808  0.000294758 
        37.5       109.62     0.999862   0.00141798   0.00029486 
        37.5      110.054     0.999864   0.00141788  0.000294973 
        37.5      110.489     0.999865   0.00141778  0.000295096 
        37.5      110.924     0.999867   0.00141768   0.00029523 
        37.5       111.36     0.999869   0.00141758  0.000295375 
        37.5      111.797      0.99987   0.00141748  0.000295531 
        37.5      112.235     0.999872   0.00141737  0.000295698 
        37.5      112.674     0.999873   0.00141727  0.000295875 
        37.5      113.113     0.999875   0.00141716  0.000296063 
        37.5      113.554     0.999877   0.00141705  0.000296262 
        37.5      113.995     0.999878   0.00141694  0.000296472 
        37.5      114.437      0.99988   0.00141683  0.000296693 
        37.5       114.88     0.999881   0.00141672  0.000296924 
        37.5      115.324     0.999882   0.00141661  0.000297166 
        37.5      115.768     0.999884    0.0014165  0.000297418 
        37.5      116.214     0.999885   0.00141638  0.000297682 
        37.5       116.66     0.999887   0.00141627  0.000297956 
        37.5      117.107     0.999888   0.00141615   0.00029824 
        37.5      117.555     0.999889   0.00141603  0.000298535 
        37.5      118.004     0.999891   0.00141591  0.000298841 
        37.5      118.454     0.999892   0.00141579  0.000299157 
        37.5      118.904     0.999893   0.00141567  0.000299484 
        37.5      119.356     0.999895   0.00141555  0.000299822 
        37.5      119.808     0.999896   0.00141542  0.000300169 
        37.5      120.261     0.999897    0.0014153  0.000300528 
        37.5      120.715     0.999899   0.00141517  0.000300897 
        37.5      121.169       0.9999   0.00141504  0.000301276 
        37.5      121.625     0.999901   0.00141491  0.000301666 
        37.5      122.082     0.999902   0.00141478  0.000302066 
        37.5      122.539     0.999904   0.00141465  0.000302476 
        37.5      122.997     0.999905   0.00141452  0.000302897 
        37.5      123.456     0.999906   0.00141439  0.000303328 
        37.5      123.916     0.999907   0.00141425  0.000303769 
        37.5      124.376     0.999908   0.00141411  0.000304221 
        37.5      124.838      0.99991   0.00141398  0.000304682 
        37.5        125.3     0.999911   0.00141384  0.000305154 
        37.5      125.763     0.999912    0.0014137  0.000305636 
        37.5      126.227     0.999913   0.00141355  0.000306128 
        37.5      126.692     0.999914   0.00141341   0.00030663 
        37.5      127.158     0.999915   0.00141327  0.000307142 
        37.5      127.625     0.999917   0.00141312  0.000307665 
        37.5      128.092     0.999918   0.00141297  0.000308197 
        37.5       128.56     0.999919   0.00141283  0.000308739 
        37.5      129.029      0.99992   0.00141268  0.000309291 
        37.5      129.499     0.999921   0.00141252  0.000309852 
        37.5       129.97     0.999922   0.00141237  0.000310424 
        37.5      130.442     0.999924   0.00141222  0.000311005 
        37.5      130.914     0.999925   0.00141206  0.000311596 
        37.5      131.388     0.999926   0.00141191  0.000312196 
        37.5      131.862     0.999927   0.00141175  0.000312807 
        37.5      132.337     0.999928   0.00141159  0.000313426 
        37.5      132.813     0.999929   0.00141143  0.000314056 
        37.5      133.289     0.999931   0.00141126  0.000314694 
        37.5      133.767     0.999932    0.0014111  0.000315343 
        37.5      134.245     0.999933   0.00141094     0.000316 
        37.5      134.725     0.999934   0.00141077  0.000316667 
        37.5      135.205     0.999935    0.0014106  0.000317343 
        37.5      135.686     0.999937   0.00141043  0.000318028 
        37.5      136.167     0.999938   0.00141026  0.000318723 
        37.5       136.65     0.999939   0.00141009  0.000319427 
        37.5      137.134      0.99994   0.00140991  0.000320139 
        37.5      137.618     0.999942   0.00140974  0.000320861 
        37.5      138.103     0.999943   0.00140956  0.000321592 
        37.5      138.589     0.999944   0.00140938  0.000322331 
        37.5      139.076     0.999946    0.0014092  0.000323079 
        37.5      139.564     0.999947   0.00140902  0.000323837 
        37.5      140.052     0.999948   0.00140884  0.000324602 
        37.5      140.541      0.99995   0.00140866  0.000325377 
        37.5      141.032     0.999951   0.00140847   0.00032616 
        37.5      141.523     0.999952   0.00140828  0.000326951 
        37.5      142.015     0.999954   0.00140809  0.000327751 
        37.5      142.507     0.999955    0.0014079   0.00032856 
        37.5      143.001     0.999945   0.00140767  0.000329104 
        37.5      143.495     0.999946   0.00140742  0.000329977 
        37.5      143.991     0.999946   0.00140716   0.00033086 
        37.5      144.487     0.999947   0.00140689  0.000331755 
        37.5      144.984     0.999948   0.00140661   0.00033266 
        37.5      145.482     0.999949   0.00140633  0.000333575 
        37.5       145.98     0.999949   0.00140604  0.000334502 
        37.5       146.48      0.99995   0.00140575  0.000335438 
        37.5       146.98     0.999951   0.00140544  0.000336385 
        37.5      147.481     0.999952   0.00140513  0.000337343 
        37.5      147.983     0.999976   0.00140561  0.000337954 
        37.5      148.486      0.99998   0.00140545   0.00033892 
        37.5       148.99     0.999985   0.00140528  0.000339901 
        37.5      149.495     0.999989   0.00140511  0.000340897 
        37.5          150     0.999993   0.00140495  0.000341907 
