Variables = x, y, u, v, p

Zone, I=600, F=POINT
        11.5         -0.5  1.15093e-06  1.22207e-07   0.00341509 
        11.5    -0.499581  1.84951e-05   1.1707e-07   0.00345412 
        11.5    -0.498322  7.14417e-05   7.3313e-08    0.0035698 
        11.5    -0.496225    0.0001624 -9.36202e-08   0.00375728 
        11.5    -0.493289  0.000295566   -5.238e-07   0.00400905 
        11.5    -0.489514  0.000476759 -1.41127e-06   0.00431474 
        11.5      -0.4849  0.000713462   -3.002e-06   0.00466162 
        11.5    -0.479447   0.00101483 -5.59127e-06   0.00503494 
        11.5    -0.473155   0.00139167 -9.52046e-06    0.0054185 
        11.5    -0.466024   0.00185649 -1.51732e-05   0.00579523 
        11.5    -0.458055   0.00242336   -2.297e-05   0.00614782 
        11.5    -0.449246   0.00310828 -3.33672e-05   0.00645974 
        11.5    -0.439599    0.0039286 -4.68442e-05   0.00671576 
        11.5    -0.429113    0.0049036 -6.39052e-05   0.00690325 
        11.5    -0.417787   0.00605428 -8.50696e-05   0.00701306 
        11.5    -0.405623   0.00740302 -0.000110858   0.00704071 
        11.5     -0.39262   0.00897419 -0.000141797   0.00698772 
        11.5    -0.378778    0.0107938   -0.0001784   0.00686286 
        11.5    -0.364097    0.0128895 -0.000221164   0.00668364 
        11.5    -0.348578    0.0152905 -0.000270555   0.00647782 
        11.5    -0.332219    0.0180284 -0.000327008   0.00628501 
        11.5    -0.315021    0.0211357 -0.000390903   0.00615845 
        11.5    -0.296985    0.0246469 -0.000462555   0.00616678 
        11.5     -0.27811    0.0285985 -0.000542217   0.00639591 
        11.5    -0.258395    0.0330288 -0.000630057   0.00695109 
        11.5    -0.237842    0.0379763 -0.000726362   0.00652571 
        11.5     -0.21645    0.0434703 -0.000831305   0.00652539 
        11.5    -0.194219    0.0495664 -0.000944528   0.00652506 
        11.5    -0.171149    0.0563016  -0.00106602   0.00652471 
        11.5     -0.14724    0.0637126  -0.00119566   0.00652435 
        11.5    -0.122493    0.0718358  -0.00133324   0.00652395 
        11.5    -0.096906    0.0807081  -0.00147844   0.00652352 
        11.5    -0.070481    0.0903643  -0.00163079   0.00652304 
        11.5    -0.043216      0.10084  -0.00178971   0.00652251 
        11.5    -0.015113     0.112169  -0.00195445   0.00652191 
        11.5     0.013829     0.124357   -0.0021248   0.00652123 
        11.5     0.043611     0.137427   -0.0022998   0.00652046 
        11.5     0.074231     0.151387  -0.00247873   0.00651953 
        11.5      0.10569     0.166234  -0.00266105   0.00651844 
        11.5     0.137987     0.181955  -0.00284613   0.00651719 
        11.5     0.171124     0.198533  -0.00303324    0.0065158 
        11.5       0.2051      0.21594  -0.00322157   0.00651428 
        11.5     0.239914     0.234142  -0.00341021   0.00651265 
        11.5     0.275568     0.253114  -0.00359827   0.00651132 
        11.5      0.31206     0.272793  -0.00378525   0.00650894 
        11.5     0.349391     0.293029   -0.0039718   0.00650623 
        11.5     0.387562      0.31379  -0.00415775    0.0065032 
        11.5     0.426571     0.335035  -0.00434286   0.00649984 
        11.5     0.466419     0.356723  -0.00452695   0.00649616 
        11.5     0.507106     0.378803  -0.00470985   0.00649214 
        11.5     0.548631     0.401217  -0.00489136   0.00648781 
        11.5     0.590996     0.423906  -0.00507135   0.00648316 
        11.5       0.6342     0.446798  -0.00524966    0.0064782 
        11.5     0.678242     0.469817  -0.00542613   0.00647294 
        11.5     0.723124      0.49288  -0.00560068   0.00646739 
        11.5     0.768844     0.515787  -0.00577075   0.00645896 
        11.5     0.815403     0.539027  -0.00594179   0.00645102 
        11.5     0.862801     0.562166  -0.00610913   0.00644244 
        11.5     0.911038     0.585162  -0.00627238   0.00643322 
        11.5     0.960114     0.607968  -0.00643116   0.00642332 
        11.5      1.01003     0.630536   -0.0065851   0.00641272 
        11.5      1.06078     0.652817  -0.00673379   0.00640141 
        11.5      1.11238     0.674757  -0.00687682   0.00638934 
        11.5      1.16481     0.696301  -0.00701379   0.00637651 
        11.5      1.21808     0.717391  -0.00714428   0.00636288 
        11.5      1.27219     0.737968  -0.00726785   0.00634843 
        11.5      1.32713     0.757969  -0.00738408   0.00633314 
        11.5      1.38292     0.777327  -0.00749253   0.00631698 
        11.5      1.43955     0.795973  -0.00759273   0.00629992 
        11.5      1.49701     0.813837  -0.00768423   0.00628195 
        11.5      1.55532     0.830844  -0.00776657   0.00626304 
        11.5      1.61446     0.846915  -0.00783926   0.00624316 
        11.5      1.67444      0.86197  -0.00790184   0.00622228 
        11.5      1.73526     0.875925   -0.0079538   0.00620039 
        11.5      1.79692     0.890213  -0.00800974   0.00618094 
        11.5      1.85942     0.901898  -0.00804057   0.00615782 
        11.5      1.92276     0.912778  -0.00806492   0.00613419 
        11.5      1.98693     0.922858  -0.00808286   0.00611006 
        11.5      2.05195     0.932145  -0.00809447   0.00608546 
        11.5       2.1178     0.940649  -0.00809987   0.00606039 
        11.5       2.1845     0.948383  -0.00809918   0.00603488 
        11.5      2.25203     0.955363  -0.00809256   0.00600895 
        11.5       2.3204      0.96161  -0.00808022   0.00598263 
        11.5      2.38961     0.967146  -0.00806235   0.00595593 
        11.5      2.45966     0.971998  -0.00803921   0.00592889 
        11.5      2.53055     0.976197  -0.00801107   0.00590155 
        11.5      2.60227     0.979777  -0.00797823   0.00587392 
        11.5      2.67484     0.982775  -0.00794103   0.00584605 
        11.5      2.74824     0.985235  -0.00789984   0.00581797 
        11.5      2.82248     0.987202  -0.00785506   0.00578973 
        11.5      2.89757     0.988727  -0.00780713   0.00576136 
        11.5      2.97349     0.989866  -0.00775651   0.00573291 
        11.5      3.05025     0.990678  -0.00770373   0.00570442 
        11.5      3.12785     0.991228  -0.00764933   0.00567596 
        11.5      3.20628     0.991584  -0.00759389   0.00564755 
        11.5      3.28556     0.991822  -0.00753803   0.00561928 
        11.5      3.36567     0.992021  -0.00748243   0.00559118 
        11.5      3.44663     0.992264   -0.0074278   0.00556333 
        11.5      3.52842     0.992643  -0.00737488   0.00553579 
        11.5      3.61105     0.993252  -0.00732447   0.00550862 
        11.5      3.69453     0.994193  -0.00727741    0.0054819 
        11.5      3.77884     0.993695  -0.00721483   0.00545334 
        11.5      3.86398     0.993815  -0.00715772   0.00542474 
        11.5      3.94997     0.993916  -0.00710012   0.00539623 
        11.5       4.0368     0.993999  -0.00704214   0.00536782 
        11.5      4.12446     0.994066  -0.00698392   0.00533952 
        11.5      4.21297     0.994119  -0.00692557   0.00531136 
        11.5      4.30231     0.994159  -0.00686725   0.00528335 
        11.5       4.3925      0.99419  -0.00680908    0.0052555 
        11.5      4.48352     0.994213  -0.00675117    0.0052278 
        11.5      4.57538     0.994232   -0.0066928   0.00519966 
        11.5      4.66807     0.994251  -0.00663444   0.00517157 
        11.5      4.76161     0.994272  -0.00657578   0.00514513 
        11.5      4.85599     0.994292  -0.00651668   0.00511882 
        11.5      4.95121     0.994319  -0.00645719   0.00509071 
        11.5      5.04726      0.99435  -0.00639834    0.0050627 
        11.5      5.14415      0.99438   -0.0063394   0.00503506 
        11.5      5.24189     0.994411  -0.00628037   0.00500775 
        11.5      5.34046     0.994441  -0.00622124   0.00498071 
        11.5      5.43987     0.994472    -0.006162   0.00495389 
        11.5      5.54012     0.994501  -0.00610265   0.00492722 
        11.5      5.64121     0.994531  -0.00604318   0.00490065 
        11.5      5.74313     0.994559  -0.00598359   0.00487412 
        11.5       5.8459     0.994587  -0.00592387   0.00484754 
        11.5       5.9495     0.994614    -0.005864   0.00482085 
        11.5      6.05395      0.99464  -0.00580399   0.00479397 
        11.5      6.15923     0.994667  -0.00574507   0.00476804 
        11.5      6.26535     0.994693  -0.00568606   0.00474188 
        11.5      6.37231     0.994719  -0.00562698   0.00471587 
        11.5      6.48011     0.994746  -0.00556785   0.00468999 
        11.5      6.58875     0.994772  -0.00550869   0.00466424 
        11.5      6.69822     0.994799  -0.00544953   0.00463863 
        11.5      6.80854     0.994825  -0.00539038   0.00461314 
        11.5       6.9197     0.994852  -0.00533128   0.00458777 
        11.5      7.03169     0.994878  -0.00527224   0.00456251 
        11.5      7.14452     0.994905  -0.00521329   0.00453736 
        11.5      7.25819     0.994931  -0.00515445    0.0045123 
        11.5       7.3727     0.994958  -0.00509576   0.00448735 
        11.5      7.48806     0.994984  -0.00503723   0.00446247 
        11.5      7.60424      0.99501  -0.00497889   0.00443768 
        11.5      7.72127     0.995036  -0.00492105    0.0044129 
        11.5      7.83914     0.995062  -0.00486314   0.00438862 
        11.5      7.95784     0.995087  -0.00480532   0.00436436 
        11.5      8.07739     0.995113  -0.00474758    0.0043401 
        11.5      8.19777     0.995138  -0.00468991   0.00431581 
        11.5      8.31899     0.995163  -0.00463257   0.00429168 
        11.5      8.44105     0.995189  -0.00457529   0.00426762 
        11.5      8.56395     0.995214  -0.00451823   0.00424364 
        11.5      8.68769     0.995239  -0.00446137   0.00421976 
        11.5      8.81227     0.995264  -0.00440484   0.00419615 
        11.5      8.93768     0.995289  -0.00434848   0.00417262 
        11.5      9.06394     0.995313  -0.00429233   0.00414919 
        11.5      9.19103     0.995338  -0.00423641   0.00412586 
        11.5      9.31897     0.995362  -0.00418071   0.00410262 
        11.5      9.44774     0.995387  -0.00412524   0.00407948 
        11.5      9.57735     0.995411  -0.00407001   0.00405643 
        11.5       9.7078     0.995435  -0.00401503   0.00403348 
        11.5      9.83909     0.995459   -0.0039603   0.00401063 
        11.5      9.97121     0.995483  -0.00390582   0.00398787 
        11.5      10.1042     0.995507  -0.00385161    0.0039652 
        11.5       10.238     0.995531  -0.00379767   0.00394263 
        11.5      10.3726     0.995555  -0.00374401   0.00392014 
        11.5      10.5081     0.995578  -0.00369062   0.00389775 
        11.5      10.6444     0.995602  -0.00363752   0.00387545 
        11.5      10.7816     0.995625  -0.00358472   0.00385323 
        11.5      10.9196     0.995649  -0.00353221    0.0038311 
        11.5      11.0584     0.995672     -0.00348   0.00380905 
        11.5      11.1981     0.995695   -0.0034281   0.00378708 
        11.5      11.3386     0.995718  -0.00337652   0.00376519 
        11.5        11.48     0.995741  -0.00332522   0.00374338 
        11.5      11.6222     0.995764  -0.00327421   0.00372172 
        11.5      11.7652     0.995787  -0.00322353   0.00370013 
        11.5      11.9091      0.99581  -0.00317316   0.00367861 
        11.5      12.0538     0.995832  -0.00312312   0.00365716 
        11.5      12.1993     0.995855  -0.00307341   0.00363578 
        11.5      12.3457     0.995878  -0.00302402   0.00361447 
        11.5       12.493       0.9959  -0.00297497   0.00359324 
        11.5       12.641     0.995923  -0.00292626   0.00357209 
        11.5      12.7899     0.995945  -0.00287788     0.003551 
        11.5      12.9397     0.995967  -0.00282985      0.00353 
        11.5      13.0903      0.99599  -0.00278215   0.00350907 
        11.5      13.2417     0.996012   -0.0027348   0.00348821 
        11.5      13.3939     0.996034  -0.00268779   0.00346743 
        11.5       13.547     0.996056  -0.00264112   0.00344673 
        11.5       13.701     0.996078   -0.0025948    0.0034261 
        11.5      13.8558       0.9961  -0.00254883   0.00340554 
        11.5      14.0114     0.996122   -0.0025032   0.00338507 
        11.5      14.1678     0.996143  -0.00245798    0.0033646 
        11.5      14.3251     0.996165  -0.00241305   0.00334422 
        11.5      14.4833     0.996187  -0.00236847   0.00332392 
        11.5      14.6422     0.996209  -0.00232425   0.00330369 
        11.5       14.802      0.99623   -0.0022804   0.00328353 
        11.5      14.9627     0.996252  -0.00223691   0.00326345 
        11.5      15.1242     0.996273  -0.00219378   0.00324343 
        11.5      15.2865     0.996294  -0.00215102   0.00322348 
        11.5      15.4497     0.996316  -0.00210863   0.00320359 
        11.5      15.6137     0.996337   -0.0020666   0.00318376 
        11.5      15.7785     0.996358  -0.00202485   0.00316399 
        11.5      15.9442     0.996379  -0.00198354    0.0031443 
        11.5      16.1107       0.9964  -0.00194259   0.00312468 
        11.5      16.2781     0.996421  -0.00190199   0.00310512 
        11.5      16.4463     0.996442  -0.00186175   0.00308563 
        11.5      16.6153     0.996463  -0.00182188   0.00306619 
        11.5      16.7852     0.996484  -0.00178235   0.00304683 
        11.5      16.9559     0.996505  -0.00174319   0.00302752 
        11.5      17.1275     0.996525  -0.00170439   0.00300829 
        11.5      17.2999     0.996546  -0.00166595   0.00298912 
        11.5      17.4731     0.996566  -0.00162787   0.00297001 
        11.5      17.6472     0.996587  -0.00159014   0.00295097 
        11.5      17.8221     0.996607  -0.00155278     0.002932 
        11.5      17.9979     0.996628  -0.00151577    0.0029131 
        11.5      18.1744     0.996648  -0.00147912   0.00289427 
        11.5      18.3519     0.996668  -0.00144282    0.0028755 
        11.5      18.5301     0.996689  -0.00140688    0.0028568 
        11.5      18.7093     0.996709   -0.0013713   0.00283817 
        11.5      18.8892     0.996729  -0.00133606   0.00281961 
        11.5        19.07     0.996749  -0.00130117   0.00280111 
        11.5      19.2516     0.996769  -0.00126663   0.00278269 
        11.5      19.4341     0.996789  -0.00123249    0.0027643 
        11.5      19.6174     0.996809  -0.00119863   0.00274603 
        11.5      19.8015     0.996829  -0.00116513   0.00272784 
        11.5      19.9865     0.996848  -0.00113201   0.00270966 
        11.5      20.1723     0.996868   -0.0010992    0.0026916 
        11.5       20.359     0.996888  -0.00106673    0.0026736 
        11.5      20.5465     0.996907  -0.00103461   0.00265568 
        11.5      20.7348     0.996927  -0.00100282   0.00263782 
        11.5       20.924     0.996946 -0.000971381   0.00262003 
        11.5       21.114     0.996965 -0.000940276   0.00260232 
        11.5      21.3048     0.996985 -0.000909507   0.00258467 
        11.5      21.4965     0.997004 -0.000879073    0.0025671 
        11.5       21.689     0.997023  -0.00084897   0.00254961 
        11.5      21.8824     0.997042 -0.000819197   0.00253218 
        11.5      22.0766     0.997061 -0.000789751   0.00251484 
        11.5      22.2717      0.99708  -0.00076063   0.00249757 
        11.5      22.4675     0.997099 -0.000731829   0.00248038 
        11.5      22.6643     0.997118 -0.000703347   0.00246326 
        11.5      22.8618     0.997137 -0.000675179   0.00244623 
        11.5      23.0602     0.997155 -0.000647322   0.00242927 
        11.5      23.2595     0.997174 -0.000619773    0.0024124 
        11.5      23.4596     0.997193 -0.000592527    0.0023956 
        11.5      23.6605     0.997211 -0.000565579   0.00237889 
        11.5      23.8622     0.997229 -0.000538904   0.00236241 
        11.5      24.0648     0.997248 -0.000512674   0.00234577 
        11.5      24.2683     0.997266 -0.000486731   0.00232923 
        11.5      24.4725     0.997284 -0.000461075   0.00231277 
        11.5      24.6776     0.997303 -0.000435706    0.0022964 
        11.5      24.8836     0.997321 -0.000410623   0.00228013 
        11.5      25.0904     0.997339 -0.000385826   0.00226394 
        11.5       25.298     0.997357 -0.000361313   0.00224785 
        11.5      25.5065     0.997374 -0.000337086   0.00223185 
        11.5      25.7158     0.997392 -0.000313142   0.00221593 
        11.5      25.9259      0.99741  -0.00028948   0.00220011 
        11.5      26.1369     0.997428   -0.0002661   0.00218437 
        11.5      26.3487     0.997445    -0.000243   0.00216873 
        11.5      26.5614     0.997463  -0.00022018   0.00215317 
        11.5      26.7749      0.99748 -0.000197637    0.0021377 
        11.5      26.9892     0.997497  -0.00017537   0.00212232 
        11.5      27.2044     0.997514 -0.000153378   0.00210702 
        11.5      27.4204     0.997532 -0.000131658   0.00209181 
        11.5      27.6373     0.997549 -0.000110209   0.00207669 
        11.5       27.855     0.997566 -8.90293e-05   0.00206165 
        11.5      28.0735     0.997583 -6.81159e-05    0.0020467 
        11.5      28.2929     0.997599 -4.74668e-05   0.00203182 
        11.5      28.5131     0.997616 -2.70796e-05   0.00201703 
        11.5      28.7342     0.997633 -6.95196e-06   0.00200233 
        11.5      28.9561     0.997649   1.2919e-05    0.0019877 
        11.5      29.1788     0.997666  3.25362e-05   0.00197315 
        11.5      29.4024     0.997683  5.19023e-05   0.00195868 
        11.5      29.6268     0.997698  7.15483e-05   0.00194483 
        11.5       29.852     0.997715  9.04747e-05   0.00193046 
        11.5      30.0781     0.997731  0.000109144   0.00191619 
        11.5       30.305     0.997747  0.000127559   0.00190203 
        11.5      30.5328     0.997764  0.000145725   0.00188797 
        11.5      30.7614      0.99778  0.000163644   0.00187403 
        11.5      30.9908     0.997795  0.000181322    0.0018602 
        11.5      31.2211     0.997811  0.000198762   0.00184648 
        11.5      31.4522     0.997827  0.000215969   0.00183288 
        11.5      31.6842     0.997843  0.000232948   0.00181941 
        11.5       31.917     0.997858  0.000249703   0.00180606 
        11.5      32.1506     0.997874  0.000266201   0.00179234 
        11.5      32.3851     0.997889  0.000282765   0.00177923 
        11.5      32.6204     0.997904  0.000299117   0.00176617 
        11.5      32.8565      0.99792  0.000315255   0.00175317 
        11.5      33.0935     0.997935  0.000331182   0.00174022 
        11.5      33.3314      0.99795  0.000346896   0.00172733 
        11.5        33.57     0.997965  0.000362398    0.0017145 
        11.5      33.8095      0.99798  0.000377688   0.00170174 
        11.5      34.0499     0.997995  0.000392766   0.00168904 
        11.5      34.2911      0.99801  0.000407634    0.0016764 
        11.5      34.5331     0.998024   0.00042229   0.00166383 
        11.5       34.776     0.998038  0.000436108   0.00165252 
        11.5      35.0197     0.998052  0.000450321   0.00164014 
        11.5      35.2642     0.998067  0.000464352   0.00162787 
        11.5      35.5096     0.998081  0.000478203    0.0016157 
        11.5      35.7558     0.998096  0.000491875   0.00160363 
        11.5      36.0029      0.99811  0.000505369   0.00159166 
        11.5      36.2508     0.998124  0.000518686   0.00157979 
        11.5      36.4995     0.998138  0.000531828   0.00156802 
        11.5      36.7491     0.998152  0.000544795   0.00155635 
        11.5      36.9995     0.998166   0.00055759   0.00154478 
        11.5      37.2507      0.99818  0.000570212   0.00153331 
        11.5      37.5028     0.998194  0.000582665   0.00152193 
        11.5      37.7558     0.998207   0.00059495   0.00151066 
        11.5      38.0095     0.998221  0.000607067   0.00149947 
        11.5      38.2641     0.998234  0.000619019   0.00148839 
        11.5      38.5196     0.998248  0.000630808   0.00147739 
        11.5      38.7759     0.998261  0.000642435   0.00146649 
        11.5       39.033     0.998274  0.000653902   0.00145569 
        11.5      39.2909     0.998287  0.000665211   0.00144497 
        11.5      39.5498       0.9983  0.000676365   0.00143435 
        11.5      39.8094     0.998313  0.000687365   0.00142381 
        11.5      40.0699     0.998326  0.000698213   0.00141336 
        11.5      40.3312     0.998339  0.000708912     0.001403 
        11.5      40.5933     0.998352  0.000719464   0.00139272 
        11.5      40.8563     0.998364  0.000729871   0.00138253 
        11.5      41.1202     0.998377  0.000740137   0.00137243 
        11.5      41.3849     0.998389  0.000750262    0.0013624 
        11.5      41.6504     0.998402  0.000760251   0.00135246 
        11.5      41.9167     0.998414  0.000770105   0.00134259 
        11.5      42.1839     0.998426  0.000779827   0.00133281 
        11.5      42.4519     0.998439  0.000789421    0.0013231 
        11.5      42.7208     0.998451  0.000798889   0.00131346 
        11.5      42.9905     0.998463  0.000808234    0.0013039 
        11.5      43.2611     0.998475  0.000817459   0.00129441 
        11.5      43.5325     0.998487  0.000826567   0.00128499 
        11.5      43.8047     0.998499  0.000835562   0.00127564 
        11.5      44.0777      0.99851  0.000844447   0.00126635 
        11.5      44.3516     0.998522  0.000853225   0.00125713 
        11.5      44.6264     0.998534    0.0008619   0.00124797 
        11.5       44.902     0.998546  0.000870475   0.00123888 
        11.5      45.1784     0.998557   0.00087923   0.00123028 
        11.5      45.4556     0.998568   0.00088733   0.00122151 
        11.5      45.7337     0.998579  0.000895336   0.00121282 
        11.5      46.0127     0.998591  0.000903249    0.0012042 
        11.5      46.2925     0.998602  0.000911069   0.00119566 
        11.5      46.5731     0.998613  0.000918795   0.00118719 
        11.5      46.8545     0.998624  0.000926429    0.0011788 
        11.5      47.1368     0.998635   0.00093397   0.00117049 
        11.5      47.4199     0.998646   0.00094142   0.00116225 
        11.5      47.7039     0.998656  0.000948777   0.00115408 
        11.5      47.9887     0.998667  0.000956043   0.00114599 
        11.5      48.2744     0.998678  0.000963217   0.00113797 
        11.5      48.5609     0.998688  0.000970301   0.00113003 
        11.5      48.8482     0.998699  0.000977294   0.00112216 
        11.5      49.1363     0.998709  0.000984198   0.00111437 
        11.5      49.4253      0.99872  0.000991012   0.00110665 
        11.5      49.7152      0.99873  0.000997737     0.001099 
        11.5      50.0059      0.99874   0.00100437   0.00109142 
        11.5      50.2974      0.99875   0.00101092   0.00108392 
        11.5      50.5897     0.998761   0.00101738   0.00107649 
        11.5      50.8829     0.998771   0.00102376   0.00106913 
        11.5       51.177     0.998781   0.00103004   0.00106184 
        11.5      51.4719      0.99879   0.00103625   0.00105463 
        11.5      51.7676       0.9988   0.00104236   0.00104748 
        11.5      52.0641      0.99881    0.0010484   0.00104041 
        11.5      52.3615      0.99882   0.00105435    0.0010334 
        11.5      52.6597     0.998829   0.00106021   0.00102646 
        11.5      52.9588     0.998839   0.00106599    0.0010196 
        11.5      53.2587     0.998848    0.0010717    0.0010128 
        11.5      53.5595     0.998858   0.00107732   0.00100607 
        11.5      53.8611     0.998867   0.00108286  0.000999405 
        11.5      54.1635     0.998877   0.00108832  0.000992809 
        11.5      54.4667     0.998886    0.0010937  0.000986279 
        11.5      54.7708     0.998895   0.00109901  0.000979815 
        11.5      55.0758     0.998904   0.00110424  0.000973416 
        11.5      55.3816     0.998913   0.00110939  0.000967082 
        11.5      55.6882     0.998922   0.00111447  0.000960811 
        11.5      55.9956     0.998931   0.00111948  0.000954604 
        11.5      56.3039      0.99894   0.00112441  0.000948459 
        11.5      56.6131     0.998949   0.00112927  0.000942376 
        11.5      56.9231     0.998958   0.00113406  0.000936354 
        11.5      57.2339     0.998967   0.00113878  0.000930392 
        11.5      57.5455     0.998975   0.00114343   0.00092449 
        11.5       57.858     0.998984   0.00114802  0.000918647 
        11.5      58.1713     0.998992   0.00115253  0.000912862 
        11.5      58.4855     0.999001   0.00115699  0.000907134 
        11.5      58.8005     0.999009   0.00116138  0.000901462 
        11.5      59.1164     0.999018    0.0011657  0.000895846 
        11.5      59.4331     0.999026   0.00116997  0.000890284 
        11.5      59.7506     0.999034   0.00117418  0.000884776 
        11.5       60.069     0.999043   0.00117832   0.00087932 
        11.5      60.3882     0.999051   0.00118241  0.000873917 
        11.5      60.7082     0.999059   0.00118743  0.000868684 
        11.5      61.0291     0.999067   0.00119137  0.000863412 
        11.5      61.3508     0.999075   0.00119525  0.000858216 
        11.5      61.6734     0.999083   0.00119907  0.000853097 
        11.5      61.9968     0.999091   0.00120284  0.000848055 
        11.5       62.321     0.999098   0.00120656   0.00084309 
        11.5      62.6461     0.999106   0.00121023  0.000838205 
        11.5       62.972     0.999114   0.00121385  0.000833398 
        11.5      63.2987     0.999121   0.00121742  0.000828672 
        11.5      63.6263     0.999129   0.00122094  0.000824026 
        11.5      63.9548     0.999136   0.00122443  0.000819461 
        11.5       64.284     0.999144   0.00122792  0.000814556 
        11.5      64.6141     0.999151   0.00123151  0.000809974 
        11.5      64.9451     0.999158   0.00123505  0.000805427 
        11.5      65.2769     0.999166   0.00123854  0.000800916 
        11.5      65.6095     0.999173   0.00124198   0.00079644 
        11.5       65.943      0.99918   0.00124536     0.000792 
        11.5      66.2773     0.999187    0.0012487  0.000787597 
        11.5      66.6124     0.999194   0.00125198   0.00078323 
        11.5      66.9484     0.999201   0.00125482   0.00077912 
        11.5      67.2852     0.999208    0.0012579  0.000774878 
        11.5      67.6229     0.999215   0.00126095  0.000770684 
        11.5      67.9614     0.999222   0.00126396  0.000766537 
        11.5      68.3007     0.999229   0.00126692  0.000762439 
        11.5      68.6409     0.999236   0.00126985  0.000758388 
        11.5      68.9819     0.999243   0.00127274  0.000754384 
        11.5      69.3238      0.99925   0.00127559  0.000750428 
        11.5      69.6664     0.999256   0.00127841  0.000746518 
        11.5        70.01     0.999263   0.00128118  0.000742656 
        11.5      70.3543     0.999269   0.00128392  0.000738839 
        11.5      70.6996     0.999276   0.00128662  0.000735069 
        11.5      71.0456     0.999283   0.00128929  0.000731345 
        11.5      71.3925     0.999289   0.00129192  0.000727667 
        11.5      71.7402     0.999295   0.00129451  0.000724034 
        11.5      72.0888     0.999302   0.00129706  0.000720447 
        11.5      72.4382     0.999308   0.00129958  0.000716904 
        11.5      72.7884     0.999314   0.00130207  0.000713406 
        11.5      73.1395      0.99932   0.00130452  0.000709953 
        11.5      73.4914     0.999327   0.00130694  0.000706543 
        11.5      73.8442     0.999333   0.00130932  0.000703178 
        11.5      74.1978     0.999339   0.00131167  0.000699855 
        11.5      74.5522     0.999345   0.00131399  0.000696576 
        11.5      74.9075     0.999351   0.00131627   0.00069334 
        11.5      75.2636     0.999357   0.00131852  0.000690146 
        11.5      75.6206     0.999363   0.00132074  0.000686994 
        11.5      75.9784     0.999369   0.00132293  0.000683884 
        11.5       76.337     0.999374   0.00132509  0.000680815 
        11.5      76.6965      0.99938   0.00132721  0.000677787 
        11.5      77.0568     0.999386   0.00132931  0.000674799 
        11.5      77.4179     0.999391   0.00133138  0.000671852 
        11.5      77.7799     0.999397   0.00133342  0.000668944 
        11.5      78.1427     0.999403   0.00133543  0.000666076 
        11.5      78.5064     0.999408   0.00133741  0.000663246 
        11.5      78.8709     0.999414   0.00133937  0.000660455 
        11.5      79.2363     0.999419    0.0013413  0.000657701 
        11.5      79.6024     0.999425    0.0013432  0.000654986 
        11.5      79.9695      0.99943   0.00134507  0.000652307 
        11.5      80.3373     0.999435   0.00134693  0.000649665 
        11.5       80.706     0.999441   0.00134875  0.000647058 
        11.5      81.0756     0.999446   0.00135056  0.000644488 
        11.5      81.4459     0.999451   0.00135234  0.000641952 
        11.5      81.8171     0.999456   0.00135409  0.000639451 
        11.5      82.1892     0.999461   0.00135583  0.000636983 
        11.5      82.5621     0.999467   0.00135754   0.00063455 
        11.5      82.9358     0.999472   0.00135923  0.000632149 
        11.5      83.3104     0.999477   0.00136091   0.00062978 
        11.5      83.6858     0.999482   0.00136256  0.000627443 
        11.5      84.0621     0.999487   0.00136419  0.000625137 
        11.5      84.4391     0.999492   0.00136581  0.000622861 
        11.5      84.8171     0.999496   0.00136741  0.000620616 
        11.5      85.1958     0.999501   0.00136899    0.0006184 
        11.5      85.5754     0.999506   0.00137055  0.000616212 
        11.5      85.9559     0.999511    0.0013721  0.000614053 
        11.5      86.3372     0.999516   0.00137364  0.000611921 
        11.5      86.7193     0.999521   0.00137516  0.000609815 
        11.5      87.1022     0.999525   0.00137667  0.000607736 
        11.5       87.486      0.99953   0.00137817  0.000605682 
        11.5      87.8707     0.999535   0.00137965  0.000603652 
        11.5      88.2562     0.999539   0.00138088  0.000602261 
        11.5      88.6425     0.999543   0.00138221  0.000600328 
        11.5      89.0296     0.999548   0.00138353  0.000598426 
        11.5      89.4176     0.999552   0.00138483  0.000596554 
        11.5      89.8065     0.999556   0.00138612  0.000594713 
        11.5      90.1961     0.999561   0.00138739  0.000592902 
        11.5      90.5866     0.999565   0.00138865  0.000591122 
        11.5       90.978     0.999569   0.00138989  0.000589372 
        11.5      91.3702     0.999573   0.00139111  0.000587652 
        11.5      91.7632     0.999577   0.00139233  0.000585963 
        11.5      92.1571     0.999582   0.00139352  0.000584304 
        11.5      92.5518     0.999586    0.0013947  0.000582674 
        11.5      92.9473      0.99959   0.00139587  0.000581074 
        11.5      93.3437     0.999594   0.00139702  0.000579504 
        11.5      93.7409     0.999598   0.00139815  0.000577964 
        11.5       94.139     0.999602   0.00139927  0.000576453 
        11.5      94.5379     0.999606   0.00140038  0.000574971 
        11.5      94.9376      0.99961   0.00140147  0.000573518 
        11.5      95.3382     0.999614   0.00140254  0.000572094 
        11.5      95.7396     0.999618    0.0014036    0.0005707 
        11.5      96.1419     0.999621   0.00140464  0.000569334 
        11.5       96.545     0.999625   0.00140566  0.000567996 
        11.5      96.9489     0.999629   0.00140667  0.000566687 
        11.5      97.3537     0.999633   0.00140767  0.000565406 
        11.5      97.7593     0.999637   0.00140865  0.000564153 
        11.5      98.1657      0.99964   0.00140961  0.000562929 
        11.5       98.573     0.999644   0.00141055  0.000561731 
        11.5      98.9811     0.999648   0.00141148  0.000560562 
        11.5      99.3901     0.999651    0.0014124   0.00055942 
        11.5      99.7999     0.999655   0.00141329  0.000558305 
        11.5      100.211     0.999658   0.00141417  0.000557217 
        11.5      100.622     0.999662   0.00141504  0.000556156 
        11.5      101.034     0.999665   0.00141588  0.000555122 
        11.5      101.448     0.999669   0.00141671  0.000554114 
        11.5      101.862     0.999672   0.00141753  0.000553132 
        11.5      102.276     0.999676   0.00141833  0.000552176 
        11.5      102.692     0.999679   0.00141911  0.000551246 
        11.5      103.109     0.999682   0.00141987  0.000550342 
        11.5      103.526     0.999686   0.00142062  0.000549463 
        11.5      103.944     0.999689   0.00142135  0.000548609 
        11.5      104.363     0.999692   0.00142206   0.00054778 
        11.5      104.783     0.999695   0.00142276  0.000546976 
        11.5      105.204     0.999699   0.00142344  0.000546196 
        11.5      105.625     0.999702    0.0014241   0.00054544 
        11.5      106.048     0.999705   0.00142475  0.000544709 
        11.5      106.471     0.999708   0.00142537  0.000544001 
        11.5      106.895     0.999711   0.00142598  0.000543316 
        11.5       107.32     0.999714   0.00142658  0.000542654 
        11.5      107.746     0.999719   0.00142715   0.00054226 
        11.5      108.172     0.999722   0.00142787  0.000541611 
        11.5        108.6     0.999725   0.00142857  0.000540983 
        11.5      109.028     0.999728   0.00142925  0.000540374 
        11.5      109.457      0.99973   0.00142992  0.000539787 
        11.5      109.887     0.999733   0.00143057  0.000539219 
        11.5      110.318     0.999736   0.00143121  0.000538673 
        11.5      110.749     0.999739   0.00143183  0.000538146 
        11.5      111.182     0.999742   0.00143244  0.000537641 
        11.5      111.615     0.999744   0.00143304  0.000537156 
        11.5      112.049     0.999747   0.00143362  0.000536691 
        11.5      112.484      0.99975   0.00143418  0.000536248 
        11.5       112.92     0.999752   0.00143474  0.000535825 
        11.5      113.357     0.999755   0.00143528  0.000535423 
        11.5      113.794     0.999757    0.0014358  0.000535042 
        11.5      114.232      0.99976   0.00143632  0.000534683 
        11.5      114.672     0.999763   0.00143682  0.000534344 
        11.5      115.112     0.999765   0.00143731  0.000534026 
        11.5      115.552     0.999768   0.00143779  0.000533729 
        11.5      115.994      0.99977   0.00143825  0.000533453 
        11.5      116.437     0.999773    0.0014387  0.000533199 
        11.5       116.88     0.999775   0.00143915  0.000532965 
        11.5      117.324     0.999777   0.00143958  0.000532753 
        11.5      117.769      0.99978      0.00144  0.000532562 
        11.5      118.215     0.999782   0.00144041  0.000532393 
        11.5      118.662     0.999785    0.0014408  0.000532245 
        11.5      119.109     0.999787   0.00144119  0.000532118 
        11.5      119.558     0.999789   0.00144157  0.000532013 
        11.5      120.007     0.999792   0.00144194  0.000531929 
        11.5      120.457     0.999794    0.0014423  0.000531867 
        11.5      120.908     0.999796   0.00144265  0.000531827 
        11.5       121.36     0.999798   0.00144299  0.000531808 
        11.5      121.812     0.999801   0.00144332   0.00053181 
        11.5      122.266     0.999803   0.00144364  0.000531835 
        11.5       122.72     0.999805   0.00144396  0.000531881 
        11.5      123.175     0.999812   0.00144421  0.000530993 
        11.5      123.631     0.999816   0.00144458  0.000531109 
        11.5      124.088     0.999819   0.00144494  0.000531242 
        11.5      124.546     0.999822   0.00144531   0.00053139 
        11.5      125.004     0.999825   0.00144567  0.000531555 
        11.5      125.463     0.999827   0.00144602  0.000531736 
        11.5      125.923     0.999829   0.00144637  0.000531933 
        11.5      126.384     0.999831   0.00144671  0.000532146 
        11.5      126.846     0.999833   0.00144706  0.000532375 
        11.5      127.309     0.999834   0.00144739  0.000532622 
        11.5      127.772     0.999835   0.00144772  0.000532884 
        11.5      128.237     0.999836   0.00144805  0.000533164 
        11.5      128.702     0.999837   0.00144837   0.00053346 
        11.5      129.168     0.999837   0.00144869  0.000533772 
        11.5      129.635     0.999838     0.001449  0.000534102 
        11.5      130.102     0.999838   0.00144931  0.000534448 
        11.5      130.571     0.999838   0.00144961  0.000534812 
        11.5       131.04     0.999838   0.00144991  0.000535192 
        11.5      131.511     0.999838    0.0014502   0.00053559 
        11.5      131.982     0.999838   0.00145049  0.000536005 
        11.5      132.453     0.999838   0.00145077  0.000536437 
        11.5      132.926     0.999838   0.00145105  0.000536887 
        11.5        133.4     0.999838   0.00145132  0.000537354 
        11.5      133.874     0.999838   0.00145158  0.000537838 
        11.5      134.349     0.999837   0.00145184   0.00053834 
        11.5      134.825     0.999837   0.00145209   0.00053886 
        11.5      135.302     0.999837   0.00145234  0.000539397 
        11.5       135.78     0.999837   0.00145258  0.000539952 
        11.5      136.259     0.999837   0.00145281  0.000540525 
        11.5      136.738     0.999838   0.00145304  0.000541116 
        11.5      137.218     0.999838   0.00145326  0.000541726 
        11.5        137.7     0.999838   0.00145347  0.000542353 
        11.5      138.182     0.999839   0.00145368  0.000542998 
        11.5      138.664      0.99984   0.00145388  0.000543661 
        11.5      139.148     0.999841   0.00145407  0.000544343 
        11.5      139.632     0.999842   0.00145426  0.000545043 
        11.5      140.118     0.999844   0.00145444  0.000545762 
        11.5      140.604     0.999846   0.00145462  0.000546499 
        11.5      141.091     0.999848   0.00145478  0.000547255 
        11.5      141.579     0.999851   0.00145494   0.00054803 
        11.5      142.067     0.999853   0.00145509  0.000548823 
        11.5      142.557     0.999857   0.00145523  0.000549635 
        11.5      143.047      0.99986   0.00145537  0.000550466 
        11.5      143.538     0.999864    0.0014555  0.000551316 
        11.5       144.03     0.999869   0.00145562  0.000552185 
        11.5      144.523     0.999874   0.00145573  0.000553073 
        11.5      145.017     0.999879   0.00145583   0.00055398 
        11.5      145.511     0.999885   0.00145593  0.000554907 
        11.5      146.007     0.999891   0.00145601  0.000555853 
        11.5      146.503     0.999898   0.00145609  0.000556818 
        11.5          147     0.999906   0.00145616  0.000557803 
        11.5      147.498     0.999914   0.00145622  0.000558807 
        11.5      147.997     0.999922   0.00145628  0.000559831 
        11.5      148.496     0.999932   0.00145632  0.000560875 
        11.5      148.997     0.999942   0.00145635  0.000561939 
        11.5      149.498     0.999953   0.00145638  0.000563022 
        11.5          150     0.999964   0.00145639  0.000564125 
