Variables = x, y, u, v, p

Zone, I=600, F=POINT
         7.5         -1.5 -1.31109e-05 -1.14903e-06  -0.00170169 
         7.5     -1.49958 -5.59844e-05 -1.13685e-06  -0.00170169 
         7.5     -1.49831 -0.000184563 -1.09082e-06  -0.00170168 
         7.5      -1.4962 -0.000398315 -9.82736e-07  -0.00170165 
         7.5     -1.49324 -0.000696621 -7.65706e-07  -0.00170162 
         7.5     -1.48944  -0.00107837 -3.74833e-07  -0.00170159 
         7.5      -1.4848  -0.00154235  2.72532e-07  -0.00170154 
         7.5     -1.47931  -0.00208686  1.27562e-06  -0.00170149 
         7.5     -1.47298  -0.00270997  2.74964e-06  -0.00170143 
         7.5      -1.4658  -0.00340956  4.82493e-06  -0.00170136 
         7.5     -1.45778  -0.00418307   7.6453e-06  -0.00170129 
         7.5     -1.44891  -0.00502751  1.13663e-05  -0.00170121 
         7.5      -1.4392  -0.00593973  1.61548e-05  -0.00170113 
         7.5     -1.42864  -0.00691597  2.21852e-05  -0.00170104 
         7.5     -1.41724  -0.00795253  2.96415e-05  -0.00170095 
         7.5       -1.405  -0.00904488  3.87097e-05  -0.00170085 
         7.5     -1.39191   -0.0101883  4.95796e-05  -0.00170076 
         7.5     -1.37797   -0.0113776  6.24423e-05  -0.00170066 
         7.5     -1.36319   -0.0126073  7.74856e-05  -0.00170057 
         7.5     -1.34757   -0.0138712  9.48914e-05  -0.00170047 
         7.5      -1.3311   -0.0151628  0.000114834  -0.00170038 
         7.5     -1.31379   -0.0164751   0.00013748  -0.00170029 
         7.5     -1.29564   -0.0178005  0.000162975   -0.0017002 
         7.5     -1.27663    -0.019131  0.000191455  -0.00170012 
         7.5     -1.25679   -0.0204577  0.000223028  -0.00170005 
         7.5      -1.2361   -0.0217716  0.000257782  -0.00169999 
         7.5     -1.21457   -0.0230627  0.000295771  -0.00169994 
         7.5     -1.19219   -0.0243205  0.000337022   -0.0016999 
         7.5     -1.16896   -0.0255337  0.000381521  -0.00169987 
         7.5      -1.1449   -0.0266905  0.000429214  -0.00169986 
         7.5     -1.11998    -0.027778  0.000479999  -0.00169987 
         7.5     -1.09423    -0.028783  0.000533725   -0.0016999 
         7.5     -1.06763   -0.0296911  0.000590186  -0.00169994 
         7.5     -1.04018   -0.0304871  0.000649116  -0.00170002 
         7.5     -1.01189   -0.0311552  0.000710179  -0.00170012 
         7.5    -0.982756   -0.0316784  0.000772971  -0.00170024 
         7.5    -0.952777   -0.0320388  0.000837009   -0.0017004 
         7.5    -0.921954   -0.0322175  0.000901729  -0.00170059 
         7.5    -0.890286   -0.0321945  0.000966479  -0.00170082 
         7.5    -0.857774    -0.031949   0.00103051  -0.00170108 
         7.5    -0.824417   -0.0314586   0.00109298  -0.00170139 
         7.5    -0.790215   -0.0307002   0.00115293  -0.00170174 
         7.5    -0.755169   -0.0296491   0.00120928  -0.00170214 
         7.5    -0.719279   -0.0282558   0.00126332  -0.00170249 
         7.5    -0.682544    -0.026518   0.00131125   -0.0017029 
         7.5    -0.644965   -0.0244048   0.00135251  -0.00170332 
         7.5    -0.606541   -0.0218782   0.00138598  -0.00170376 
         7.5    -0.567273   -0.0188977   0.00141047   -0.0017042 
         7.5     -0.52716   -0.0154198   0.00142468  -0.00170464 
         7.5    -0.486203   -0.0113987   0.00142721  -0.00170505 
         7.5    -0.444401  -0.00678539   0.00141657  -0.00170544 
         7.5    -0.401755  -0.00152795   0.00139114  -0.00170579 
         7.5    -0.358264   0.00442882   0.00134922  -0.00170608 
         7.5    -0.313929    0.0112058   0.00129121  -0.00170631 
         7.5    -0.268749    0.0188466    0.0012143  -0.00170646 
         7.5    -0.222725    0.0274655   0.00111783  -0.00170652 
         7.5    -0.175857     0.037181   0.00100214  -0.00170648 
         7.5    -0.128143    0.0481205  0.000867662  -0.00170635 
         7.5    -0.079586    0.0604198  0.000714993   -0.0017061 
         7.5    -0.030184    0.0742252  0.000544851  -0.00170573 
         7.5     0.020063    0.0896981   0.00036063  -0.00170525 
         7.5     0.071154     0.106978  0.000166077  -0.00170461 
         7.5     0.123089     0.126202 -3.42979e-05  -0.00170414 
         7.5     0.175869     0.147426 -0.000235167  -0.00170343 
         7.5     0.229494     0.170702 -0.000430671  -0.00170203 
         7.5     0.283962     0.195961 -0.000617473  -0.00170109 
         7.5     0.339276     0.223194 -0.000787585  -0.00170037 
         7.5     0.395434     0.251976  -0.00093849  -0.00169924 
         7.5     0.452436     0.282087   -0.0010717  -0.00169775 
         7.5     0.510283     0.313279  -0.00118896  -0.00169595 
         7.5     0.568974     0.345281  -0.00129219  -0.00169391 
         7.5      0.62851     0.377796  -0.00138358  -0.00169171 
         7.5      0.68889     0.410499  -0.00146554  -0.00168943 
         7.5     0.750115     0.443007  -0.00153998  -0.00168638 
         7.5     0.812184     0.475787  -0.00161225   -0.0016831 
         7.5     0.875098     0.508296  -0.00168061  -0.00167936 
         7.5     0.938856     0.540452  -0.00174491  -0.00167514 
         7.5      1.00346     0.572165  -0.00180505  -0.00167043 
         7.5      1.06891     0.603344   -0.0018609  -0.00166519 
         7.5       1.1352      0.63389  -0.00191235  -0.00165942 
         7.5      1.20233       0.6637  -0.00195928  -0.00165308 
         7.5      1.27031     0.692666  -0.00200159  -0.00164617 
         7.5      1.33914     0.720673  -0.00203916  -0.00163866 
         7.5      1.40881     0.747602  -0.00207191  -0.00163053 
         7.5      1.47932     0.773327  -0.00209974  -0.00162175 
         7.5      1.55068     0.797717  -0.00212255  -0.00161231 
         7.5      1.62288     0.820635  -0.00214027  -0.00160218 
         7.5      1.69593     0.841936  -0.00215281  -0.00159134 
         7.5      1.76982     0.862731  -0.00216638  -0.00158237 
         7.5      1.84456     0.880301  -0.00216799  -0.00156997 
         7.5      1.92014      0.89644  -0.00216778  -0.00155728 
         7.5      1.99657     0.911175  -0.00216581   -0.0015443 
         7.5      2.07384     0.924537  -0.00216216  -0.00153105 
         7.5      2.15195     0.936563  -0.00215691  -0.00151752 
         7.5      2.23091     0.947295  -0.00215016  -0.00150374 
         7.5      2.31071      0.95678  -0.00214201   -0.0014897 
         7.5      2.39136     0.965072  -0.00213255  -0.00147542 
         7.5      2.47285     0.972228  -0.00212192  -0.00146091 
         7.5      2.55519     0.978314  -0.00211024  -0.00144618 
         7.5      2.63837     0.983399  -0.00209764  -0.00143124 
         7.5       2.7224     0.987559  -0.00208428  -0.00141612 
         7.5      2.80727     0.990879   -0.0020703  -0.00140082 
         7.5      2.89298     0.993445  -0.00205589  -0.00138535 
         7.5      2.97954     0.995356  -0.00204121  -0.00136975 
         7.5      3.06694     0.996712  -0.00202645  -0.00135401 
         7.5      3.15519     0.997624  -0.00201183  -0.00133817 
         7.5      3.24428     0.998209  -0.00199754  -0.00132225 
         7.5      3.33422      0.99859  -0.00198381  -0.00130625 
         7.5        3.425       0.9989  -0.00197088  -0.00129021 
         7.5      3.51663     0.999278    -0.001959  -0.00127416 
         7.5       3.6091      0.99987  -0.00194843   -0.0012581 
         7.5      3.70241      1.00083  -0.00193944  -0.00124207 
         7.5      3.79657       1.0004  -0.00192373  -0.00122242 
         7.5      3.89158      1.00051  -0.00191356  -0.00120763 
         7.5      3.98743      1.00061  -0.00190087  -0.00119247 
         7.5      4.08412      1.00068  -0.00188644  -0.00117701 
         7.5      4.18166      1.00073  -0.00187107  -0.00116131 
         7.5      4.28004      1.00075  -0.00185506  -0.00114633 
         7.5      4.37927      1.00075  -0.00184152  -0.00112903 
         7.5      4.47933      1.00074  -0.00182896  -0.00111133 
         7.5      4.58025      1.00071  -0.00181773  -0.00109339 
         7.5      4.68201      1.00066  -0.00180813  -0.00107623 
         7.5      4.78461      1.00062   -0.0017977  -0.00106085 
         7.5      4.88806      1.00063  -0.00178219  -0.00105074 
         7.5      4.99236      1.00062  -0.00176699  -0.00103502 
         7.5      5.09749      1.00061  -0.00175242   -0.0010189 
         7.5      5.20348      1.00059  -0.00173838  -0.00100248 
         7.5       5.3103      1.00057  -0.00172476 -0.000985829 
         7.5      5.41797      1.00055  -0.00171146 -0.000969042 
         7.5      5.52649      1.00053  -0.00169835 -0.000952206 
         7.5      5.63585      1.00051  -0.00168532 -0.000935418 
         7.5      5.74605       1.0005  -0.00167243 -0.000919888 
         7.5       5.8571      1.00049  -0.00165898 -0.000904553 
         7.5        5.969      1.00048  -0.00164472 -0.000890181 
         7.5      6.08174      1.00048  -0.00162947 -0.000876976 
         7.5      6.19532      1.00044  -0.00162023 -0.000859559 
         7.5      6.30974      1.00043   -0.0016025 -0.000844639 
         7.5      6.42502      1.00042  -0.00158844 -0.000829124 
         7.5      6.54113       1.0004  -0.00157436 -0.000813668 
         7.5      6.65809      1.00039  -0.00156024 -0.000798271 
         7.5       6.7759      1.00037   -0.0015461 -0.000782934 
         7.5      6.89455      1.00036  -0.00153193 -0.000767656 
         7.5      7.01404      1.00034  -0.00151774 -0.000752437 
         7.5      7.13438      1.00033  -0.00150372  -0.00073817 
         7.5      7.25556      1.00032  -0.00148947 -0.000723103 
         7.5      7.37759       1.0003  -0.00147521 -0.000708029 
         7.5      7.50046      1.00029  -0.00146093 -0.000692962 
         7.5      7.62418      1.00027  -0.00144662 -0.000677916 
         7.5      7.74874      1.00025  -0.00143227 -0.000662908 
         7.5      7.87414      1.00024  -0.00141787 -0.000647953 
         7.5      8.00039      1.00023  -0.00140342 -0.000633068 
         7.5      8.12749      1.00021  -0.00138889 -0.000618269 
         7.5      8.25542       1.0002  -0.00137429 -0.000603575 
         7.5      8.38421      1.00019   -0.0013596 -0.000589003 
         7.5      8.51384      1.00017  -0.00134499 -0.000574974 
         7.5      8.64431      1.00016   -0.0013304 -0.000560839 
         7.5      8.77562      1.00015  -0.00131605 -0.000546253 
         7.5      8.90779      1.00013   -0.0013014 -0.000532106 
         7.5      9.04079      1.00012  -0.00128671 -0.000518035 
         7.5      9.17464      1.00011  -0.00127199 -0.000504041 
         7.5      9.30933      1.00009   -0.0012573 -0.000489871 
         7.5      9.44487      1.00008  -0.00124252 -0.000475994 
         7.5      9.58126      1.00007  -0.00122774 -0.000462205 
         7.5      9.71848      1.00005  -0.00121294 -0.000448507 
         7.5      9.85656      1.00004  -0.00119813   -0.0004349 
         7.5      9.99547      1.00003  -0.00118331 -0.000421386 
         7.5      10.1352      1.00001  -0.00116849 -0.000407967 
         7.5      10.2758            1  -0.00115366 -0.000394644 
         7.5      10.4173      0.99999  -0.00113881 -0.000381417 
         7.5      10.5596     0.999977  -0.00112397 -0.000368288 
         7.5      10.7027     0.999965  -0.00110911 -0.000355258 
         7.5      10.8467     0.999953  -0.00109424 -0.000342329 
         7.5      10.9915     0.999941  -0.00107937   -0.0003295 
         7.5      11.1372     0.999929  -0.00106449 -0.000316774 
         7.5      11.2837     0.999917  -0.00104961 -0.000304151 
         7.5      11.4311     0.999905  -0.00103471 -0.000291631 
         7.5      11.5793     0.999894  -0.00101981 -0.000279216 
         7.5      11.7283     0.999882   -0.0010049 -0.000266907 
         7.5      11.8782     0.999871 -0.000989986 -0.000254703 
         7.5       12.029      0.99986 -0.000975062 -0.000242606 
         7.5      12.1806     0.999849 -0.000960174 -0.000230589 
         7.5       12.333     0.999837 -0.000945276 -0.000218699 
         7.5      12.4863     0.999826 -0.000930384 -0.000206916 
         7.5      12.6404     0.999816 -0.000915498 -0.000195242 
         7.5      12.7953     0.999805 -0.000900619 -0.000183677 
         7.5      12.9512     0.999794 -0.000885749 -0.000172223 
         7.5      13.1078     0.999784 -0.000870888 -0.000160878 
         7.5      13.2653     0.999773 -0.000856037 -0.000149645 
         7.5      13.4236     0.999763 -0.000841196 -0.000138524 
         7.5      13.5828     0.999753 -0.000826368 -0.000127515 
         7.5      13.7429     0.999743 -0.000811552 -0.000116619 
         7.5      13.9037     0.999733  -0.00079675 -0.000105835 
         7.5      14.0654     0.999723 -0.000781962 -9.51649e-05 
         7.5       14.228     0.999714 -0.000767158 -8.45947e-05 
         7.5      14.3914     0.999704 -0.000752398 -7.41489e-05 
         7.5      14.5557     0.999695 -0.000737654 -6.38184e-05 
         7.5      14.7208     0.999685 -0.000722926 -5.36033e-05 
         7.5      14.8867     0.999676 -0.000708215 -4.35036e-05 
         7.5      15.0535     0.999667 -0.000693521 -3.35194e-05 
         7.5      15.2211     0.999658 -0.000678862  -2.3638e-05 
         7.5      15.3896     0.999649 -0.000664217 -1.38841e-05 
         7.5      15.5589     0.999641 -0.000649595 -4.24402e-06 
         7.5      15.7291     0.999632 -0.000634997    5.282e-06 
         7.5      15.9001     0.999624 -0.000620424  1.46936e-05 
         7.5      16.0719     0.999615 -0.000605877  2.39905e-05 
         7.5      16.2446     0.999607 -0.000591358  3.31726e-05 
         7.5      16.4182     0.999599 -0.000576866  4.22397e-05 
         7.5      16.5925     0.999591 -0.000562403  5.11917e-05 
         7.5      16.7678     0.999583 -0.000547971  6.00285e-05 
         7.5      16.9438     0.999575 -0.000533569  6.87501e-05 
         7.5      17.1208     0.999568 -0.000519199  7.73568e-05 
         7.5      17.2985      0.99956 -0.000504862  8.58484e-05 
         7.5      17.4771     0.999553 -0.000490558  9.42253e-05 
         7.5      17.6566     0.999546 -0.000476289  0.000102488 
         7.5      17.8369     0.999539 -0.000462056  0.000110636 
         7.5       18.018     0.999532 -0.000447859   0.00011867 
         7.5         18.2     0.999525 -0.000433699  0.000126591 
         7.5      18.3828     0.999518 -0.000419577  0.000134399 
         7.5      18.5665     0.999511 -0.000405494  0.000142094 
         7.5       18.751     0.999505 -0.000391452  0.000149678 
         7.5      18.9364     0.999499  -0.00037745  0.000157151 
         7.5      19.1226     0.999492 -0.000363489  0.000164513 
         7.5      19.3097     0.999486 -0.000349571  0.000171765 
         7.5      19.4976      0.99948 -0.000335696  0.000178909 
         7.5      19.6863     0.999474 -0.000321895  0.000185906 
         7.5      19.8759     0.999468 -0.000308142  0.000192809 
         7.5      20.0663     0.999463  -0.00029438  0.000199602 
         7.5      20.2576     0.999457 -0.000280666  0.000206291 
         7.5      20.4497     0.999452 -0.000267002  0.000212876 
         7.5      20.6427     0.999446 -0.000253387  0.000219358 
         7.5      20.8365     0.999441 -0.000239824  0.000225736 
         7.5      21.0311     0.999436 -0.000226311  0.000232011 
         7.5      21.2266     0.999431 -0.000212851  0.000238182 
         7.5       21.423     0.999426 -0.000199443   0.00024425 
         7.5      21.6202     0.999421 -0.000186089  0.000250216 
         7.5      21.8182     0.999416 -0.000172789  0.000256078 
         7.5      22.0171     0.999412 -0.000159542  0.000261838 
         7.5      22.2168     0.999407 -0.000146351  0.000267496 
         7.5      22.4173     0.999403 -0.000133216  0.000273052 
         7.5      22.6187     0.999399 -0.000120136  0.000278507 
         7.5       22.821     0.999395 -0.000107113  0.000283861 
         7.5      23.0241     0.999391 -9.41472e-05  0.000289114 
         7.5       23.228     0.999387 -8.12389e-05  0.000294268 
         7.5      23.4328     0.999383 -6.83885e-05  0.000299322 
         7.5      23.6385     0.999379 -5.55967e-05  0.000304277 
         7.5      23.8449     0.999376 -4.28637e-05  0.000309135 
         7.5      24.0523     0.999372 -3.01901e-05  0.000313895 
         7.5      24.2604     0.999369 -1.75762e-05  0.000318558 
         7.5      24.4694     0.999365 -5.02239e-06  0.000323126 
         7.5      24.6793     0.999362  7.47098e-06  0.000327599 
         7.5        24.89     0.999359  1.99036e-05  0.000331978 
         7.5      25.1015     0.999356  3.22751e-05  0.000336263 
         7.5      25.3139     0.999353  4.45851e-05  0.000340457 
         7.5      25.5271      0.99935  5.68335e-05   0.00034456 
         7.5      25.7412     0.999348    6.902e-05  0.000348573 
         7.5      25.9561     0.999345  8.11442e-05  0.000352498 
         7.5      26.1719     0.999343   9.3206e-05  0.000356335 
         7.5      26.3885      0.99934  0.000105205  0.000360086 
         7.5       26.606     0.999338  0.000117142  0.000363752 
         7.5      26.8243     0.999336  0.000129015  0.000367335 
         7.5      27.0434     0.999334  0.000140825  0.000370836 
         7.5      27.2634     0.999331  0.000152572  0.000374256 
         7.5      27.4842      0.99933  0.000164256  0.000377597 
         7.5      27.7059     0.999328  0.000175876  0.000380861 
         7.5      27.9284     0.999326  0.000187433  0.000384049 
         7.5      28.1518     0.999324  0.000198927  0.000387163 
         7.5       28.376     0.999322  0.000210357  0.000390205 
         7.5       28.601     0.999321  0.000221723  0.000393177 
         7.5      28.8269     0.999319  0.000233026   0.00039608 
         7.5      29.0537     0.999318  0.000244169  0.000398798 
         7.5      29.2813     0.999317  0.000255284  0.000401535 
         7.5      29.5097     0.999316  0.000266325  0.000404191 
         7.5       29.739     0.999314  0.000277293  0.000406764 
         7.5      29.9691     0.999313   0.00028819  0.000409257 
         7.5      30.2001     0.999312  0.000299212   0.00041178 
         7.5      30.4319     0.999311   0.00030998  0.000414111 
         7.5      30.6645     0.999311  0.000320683  0.000416379 
         7.5       30.898      0.99931   0.00033132  0.000418583 
         7.5      31.1324     0.999309   0.00034189  0.000420725 
         7.5      31.3676     0.999309  0.000352395  0.000422804 
         7.5      31.6036     0.999308  0.000362833  0.000424822 
         7.5      31.8405     0.999308  0.000373203  0.000426778 
         7.5      32.0782     0.999307  0.000383507  0.000428673 
         7.5      32.3167     0.999307  0.000393743  0.000430508 
         7.5      32.5562     0.999307  0.000403911  0.000432283 
         7.5      32.7964     0.999307  0.000414011  0.000433999 
         7.5      33.0375     0.999307  0.000424043  0.000435657 
         7.5      33.2795     0.999307  0.000434006  0.000437256 
         7.5      33.5222     0.999307  0.000443901  0.000438798 
         7.5      33.7659     0.999307  0.000453727  0.000440283 
         7.5      34.0104     0.999307  0.000463484  0.000441712 
         7.5      34.2557     0.999307  0.000473171  0.000443086 
         7.5      34.5018     0.999307   0.00048279  0.000444406 
         7.5      34.7488     0.999308  0.000492339  0.000445672 
         7.5      34.9967     0.999308  0.000501818  0.000446884 
         7.5      35.2454     0.999308  0.000511228  0.000448045 
         7.5      35.4949     0.999309  0.000520568  0.000449154 
         7.5      35.7453     0.999309  0.000529839  0.000450213 
         7.5      35.9966      0.99931  0.000539039  0.000451223 
         7.5      36.2486     0.999311   0.00054817  0.000452184 
         7.5      36.5016     0.999311  0.000557231  0.000453097 
         7.5      36.7553     0.999312  0.000566223  0.000453964 
         7.5      37.0099     0.999313  0.000575144  0.000454785 
         7.5      37.2654     0.999314  0.000583996  0.000455562 
         7.5      37.5217     0.999315  0.000592778  0.000456295 
         7.5      37.7788     0.999316  0.000601491  0.000456986 
         7.5      38.0368     0.999317  0.000610134  0.000457635 
         7.5      38.2957     0.999318  0.000618708  0.000458245 
         7.5      38.5553     0.999319  0.000627213  0.000458816 
         7.5      38.8159      0.99932  0.000635648  0.000459349 
         7.5      39.0772     0.999322  0.000644015  0.000459845 
         7.5      39.3394     0.999323  0.000652313  0.000460307 
         7.5      39.6025     0.999324  0.000660542  0.000460735 
         7.5      39.8664     0.999325  0.000668703   0.00046113 
         7.5      40.1311     0.999327  0.000676796  0.000461495 
         7.5      40.3967     0.999328  0.000684822  0.000461829 
         7.5      40.6632      0.99933   0.00069278  0.000462136 
         7.5      40.9304     0.999331  0.000700948  0.000462282 
         7.5      41.1986     0.999333  0.000708755  0.000462521 
         7.5      41.4675     0.999334  0.000716496   0.00046272 
         7.5      41.7373     0.999336  0.000724171  0.000462879 
         7.5       42.008     0.999338  0.000731783  0.000462999 
         7.5      42.2795     0.999339  0.000739332  0.000463079 
         7.5      42.5518     0.999341   0.00074682  0.000463121 
         7.5       42.825     0.999343  0.000754248  0.000463125 
         7.5      43.0991     0.999345  0.000761617  0.000463092 
         7.5      43.3739     0.999347  0.000768929  0.000463022 
         7.5      43.6497     0.999349  0.000776185  0.000462916 
         7.5      43.9262      0.99935   0.00078279  0.000463394 
         7.5      44.2036     0.999352  0.000790045  0.000463173 
         7.5      44.4819     0.999354  0.000797232  0.000462944 
         7.5       44.761     0.999356  0.000804351  0.000462708 
         7.5      45.0409     0.999358  0.000811403  0.000462463 
         7.5      45.3217      0.99936  0.000818388   0.00046221 
         7.5      45.6034     0.999362  0.000825306  0.000461948 
         7.5      45.8858     0.999364  0.000832156  0.000461678 
         7.5      46.1692     0.999367   0.00083894  0.000461399 
         7.5      46.4533     0.999369  0.000845657  0.000461111 
         7.5      46.7383     0.999371  0.000852307  0.000460813 
         7.5      47.0242     0.999373   0.00085889  0.000460506 
         7.5      47.3109     0.999375  0.000865407  0.000460189 
         7.5      47.5984     0.999378  0.000871858  0.000459863 
         7.5      47.8868      0.99938  0.000878243  0.000459526 
         7.5      48.1761     0.999382  0.000884563  0.000459179 
         7.5      48.4661     0.999384  0.000890816  0.000458821 
         7.5      48.7571     0.999387  0.000897005  0.000458452 
         7.5      49.0488      0.99939  0.000902753  0.000457428 
         7.5      49.3415     0.999392  0.000908809  0.000457025 
         7.5      49.6349     0.999394  0.000914812  0.000456608 
         7.5      49.9292     0.999397  0.000920762  0.000456175 
         7.5      50.2244     0.999399  0.000926659  0.000455727 
         7.5      50.5203     0.999401  0.000932504  0.000455265 
         7.5      50.8172     0.999404  0.000938296  0.000454788 
         7.5      51.1149     0.999406  0.000944036  0.000454298 
         7.5      51.4134     0.999409  0.000949723  0.000453794 
         7.5      51.7127     0.999411  0.000955359  0.000453277 
         7.5       52.013     0.999414  0.000960942  0.000452748 
         7.5       52.314     0.999416  0.000966474  0.000452206 
         7.5      52.6159     0.999419  0.000971955  0.000451652 
         7.5      52.9187     0.999421  0.000977384  0.000451087 
         7.5      53.2223     0.999424  0.000982762  0.000450511 
         7.5      53.5267     0.999426  0.000988089  0.000449924 
         7.5       53.832     0.999429  0.000993366  0.000449327 
         7.5      54.1381     0.999432  0.000998592  0.000448719 
         7.5      54.4451     0.999434   0.00100377  0.000448103 
         7.5      54.7529     0.999437   0.00100889  0.000447478 
         7.5      55.0615      0.99944   0.00101397  0.000446844 
         7.5       55.371     0.999442     0.001019  0.000446202 
         7.5      55.6814     0.999445   0.00102398  0.000445553 
         7.5      55.9926     0.999448   0.00102891  0.000444896 
         7.5      56.3046      0.99945   0.00103379  0.000444233 
         7.5      56.6175     0.999453   0.00103862  0.000443564 
         7.5      56.9312     0.999456   0.00104341   0.00044289 
         7.5      57.2458     0.999458   0.00104815   0.00044221 
         7.5      57.5612     0.999461   0.00105284  0.000441526 
         7.5      57.8774     0.999464   0.00105749  0.000440838 
         7.5      58.1945     0.999467   0.00106209  0.000440146 
         7.5      58.5125     0.999469   0.00106664  0.000439452 
         7.5      58.8313     0.999472   0.00107115  0.000438756 
         7.5      59.1509     0.999475   0.00107562  0.000438057 
         7.5      59.4714     0.999478   0.00108004  0.000437358 
         7.5      59.7927      0.99948   0.00108442  0.000436658 
         7.5      60.1149     0.999483   0.00108875  0.000435958 
         7.5      60.4379     0.999486   0.00109304  0.000435258 
         7.5      60.7618     0.999489   0.00109729   0.00043456 
         7.5      61.0865     0.999491    0.0011015  0.000433864 
         7.5       61.412     0.999494   0.00110566  0.000433171 
         7.5      61.7384     0.999497   0.00110979   0.00043248 
         7.5      62.0656       0.9995   0.00111387  0.000431794 
         7.5      62.3937     0.999502   0.00111792  0.000431112 
         7.5      62.7226     0.999505   0.00112193  0.000430435 
         7.5      63.0524     0.999508    0.0011259  0.000429764 
         7.5       63.383     0.999511   0.00112983    0.0004291 
         7.5      63.7145     0.999513   0.00113372  0.000428442 
         7.5      64.0468     0.999516   0.00113758  0.000427793 
         7.5      64.3799     0.999519   0.00114141  0.000427153 
         7.5      64.7139     0.999522   0.00114519  0.000426522 
         7.5      65.0488     0.999524   0.00114895  0.000425901 
         7.5      65.3844     0.999527   0.00115267  0.000425291 
         7.5       65.721      0.99953   0.00115636  0.000424693 
         7.5      66.0583     0.999533   0.00116001  0.000424108 
         7.5      66.3966     0.999535   0.00116364  0.000423535 
         7.5      66.7356     0.999538   0.00116726  0.000422347 
         7.5      67.0755     0.999541   0.00117072  0.000421728 
         7.5      67.4163     0.999544   0.00117415  0.000421112 
         7.5      67.7579     0.999547   0.00117755  0.000420498 
         7.5      68.1003     0.999549   0.00118093  0.000419887 
         7.5      68.4436     0.999552   0.00118427  0.000419278 
         7.5      68.7877     0.999555   0.00118758  0.000418673 
         7.5      69.1327     0.999558   0.00119086   0.00041807 
         7.5      69.4785      0.99956   0.00119412  0.000417471 
         7.5      69.8251     0.999563   0.00119734  0.000416875 
         7.5      70.1726     0.999566   0.00120054  0.000416283 
         7.5       70.521     0.999568    0.0012037  0.000415694 
         7.5      70.8702     0.999571   0.00120683  0.000415109 
         7.5      71.2202     0.999574   0.00120994  0.000414528 
         7.5      71.5711     0.999577   0.00121302  0.000413951 
         7.5      71.9228     0.999579   0.00121606  0.000413378 
         7.5      72.2754     0.999582   0.00121908  0.000412809 
         7.5      72.6288     0.999585   0.00122206  0.000412246 
         7.5      72.9831     0.999587   0.00122502  0.000411686 
         7.5      73.3382      0.99959   0.00122795  0.000411132 
         7.5      73.6941     0.999593   0.00123085  0.000410583 
         7.5      74.0509     0.999595   0.00123372  0.000410039 
         7.5      74.4086     0.999598   0.00123656    0.0004095 
         7.5       74.767     0.999601   0.00123937  0.000408967 
         7.5      75.1264     0.999603   0.00124215   0.00040844 
         7.5      75.4865     0.999606    0.0012449  0.000407919 
         7.5      75.8475     0.999609   0.00124763  0.000407403 
         7.5      76.2094     0.999611   0.00125032  0.000406894 
         7.5      76.5721     0.999614   0.00125299  0.000406391 
         7.5      76.9357     0.999617   0.00125563  0.000405895 
         7.5         77.3     0.999619   0.00125824  0.000405406 
         7.5      77.6653     0.999622   0.00126082  0.000404923 
         7.5      78.0314     0.999624   0.00126338  0.000404448 
         7.5      78.3983     0.999627    0.0012659   0.00040398 
         7.5      78.7661      0.99963    0.0012684   0.00040352 
         7.5      79.1347     0.999632   0.00127087  0.000403067 
         7.5      79.5041     0.999635   0.00127331  0.000402622 
         7.5      79.8744     0.999637   0.00127573  0.000402186 
         7.5      80.2456      0.99964   0.00127812  0.000401757 
         7.5      80.6176     0.999642   0.00128048  0.000401338 
         7.5      80.9904     0.999645   0.00128281  0.000400926 
         7.5      81.3641     0.999647   0.00128511  0.000400524 
         7.5      81.7386      0.99965   0.00128739  0.000400131 
         7.5       82.114     0.999652   0.00128965  0.000399747 
         7.5      82.4902     0.999655   0.00129187  0.000399373 
         7.5      82.8673     0.999657   0.00129407  0.000399009 
         7.5      83.2452      0.99966   0.00129625  0.000398654 
         7.5      83.6239     0.999662   0.00129839   0.00039831 
         7.5      84.0035     0.999665   0.00130052  0.000397976 
         7.5       84.384     0.999667   0.00130261  0.000397653 
         7.5      84.7652      0.99967   0.00130468   0.00039734 
         7.5      85.1474     0.999672   0.00130692  0.000397021 
         7.5      85.5303     0.999675   0.00130902  0.000396738 
         7.5      85.9142     0.999677   0.00131111  0.000396466 
         7.5      86.2988     0.999679   0.00131316  0.000396205 
         7.5      86.6843     0.999682    0.0013152  0.000395954 
         7.5      87.0707     0.999684   0.00131721  0.000395713 
         7.5      87.4579     0.999687    0.0013192  0.000395483 
         7.5      87.8459     0.999689   0.00132116  0.000395262 
         7.5      88.2348     0.999691   0.00132311  0.000395051 
         7.5      88.6245     0.999693   0.00132503   0.00039485 
         7.5      89.0151     0.999696   0.00132692  0.000394658 
         7.5      89.4065     0.999698    0.0013288  0.000394475 
         7.5      89.7988       0.9997   0.00133066  0.000394301 
         7.5      90.1919     0.999703   0.00133249  0.000394136 
         7.5      90.5858     0.999705    0.0013343  0.000393979 
         7.5      90.9806     0.999707    0.0013361  0.000393831 
         7.5      91.3762     0.999709   0.00133787  0.000393692 
         7.5      91.7727     0.999712   0.00133962   0.00039356 
         7.5      92.1701     0.999714   0.00134135  0.000393436 
         7.5      92.5682     0.999716   0.00134306  0.000393319 
         7.5      92.9672     0.999718   0.00134476   0.00039321 
         7.5      93.3671      0.99972   0.00134643  0.000393109 
         7.5      93.7678     0.999723   0.00134809  0.000393014 
         7.5      94.1694     0.999725   0.00134972  0.000392926 
         7.5      94.5718     0.999727   0.00135134  0.000392844 
         7.5       94.975     0.999729   0.00135295  0.000392769 
         7.5      95.3791     0.999731   0.00135453    0.0003927 
         7.5       95.784     0.999733    0.0013561  0.000392636 
         7.5      96.1898     0.999735   0.00135765  0.000392578 
         7.5      96.5964     0.999738   0.00135919  0.000392526 
         7.5      97.0039      0.99974    0.0013607  0.000392478 
         7.5      97.4122     0.999742   0.00136221  0.000392436 
         7.5      97.8213     0.999744    0.0013637  0.000392398 
         7.5      98.2313     0.999746   0.00136517  0.000392364 
         7.5      98.6422     0.999748   0.00136663  0.000392335 
         7.5      99.0538      0.99975   0.00136808  0.000392309 
         7.5      99.4664     0.999752   0.00136951  0.000392287 
         7.5      99.8797     0.999754   0.00137093  0.000392268 
         7.5      100.294     0.999756   0.00137234  0.000392252 
         7.5      100.709     0.999757   0.00137342  0.000392542 
         7.5      101.125      0.99976   0.00137479  0.000392591 
         7.5      101.542     0.999762   0.00137615  0.000392651 
         7.5      101.959     0.999764    0.0013775  0.000392721 
         7.5      102.378     0.999766   0.00137884  0.000392802 
         7.5      102.797     0.999768   0.00138016  0.000392894 
         7.5      103.217      0.99977   0.00138147  0.000392997 
         7.5      103.638     0.999772   0.00138277  0.000393111 
         7.5       104.06     0.999774   0.00138406  0.000393236 
         7.5      104.483     0.999776   0.00138534  0.000393371 
         7.5      104.906     0.999778   0.00138661  0.000393518 
         7.5       105.33     0.999779   0.00138787  0.000393675 
         7.5      105.756     0.999781   0.00138911  0.000393844 
         7.5      106.182     0.999783   0.00139035  0.000394024 
         7.5      106.609     0.999785   0.00139157  0.000394214 
         7.5      107.036     0.999787   0.00139279  0.000394416 
         7.5      107.465     0.999788   0.00139399  0.000394629 
         7.5      107.894      0.99979   0.00139519  0.000394853 
         7.5      108.325     0.999792   0.00139637  0.000395088 
         7.5      108.756     0.999793   0.00139755  0.000395335 
         7.5      109.188     0.999795   0.00139871  0.000395593 
         7.5       109.62     0.999797   0.00139987  0.000395862 
         7.5      110.054     0.999798   0.00140102  0.000396142 
         7.5      110.489       0.9998   0.00140216  0.000396434 
         7.5      110.924     0.999801   0.00140329  0.000396737 
         7.5       111.36     0.999803   0.00140441  0.000397051 
         7.5      111.797     0.999804   0.00140552  0.000397377 
         7.5      112.235     0.999806   0.00140663  0.000397714 
         7.5      112.674     0.999807   0.00140772  0.000398062 
         7.5      113.113     0.999815   0.00140862   0.00039852 
         7.5      113.554     0.999817   0.00140961  0.000398859 
         7.5      113.995     0.999819    0.0014106  0.000399208 
         7.5      114.437     0.999821   0.00141158  0.000399566 
         7.5       114.88     0.999823   0.00141255  0.000399933 
         7.5      115.324     0.999825   0.00141351   0.00040031 
         7.5      115.768     0.999827   0.00141447  0.000400695 
         7.5      116.214     0.999829   0.00141541  0.000401091 
         7.5       116.66      0.99983   0.00141635  0.000401495 
         7.5      117.107     0.999832   0.00141727  0.000401909 
         7.5      117.555     0.999833   0.00141819  0.000402333 
         7.5      118.004     0.999835   0.00141911  0.000402766 
         7.5      118.454     0.999836   0.00142001  0.000403208 
         7.5      118.904     0.999837   0.00142091   0.00040366 
         7.5      119.356     0.999839   0.00142179  0.000404121 
         7.5      119.808      0.99984   0.00142267  0.000404592 
         7.5      120.261     0.999841   0.00142354  0.000405072 
         7.5      120.715     0.999842   0.00142441  0.000405562 
         7.5      121.169     0.999843   0.00142526  0.000406062 
         7.5      121.625     0.999844   0.00142611  0.000406571 
         7.5      122.082     0.999845   0.00142695  0.000407089 
         7.5      122.539     0.999846   0.00142778  0.000407617 
         7.5      122.997     0.999847   0.00142861  0.000408155 
         7.5      123.456     0.999848   0.00142943  0.000408703 
         7.5      123.916     0.999849   0.00143024   0.00040926 
         7.5      124.376     0.999849   0.00143104  0.000409826 
         7.5      124.838      0.99985   0.00143184  0.000410403 
         7.5        125.3     0.999851   0.00143263  0.000410989 
         7.5      125.763     0.999852   0.00143341  0.000411584 
         7.5      126.227     0.999852   0.00143418   0.00041219 
         7.5      126.692     0.999853   0.00143495  0.000412805 
         7.5      127.158     0.999854   0.00143571   0.00041343 
         7.5      127.625     0.999854   0.00143646  0.000414064 
         7.5      128.092     0.999855   0.00143721  0.000414708 
         7.5       128.56     0.999856   0.00143795  0.000415362 
         7.5      129.029     0.999857   0.00143868  0.000416026 
         7.5      129.499     0.999857   0.00143941    0.0004167 
         7.5       129.97     0.999858   0.00144013  0.000417383 
         7.5      130.442     0.999859   0.00144085  0.000418076 
         7.5      130.914     0.999859   0.00144155  0.000418779 
         7.5      131.388      0.99986   0.00144226  0.000419492 
         7.5      131.862     0.999861   0.00144295  0.000420214 
         7.5      132.337     0.999862   0.00144364  0.000420947 
         7.5      132.813     0.999863   0.00144433  0.000421689 
         7.5      133.289     0.999864     0.001445  0.000422441 
         7.5      133.767     0.999865   0.00144568  0.000423203 
         7.5      134.245     0.999866   0.00144634  0.000423975 
         7.5      134.725     0.999867   0.00144701  0.000424756 
         7.5      135.205     0.999868   0.00144766  0.000425548 
         7.5      135.686     0.999869   0.00144831  0.000426349 
         7.5      136.167      0.99987   0.00144896   0.00042716 
         7.5       136.65     0.999872    0.0014496  0.000427981 
         7.5      137.134     0.999873   0.00145023  0.000428812 
         7.5      137.618     0.999875   0.00145086  0.000429653 
         7.5      138.103     0.999876   0.00145149  0.000430504 
         7.5      138.589     0.999878   0.00145211  0.000431364 
         7.5      139.076      0.99988   0.00145273  0.000432235 
         7.5      139.564     0.999882   0.00145334  0.000433115 
         7.5      140.052     0.999883   0.00145395  0.000434006 
         7.5      140.541     0.999885   0.00145455  0.000434906 
         7.5      141.032     0.999888   0.00145515  0.000435816 
         7.5      141.523      0.99989   0.00145575  0.000436736 
         7.5      142.015     0.999892   0.00145634  0.000437666 
         7.5      142.507     0.999895   0.00145692  0.000438606 
         7.5      143.001     0.999897   0.00145751  0.000439555 
         7.5      143.495       0.9999   0.00145809  0.000440515 
         7.5      143.991     0.999903   0.00145867  0.000441485 
         7.5      144.487     0.999906   0.00145924  0.000442464 
         7.5      144.984     0.999909   0.00145981  0.000443453 
         7.5      145.482     0.999913   0.00146038  0.000444453 
         7.5       145.98     0.999916   0.00146094  0.000445462 
         7.5       146.48      0.99992    0.0014615  0.000446481 
         7.5       146.98     0.999924   0.00146206   0.00044751 
         7.5      147.481     0.999928   0.00146262  0.000448549 
         7.5      147.983     0.999932   0.00146317  0.000449597 
         7.5      148.486     0.999936   0.00146373  0.000450656 
         7.5       148.99     0.999941   0.00146428  0.000451725 
         7.5      149.495     0.999946   0.00146482  0.000452803 
         7.5          150      0.99995   0.00146537  0.000453891 
