Variables = x, y, u, v, p

Zone, I=600, F=POINT
        29.5         -1.5  3.23852e-05 -9.84861e-07   0.00475477 
        29.5     -1.49958 -4.99825e-05  -9.7398e-07   0.00475477 
        29.5     -1.49831  -0.00029685 -9.40315e-07   0.00475477 
        29.5      -1.4962 -0.000706728 -8.80932e-07   0.00475477 
        29.5     -1.49324  -0.00127766 -7.90929e-07   0.00475478 
        29.5     -1.48944  -0.00200643 -6.63649e-07   0.00475478 
        29.5      -1.4848  -0.00288935 -4.90698e-07   0.00475479 
        29.5     -1.47931   -0.0039215 -2.62249e-07    0.0047548 
        29.5     -1.47298  -0.00509729  3.28383e-08   0.00475481 
        29.5      -1.4658  -0.00641044  4.06792e-07   0.00475481 
        29.5     -1.45778  -0.00785365  8.72541e-07   0.00475482 
        29.5     -1.44891  -0.00941857  1.44336e-06   0.00475483 
        29.5      -1.4392   -0.0110964  2.13267e-06   0.00475484 
        29.5     -1.42864   -0.0128768  2.95333e-06   0.00475485 
        29.5     -1.41724   -0.0147497  3.91774e-06   0.00475486 
        29.5       -1.405   -0.0167031  5.03661e-06   0.00475487 
        29.5     -1.39191   -0.0187247  6.31896e-06   0.00475488 
        29.5     -1.37797   -0.0208014  7.77153e-06   0.00475489 
        29.5     -1.36319    -0.022919  9.39794e-06    0.0047549 
        29.5     -1.34757   -0.0250625  1.11981e-05    0.0047549 
        29.5      -1.3311   -0.0272162  1.31675e-05   0.00475491 
        29.5     -1.31379   -0.0293636  1.52971e-05   0.00475491 
        29.5     -1.29564   -0.0314872  1.75714e-05   0.00475491 
        29.5     -1.27663   -0.0335688  1.99687e-05   0.00475491 
        29.5     -1.25679   -0.0355894  2.24596e-05    0.0047549 
        29.5      -1.2361   -0.0375291  2.50066e-05   0.00475489 
        29.5     -1.21457   -0.0393672  2.75628e-05   0.00475488 
        29.5     -1.19219   -0.0410824  3.00712e-05   0.00475486 
        29.5     -1.16896   -0.0426522  3.24633e-05   0.00475484 
        29.5      -1.1449   -0.0440538  3.46589e-05   0.00475482 
        29.5     -1.11998   -0.0452631  3.65641e-05   0.00475479 
        29.5     -1.09423   -0.0462557  3.80706e-05   0.00475475 
        29.5     -1.06763    -0.047006  3.90548e-05   0.00475471 
        29.5     -1.04018    -0.047488   3.9376e-05   0.00475467 
        29.5     -1.01189   -0.0476746  3.88759e-05   0.00475462 
        29.5    -0.982756   -0.0475382  3.73764e-05   0.00475456 
        29.5    -0.952777   -0.0470503  3.46795e-05   0.00475449 
        29.5    -0.921954   -0.0461818  3.05649e-05   0.00475442 
        29.5    -0.890286   -0.0449026  2.47889e-05   0.00475435 
        29.5    -0.857774   -0.0431821  1.70836e-05   0.00475426 
        29.5    -0.824417   -0.0409889  7.15422e-06   0.00475417 
        29.5    -0.790215   -0.0382909 -5.32136e-06   0.00475407 
        29.5    -0.755169   -0.0350552 -2.06941e-05   0.00475396 
        29.5    -0.719279   -0.0313123 -3.73947e-05   0.00475386 
        29.5    -0.682544    -0.026952 -5.80804e-05   0.00475376 
        29.5    -0.644965   -0.0219728  -8.2293e-05   0.00475365 
        29.5    -0.606541   -0.0163432 -0.000110301   0.00475354 
        29.5    -0.567273   -0.0100316 -0.000142383   0.00475343 
        29.5     -0.52716  -0.00300603 -0.000178835   0.00475332 
        29.5    -0.486203   0.00476555 -0.000219962   0.00475321 
        29.5    -0.444401    0.0133156 -0.000266087   0.00475311 
        29.5    -0.401755    0.0226762 -0.000317544   0.00475301 
        29.5    -0.358264    0.0328802 -0.000374685   0.00475292 
        29.5    -0.313929     0.043965  -0.00043734   0.00475283 
        29.5    -0.268749    0.0559627 -0.000506092   0.00475275 
        29.5    -0.222725    0.0689105 -0.000580993   0.00475267 
        29.5    -0.175857    0.0828426 -0.000662017   0.00475259 
        29.5    -0.128143    0.0977942 -0.000749115   0.00475251 
        29.5    -0.079586     0.113799 -0.000842196   0.00475243 
        29.5    -0.030184     0.130892 -0.000941153   0.00475234 
        29.5     0.020063     0.149102  -0.00104555   0.00475226 
        29.5     0.071154     0.168452  -0.00115482   0.00475205 
        29.5     0.123089     0.188963  -0.00126855   0.00475175 
        29.5     0.175869     0.210638  -0.00138572   0.00475151 
        29.5     0.229494     0.233474   -0.0015052   0.00475146 
        29.5     0.283962     0.257422  -0.00162751    0.0047509 
        29.5     0.339276     0.282526  -0.00175197   0.00475032 
        29.5     0.395434     0.308693  -0.00187491   0.00474983 
        29.5     0.452436      0.33582  -0.00199573   0.00474934 
        29.5     0.510283     0.363793  -0.00211382   0.00474876 
        29.5     0.568974     0.392483  -0.00222851   0.00474797 
        29.5      0.62851     0.421751   -0.0023391   0.00474687 
        29.5      0.68889     0.451442  -0.00244482   0.00474532 
        29.5     0.750115     0.480973  -0.00254491   0.00474331 
        29.5     0.812184     0.511512  -0.00264283   0.00474115 
        29.5     0.875098     0.541775  -0.00273473   0.00473871 
        29.5     0.938856     0.571678  -0.00282053   0.00473596 
        29.5      1.00346     0.601139  -0.00290016   0.00473289 
        29.5      1.06891     0.630065  -0.00297358   0.00472948 
        29.5       1.1352     0.658363  -0.00304073    0.0047257 
        29.5      1.20233     0.685932   -0.0031016   0.00472156 
        29.5      1.27031     0.712666  -0.00315618   0.00471701 
        29.5      1.33914     0.738456  -0.00320448   0.00471204 
        29.5      1.40881     0.763186  -0.00324652   0.00470663 
        29.5      1.47932     0.786733  -0.00328234   0.00470075 
        29.5      1.55068     0.808969  -0.00331201   0.00469439 
        29.5      1.62288     0.829763  -0.00333561   0.00468751 
        29.5      1.69593     0.848973  -0.00335323   0.00468009 
        29.5      1.76982     0.868115  -0.00337192   0.00467273 
        29.5      1.84456      0.88407  -0.00337381   0.00466433 
        29.5      1.92014     0.898734  -0.00337233   0.00465556 
        29.5      1.99657     0.912132  -0.00336758   0.00464644 
        29.5      2.07384     0.924293  -0.00335967   0.00463697 
        29.5      2.15195     0.935249  -0.00334873   0.00462716 
        29.5      2.23091     0.945039  -0.00333488   0.00461701 
        29.5      2.31071     0.953705  -0.00331828   0.00460654 
        29.5      2.39136     0.961296   -0.0032991   0.00459576 
        29.5      2.47285     0.967862  -0.00327752   0.00458467 
        29.5      2.55519     0.973464  -0.00325373   0.00457329 
        29.5      2.63837     0.978163  -0.00322794   0.00456163 
        29.5       2.7224     0.982029  -0.00320038    0.0045497 
        29.5      2.80727     0.985136   -0.0031713   0.00453753 
        29.5      2.89298     0.987565  -0.00314096   0.00452513 
        29.5      2.97954     0.989402  -0.00310963   0.00451251 
        29.5      3.06694      0.99074  -0.00307761    0.0044997 
        29.5      3.15519     0.991678  -0.00304522   0.00448671 
        29.5      3.24428      0.99232  -0.00301278   0.00447357 
        29.5      3.33422     0.992779  -0.00298067    0.0044603 
        29.5        3.425     0.993173  -0.00294923   0.00444693 
        29.5      3.51663     0.993628  -0.00291888   0.00443348 
        29.5       3.6091     0.994277  -0.00289002   0.00441997 
        29.5      3.70241      0.99526  -0.00286308   0.00440643 
        29.5      3.79657     0.994773  -0.00282758   0.00439253 
        29.5      3.89158     0.994886  -0.00279585   0.00437805 
        29.5      3.98743     0.994987  -0.00276404   0.00436333 
        29.5      4.08412     0.995078  -0.00273219   0.00434843 
        29.5      4.18166     0.995156  -0.00270029   0.00433336 
        29.5      4.28004     0.995222  -0.00266838   0.00431817 
        29.5      4.37927     0.995275  -0.00263646   0.00430291 
        29.5      4.47933     0.995315  -0.00260456    0.0042876 
        29.5      4.58025     0.995341   -0.0025727   0.00427231 
        29.5      4.68201     0.995353   -0.0025409   0.00425706 
        29.5      4.78461      0.99535  -0.00250918   0.00424192 
        29.5      4.88806     0.995332  -0.00247756   0.00422692 
        29.5      4.99236     0.995298  -0.00244607   0.00421213 
        29.5      5.09749     0.995372  -0.00241395   0.00419543 
        29.5      5.20348     0.995391  -0.00238267   0.00417977 
        29.5       5.3103     0.995405  -0.00235075   0.00416353 
        29.5      5.41797      0.99542  -0.00231887   0.00414717 
        29.5      5.52649     0.995436  -0.00228702   0.00413069 
        29.5      5.63585     0.995453  -0.00225522   0.00411408 
        29.5      5.74605     0.995471  -0.00222346   0.00409735 
        29.5       5.8571      0.99549  -0.00219174    0.0040805 
        29.5        5.969     0.995509  -0.00216007   0.00406352 
        29.5      6.08174     0.995529  -0.00212845   0.00404643 
        29.5      6.19532     0.995549  -0.00209688    0.0040292 
        29.5      6.30974     0.995569  -0.00206535   0.00401186 
        29.5      6.42502     0.995589  -0.00203388   0.00399439 
        29.5      6.54113     0.995609  -0.00200246    0.0039768 
        29.5      6.65809     0.995628  -0.00197109   0.00395908 
        29.5       6.7759     0.995647  -0.00193977   0.00394124 
        29.5      6.89455     0.995665  -0.00190851   0.00392328 
        29.5      7.01404     0.995681  -0.00187729   0.00390519 
        29.5      7.13438     0.995697  -0.00184613   0.00388698 
        29.5      7.25556      0.99571  -0.00181502   0.00386864 
        29.5      7.37759      0.99573  -0.00178416   0.00385079 
        29.5      7.50046      0.99575  -0.00175333   0.00383234 
        29.5      7.62418      0.99577  -0.00172264   0.00381378 
        29.5      7.74874     0.995791  -0.00169211    0.0037951 
        29.5      7.87414     0.995812  -0.00166166   0.00377574 
        29.5      8.00039      0.99583   -0.0016313   0.00375704 
        29.5      8.12749      0.99585  -0.00160106    0.0037382 
        29.5      8.25542     0.995869  -0.00157093   0.00371923 
        29.5      8.38421     0.995888  -0.00154092   0.00370015 
        29.5      8.51384     0.995908  -0.00151104   0.00368096 
        29.5      8.64431     0.995928   -0.0014813   0.00366167 
        29.5      8.77562     0.995948  -0.00145169   0.00364229 
        29.5      8.90779     0.995968  -0.00142223   0.00362282 
        29.5      9.04079     0.995989  -0.00139291   0.00360328 
        29.5      9.17464     0.996009  -0.00136375   0.00358368 
        29.5      9.30933      0.99603  -0.00133475   0.00356402 
        29.5      9.44487      0.99605  -0.00130591   0.00354432 
        29.5      9.58126     0.996071  -0.00127724   0.00352459 
        29.5      9.71848     0.996092  -0.00124875   0.00350484 
        29.5      9.85656     0.996113  -0.00122043   0.00348508 
        29.5      9.99547     0.996134  -0.00119229   0.00346532 
        29.5      10.1352     0.996155  -0.00116435   0.00344558 
        29.5      10.2758     0.996175  -0.00113596   0.00342539 
        29.5      10.4173     0.996196  -0.00110822   0.00340539 
        29.5      10.5596     0.996217  -0.00108066   0.00338536 
        29.5      10.7027     0.996238  -0.00105327   0.00336528 
        29.5      10.8467     0.996259  -0.00102606   0.00334516 
        29.5      10.9915      0.99628 -0.000999027   0.00332501 
        29.5      11.1372     0.996301 -0.000972174   0.00330483 
        29.5      11.2837     0.996322 -0.000945502   0.00328462 
        29.5      11.4311     0.996343 -0.000919012   0.00326438 
        29.5      11.5793     0.996364 -0.000892707   0.00324411 
        29.5      11.7283     0.996385 -0.000866586   0.00322382 
        29.5      11.8782     0.996406 -0.000840685   0.00320349 
        29.5       12.029     0.996428 -0.000814917   0.00318319 
        29.5      12.1806     0.996449 -0.000789349    0.0031629 
        29.5       12.333      0.99647 -0.000763981    0.0031426 
        29.5      12.4863     0.996491 -0.000738815    0.0031223 
        29.5      12.6404     0.996513 -0.000713849     0.003102 
        29.5      12.7953     0.996534 -0.000689087    0.0030817 
        29.5      12.9512     0.996555 -0.000664528   0.00306141 
        29.5      13.1078     0.996576 -0.000640172   0.00304113 
        29.5      13.2653     0.996597  -0.00061602   0.00302087 
        29.5      13.4236     0.996619 -0.000592071   0.00300061 
        29.5      13.5828      0.99664 -0.000568327   0.00298038 
        29.5      13.7429     0.996661 -0.000544786   0.00296016 
        29.5      13.9037     0.996682 -0.000521448   0.00293996 
        29.5      14.0654     0.996703 -0.000498314   0.00291979 
        29.5       14.228     0.996724 -0.000475382   0.00289965 
        29.5      14.3914     0.996745 -0.000452651   0.00287954 
        29.5      14.5557     0.996766 -0.000430056   0.00285948 
        29.5      14.7208     0.996787 -0.000407788   0.00283943 
        29.5      14.8867     0.996808 -0.000385719   0.00281942 
        29.5      15.0535     0.996829 -0.000363851   0.00279945 
        29.5      15.2211      0.99685 -0.000342184   0.00277953 
        29.5      15.3896     0.996871 -0.000320719   0.00275966 
        29.5      15.5589     0.996892 -0.000299456   0.00273984 
        29.5      15.7291     0.996913 -0.000278398   0.00272007 
        29.5      15.9001     0.996934 -0.000257543   0.00270035 
        29.5      16.0719     0.996954 -0.000236893   0.00268069 
        29.5      16.2446     0.996975 -0.000216447   0.00266109 
        29.5      16.4182     0.996995 -0.000196207   0.00264155 
        29.5      16.5925     0.997016 -0.000176172   0.00262207 
        29.5      16.7678     0.997036 -0.000156342   0.00260265 
        29.5      16.9438     0.997057 -0.000136716    0.0025833 
        29.5      17.1208     0.997077 -0.000117296   0.00256401 
        29.5      17.2985     0.997097 -9.80807e-05   0.00254479 
        29.5      17.4771     0.997118 -7.90692e-05   0.00252565 
        29.5      17.6566     0.997138 -6.02614e-05   0.00250658 
        29.5      17.8369     0.997158 -4.16566e-05   0.00248758 
        29.5       18.018     0.997178 -2.32541e-05   0.00246866 
        29.5         18.2     0.997198 -5.05298e-06   0.00244982 
        29.5      18.3828     0.997218  1.29478e-05   0.00243105 
        29.5      18.5665     0.997238  3.07492e-05   0.00241237 
        29.5       18.751     0.997257  4.83527e-05   0.00239378 
        29.5      18.9364     0.997277  6.57594e-05   0.00237527 
        29.5      19.1226     0.997296  8.29709e-05   0.00235685 
        29.5      19.3097     0.997316  9.99888e-05   0.00233852 
        29.5      19.4976     0.997335  0.000116815   0.00232028 
        29.5      19.6863     0.997355  0.000133451   0.00230213 
        29.5      19.8759     0.997374  0.000149899   0.00228408 
        29.5      20.0663     0.997393  0.000166161   0.00226612 
        29.5      20.2576     0.997412   0.00018224   0.00224827 
        29.5      20.4497     0.997431  0.000198102   0.00223052 
        29.5      20.6427      0.99745  0.000213742   0.00221277 
        29.5      20.8365     0.997469  0.000229225   0.00219509 
        29.5      21.0311     0.997487   0.00024466   0.00217759 
        29.5      21.2266     0.997506   0.00025982    0.0021601 
        29.5       21.423     0.997524  0.000274796   0.00214284 
        29.5      21.6202     0.997543  0.000289597   0.00212568 
        29.5      21.8182     0.997561  0.000304222   0.00210862 
        29.5      22.0171     0.997579  0.000318673   0.00209167 
        29.5      22.2168     0.997597   0.00033295   0.00207481 
        29.5      22.4173     0.997615  0.000347054   0.00205806 
        29.5      22.6187     0.997633  0.000360986    0.0020414 
        29.5       22.821     0.997651  0.000374747   0.00202486 
        29.5      23.0241     0.997669  0.000388338   0.00200842 
        29.5       23.228     0.997686   0.00040176   0.00199208 
        29.5      23.4328     0.997704  0.000415015   0.00197585 
        29.5      23.6385     0.997721  0.000428103   0.00195973 
        29.5      23.8449     0.997739  0.000441027   0.00194371 
        29.5      24.0523     0.997756  0.000453788   0.00192781 
        29.5      24.2604     0.997773  0.000466387   0.00191201 
        29.5      24.4694      0.99779  0.000478826   0.00189632 
        29.5      24.6793     0.997807  0.000491108   0.00188075 
        29.5        24.89     0.997824  0.000503233   0.00186528 
        29.5      25.1015      0.99784  0.000515204   0.00184993 
        29.5      25.3139     0.997857  0.000527023   0.00183469 
        29.5      25.5271     0.997873  0.000538692   0.00181956 
        29.5      25.7412      0.99789  0.000550214   0.00180454 
        29.5      25.9561     0.997906  0.000561591   0.00178964 
        29.5      26.1719     0.997922  0.000572825   0.00177485 
        29.5      26.3885     0.997938  0.000583919   0.00176018 
        29.5       26.606     0.997954  0.000594876   0.00174562 
        29.5      26.8243      0.99797  0.000605699   0.00173117 
        29.5      27.0434     0.997985   0.00061639   0.00171685 
        29.5      27.2634     0.998001  0.000626952   0.00170263 
        29.5      27.4842     0.998017   0.00063739   0.00168854 
        29.5      27.7059     0.998032  0.000647705   0.00167455 
        29.5      27.9284     0.998047  0.000657902   0.00166069 
        29.5      28.1518     0.998062  0.000667942   0.00164689 
        29.5       28.376     0.998078   0.00067776    0.0016332 
        29.5       28.601     0.998093  0.000687461   0.00161962 
        29.5      28.8269     0.998108  0.000697046   0.00160616 
        29.5      29.0537     0.998122  0.000706514   0.00159282 
        29.5      29.2813     0.998137  0.000715867   0.00157959 
        29.5      29.5097     0.998152  0.000725103   0.00156647 
        29.5       29.739     0.998166  0.000734225   0.00155347 
        29.5      29.9691      0.99818  0.000743232   0.00154058 
        29.5      30.2001     0.998195  0.000752124    0.0015278 
        29.5      30.4319     0.998209  0.000760903   0.00151513 
        29.5      30.6645     0.998223  0.000769569   0.00150258 
        29.5       30.898     0.998237  0.000778122   0.00149014 
        29.5      31.1324     0.998251  0.000786563    0.0014778 
        29.5      31.3676     0.998264  0.000794893   0.00146558 
        29.5      31.6036     0.998278  0.000803112   0.00145346 
        29.5      31.8405     0.998292  0.000811222   0.00144145 
        29.5      32.0782     0.998305  0.000819222   0.00142955 
        29.5      32.3167     0.998318  0.000827115   0.00141775 
        29.5      32.5562     0.998332    0.0008349   0.00140606 
        29.5      32.7964     0.998345  0.000842579   0.00139447 
        29.5      33.0375     0.998358  0.000850153   0.00138298 
        29.5      33.2795     0.998371  0.000857623    0.0013716 
        29.5      33.5222     0.998384   0.00086499   0.00136031 
        29.5      33.7659     0.998396  0.000872255   0.00134912 
        29.5      34.0104     0.998409  0.000879419   0.00133803 
        29.5      34.2557     0.998422  0.000886483   0.00132704 
        29.5      34.5018     0.998434   0.00089349   0.00131644 
        29.5      34.7488     0.998446  0.000900469   0.00130565 
        29.5      34.9967     0.998459  0.000907346   0.00129497 
        29.5      35.2454     0.998471  0.000914122   0.00128438 
        29.5      35.4949     0.998483  0.000920798   0.00127389 
        29.5      35.7453     0.998495  0.000927377   0.00126349 
        29.5      35.9966     0.998507  0.000933859    0.0012532 
        29.5      36.2486     0.998519  0.000940246   0.00124301 
        29.5      36.5016      0.99853   0.00094654   0.00123292 
        29.5      36.7553     0.998542  0.000952742   0.00122293 
        29.5      37.0099     0.998554  0.000958854   0.00121304 
        29.5      37.2654     0.998565  0.000964877   0.00120325 
        29.5      37.5217     0.998576  0.000970813   0.00119357 
        29.5      37.7788     0.998588  0.000976665     0.001184 
        29.5      38.0368     0.998599  0.000982434   0.00117453 
        29.5      38.2957      0.99861  0.000988121   0.00116516 
        29.5      38.5553     0.998621  0.000993729    0.0011559 
        29.5      38.8159     0.998632  0.000999752   0.00114678 
        29.5      39.0772     0.998643   0.00100521   0.00113762 
        29.5      39.3394     0.998653   0.00101061   0.00112857 
        29.5      39.6025     0.998664   0.00101594    0.0011196 
        29.5      39.8664     0.998675   0.00102121   0.00111072 
        29.5      40.1311     0.998685   0.00102641   0.00110194 
        29.5      40.3967     0.998696   0.00103156   0.00109325 
        29.5      40.6632     0.998706   0.00103664   0.00108465 
        29.5      40.9304     0.998716   0.00104165   0.00107614 
        29.5      41.1986     0.998727   0.00104661   0.00106772 
        29.5      41.4675     0.998737    0.0010515   0.00105938 
        29.5      41.7373     0.998747   0.00105633   0.00105114 
        29.5       42.008     0.998757    0.0010611   0.00104298 
        29.5      42.2795     0.998767   0.00106581   0.00103491 
        29.5      42.5518     0.998776   0.00107046   0.00102692 
        29.5       42.825     0.998786   0.00107505   0.00101901 
        29.5      43.0991     0.998796   0.00107958   0.00101119 
        29.5      43.3739     0.998805   0.00108406   0.00100346 
        29.5      43.6497     0.998815   0.00108847    0.0009958 
        29.5      43.9262     0.998824   0.00109282  0.000988224 
        29.5      44.2036     0.998833   0.00109712  0.000980728 
        29.5      44.4819     0.998843   0.00110136   0.00097331 
        29.5       44.761     0.998852   0.00110555   0.00096597 
        29.5      45.0409     0.998861   0.00110968  0.000958705 
        29.5      45.3217      0.99887   0.00111375  0.000951516 
        29.5      45.6034     0.998879   0.00111777    0.0009444 
        29.5      45.8858     0.998888   0.00112174  0.000937357 
        29.5      46.1692     0.998897   0.00112565  0.000930385 
        29.5      46.4533     0.998906   0.00112951  0.000923483 
        29.5      46.7383     0.998914   0.00113332  0.000916649 
        29.5      47.0242     0.998923   0.00113708  0.000909882 
        29.5      47.3109     0.998932   0.00114078  0.000903181 
        29.5      47.5984      0.99894   0.00114444  0.000896545 
        29.5      47.8868     0.998949   0.00114805  0.000889971 
        29.5      48.1761     0.998957   0.00115161  0.000883458 
        29.5      48.4661     0.998965   0.00115513  0.000877005 
        29.5      48.7571     0.998974    0.0011583  0.000870755 
        29.5      49.0488     0.998982   0.00116183  0.000864552 
        29.5      49.3415      0.99899   0.00116531  0.000858406 
        29.5      49.6349     0.998998   0.00116873   0.00085232 
        29.5      49.9292     0.999006   0.00117211  0.000846292 
        29.5      50.2244     0.999014   0.00117544  0.000840322 
        29.5      50.5203     0.999022   0.00117872  0.000834412 
        29.5      50.8172     0.999029   0.00118196  0.000828562 
        29.5      51.1149     0.999037   0.00118515   0.00082277 
        29.5      51.4134     0.999045   0.00118829  0.000817039 
        29.5      51.7127     0.999052   0.00119139  0.000811367 
        29.5       52.013      0.99906   0.00119444  0.000805756 
        29.5       52.314     0.999068   0.00119744  0.000800204 
        29.5      52.6159     0.999075   0.00120041  0.000794713 
        29.5      52.9187     0.999082   0.00120333  0.000789283 
        29.5      53.2223      0.99909    0.0012062  0.000783913 
        29.5      53.5267     0.999097   0.00120904  0.000778604 
        29.5       53.832     0.999104   0.00121183  0.000773356 
        29.5      54.1381     0.999112   0.00121459  0.000768169 
        29.5      54.4451     0.999119    0.0012173  0.000763043 
        29.5      54.7529     0.999126   0.00121998  0.000757978 
        29.5      55.0615     0.999133   0.00122261  0.000752975 
        29.5       55.371      0.99914   0.00122521  0.000748034 
        29.5      55.6814     0.999147   0.00122777  0.000743153 
        29.5      55.9926     0.999154    0.0012303  0.000738335 
        29.5      56.3046      0.99916   0.00123279  0.000733579 
        29.5      56.6175     0.999167   0.00123525  0.000728884 
        29.5      56.9312     0.999174   0.00123767  0.000724251 
        29.5      57.2458      0.99918   0.00124006   0.00071968 
        29.5      57.5612     0.999187   0.00124242  0.000715172 
        29.5      57.8774     0.999193   0.00124515   0.00071083 
        29.5      58.1945       0.9992   0.00124748   0.00070633 
        29.5      58.5125     0.999206   0.00124979  0.000701885 
        29.5      58.8313     0.999213   0.00125208  0.000697497 
        29.5      59.1509     0.999219   0.00125434  0.000693163 
        29.5      59.4714     0.999225   0.00125657  0.000688884 
        29.5      59.7927     0.999232   0.00125878   0.00068466 
        29.5      60.1149     0.999238   0.00126097  0.000680488 
        29.5      60.4379     0.999244   0.00126312  0.000676369 
        29.5      60.7618      0.99925   0.00126526  0.000672303 
        29.5      61.0865     0.999256   0.00126737  0.000668288 
        29.5       61.412     0.999262   0.00126945  0.000664324 
        29.5      61.7384     0.999268   0.00127151  0.000660411 
        29.5      62.0656     0.999274   0.00127355  0.000656547 
        29.5      62.3937      0.99928   0.00127555  0.000652731 
        29.5      62.7226     0.999286   0.00127754  0.000648964 
        29.5      63.0524     0.999292    0.0012795  0.000645245 
        29.5       63.383     0.999298   0.00128144  0.000641572 
        29.5      63.7145     0.999304   0.00128335  0.000637945 
        29.5      64.0468     0.999309   0.00128524  0.000634363 
        29.5      64.3799     0.999315    0.0012871  0.000630825 
        29.5      64.7139      0.99932   0.00128894  0.000627331 
        29.5      65.0488     0.999326   0.00129075   0.00062388 
        29.5      65.3844     0.999331   0.00129254   0.00062047 
        29.5       65.721     0.999337   0.00129431  0.000617102 
        29.5      66.0583     0.999342   0.00129606  0.000613773 
        29.5      66.3966     0.999348   0.00129778  0.000610483 
        29.5      66.7356     0.999353   0.00129947  0.000607232 
        29.5      67.0755     0.999359   0.00130115  0.000604018 
        29.5      67.4163     0.999364    0.0013028   0.00060084 
        29.5      67.7579     0.999369   0.00130442  0.000597698 
        29.5      68.1003     0.999374   0.00130603   0.00059459 
        29.5      68.4436     0.999379   0.00130761  0.000591515 
        29.5      68.7877     0.999385   0.00130917  0.000588472 
        29.5      69.1327      0.99939    0.0013107  0.000585461 
        29.5      69.4785     0.999395   0.00131222  0.000582479 
        29.5      69.8251       0.9994   0.00131421  0.000579479 
        29.5      70.1726     0.999405   0.00131564  0.000576679 
        29.5       70.521      0.99941   0.00131706  0.000573912 
        29.5      70.8702     0.999415   0.00131847  0.000571176 
        29.5      71.2202      0.99942   0.00131987  0.000568473 
        29.5      71.5711     0.999424   0.00132126  0.000565802 
        29.5      71.9228     0.999429   0.00132263  0.000563163 
        29.5      72.2754     0.999434   0.00132399  0.000560556 
        29.5      72.6288     0.999439   0.00132534  0.000557981 
        29.5      72.9831     0.999443   0.00132667  0.000555438 
        29.5      73.3382     0.999448   0.00132799  0.000552927 
        29.5      73.6941     0.999453   0.00132931  0.000550447 
        29.5      74.0509     0.999457    0.0013306  0.000547999 
        29.5      74.4086     0.999462   0.00133189  0.000545583 
        29.5       74.767     0.999466   0.00133316  0.000543198 
        29.5      75.1264     0.999471   0.00133442  0.000540844 
        29.5      75.4865     0.999475   0.00133567  0.000538522 
        29.5      75.8475     0.999479   0.00133691  0.000536231 
        29.5      76.2094     0.999484   0.00133813  0.000533972 
        29.5      76.5721     0.999488   0.00133934  0.000531743 
        29.5      76.9357     0.999493   0.00134054  0.000529545 
        29.5         77.3     0.999497   0.00134173  0.000527378 
        29.5      77.6653     0.999501    0.0013429  0.000525241 
        29.5      78.0314     0.999505   0.00134406  0.000523136 
        29.5      78.3983      0.99951   0.00134521   0.00052106 
        29.5      78.7661     0.999514   0.00134635  0.000519015 
        29.5      79.1347     0.999518   0.00134747     0.000517 
        29.5      79.5041     0.999522   0.00134858  0.000515015 
        29.5      79.8744     0.999526   0.00134968   0.00051306 
        29.5      80.2456      0.99953   0.00135077  0.000511135 
        29.5      80.6176     0.999534   0.00135184  0.000509239 
        29.5      80.9904     0.999538    0.0013529  0.000507372 
        29.5      81.3641     0.999542   0.00135395  0.000505535 
        29.5      81.7386     0.999546   0.00135498  0.000503727 
        29.5       82.114      0.99955   0.00135601  0.000501948 
        29.5      82.4902     0.999554   0.00135702  0.000500197 
        29.5      82.8673     0.999558   0.00135802  0.000498476 
        29.5      83.2452     0.999561     0.001359  0.000496782 
        29.5      83.6239     0.999565   0.00135998  0.000495116 
        29.5      84.0035     0.999569   0.00136094  0.000493479 
        29.5       84.384     0.999573   0.00136188  0.000491869 
        29.5      84.7652     0.999576   0.00136282  0.000490287 
        29.5      85.1474      0.99958   0.00136374  0.000488732 
        29.5      85.5303     0.999584   0.00136466  0.000487204 
        29.5      85.9142     0.999587   0.00136555  0.000485703 
        29.5      86.2988     0.999591   0.00136644  0.000484228 
        29.5      86.6843     0.999595   0.00136732   0.00048278 
        29.5      87.0707     0.999598   0.00136818  0.000481359 
        29.5      87.4579     0.999602   0.00136903  0.000479963 
        29.5      87.8459     0.999605   0.00136987  0.000478592 
        29.5      88.2348     0.999609   0.00137069  0.000477247 
        29.5      88.6245     0.999612    0.0013715  0.000475928 
        29.5      89.0151     0.999616   0.00137231  0.000474633 
        29.5      89.4065     0.999619   0.00137309  0.000473363 
        29.5      89.7988     0.999622   0.00137387  0.000472117 
        29.5      90.1919     0.999626   0.00137464  0.000470895 
        29.5      90.5858     0.999629   0.00137539  0.000469697 
        29.5      90.9806     0.999632   0.00137613  0.000468522 
        29.5      91.3762     0.999636   0.00137686   0.00046737 
        29.5      91.7727     0.999639   0.00137758  0.000466242 
        29.5      92.1701     0.999642   0.00137828  0.000465135 
        29.5      92.5682     0.999645   0.00137898  0.000464051 
        29.5      92.9672     0.999649   0.00138018   0.00046269 
        29.5      93.3671     0.999652   0.00138085  0.000461611 
        29.5      93.7678     0.999655   0.00138151  0.000460557 
        29.5      94.1694     0.999658   0.00138217   0.00045953 
        29.5      94.5718     0.999661   0.00138281  0.000458528 
        29.5       94.975     0.999664   0.00138345  0.000457552 
        29.5      95.3791     0.999667   0.00138408  0.000456602 
        29.5       95.784      0.99967    0.0013847  0.000455677 
        29.5      96.1898     0.999673   0.00138532  0.000454778 
        29.5      96.5964     0.999676   0.00138593  0.000453903 
        29.5      97.0039     0.999679   0.00138653  0.000453054 
        29.5      97.4122     0.999682   0.00138713   0.00045223 
        29.5      97.8213     0.999685   0.00138773  0.000451431 
        29.5      98.2313     0.999687   0.00138832  0.000450657 
        29.5      98.6422      0.99969    0.0013889  0.000449907 
        29.5      99.0538     0.999693   0.00138948  0.000449182 
        29.5      99.4664     0.999695   0.00139006  0.000448482 
        29.5      99.8797     0.999698   0.00139064  0.000447806 
        29.5      100.294     0.999701   0.00139121  0.000447153 
        29.5      100.709     0.999703   0.00139178  0.000446525 
        29.5      101.125     0.999706   0.00139235  0.000445921 
        29.5      101.542     0.999709   0.00139292  0.000445341 
        29.5      101.959     0.999711    0.0013935  0.000444784 
        29.5      102.378     0.999712   0.00139439  0.000444119 
        29.5      102.797     0.999715     0.001395  0.000443609 
        29.5      103.217     0.999718   0.00139559  0.000443114 
        29.5      103.638     0.999721   0.00139617  0.000442631 
        29.5       104.06     0.999724   0.00139674  0.000442162 
        29.5      104.483     0.999727    0.0013973  0.000441706 
        29.5      104.906      0.99973   0.00139785  0.000441264 
        29.5       105.33     0.999733   0.00139838  0.000440835 
        29.5      105.756     0.999735    0.0013989   0.00044042 
        29.5      106.182     0.999738   0.00139941  0.000440019 
        29.5      106.609     0.999741   0.00139991  0.000439631 
        29.5      107.036     0.999743    0.0014004  0.000439257 
        29.5      107.465     0.999746   0.00140087  0.000438896 
        29.5      107.894     0.999749   0.00140134   0.00043855 
        29.5      108.325     0.999751   0.00140179  0.000438217 
        29.5      108.756     0.999754   0.00140224  0.000437899 
        29.5      109.188     0.999756   0.00140267  0.000437594 
        29.5       109.62     0.999758    0.0014031  0.000437303 
        29.5      110.054     0.999761   0.00140351  0.000437026 
        29.5      110.489     0.999763   0.00140392  0.000436764 
        29.5      110.924     0.999766   0.00140431  0.000436515 
        29.5       111.36     0.999768   0.00140469  0.000436281 
        29.5      111.797      0.99977   0.00140507  0.000436061 
        29.5      112.235     0.999772   0.00140544  0.000435856 
        29.5      112.674     0.999774   0.00140579  0.000435664 
        29.5      113.113     0.999777   0.00140614  0.000435487 
        29.5      113.554     0.999779   0.00140648  0.000435325 
        29.5      113.995     0.999781   0.00140682  0.000435177 
        29.5      114.437     0.999783   0.00140714  0.000435043 
        29.5       114.88     0.999785   0.00140746  0.000434925 
        29.5      115.324     0.999787   0.00140776   0.00043482 
        29.5      115.768     0.999789   0.00140807  0.000434731 
        29.5      116.214     0.999791   0.00140836  0.000434656 
        29.5       116.66     0.999793   0.00140865  0.000434596 
        29.5      117.107     0.999794   0.00140892   0.00043455 
        29.5      117.555     0.999796    0.0014092   0.00043452 
        29.5      118.004     0.999798   0.00140946  0.000434504 
        29.5      118.454       0.9998   0.00140972  0.000434503 
        29.5      118.904     0.999801   0.00140998  0.000434518 
        29.5      119.356     0.999803   0.00141023  0.000434547 
        29.5      119.808     0.999805   0.00141047  0.000434591 
        29.5      120.261     0.999806   0.00141071   0.00043465 
        29.5      120.715     0.999808   0.00141094  0.000434725 
        29.5      121.169      0.99981   0.00141117  0.000434815 
        29.5      121.625     0.999811    0.0014114  0.000434919 
        29.5      122.082     0.999813   0.00141162   0.00043504 
        29.5      122.539     0.999814   0.00141183  0.000435175 
        29.5      122.997     0.999815   0.00141204  0.000435326 
        29.5      123.456     0.999817   0.00141225  0.000435492 
        29.5      123.916     0.999818   0.00141246  0.000435673 
        29.5      124.376      0.99982   0.00141266   0.00043587 
        29.5      124.838     0.999821   0.00141286  0.000436083 
        29.5        125.3     0.999822   0.00141306  0.000436311 
        29.5      125.763     0.999824   0.00141325  0.000436554 
        29.5      126.227     0.999825   0.00141345  0.000436813 
        29.5      126.692     0.999826   0.00141364  0.000437088 
        29.5      127.158     0.999827   0.00141383  0.000437378 
        29.5      127.625     0.999828   0.00141402  0.000437684 
        29.5      128.092      0.99983   0.00141421  0.000438006 
        29.5       128.56     0.999831    0.0014144  0.000438344 
        29.5      129.029     0.999832   0.00141459  0.000438697 
        29.5      129.499     0.999833   0.00141478  0.000439066 
        29.5       129.97     0.999834   0.00141496  0.000439451 
        29.5      130.442     0.999835   0.00141516  0.000439852 
        29.5      130.914     0.999836   0.00141535  0.000440269 
        29.5      131.388     0.999837   0.00141554  0.000440702 
        29.5      131.862     0.999838   0.00141573  0.000441151 
        29.5      132.337     0.999839   0.00141593  0.000441616 
        29.5      132.813      0.99984   0.00141613  0.000442097 
        29.5      133.289     0.999841   0.00141633  0.000442594 
        29.5      133.767     0.999842   0.00141654  0.000443107 
        29.5      134.245     0.999843   0.00141675  0.000443637 
        29.5      134.725     0.999843   0.00141696  0.000444182 
        29.5      135.205     0.999844   0.00141718  0.000444744 
        29.5      135.686     0.999845    0.0014174  0.000445322 
        29.5      136.167     0.999846   0.00141763  0.000445916 
        29.5       136.65     0.999847   0.00141786  0.000446527 
        29.5      137.134     0.999847   0.00141809  0.000447154 
        29.5      137.618     0.999848   0.00141834  0.000447797 
        29.5      138.103     0.999849   0.00141859  0.000448457 
        29.5      138.589      0.99985   0.00141884  0.000449133 
        29.5      139.076      0.99985    0.0014191  0.000449825 
        29.5      139.564     0.999851   0.00141937  0.000450534 
        29.5      140.052     0.999852   0.00141965   0.00045126 
        29.5      140.541     0.999852   0.00141994  0.000452002 
        29.5      141.032     0.999853   0.00142023   0.00045276 
        29.5      141.523     0.999854   0.00142054  0.000453535 
        29.5      142.015     0.999854   0.00142085  0.000454327 
        29.5      142.507     0.999861   0.00142026  0.000455021 
        29.5      143.001     0.999864   0.00142027  0.000455763 
        29.5      143.495     0.999868   0.00142028  0.000456523 
        29.5      143.991     0.999871   0.00142028  0.000457301 
        29.5      144.487     0.999875   0.00142028  0.000458098 
        29.5      144.984     0.999879   0.00142028  0.000458913 
        29.5      145.482     0.999882   0.00142028  0.000459746 
        29.5       145.98     0.999886   0.00142027  0.000460597 
        29.5       146.48     0.999891   0.00142026  0.000461467 
        29.5       146.98     0.999895   0.00142026  0.000462355 
        29.5      147.481       0.9999   0.00142025  0.000463262 
        29.5      147.983     0.999904   0.00142023  0.000464187 
        29.5      148.486     0.999909   0.00142022  0.000465131 
        29.5       148.99     0.999914   0.00142021  0.000466094 
        29.5      149.495     0.999919   0.00142019  0.000467075 
        29.5          150     0.999925   0.00142018  0.000468075 
