Variables = x, y, u, v, p

Zone, I=600, F=POINT
        63.5            0  1.17282e-05  2.23649e-07  -0.00158735 
        63.5     0.000418   0.00027807  2.17799e-07  -0.00158735 
        63.5     0.001672   0.00107714  2.12133e-07  -0.00158733 
        63.5     0.003763   0.00240971  2.42273e-07  -0.00158731 
        63.5     0.006689   0.00427472   3.6732e-07  -0.00158728 
        63.5     0.010451   0.00667308   6.6961e-07  -0.00158724 
        63.5      0.01505   0.00960573  1.25441e-06  -0.00158719 
        63.5     0.020485    0.0130724  2.24904e-06  -0.00158713 
        63.5     0.026756    0.0170733  3.80242e-06  -0.00158707 
        63.5     0.033863    0.0216087  6.08421e-06  -0.00158699 
        63.5     0.041806    0.0266787  9.28389e-06  -0.00158691 
        63.5     0.050585    0.0322833  1.36097e-05  -0.00158681 
        63.5     0.060201    0.0384227  1.92881e-05  -0.00158671 
        63.5     0.070652     0.045095  2.65602e-05   -0.0015866 
        63.5      0.08194    0.0523006  3.56842e-05  -0.00158648 
        63.5     0.094063    0.0600367   4.6929e-05  -0.00158636 
        63.5     0.107023    0.0683026  6.05784e-05  -0.00158622 
        63.5     0.120819    0.0770949  7.69235e-05  -0.00158608 
        63.5     0.135451    0.0864101  9.62641e-05  -0.00158592 
        63.5     0.150919    0.0962441  0.000118906  -0.00158576 
        63.5     0.167224     0.106592   0.00014516  -0.00158559 
        63.5     0.184364     0.117447  0.000175335  -0.00158541 
        63.5     0.202341     0.128801  0.000209744  -0.00158521 
        63.5     0.221153     0.140646  0.000248689  -0.00158501 
        63.5     0.240802     0.152971  0.000292475   -0.0015848 
        63.5     0.261287     0.165557  0.000338228  -0.00158459 
        63.5     0.282608     0.178928  0.000393794   -0.0015842 
        63.5     0.304765     0.192656  0.000453781  -0.00158382 
        63.5     0.327758     0.206723  0.000518162  -0.00158344 
        63.5     0.351588      0.22111  0.000586859  -0.00158305 
        63.5     0.376253     0.235794  0.000659724  -0.00158265 
        63.5     0.401755     0.250757  0.000736554  -0.00158222 
        63.5     0.428092     0.265976  0.000817061  -0.00158175 
        63.5     0.455266     0.281431  0.000900888  -0.00158124 
        63.5     0.483276     0.297097  0.000987583  -0.00158066 
        63.5     0.512122     0.312953    0.0010766     -0.00158 
        63.5     0.541805     0.328975   0.00116731  -0.00157924 
        63.5     0.572323     0.345137   0.00125893  -0.00157836 
        63.5     0.603677     0.361415   0.00135062  -0.00157733 
        63.5     0.635868     0.377786   0.00144137  -0.00157611 
        63.5     0.668894     0.394221   0.00153006  -0.00157469 
        63.5     0.702757     0.410695   0.00161542  -0.00157302 
        63.5     0.737456     0.427181   0.00169604  -0.00157107 
        63.5     0.772991     0.444237   0.00178535  -0.00156951 
        63.5     0.809362     0.461162   0.00186246  -0.00156729 
        63.5      0.84657     0.478353   0.00194113  -0.00156491 
        63.5     0.884613     0.495789    0.0020213  -0.00156236 
        63.5     0.923492     0.513447   0.00210292  -0.00155963 
        63.5     0.963208     0.531305   0.00218592   -0.0015567 
        63.5      1.00376     0.549336   0.00227025  -0.00155355 
        63.5      1.04515     0.567511   0.00235584  -0.00155018 
        63.5      1.08737     0.585801   0.00244259  -0.00154656 
        63.5      1.13043     0.604173   0.00253044  -0.00154267 
        63.5      1.17433     0.622592   0.00261929  -0.00153849 
        63.5      1.21906      0.64102   0.00270904    -0.001534 
        63.5      1.26463     0.659419   0.00279958  -0.00152917 
        63.5      1.31103     0.677744   0.00289082  -0.00152399 
        63.5      1.35827     0.695952   0.00298261  -0.00151841 
        63.5      1.40635     0.713993   0.00307485  -0.00151243 
        63.5      1.45526     0.731817   0.00316738    -0.001506 
        63.5      1.50501     0.749368   0.00326007  -0.00149909 
        63.5       1.5556      0.76659   0.00335276  -0.00149168 
        63.5      1.60702      0.78342   0.00344528  -0.00148373 
        63.5      1.65928     0.799796   0.00353746   -0.0014752 
        63.5      1.71237     0.815649   0.00362911  -0.00146605 
        63.5       1.7663     0.830835    0.0037035   -0.0014547 
        63.5      1.82106     0.845171    0.0037891  -0.00144536 
        63.5      1.87667     0.858841   0.00387099  -0.00143556 
        63.5      1.93311     0.871835   0.00394908   -0.0014253 
        63.5      1.99038     0.884144   0.00402331  -0.00141459 
        63.5      2.04849     0.895763   0.00409363  -0.00140342 
        63.5      2.10744     0.906686   0.00416001  -0.00139181 
        63.5      2.16722     0.916913    0.0042224  -0.00137976 
        63.5      2.22784     0.926444    0.0042808  -0.00136727 
        63.5      2.28929     0.935282    0.0043352  -0.00135436 
        63.5      2.35158     0.943434   0.00438561  -0.00134103 
        63.5      2.41471     0.950908   0.00443206  -0.00132729 
        63.5      2.47867     0.957716   0.00447459  -0.00131317 
        63.5      2.54347     0.963873   0.00451326  -0.00129866 
        63.5      2.60911     0.969397   0.00454813   -0.0012838 
        63.5      2.67558     0.974309   0.00457929  -0.00126859 
        63.5      2.74288     0.978634   0.00460686  -0.00125306 
        63.5      2.81103     0.982399   0.00463095  -0.00123723 
        63.5      2.88001     0.985636    0.0046517  -0.00122112 
        63.5      2.94983      0.98838   0.00466929  -0.00120476 
        63.5      3.02048     0.990671   0.00468388  -0.00118818 
        63.5      3.09197     0.992552   0.00469568  -0.00117141 
        63.5      3.16429      0.99407   0.00470491  -0.00115447 
        63.5      3.23745     0.995276   0.00471182   -0.0011374 
        63.5      3.31145     0.996226   0.00471668  -0.00112025 
        63.5      3.38628     0.996981   0.00471976  -0.00110304 
        63.5      3.46195     0.997605   0.00472139  -0.00108582 
        63.5      3.53845     0.998168   0.00472191  -0.00106863 
        63.5      3.61579     0.998744   0.00472168  -0.00105153 
        63.5      3.69397     0.999414   0.00472108  -0.00103456 
        63.5      3.77298     0.999865    0.0047262  -0.00101681 
        63.5      3.85283     0.999969   0.00472263 -0.000998479 
        63.5      3.93352      1.00006   0.00471889 -0.000980098 
        63.5      4.01504      1.00014   0.00471497 -0.000961672 
        63.5       4.0974      1.00021   0.00471086 -0.000943203 
        63.5      4.18059      1.00027   0.00470656 -0.000924692 
        63.5      4.26462      1.00032   0.00470205 -0.000906138 
        63.5      4.34949      1.00036   0.00469733 -0.000887544 
        63.5      4.43519      1.00038   0.00469239 -0.000868909 
        63.5      4.52173       1.0004   0.00468723 -0.000850233 
        63.5       4.6091      1.00041   0.00468183 -0.000831516 
        63.5      4.69731      1.00041   0.00467619 -0.000812757 
        63.5      4.78636       1.0004    0.0046703 -0.000793957 
        63.5      4.87624      1.00038   0.00466415 -0.000775115 
        63.5      4.96696      1.00034   0.00465712 -0.000755873 
        63.5      5.05851      1.00031   0.00465047 -0.000736933 
        63.5       5.1509      1.00029   0.00464362 -0.000717937 
        63.5      5.24413      1.00027   0.00463657 -0.000698884 
        63.5       5.3382      1.00025   0.00462933 -0.000679772 
        63.5      5.43309      1.00023    0.0046219 -0.000660599 
        63.5      5.52883      1.00021   0.00461444 -0.000641506 
        63.5       5.6254      1.00019   0.00460668 -0.000622382 
        63.5      5.72281      1.00017   0.00459872 -0.000603258 
        63.5      5.82105      1.00016   0.00459058 -0.000584138 
        63.5      5.92013      1.00014   0.00458225 -0.000565025 
        63.5      6.02005      1.00012   0.00457372 -0.000545925 
        63.5       6.1208       1.0001     0.004565  -0.00052684 
        63.5      6.22239      1.00008   0.00455609 -0.000507774 
        63.5      6.32482      1.00007   0.00454698 -0.000488731 
        63.5      6.42808      1.00005   0.00453767 -0.000469629 
        63.5      6.53217      1.00003   0.00452816 -0.000450637 
        63.5      6.63711      1.00001   0.00451847 -0.000431683 
        63.5      6.74287     0.999995   0.00450857 -0.000412772 
        63.5      6.84948     0.999976   0.00449849  -0.00039391 
        63.5      6.95692     0.999958   0.00448821   -0.0003751 
        63.5       7.0652      0.99994   0.00447774 -0.000356348 
        63.5      7.17431     0.999921   0.00446708 -0.000337658 
        63.5      7.28426     0.999902   0.00445623 -0.000319036 
        63.5      7.39505     0.999883   0.00444519 -0.000300488 
        63.5      7.50667     0.999864   0.00443396 -0.000282016 
        63.5      7.61913     0.999847   0.00442257 -0.000263612 
        63.5      7.73242     0.999829   0.00441099 -0.000245322 
        63.5      7.84655     0.999812   0.00439922  -0.00022712 
        63.5      7.96152     0.999794   0.00438726 -0.000209009 
        63.5      8.07732     0.999777   0.00437513 -0.000190992 
        63.5      8.19396      0.99976   0.00436292 -0.000173043 
        63.5      8.31143     0.999743   0.00435045 -0.000155241 
        63.5      8.42974     0.999726    0.0043378 -0.000137545 
        63.5      8.54889     0.999709   0.00432499 -0.000119962 
        63.5      8.66887     0.999692   0.00431202 -0.000102493 
        63.5      8.78969     0.999676   0.00429889 -8.51437e-05 
        63.5      8.91135     0.999659    0.0042856 -6.79177e-05 
        63.5      9.03384     0.999643   0.00427215 -5.08188e-05 
        63.5      9.15717     0.999627   0.00425855 -3.38513e-05 
        63.5      9.28133     0.999611    0.0042448 -1.70188e-05 
        63.5      9.40633     0.999595   0.00423091 -3.25494e-07 
        63.5      9.53216     0.999579   0.00421687  1.62249e-05 
        63.5      9.65884     0.999563   0.00420268  3.26284e-05 
        63.5      9.78634     0.999548   0.00418836  4.88811e-05 
        63.5      9.91469     0.999532    0.0041739   6.4979e-05 
        63.5      10.0439     0.999517   0.00415932  8.09184e-05 
        63.5      10.1739     0.999502    0.0041446  9.66955e-05 
        63.5      10.3047     0.999487   0.00412976  0.000112306 
        63.5      10.4364     0.999473   0.00411481  0.000127747 
        63.5      10.5689     0.999458   0.00409973  0.000143014 
        63.5      10.7023     0.999444   0.00408455  0.000158103 
        63.5      10.8365      0.99943   0.00406927  0.000173011 
        63.5      10.9715     0.999415   0.00405387  0.000187778 
        63.5      11.1074     0.999401   0.00403834  0.000202431 
        63.5      11.2441     0.999388   0.00402271  0.000216896 
        63.5      11.3817     0.999374     0.004007  0.000231174 
        63.5        11.52     0.999361   0.00399119  0.000245264 
        63.5      11.6592     0.999348    0.0039753  0.000259166 
        63.5      11.7993     0.999335   0.00395933  0.000272877 
        63.5      11.9402     0.999322   0.00394328  0.000286399 
        63.5      12.0819      0.99931   0.00392715  0.000299732 
        63.5      12.2245     0.999297   0.00391094  0.000312874 
        63.5      12.3679     0.999285   0.00389467  0.000325826 
        63.5      12.5121     0.999273   0.00387832  0.000338589 
        63.5      12.6572     0.999262   0.00386192  0.000351162 
        63.5      12.8031      0.99925   0.00384545  0.000363546 
        63.5      12.9498     0.999239   0.00382892  0.000375742 
        63.5      13.0974     0.999228   0.00381234   0.00038775 
        63.5      13.2458     0.999217    0.0037957  0.000399572 
        63.5       13.395     0.999206   0.00377902  0.000411208 
        63.5      13.5451     0.999195    0.0037623  0.000422661 
        63.5       13.696     0.999185   0.00374554   0.00043393 
        63.5      13.8478     0.999175   0.00372874  0.000445018 
        63.5      14.0004     0.999165   0.00371192  0.000455677 
        63.5      14.1538     0.999155   0.00369513  0.000466334 
        63.5      14.3081     0.999145   0.00367831  0.000476802 
        63.5      14.4632     0.999136   0.00366146  0.000487082 
        63.5      14.6191     0.999127   0.00364458  0.000497171 
        63.5      14.7759     0.999118   0.00362769  0.000507068 
        63.5      14.9335     0.999109   0.00361078  0.000516773 
        63.5      15.0919     0.999101   0.00359385  0.000526283 
        63.5      15.2512     0.999092   0.00357692  0.000535598 
        63.5      15.4113     0.999084   0.00355997  0.000544717 
        63.5      15.5723     0.999076   0.00354303  0.000553638 
        63.5      15.7341     0.999068   0.00352609  0.000562362 
        63.5      15.8967     0.999061   0.00350916  0.000570887 
        63.5      16.0602     0.999053   0.00349246  0.000579207 
        63.5      16.2245     0.999046   0.00347556  0.000587418 
        63.5      16.3896     0.999039   0.00345868  0.000595438 
        63.5      16.5556     0.999032   0.00344184   0.00060327 
        63.5      16.7224     0.999026   0.00342502  0.000610916 
        63.5        16.89     0.999019   0.00340824  0.000618376 
        63.5      17.0585     0.999013   0.00339149  0.000625651 
        63.5      17.2278     0.999007   0.00337478  0.000632745 
        63.5      17.3979     0.999001    0.0033581  0.000639658 
        63.5      17.5689     0.998995   0.00334146  0.000646392 
        63.5      17.7408      0.99899   0.00332486  0.000652951 
        63.5      17.9134     0.998984   0.00330831  0.000659335 
        63.5      18.0869     0.998979   0.00329179  0.000665547 
        63.5      18.2612     0.998974   0.00327532   0.00067159 
        63.5      18.4364     0.998969    0.0032589  0.000677466 
        63.5      18.6124     0.998965   0.00324253  0.000683179 
        63.5      18.7892      0.99896    0.0032262  0.000688731 
        63.5      18.9669     0.998956   0.00320993  0.000694125 
        63.5      19.1454     0.998952   0.00319371  0.000699365 
        63.5      19.3248     0.998948   0.00317754  0.000704454 
        63.5       19.505     0.998944   0.00316143  0.000709395 
        63.5       19.686      0.99894   0.00314538  0.000714193 
        63.5      19.8678     0.998937   0.00312931  0.000718638 
        63.5      20.0505     0.998933   0.00311351  0.000723099 
        63.5      20.2341      0.99893   0.00309776  0.000727414 
        63.5      20.4184     0.998927   0.00308208  0.000731583 
        63.5      20.6036     0.998924   0.00306645  0.000735608 
        63.5      20.7897     0.998922   0.00305089  0.000739488 
        63.5      20.9765     0.998919   0.00303539  0.000743224 
        63.5      21.1642     0.998917   0.00301996  0.000746818 
        63.5      21.3528     0.998914    0.0030046  0.000750269 
        63.5      21.5422     0.998912   0.00298932   0.00075358 
        63.5      21.7324      0.99891    0.0029741   0.00075675 
        63.5      21.9234     0.998908   0.00295897  0.000759781 
        63.5      22.1153     0.998907   0.00294391  0.000762673 
        63.5       22.308     0.998905   0.00292894  0.000765429 
        63.5      22.5016     0.998904   0.00291405   0.00076805 
        63.5       22.696     0.998902   0.00289925  0.000770536 
        63.5      22.8912     0.998901   0.00288454  0.000772889 
        63.5      23.0873       0.9989   0.00286993  0.000775111 
        63.5      23.2842     0.998899    0.0028554  0.000777203 
        63.5       23.482     0.998899   0.00284098  0.000779167 
        63.5      23.6805     0.998898   0.00282666  0.000781004 
        63.5        23.88     0.998897   0.00281284  0.000782912 
        63.5      24.0802     0.998897   0.00279858  0.000784629 
        63.5      24.2813     0.998896   0.00278442  0.000786237 
        63.5      24.4832     0.998896   0.00277038  0.000787737 
        63.5       24.686     0.998896   0.00275644  0.000789131 
        63.5      24.8896     0.998896   0.00274261  0.000790419 
        63.5       25.094     0.998896   0.00272889  0.000791603 
        63.5      25.2993     0.998896   0.00271527  0.000792684 
        63.5      25.5054     0.998897   0.00270176  0.000793662 
        63.5      25.7123     0.998897   0.00268835  0.000794541 
        63.5      25.9201     0.998898   0.00267504   0.00079532 
        63.5      26.1287     0.998898   0.00266184  0.000796001 
        63.5      26.3381     0.998899   0.00264874  0.000796585 
        63.5      26.5484       0.9989   0.00263573  0.000797075 
        63.5      26.7595     0.998901   0.00262283  0.000797472 
        63.5      26.9715     0.998902   0.00261002  0.000797776 
        63.5      27.1843     0.998903   0.00259731  0.000797991 
        63.5      27.3979     0.998904   0.00258469  0.000798118 
        63.5      27.6124     0.998906   0.00257216  0.000798159 
        63.5      27.8277     0.998907   0.00255973  0.000798115 
        63.5      28.0438     0.998909   0.00254738  0.000797988 
        63.5      28.2608      0.99891   0.00253512  0.000797782 
        63.5      28.4786     0.998912   0.00252294  0.000797497 
        63.5      28.6972     0.998914   0.00251085  0.000797136 
        63.5      28.9167     0.998915   0.00249884  0.000796701 
        63.5       29.137     0.998917   0.00248691  0.000796194 
        63.5      29.3582     0.998919   0.00247516  0.000795872 
        63.5      29.5802     0.998921    0.0024636  0.000795251 
        63.5       29.803     0.998923   0.00245212  0.000794569 
        63.5      30.0267     0.998925   0.00244074   0.00079383 
        63.5      30.2512     0.998928   0.00242944  0.000793032 
        63.5      30.4765      0.99893   0.00241824  0.000792178 
        63.5      30.7027     0.998932   0.00240712  0.000791267 
        63.5      30.9297     0.998935    0.0023961  0.000790301 
        63.5      31.1575     0.998937   0.00238517   0.00078928 
        63.5      31.3862      0.99894   0.00237432  0.000788206 
        63.5      31.6157     0.998943   0.00236357  0.000787079 
        63.5      31.8461     0.998945   0.00235292  0.000785901 
        63.5      32.0773     0.998948   0.00234235  0.000784673 
        63.5      32.3093     0.998951   0.00233188  0.000783394 
        63.5      32.5421     0.998954    0.0023215  0.000782068 
        63.5      32.7758     0.998957   0.00231121  0.000780694 
        63.5      33.0104     0.998959   0.00230102  0.000779274 
        63.5      33.2457     0.998962   0.00229092  0.000777809 
        63.5      33.4819     0.998966   0.00228091    0.0007763 
        63.5       33.719     0.998969     0.002271  0.000774749 
        63.5      33.9568     0.998972   0.00226119  0.000773156 
        63.5      34.1956     0.998975   0.00225146  0.000771524 
        63.5      34.4351     0.998978   0.00224183  0.000769853 
        63.5      34.6755     0.998982    0.0022323  0.000768145 
        63.5      34.9167     0.998985   0.00222286  0.000766401 
        63.5      35.1588     0.998988   0.00221352  0.000764622 
        63.5      35.4017     0.998992   0.00220427  0.000762811 
        63.5      35.6454     0.998995   0.00219511  0.000760969 
        63.5      35.8899     0.998999   0.00218605  0.000759096 
        63.5      36.1354     0.999002   0.00217708  0.000757196 
        63.5      36.3816     0.999006   0.00216821  0.000755269 
        63.5      36.6287     0.999009   0.00215944  0.000753317 
        63.5      36.8766     0.999013   0.00215075  0.000751342 
        63.5      37.1253     0.999017   0.00214213  0.000749012 
        63.5      37.3749      0.99902    0.0021335  0.000747013 
        63.5      37.6253     0.999024   0.00212498  0.000744991 
        63.5      37.8766     0.999028   0.00211655  0.000742946 
        63.5      38.1287     0.999032   0.00210822  0.000740877 
        63.5      38.3816     0.999035   0.00209998  0.000738784 
        63.5      38.6353     0.999039   0.00209184  0.000736667 
        63.5      38.8899     0.999043   0.00208379  0.000734526 
        63.5      39.1454     0.999047   0.00207583   0.00073236 
        63.5      39.4016     0.999051   0.00206797  0.000730169 
        63.5      39.6588     0.999055   0.00206019  0.000727954 
        63.5      39.9167     0.999059    0.0020525  0.000725714 
        63.5      40.1755     0.999063   0.00204489  0.000723448 
        63.5      40.4351     0.999067   0.00203738  0.000721157 
        63.5      40.6955     0.999071   0.00202994   0.00071884 
        63.5      40.9568     0.999075   0.00202258  0.000716497 
        63.5      41.2189     0.999079   0.00201484  0.000713968 
        63.5      41.4819     0.999083   0.00200762  0.000711683 
        63.5      41.7457     0.999087   0.00200047  0.000709384 
        63.5      42.0103     0.999091   0.00199339  0.000707071 
        63.5      42.2758     0.999095   0.00198639  0.000704744 
        63.5      42.5421     0.999099   0.00197945  0.000702405 
        63.5      42.8092     0.999104   0.00197258  0.000700052 
        63.5      43.0772     0.999108   0.00196578  0.000697689 
        63.5       43.346     0.999112   0.00195906  0.000695314 
        63.5      43.6157     0.999116    0.0019524  0.000692929 
        63.5      43.8862      0.99912   0.00194581  0.000690535 
        63.5      44.1575     0.999124   0.00193929  0.000688132 
        63.5      44.4296     0.999129   0.00193284  0.000685721 
        63.5      44.7026     0.999133   0.00192646  0.000683303 
        63.5      44.9765     0.999137   0.00192015  0.000680878 
        63.5      45.2511     0.999141   0.00191391  0.000678448 
        63.5      45.5266     0.999146   0.00190774  0.000676013 
        63.5       45.803      0.99915   0.00190163  0.000673573 
        63.5      46.0801     0.999154   0.00189559  0.000671131 
        63.5      46.3581     0.999159   0.00188961  0.000668687 
        63.5       46.637     0.999163   0.00188371   0.00066624 
        63.5      46.9167     0.999167   0.00187787  0.000663794 
        63.5      47.1972     0.999171   0.00187209  0.000661348 
        63.5      47.4785     0.999176   0.00186638  0.000658903 
        63.5      47.7607      0.99918   0.00186073   0.00065646 
        63.5      48.0438     0.999184   0.00185515   0.00065402 
        63.5      48.3276     0.999189   0.00184963  0.000651584 
        63.5      48.6123     0.999193   0.00184418  0.000649154 
        63.5      48.8979     0.999197   0.00183879  0.000646729 
        63.5      49.1842     0.999202   0.00183346  0.000644312 
        63.5      49.4714     0.999206   0.00182819  0.000641902 
        63.5      49.7595      0.99921   0.00182298  0.000639502 
        63.5      50.0484     0.999215   0.00181783  0.000637112 
        63.5      50.3381     0.999219   0.00181274  0.000634733 
        63.5      50.6286     0.999223   0.00180771  0.000632367 
        63.5        50.92     0.999227   0.00180274  0.000630014 
        63.5      51.2122     0.999232   0.00179782  0.000627675 
        63.5      51.5053     0.999236   0.00179296  0.000625352 
        63.5      51.7992      0.99924   0.00178856   0.00062332 
        63.5      52.0939     0.999244   0.00178369  0.000620858 
        63.5      52.3895     0.999249   0.00177887  0.000618415 
        63.5      52.6859     0.999253   0.00177411  0.000615992 
        63.5      52.9831     0.999258   0.00176941  0.000613587 
        63.5      53.2812     0.999262   0.00176476  0.000611201 
        63.5      53.5801     0.999266   0.00176017  0.000608832 
        63.5      53.8799     0.999271   0.00175564   0.00060648 
        63.5      54.1805     0.999275   0.00175116  0.000604146 
        63.5      54.4819     0.999279   0.00174674  0.000601827 
        63.5      54.7841     0.999283   0.00174237  0.000599524 
        63.5      55.0872     0.999288   0.00173806  0.000597237 
        63.5      55.3912     0.999292    0.0017338  0.000594964 
        63.5      55.6959     0.999296    0.0017296  0.000592705 
        63.5      56.0015       0.9993   0.00172545   0.00059046 
        63.5       56.308     0.999305   0.00172135  0.000588228 
        63.5      56.6152     0.999309   0.00171731  0.000586009 
        63.5      56.9233     0.999313   0.00171332  0.000583801 
        63.5      57.2323     0.999317   0.00170938  0.000581604 
        63.5      57.5421     0.999322   0.00170549  0.000579419 
        63.5      57.8527     0.999326   0.00170165  0.000577243 
        63.5      58.1641      0.99933   0.00169787  0.000575076 
        63.5      58.4764     0.999334   0.00169413  0.000572919 
        63.5      58.7896     0.999338   0.00169044  0.000570769 
        63.5      59.1035     0.999343   0.00168681  0.000568627 
        63.5      59.4183     0.999347   0.00168322  0.000566491 
        63.5      59.7339     0.999351   0.00167968  0.000564362 
        63.5      60.0504     0.999355   0.00167618  0.000562238 
        63.5      60.3677     0.999359   0.00167273  0.000560118 
        63.5      60.6859     0.999363   0.00166933  0.000558002 
        63.5      61.0048     0.999367   0.00166598   0.00055589 
        63.5      61.3247     0.999372   0.00166267  0.000553779 
        63.5      61.6453     0.999376    0.0016594   0.00055167 
        63.5      61.9668      0.99938   0.00165618  0.000549562 
        63.5      62.2891     0.999384   0.00165128  0.000547469 
        63.5      62.6123     0.999388   0.00164819  0.000545511 
        63.5      62.9363     0.999392   0.00164513  0.000543565 
        63.5      63.2611     0.999396    0.0016421  0.000541633 
        63.5      63.5868       0.9994   0.00163909  0.000539713 
        63.5      63.9133     0.999404   0.00163611  0.000537807 
        63.5      64.2406     0.999408   0.00163315  0.000535913 
        63.5      64.5688     0.999412   0.00163023  0.000534032 
        63.5      64.8978     0.999416   0.00162732  0.000532164 
        63.5      65.2277      0.99942   0.00162445   0.00053031 
        63.5      65.5583     0.999424    0.0016216  0.000528468 
        63.5      65.8899     0.999428   0.00161877   0.00052664 
        63.5      66.2222     0.999432   0.00161598  0.000524825 
        63.5      66.5554     0.999436   0.00161321  0.000523024 
        63.5      66.8894     0.999439   0.00161046  0.000521236 
        63.5      67.2243     0.999443   0.00160774  0.000519462 
        63.5        67.56     0.999447   0.00160505  0.000517701 
        63.5      67.8966     0.999451   0.00160238  0.000515954 
        63.5      68.2339     0.999455   0.00159974   0.00051422 
        63.5      68.5721     0.999459   0.00159712    0.0005125 
        63.5      68.9112     0.999462   0.00159453  0.000510794 
        63.5      69.2511     0.999466   0.00159196  0.000509102 
        63.5      69.5918      0.99947   0.00158942  0.000507424 
        63.5      69.9333     0.999474   0.00158691  0.000505759 
        63.5      70.2757     0.999478   0.00158442  0.000504109 
        63.5      70.6189     0.999481   0.00158195  0.000502472 
        63.5       70.963     0.999485   0.00157951   0.00050085 
        63.5      71.3079     0.999489    0.0015771  0.000499242 
        63.5      71.6536     0.999492   0.00157471  0.000497648 
        63.5      72.0002     0.999496   0.00157235  0.000496068 
        63.5      72.3476       0.9995   0.00157001  0.000494503 
        63.5      72.6959     0.999503   0.00156769  0.000492951 
        63.5      73.0449     0.999507    0.0015654  0.000491415 
        63.5      73.3949     0.999511   0.00156313  0.000489892 
        63.5      73.7456     0.999514   0.00156089  0.000488384 
        63.5      74.0972     0.999518   0.00155867  0.000486891 
        63.5      74.4496     0.999522   0.00155647  0.000485412 
        63.5      74.8029     0.999525    0.0015543  0.000483947 
        63.5       75.157     0.999529   0.00155215  0.000482497 
        63.5      75.5119     0.999532   0.00155003  0.000481062 
        63.5      75.8677     0.999536   0.00154793  0.000479641 
        63.5      76.2243     0.999539   0.00154585  0.000478235 
        63.5      76.5817     0.999543   0.00154379  0.000476844 
        63.5        76.94     0.999546   0.00154176  0.000475468 
        63.5      77.2991      0.99955   0.00153975  0.000474106 
        63.5      77.6591     0.999553   0.00153776  0.000472759 
        63.5      78.0198     0.999557   0.00153579  0.000471427 
        63.5      78.3815      0.99956   0.00153385   0.00047011 
        63.5      78.7439     0.999563   0.00153192  0.000468808 
        63.5      79.1072     0.999567   0.00153002   0.00046752 
        63.5      79.4714      0.99957   0.00152814  0.000466248 
        63.5      79.8363     0.999574   0.00152628  0.000464991 
        63.5      80.2021     0.999577   0.00152445  0.000463748 
        63.5      80.5688      0.99958   0.00152263  0.000462521 
        63.5      80.9362     0.999584   0.00152083  0.000461309 
        63.5      81.3045     0.999587   0.00151905  0.000460111 
        63.5      81.6737      0.99959    0.0015173  0.000458929 
        63.5      82.0437     0.999593   0.00151556  0.000457762 
        63.5      82.4145     0.999597   0.00151384   0.00045661 
        63.5      82.7861       0.9996   0.00151214  0.000455473 
        63.5      83.1586     0.999603   0.00151046  0.000454351 
        63.5       83.532     0.999606    0.0015088  0.000453244 
        63.5      83.9061      0.99961   0.00150716  0.000452153 
        63.5      84.2811     0.999613   0.00150553  0.000451076 
        63.5       84.657     0.999616   0.00150393  0.000450015 
        63.5      85.0336     0.999619   0.00150234  0.000448969 
        63.5      85.4111     0.999622   0.00150076  0.000447938 
        63.5      85.7895     0.999625   0.00149921  0.000446923 
        63.5      86.1687     0.999628   0.00149767  0.000445922 
        63.5      86.5487     0.999631   0.00149615  0.000444937 
        63.5      86.9295     0.999635   0.00149464  0.000443967 
        63.5      87.3112     0.999638   0.00149315  0.000443012 
        63.5      87.6937     0.999641   0.00149167  0.000442072 
        63.5      88.0771     0.999644   0.00149021  0.000441148 
        63.5      88.4613     0.999647   0.00148877  0.000440239 
        63.5      88.8463      0.99965   0.00148733  0.000439344 
        63.5      89.2322     0.999653   0.00148592  0.000438466 
        63.5      89.6189     0.999655   0.00148451  0.000437602 
        63.5      90.0064     0.999658   0.00148312  0.000436753 
        63.5      90.3948     0.999661   0.00148174   0.00043592 
        63.5       90.784     0.999664   0.00148038  0.000435101 
        63.5      91.1741     0.999667   0.00147902  0.000434298 
        63.5       91.565      0.99967   0.00147768   0.00043351 
        63.5      91.9567     0.999673   0.00147635  0.000432737 
        63.5      92.3492     0.999676   0.00147503  0.000431979 
        63.5      92.7426     0.999678   0.00147372  0.000431236 
        63.5      93.1369     0.999681   0.00147243  0.000430508 
        63.5      93.5319     0.999684   0.00147114  0.000429795 
        63.5      93.9278     0.999687   0.00146986  0.000429097 
        63.5      94.3246     0.999689   0.00146859  0.000428414 
        63.5      94.7221     0.999692   0.00146732  0.000427746 
        63.5      95.1206     0.999695   0.00146607  0.000427093 
        63.5      95.5198     0.999698   0.00146482  0.000426455 
        63.5      95.9199       0.9997   0.00146358  0.000425831 
        63.5      96.3208     0.999703   0.00146235  0.000425223 
        63.5      96.7226     0.999706   0.00146112  0.000424629 
        63.5      97.1251     0.999708    0.0014599   0.00042405 
        63.5      97.5286     0.999711   0.00145869  0.000423485 
        63.5      97.9328     0.999713   0.00145747  0.000422936 
        63.5      98.3379     0.999716   0.00145627  0.000422401 
        63.5      98.7439     0.999718   0.00145506   0.00042188 
        63.5      99.1506     0.999721   0.00145386  0.000421375 
        63.5      99.5583     0.999723   0.00145267  0.000420883 
        63.5      99.9667     0.999726   0.00145147  0.000420406 
        63.5      100.376     0.999728   0.00145028  0.000419944 
        63.5      100.786     0.999731   0.00144909  0.000419496 
        63.5      101.197     0.999733   0.00144856  0.000419009 
        63.5      101.609     0.999736   0.00144748  0.000418609 
        63.5      102.021     0.999738   0.00144642  0.000418221 
        63.5      102.435     0.999741   0.00144536  0.000417845 
        63.5      102.849     0.999743   0.00144433   0.00041748 
        63.5      103.264     0.999745   0.00144331  0.000417128 
        63.5       103.68     0.999748   0.00144239  0.000416538 
        63.5      104.097     0.999751   0.00144137  0.000416144 
        63.5      104.515     0.999754   0.00144035  0.000415767 
        63.5      104.933     0.999757   0.00143934  0.000415405 
        63.5      105.353     0.999759   0.00143832  0.000415059 
        63.5      105.773     0.999762   0.00143731  0.000414729 
        63.5      106.194     0.999733    0.0014362  0.000414117 
        63.5      106.616     0.999739   0.00143522  0.000413871 
        63.5      107.038     0.999745   0.00143424  0.000413636 
        63.5      107.462     0.999751   0.00143327  0.000413412 
        63.5      107.886     0.999756   0.00143231  0.000413199 
        63.5      108.311     0.999761   0.00143136  0.000412997 
        63.5      108.737     0.999767    0.0014304  0.000412806 
        63.5      109.164     0.999772   0.00142946  0.000412626 
        63.5      109.592     0.999776   0.00142852  0.000412457 
        63.5       110.02     0.999781   0.00142758    0.0004123 
        63.5       110.45     0.999785   0.00142665  0.000412153 
        63.5       110.88     0.999789   0.00142573  0.000412018 
        63.5      111.311     0.999793   0.00142481  0.000411894 
        63.5      111.743     0.999797    0.0014239  0.000411781 
        63.5      112.175     0.999801   0.00142299  0.000411679 
        63.5      112.609     0.999805   0.00142208  0.000411589 
        63.5      113.043     0.999808   0.00142118   0.00041151 
        63.5      113.478     0.999811   0.00142029  0.000411442 
        63.5      113.914     0.999814    0.0014194  0.000411386 
        63.5      114.351     0.999817   0.00141851  0.000411341 
        63.5      114.789      0.99982   0.00141763  0.000411307 
        63.5      115.228     0.999822   0.00141675  0.000411285 
        63.5      115.667     0.999825   0.00141588  0.000411275 
        63.5      116.107     0.999827   0.00141501  0.000411276 
        63.5      116.548      0.99983   0.00141415  0.000411288 
        63.5       116.99     0.999832   0.00141329  0.000411313 
        63.5      117.433     0.999834   0.00141243  0.000411348 
        63.5      117.876     0.999835   0.00141158  0.000411395 
        63.5      118.321     0.999837   0.00141073  0.000411454 
        63.5      118.766     0.999839   0.00140988  0.000411525 
        63.5      119.212      0.99984   0.00140904  0.000411607 
        63.5      119.659     0.999842    0.0014082  0.000411701 
        63.5      120.107     0.999843   0.00140737  0.000411807 
        63.5      120.555     0.999844   0.00140654  0.000411924 
        63.5      121.005     0.999845   0.00140571  0.000412053 
        63.5      121.455     0.999847   0.00140488  0.000412194 
        63.5      121.906     0.999848   0.00140406  0.000412347 
        63.5      122.358     0.999848   0.00140324  0.000412511 
        63.5      122.811     0.999849   0.00140242  0.000412687 
        63.5      123.264      0.99985   0.00140161  0.000412876 
        63.5      123.719     0.999851    0.0014008  0.000413076 
        63.5      124.174     0.999851   0.00139999  0.000413288 
        63.5       124.63     0.999852   0.00139918  0.000413511 
        63.5      125.087     0.999853   0.00139838  0.000413747 
        63.5      125.545     0.999853   0.00139758  0.000413995 
        63.5      126.003     0.999854   0.00139678  0.000414255 
        63.5      126.463     0.999854   0.00139598  0.000414526 
        63.5      126.923     0.999855   0.00139518   0.00041481 
        63.5      127.384     0.999855   0.00139438  0.000415106 
        63.5      127.846     0.999855   0.00139359  0.000415413 
        63.5      128.309     0.999856    0.0013928  0.000415733 
        63.5      128.773     0.999856   0.00139201  0.000416065 
        63.5      129.237     0.999857   0.00139122  0.000416409 
        63.5      129.702     0.999857   0.00139043  0.000416765 
        63.5      130.169     0.999858   0.00138964  0.000417133 
        63.5      130.636     0.999858   0.00138885  0.000417513 
        63.5      131.103     0.999858   0.00138806  0.000417905 
        63.5      131.572     0.999859   0.00138728  0.000418309 
        63.5      132.041      0.99986   0.00138649  0.000418726 
        63.5      132.512      0.99986    0.0013857  0.000419155 
        63.5      132.983     0.999861   0.00138492  0.000419596 
        63.5      133.455     0.999861   0.00138413  0.000420049 
        63.5      133.928     0.999862   0.00138335  0.000420514 
        63.5      134.401     0.999863   0.00138256  0.000420991 
        63.5      134.876     0.999864   0.00138177  0.000421481 
        63.5      135.351     0.999865   0.00138098  0.000421983 
        63.5      135.827     0.999866   0.00138019  0.000422497 
        63.5      136.304     0.999867    0.0013794  0.000423023 
        63.5      136.782     0.999869   0.00137861  0.000423561 
        63.5      137.261      0.99987   0.00137782  0.000424112 
        63.5       137.74     0.999871   0.00137703  0.000424675 
        63.5      138.221     0.999873   0.00137623   0.00042525 
        63.5      138.702     0.999875   0.00137543  0.000425838 
        63.5      139.184     0.999877   0.00137463  0.000426437 
        63.5      139.667     0.999879   0.00137383  0.000427049 
        63.5      140.151     0.999881   0.00137303  0.000427674 
        63.5      140.635     0.999883   0.00137222   0.00042831 
        63.5       141.12     0.999886   0.00137141  0.000428959 
        63.5      141.607     0.999888    0.0013706   0.00042962 
        63.5      142.094     0.999891   0.00136979  0.000430294 
        63.5      142.582     0.999894   0.00136897  0.000430979 
        63.5       143.07     0.999897   0.00136815  0.000431677 
        63.5       143.56     0.999901   0.00136733  0.000432388 
        63.5       144.05     0.999904    0.0013665   0.00043311 
        63.5      144.541     0.999908   0.00136567  0.000433845 
        63.5      145.033     0.999912   0.00136483  0.000434592 
        63.5      145.526     0.999917   0.00136399  0.000435351 
        63.5       146.02     0.999921   0.00136315  0.000436123 
        63.5      146.515     0.999926    0.0013623  0.000436907 
        63.5       147.01     0.999931   0.00136144  0.000437703 
        63.5      147.506     0.999936   0.00136058  0.000438512 
        63.5      148.003     0.999942   0.00135972  0.000439332 
        63.5      148.501     0.999948   0.00135885  0.000440165 
        63.5          149     0.999954   0.00135798  0.000441011 
        63.5        149.5      0.99996    0.0013571  0.000441868 
        63.5          150     0.999967   0.00135621  0.000442738 
