Variables = x, y, u, v, p

Zone, I=600, F=POINT
       -46.5            0   1.3734e-06  1.32675e-08 -0.000623913 
       -46.5     0.000418  0.000260333  1.30073e-08 -0.000623914 
       -46.5     0.001672   0.00103721  1.31468e-08 -0.000623914 
       -46.5     0.003763   0.00233259    1.645e-08 -0.000623915 
       -46.5     0.006689   0.00414522  2.75203e-08 -0.000623915 
       -46.5     0.010451   0.00647566  5.28132e-08 -0.000623915 
       -46.5      0.01505   0.00932446  1.00652e-07 -0.000623915 
       -46.5     0.020485    0.0126909   1.8121e-07 -0.000623914 
       -46.5     0.026756    0.0165749   3.0654e-07 -0.000623911 
       -46.5     0.033863    0.0209764  4.90584e-07 -0.000623907 
       -46.5     0.041806     0.025895  7.49187e-07   -0.0006239 
       -46.5     0.050585    0.0313307  1.10011e-06 -0.000623892 
       -46.5     0.060201    0.0372838  1.56312e-06 -0.000623881 
       -46.5     0.070652    0.0437528  2.15977e-06 -0.000623867 
       -46.5      0.08194    0.0507385  2.91383e-06 -0.000623851 
       -46.5     0.094063    0.0582393   3.8508e-06 -0.000623833 
       -46.5     0.107023    0.0662559  4.99854e-06 -0.000623813 
       -46.5     0.120819    0.0747871   6.3867e-06 -0.000623793 
       -46.5     0.135451    0.0838323  8.04713e-06 -0.000623772 
       -46.5     0.150919    0.0933906  1.00138e-05 -0.000623754 
       -46.5     0.167224     0.103462  1.23229e-05  -0.00062374 
       -46.5     0.184364     0.114044  1.50126e-05 -0.000623732 
       -46.5     0.202341     0.125136  1.81236e-05 -0.000623733 
       -46.5     0.221153     0.136737  2.16985e-05 -0.000623748 
       -46.5     0.240802     0.148846  2.57827e-05 -0.000623781 
       -46.5     0.261287     0.161464  3.05939e-05 -0.000623836 
       -46.5     0.282608      0.17457  3.57442e-05 -0.000623671 
       -46.5     0.304765     0.188179  4.15949e-05 -0.000623539 
       -46.5     0.327758     0.202285  4.81974e-05 -0.000623443 
       -46.5     0.351588     0.216884  5.56041e-05  -0.00062338 
       -46.5     0.376253     0.231968   6.3867e-05 -0.000623349 
       -46.5     0.401755     0.247531  7.30401e-05 -0.000623347 
       -46.5     0.428092     0.263565  8.31761e-05 -0.000623369 
       -46.5     0.455266      0.28006  9.43298e-05  -0.00062341 
       -46.5     0.483276     0.297007  0.000106555 -0.000623463 
       -46.5     0.512122     0.314392  0.000119904 -0.000623519 
       -46.5     0.541805     0.332205  0.000134433 -0.000623569 
       -46.5     0.572323     0.350429  0.000150192   -0.0006236 
       -46.5     0.603677     0.369049  0.000167236 -0.000623598 
       -46.5     0.635868     0.388049  0.000185617 -0.000623548 
       -46.5     0.668894     0.407407  0.000205383 -0.000623431 
       -46.5     0.702757     0.427105  0.000226587 -0.000623227 
       -46.5     0.737456     0.447118  0.000249276 -0.000622912 
       -46.5     0.772991     0.467249  0.000273233 -0.000623153 
       -46.5     0.809362     0.487895  0.000299079 -0.000622802 
       -46.5      0.84657       0.5087  0.000326487 -0.000622508 
       -46.5     0.884613     0.529629  0.000355438 -0.000622271 
       -46.5     0.923492     0.550645   0.00038591 -0.000622087 
       -46.5     0.963208     0.571711  0.000417868 -0.000621954 
       -46.5      1.00376     0.592785  0.000451266 -0.000621866 
       -46.5      1.04515     0.613822  0.000486046 -0.000621819 
       -46.5      1.08737     0.634778  0.000522141 -0.000621807 
       -46.5      1.13043     0.655603  0.000559467 -0.000621822 
       -46.5      1.17433     0.676246  0.000597931 -0.000621857 
       -46.5      1.21906     0.696651  0.000637423 -0.000621901 
       -46.5      1.26463     0.716762  0.000677821 -0.000621945 
       -46.5      1.31103     0.736517  0.000718983 -0.000621976 
       -46.5      1.35827     0.755854  0.000760757 -0.000621982 
       -46.5      1.40635     0.774703  0.000802969 -0.000621949 
       -46.5      1.45526     0.792995  0.000845429 -0.000621859 
       -46.5      1.50501     0.810655   0.00088793 -0.000621697 
       -46.5       1.5556     0.827605  0.000930243 -0.000621444 
       -46.5      1.60702     0.843763  0.000972121 -0.000621078 
       -46.5      1.65928     0.859043    0.0010133 -0.000620579 
       -46.5      1.71237     0.873355   0.00105348 -0.000619922 
       -46.5       1.7663     0.888562   0.00109164 -0.000617067 
       -46.5      1.82106     0.900264   0.00112975 -0.000617293 
       -46.5      1.87667     0.911266   0.00116582 -0.000617449 
       -46.5      1.93311     0.921562   0.00119981 -0.000617535 
       -46.5      1.99038     0.931151   0.00123172 -0.000617552 
       -46.5      2.04849     0.940032   0.00126152 -0.000617502 
       -46.5      2.10744     0.948209   0.00128922 -0.000617386 
       -46.5      2.16722     0.955688   0.00131483 -0.000617207 
       -46.5      2.22784     0.962477   0.00133835 -0.000616965 
       -46.5      2.28929     0.968588   0.00135981 -0.000616665 
       -46.5      2.35158     0.974038   0.00137925 -0.000616308 
       -46.5      2.41471     0.978846   0.00139669 -0.000615899 
       -46.5      2.47867     0.983032   0.00141219 -0.000615442 
       -46.5      2.54347     0.986625   0.00142582  -0.00061494 
       -46.5      2.60911     0.989653   0.00143763 -0.000614399 
       -46.5      2.67558      0.99215   0.00144771 -0.000613824 
       -46.5      2.74288     0.994155   0.00145616 -0.000613221 
       -46.5      2.81103     0.995709   0.00146307 -0.000612595 
       -46.5      2.88001      0.99686   0.00146856 -0.000611954 
       -46.5      2.94983     0.997658   0.00147276 -0.000611305 
       -46.5      3.02048     0.998159    0.0014758 -0.000610655 
       -46.5      3.09197     0.998424   0.00147784 -0.000610014 
       -46.5      3.16429     0.998517   0.00147905 -0.000609389 
       -46.5      3.23745      0.99851    0.0014796 -0.000608791 
       -46.5      3.31145     0.998478   0.00147969  -0.00060823 
       -46.5      3.38628     0.998502   0.00147953 -0.000607717 
       -46.5      3.46195      0.99867   0.00147934 -0.000607263 
       -46.5      3.53845     0.999074   0.00147935  -0.00060688 
       -46.5      3.61579     0.999811   0.00147983  -0.00060658 
       -46.5      3.69397      1.00099   0.00148105 -0.000606379 
       -46.5      3.77298      1.00022   0.00148327 -0.000607121 
       -46.5      3.85283      1.00021   0.00148229 -0.000606115 
       -46.5      3.93352      1.00021   0.00148132 -0.000605137 
       -46.5      4.01504       1.0002   0.00148036 -0.000604187 
       -46.5       4.0974       1.0002   0.00147941 -0.000603265 
       -46.5      4.18059      1.00019   0.00147847  -0.00060237 
       -46.5      4.26462      1.00019   0.00147754 -0.000601503 
       -46.5      4.34949      1.00019   0.00147662 -0.000600662 
       -46.5      4.43519      1.00019    0.0014757 -0.000599848 
       -46.5      4.52173      1.00018    0.0014748 -0.000599059 
       -46.5       4.6091      1.00018    0.0014739 -0.000598296 
       -46.5      4.69731      1.00018   0.00147301 -0.000597557 
       -46.5      4.78636      1.00019   0.00147195 -0.000597134 
       -46.5      4.87624      1.00018   0.00147116 -0.000596391 
       -46.5      4.96696      1.00018   0.00147036 -0.000595637 
       -46.5      5.05851      1.00018   0.00146954 -0.000594872 
       -46.5       5.1509      1.00018   0.00146872 -0.000594098 
       -46.5      5.24413      1.00018   0.00146788 -0.000593312 
       -46.5       5.3382      1.00018   0.00146704 -0.000592517 
       -46.5      5.43309      1.00018   0.00146618 -0.000591711 
       -46.5      5.52883      1.00018   0.00146532 -0.000590894 
       -46.5       5.6254      1.00018   0.00146444 -0.000590068 
       -46.5      5.72281      1.00018   0.00146356 -0.000589231 
       -46.5      5.82105      1.00018   0.00146268 -0.000588385 
       -46.5      5.92013      1.00018   0.00146178 -0.000587529 
       -46.5      6.02005      1.00018   0.00146088 -0.000586662 
       -46.5       6.1208      1.00018   0.00145998 -0.000585787 
       -46.5      6.22239      1.00018   0.00145907 -0.000584901 
       -46.5      6.32482      1.00017   0.00145816 -0.000584006 
       -46.5      6.42808      1.00017   0.00145724 -0.000583102 
       -46.5      6.53217      1.00017   0.00145633 -0.000582189 
       -46.5      6.63711      1.00017   0.00145541 -0.000581266 
       -46.5      6.74287      1.00017    0.0014545 -0.000580335 
       -46.5      6.84948      1.00017   0.00145359 -0.000579395 
       -46.5      6.95692      1.00017   0.00145268 -0.000578447 
       -46.5       7.0652      1.00017   0.00145177  -0.00057749 
       -46.5      7.17431      1.00017   0.00145087 -0.000576525 
       -46.5      7.28426      1.00017   0.00144989 -0.000575554 
       -46.5      7.39505      1.00017   0.00144896 -0.000574529 
       -46.5      7.50667      1.00017   0.00144803 -0.000573497 
       -46.5      7.61913      1.00017    0.0014471 -0.000572457 
       -46.5      7.73242      1.00016   0.00144616  -0.00057141 
       -46.5      7.84655      1.00016   0.00144522 -0.000570354 
       -46.5      7.96152      1.00016   0.00144428  -0.00056929 
       -46.5      8.07732      1.00016   0.00144333 -0.000568216 
       -46.5      8.19396      1.00016   0.00144238 -0.000567134 
       -46.5      8.31143      1.00016   0.00144143 -0.000566041 
       -46.5      8.42974      1.00016   0.00144047 -0.000564937 
       -46.5      8.54889      1.00016   0.00143952 -0.000563823 
       -46.5      8.66887      1.00016   0.00143856 -0.000562698 
       -46.5      8.78969      1.00016   0.00143759 -0.000561561 
       -46.5      8.91135      1.00016   0.00143663 -0.000560411 
       -46.5      9.03384      1.00016   0.00143566 -0.000559249 
       -46.5      9.15717      1.00016    0.0014347 -0.000558073 
       -46.5      9.28133      1.00016   0.00143373 -0.000556883 
       -46.5      9.40633      1.00016   0.00143275 -0.000555679 
       -46.5      9.53216      1.00016    0.0014318 -0.000554409 
       -46.5      9.65884      1.00016   0.00143083  -0.00055317 
       -46.5      9.78634      1.00016   0.00142985  -0.00055192 
       -46.5      9.91469      1.00016   0.00142887 -0.000550658 
       -46.5      10.0439      1.00016   0.00142789 -0.000549385 
       -46.5      10.1739      1.00015   0.00142691 -0.000548101 
       -46.5      10.3047      1.00015   0.00142593 -0.000546806 
       -46.5      10.4364      1.00015   0.00142495   -0.0005455 
       -46.5      10.5689      1.00015   0.00142395 -0.000544157 
       -46.5      10.7023      1.00015   0.00142297 -0.000542816 
       -46.5      10.8365      1.00015   0.00142199 -0.000541463 
       -46.5      10.9715      1.00015   0.00142101 -0.000540097 
       -46.5      11.1074      1.00015   0.00142003 -0.000538718 
       -46.5      11.2441      1.00015   0.00141905 -0.000537326 
       -46.5      11.3817      1.00015   0.00141807 -0.000535921 
       -46.5        11.52      1.00015   0.00141709 -0.000534503 
       -46.5      11.6592      1.00015   0.00141611 -0.000533071 
       -46.5      11.7993      1.00015   0.00141513 -0.000531626 
       -46.5      11.9402      1.00015   0.00141415 -0.000530168 
       -46.5      12.0819      1.00015   0.00141317 -0.000528697 
       -46.5      12.2245      1.00014   0.00141219 -0.000527212 
       -46.5      12.3679      1.00014   0.00141121 -0.000525714 
       -46.5      12.5121      1.00014   0.00141023 -0.000524203 
       -46.5      12.6572      1.00014   0.00140925 -0.000522678 
       -46.5      12.8031      1.00014   0.00140828 -0.000521139 
       -46.5      12.9498      1.00014   0.00140731 -0.000519587 
       -46.5      13.0974      1.00014   0.00140634 -0.000518021 
       -46.5      13.2458      1.00014   0.00140537 -0.000516441 
       -46.5       13.395      1.00014    0.0014044 -0.000514848 
       -46.5      13.5451      1.00014   0.00140343 -0.000513241 
       -46.5       13.696      1.00014   0.00140247  -0.00051162 
       -46.5      13.8478      1.00014   0.00140151 -0.000509985 
       -46.5      14.0004      1.00014   0.00140056 -0.000508337 
       -46.5      14.1538      1.00013   0.00139961 -0.000506674 
       -46.5      14.3081      1.00013   0.00139866 -0.000504998 
       -46.5      14.4632      1.00013   0.00139771 -0.000503307 
       -46.5      14.6191      1.00013   0.00139677 -0.000501602 
       -46.5      14.7759      1.00013   0.00139583 -0.000499884 
       -46.5      14.9335      1.00013    0.0013949 -0.000498172 
       -46.5      15.0919      1.00013   0.00139396 -0.000496429 
       -46.5      15.2512      1.00013   0.00139303 -0.000494671 
       -46.5      15.4113      1.00013    0.0013921 -0.000492899 
       -46.5      15.5723      1.00013   0.00139117 -0.000491114 
       -46.5      15.7341      1.00013   0.00139026 -0.000489319 
       -46.5      15.8967      1.00013   0.00138934 -0.000487508 
       -46.5      16.0602      1.00012   0.00138843 -0.000485684 
       -46.5      16.2245      1.00012   0.00138753 -0.000483847 
       -46.5      16.3896      1.00012   0.00138663 -0.000481996 
       -46.5      16.5556      1.00012   0.00138574 -0.000480132 
       -46.5      16.7224      1.00012   0.00138484 -0.000478254 
       -46.5        16.89      1.00012   0.00138396 -0.000476356 
       -46.5      17.0585      1.00012   0.00138308 -0.000474452 
       -46.5      17.2278      1.00012    0.0013822 -0.000472535 
       -46.5      17.3979      1.00012   0.00138133 -0.000470604 
       -46.5      17.5689      1.00012   0.00138047  -0.00046866 
       -46.5      17.7408      1.00011   0.00137961 -0.000466703 
       -46.5      17.9134      1.00011   0.00137876 -0.000464733 
       -46.5      18.0869      1.00011   0.00137792 -0.000462749 
       -46.5      18.2612      1.00011   0.00137708 -0.000460753 
       -46.5      18.4364      1.00011   0.00137625 -0.000458743 
       -46.5      18.6124      1.00011   0.00137542  -0.00045672 
       -46.5      18.7892      1.00011    0.0013746 -0.000454684 
       -46.5      18.9669      1.00011   0.00137379 -0.000452636 
       -46.5      19.1454      1.00011   0.00137299 -0.000450574 
       -46.5      19.3248      1.00011   0.00137219   -0.0004485 
       -46.5       19.505       1.0001    0.0013714 -0.000446413 
       -46.5       19.686       1.0001   0.00137062 -0.000444313 
       -46.5      19.8678       1.0001   0.00136984   -0.0004422 
       -46.5      20.0505       1.0001   0.00136907 -0.000440075 
       -46.5      20.2341       1.0001   0.00136831 -0.000437938 
       -46.5      20.4184       1.0001   0.00136756 -0.000435788 
       -46.5      20.6036       1.0001   0.00136682 -0.000433626 
       -46.5      20.7897       1.0001   0.00136608 -0.000431451 
       -46.5      20.9765       1.0001   0.00136535 -0.000429265 
       -46.5      21.1642       1.0001   0.00136463 -0.000427066 
       -46.5      21.3528      1.00009   0.00136392 -0.000424855 
       -46.5      21.5422      1.00009   0.00136322 -0.000422633 
       -46.5      21.7324      1.00009   0.00136253 -0.000420399 
       -46.5      21.9234      1.00009   0.00136185 -0.000418153 
       -46.5      22.1153      1.00009   0.00136117 -0.000415895 
       -46.5       22.308      1.00009   0.00136051 -0.000413626 
       -46.5      22.5016      1.00009   0.00135985 -0.000411346 
       -46.5       22.696      1.00009   0.00135921 -0.000409055 
       -46.5      22.8912      1.00009   0.00135857 -0.000406752 
       -46.5      23.0873      1.00008   0.00135795 -0.000404439 
       -46.5      23.2842      1.00008   0.00135733 -0.000402114 
       -46.5       23.482      1.00008   0.00135672 -0.000399776 
       -46.5      23.6805      1.00008   0.00135612 -0.000397427 
       -46.5        23.88      1.00008   0.00135554 -0.000395069 
       -46.5      24.0802      1.00008   0.00135496   -0.0003927 
       -46.5      24.2813      1.00008   0.00135439  -0.00039032 
       -46.5      24.4832      1.00008   0.00135384  -0.00038793 
       -46.5       24.686      1.00007   0.00135329 -0.000385531 
       -46.5      24.8896      1.00007   0.00135276 -0.000383121 
       -46.5       25.094      1.00007   0.00135223 -0.000380701 
       -46.5      25.2993      1.00007   0.00135172 -0.000378271 
       -46.5      25.5054      1.00007   0.00135122 -0.000375831 
       -46.5      25.7123      1.00007   0.00135073 -0.000373382 
       -46.5      25.9201      1.00007   0.00135025 -0.000370923 
       -46.5      26.1287      1.00007   0.00134978 -0.000368454 
       -46.5      26.3381      1.00007   0.00134933 -0.000365976 
       -46.5      26.5484      1.00006   0.00134888 -0.000363489 
       -46.5      26.7595      1.00006   0.00134845 -0.000360993 
       -46.5      26.9715      1.00006   0.00134803 -0.000358488 
       -46.5      27.1843      1.00006   0.00134762 -0.000355974 
       -46.5      27.3979      1.00006   0.00134722 -0.000353452 
       -46.5      27.6124      1.00006   0.00134684  -0.00035092 
       -46.5      27.8277      1.00006   0.00134646 -0.000348381 
       -46.5      28.0438      1.00006    0.0013461 -0.000345833 
       -46.5      28.2608      1.00005   0.00134575 -0.000343276 
       -46.5      28.4786      1.00005   0.00134541 -0.000340712 
       -46.5      28.6972      1.00005   0.00134509  -0.00033814 
       -46.5      28.9167      1.00005   0.00134478  -0.00033556 
       -46.5       29.137      1.00005   0.00134447 -0.000332972 
       -46.5      29.3582      1.00005   0.00134419 -0.000330377 
       -46.5      29.5802      1.00005   0.00134391 -0.000327775 
       -46.5       29.803      1.00005   0.00134365 -0.000325166 
       -46.5      30.0267      1.00005    0.0013434 -0.000322549 
       -46.5      30.2512      1.00004   0.00134316 -0.000319926 
       -46.5      30.4765      1.00004   0.00134293 -0.000317296 
       -46.5      30.7027      1.00004   0.00134272  -0.00031466 
       -46.5      30.9297      1.00004   0.00134252 -0.000312017 
       -46.5      31.1575      1.00004   0.00134233 -0.000309368 
       -46.5      31.3862      1.00004   0.00134215 -0.000306714 
       -46.5      31.6157      1.00004     0.001342 -0.000304071 
       -46.5      31.8461      1.00004   0.00134185 -0.000301403 
       -46.5      32.0773      1.00003   0.00134172  -0.00029873 
       -46.5      32.3093      1.00003   0.00134159 -0.000296051 
       -46.5      32.5421      1.00003   0.00134148 -0.000293366 
       -46.5      32.7758      1.00003   0.00134139 -0.000290676 
       -46.5      33.0104      1.00003   0.00134131 -0.000287981 
       -46.5      33.2457      1.00003   0.00134124  -0.00028528 
       -46.5      33.4819      1.00003   0.00134118 -0.000282575 
       -46.5       33.719      1.00003   0.00134114 -0.000279865 
       -46.5      33.9568      1.00003   0.00134111 -0.000277151 
       -46.5      34.1956      1.00002    0.0013411 -0.000274432 
       -46.5      34.4351      1.00002    0.0013411  -0.00027172 
       -46.5      34.6755      1.00002   0.00134111    -0.000269 
       -46.5      34.9167      1.00002   0.00134113 -0.000266275 
       -46.5      35.1588      1.00002   0.00134116 -0.000263547 
       -46.5      35.4017      1.00002   0.00134121 -0.000260815 
       -46.5      35.6454      1.00002   0.00134127 -0.000258078 
       -46.5      35.8899      1.00002   0.00134134 -0.000255339 
       -46.5      36.1354      1.00001   0.00134145 -0.000252598 
       -46.5      36.3816      1.00001   0.00134155  -0.00024985 
       -46.5      36.6287      1.00001   0.00134166   -0.0002471 
       -46.5      36.8766      1.00001   0.00134179 -0.000244347 
       -46.5      37.1253      1.00001   0.00134193 -0.000241593 
       -46.5      37.3749      1.00001   0.00134208 -0.000238836 
       -46.5      37.6253      1.00001   0.00134225 -0.000236078 
       -46.5      37.8766      1.00001   0.00134243 -0.000233318 
       -46.5      38.1287      1.00001   0.00134262 -0.000230556 
       -46.5      38.3816            1   0.00134283 -0.000227793 
       -46.5      38.6353            1   0.00134305 -0.000225029 
       -46.5      38.8899            1   0.00134328 -0.000222263 
       -46.5      39.1454            1   0.00134353 -0.000219497 
       -46.5      39.4016            1   0.00134379  -0.00021673 
       -46.5      39.6588     0.999999   0.00134406 -0.000213962 
       -46.5      39.9167     0.999998   0.00134435 -0.000211193 
       -46.5      40.1755     0.999997   0.00134464 -0.000208424 
       -46.5      40.4351     0.999996   0.00134495 -0.000205654 
       -46.5      40.6955     0.999995   0.00134528 -0.000202884 
       -46.5      40.9568     0.999994   0.00134561 -0.000200114 
       -46.5      41.2189     0.999993   0.00134596 -0.000197345 
       -46.5      41.4819     0.999992   0.00134632 -0.000194575 
       -46.5      41.7457     0.999991    0.0013467 -0.000191806 
       -46.5      42.0103      0.99999   0.00134708 -0.000189038 
       -46.5      42.2758     0.999989   0.00134748  -0.00018627 
       -46.5      42.5421     0.999988   0.00134789 -0.000183503 
       -46.5      42.8092     0.999987   0.00134832 -0.000180737 
       -46.5      43.0772     0.999986   0.00134875 -0.000177972 
       -46.5       43.346     0.999985    0.0013492 -0.000175208 
       -46.5      43.6157     0.999984   0.00134966 -0.000172446 
       -46.5      43.8862     0.999983   0.00135013 -0.000169685 
       -46.5      44.1575     0.999982   0.00135061 -0.000166926 
       -46.5      44.4296     0.999981    0.0013511 -0.000164169 
       -46.5      44.7026      0.99998   0.00135161 -0.000161414 
       -46.5      44.9765     0.999979   0.00135213 -0.000158662 
       -46.5      45.2511     0.999978   0.00135265 -0.000155912 
       -46.5      45.5266     0.999977   0.00135319 -0.000153164 
       -46.5       45.803     0.999976   0.00135374 -0.000150419 
       -46.5      46.0801     0.999975   0.00135431 -0.000147678 
       -46.5      46.3581     0.999974   0.00135488 -0.000144939 
       -46.5       46.637     0.999973   0.00135546 -0.000142203 
       -46.5      46.9167     0.999972   0.00135606 -0.000139446 
       -46.5      47.1972     0.999972   0.00135667 -0.000136719 
       -46.5      47.4785     0.999971   0.00135729 -0.000133995 
       -46.5      47.7607      0.99997   0.00135792 -0.000131273 
       -46.5      48.0438     0.999969   0.00135856 -0.000128555 
       -46.5      48.3276     0.999968   0.00135921 -0.000125839 
       -46.5      48.6123     0.999967   0.00135987 -0.000123127 
       -46.5      48.8979     0.999966   0.00136054 -0.000120418 
       -46.5      49.1842     0.999966   0.00136122 -0.000117712 
       -46.5      49.4714     0.999965   0.00136191  -0.00011501 
       -46.5      49.7595     0.999964   0.00136261 -0.000112312 
       -46.5      50.0484     0.999963   0.00136333 -0.000109617 
       -46.5      50.3381     0.999962   0.00136405 -0.000106927 
       -46.5      50.6286     0.999962   0.00136478  -0.00010424 
       -46.5        50.92     0.999961   0.00136552 -0.000101558 
       -46.5      51.2122      0.99996   0.00136627 -9.88795e-05 
       -46.5      51.5053     0.999959   0.00136703 -9.62057e-05 
       -46.5      51.7992     0.999959    0.0013678 -9.35364e-05 
       -46.5      52.0939     0.999958   0.00136857 -9.08717e-05 
       -46.5      52.3895     0.999957   0.00136936 -8.82118e-05 
       -46.5      52.6859     0.999957   0.00137016 -8.55567e-05 
       -46.5      52.9831     0.999956   0.00137097 -8.29067e-05 
       -46.5      53.2812     0.999955   0.00137183 -8.03194e-05 
       -46.5      53.5801     0.999955   0.00137264 -7.76745e-05 
       -46.5      53.8799     0.999954   0.00137346 -7.50361e-05 
       -46.5      54.1805     0.999953    0.0013743 -7.24042e-05 
       -46.5      54.4819     0.999953   0.00137514 -6.97789e-05 
       -46.5      54.7841     0.999952   0.00137599   -6.716e-05 
       -46.5      55.0872     0.999951   0.00137684 -6.45477e-05 
       -46.5      55.3912     0.999951   0.00137771  -6.1942e-05 
       -46.5      55.6959      0.99995   0.00137858  -5.9343e-05 
       -46.5      56.0015     0.999949   0.00137946 -5.67505e-05 
       -46.5       56.308     0.999949   0.00138035 -5.41647e-05 
       -46.5      56.6152     0.999948   0.00138125 -5.15855e-05 
       -46.5      56.9233     0.999948   0.00138216  -4.9013e-05 
       -46.5      57.2323     0.999947   0.00138307 -4.64472e-05 
       -46.5      57.5421     0.999947   0.00138399  -4.3888e-05 
       -46.5      57.8527     0.999946   0.00138492 -4.13356e-05 
       -46.5      58.1641     0.999945   0.00138585 -3.87899e-05 
       -46.5      58.4764     0.999945    0.0013868 -3.62509e-05 
       -46.5      58.7896     0.999944   0.00138774 -3.37186e-05 
       -46.5      59.1035     0.999944    0.0013887 -3.11931e-05 
       -46.5      59.4183     0.999943   0.00138966 -2.86743e-05 
       -46.5      59.7339     0.999943   0.00139063 -2.61623e-05 
       -46.5      60.0504     0.999942   0.00139161  -2.3657e-05 
       -46.5      60.3677     0.999942   0.00139259 -2.11584e-05 
       -46.5      60.6859     0.999942   0.00139357 -1.86666e-05 
       -46.5      61.0048     0.999941   0.00139457 -1.61816e-05 
       -46.5      61.3247     0.999941   0.00139557 -1.37032e-05 
       -46.5      61.6453      0.99994   0.00139657 -1.12316e-05 
       -46.5      61.9668      0.99994   0.00139758  -8.7667e-06 
       -46.5      62.2891     0.999939    0.0013986 -6.30852e-06 
       -46.5      62.6123     0.999939   0.00139962 -3.85704e-06 
       -46.5      62.9363     0.999939   0.00140064 -1.41225e-06 
       -46.5      63.2611     0.999938   0.00140167  1.02587e-06 
       -46.5      63.5868     0.999938   0.00140271  3.45732e-06 
       -46.5      63.9133     0.999937   0.00140374  5.88213e-06 
       -46.5      64.2406     0.999937   0.00140479  8.30032e-06 
       -46.5      64.5688     0.999937   0.00140583  1.07119e-05 
       -46.5      64.8978     0.999936   0.00140689  1.31169e-05 
       -46.5      65.2277     0.999936   0.00140794  1.55153e-05 
       -46.5      65.5583     0.999936     0.001409  1.79072e-05 
       -46.5      65.8899     0.999935   0.00141006  2.02925e-05 
       -46.5      66.2222     0.999935   0.00141112  2.26714e-05 
       -46.5      66.5554     0.999935   0.00141219  2.50438e-05 
       -46.5      66.8894     0.999935   0.00141326  2.74098e-05 
       -46.5      67.2243     0.999934   0.00141433  2.97629e-05 
       -46.5        67.56     0.999934   0.00141541  3.20986e-05 
       -46.5      67.8966     0.999934   0.00141649  3.44276e-05 
       -46.5      68.2339     0.999934   0.00141758  3.67498e-05 
       -46.5      68.5721     0.999933   0.00141866  3.90651e-05 
       -46.5      68.9112     0.999933   0.00141975  4.13735e-05 
       -46.5      69.2511     0.999933   0.00142084  4.36749e-05 
       -46.5      69.5918     0.999933   0.00142194  4.59694e-05 
       -46.5      69.9333     0.999933   0.00142303  4.82568e-05 
       -46.5      70.2757     0.999932   0.00142413  5.05373e-05 
       -46.5      70.6189     0.999932   0.00142523  5.28106e-05 
       -46.5       70.963     0.999932   0.00142634  5.50768e-05 
       -46.5      71.3079     0.999932   0.00142744  5.73358e-05 
       -46.5      71.6536     0.999932   0.00142855  5.95877e-05 
       -46.5      72.0002     0.999932   0.00142966  6.18323e-05 
       -46.5      72.3476     0.999931   0.00143077  6.40697e-05 
       -46.5      72.6959     0.999931   0.00143188  6.62997e-05 
       -46.5      73.0449     0.999931   0.00143299  6.85225e-05 
       -46.5      73.3949     0.999931   0.00143411  7.07379e-05 
       -46.5      73.7456     0.999931   0.00143523  7.29459e-05 
       -46.5      74.0972     0.999931   0.00143634  7.51465e-05 
       -46.5      74.4496     0.999931   0.00143746  7.73397e-05 
       -46.5      74.8029     0.999931   0.00143858  7.95254e-05 
       -46.5       75.157     0.999931    0.0014397  8.17036e-05 
       -46.5      75.5119      0.99993   0.00144082  8.38743e-05 
       -46.5      75.8677      0.99993   0.00144195  8.60374e-05 
       -46.5      76.2243      0.99993   0.00144307   8.8193e-05 
       -46.5      76.5817      0.99993   0.00144419  9.03409e-05 
       -46.5        76.94      0.99993   0.00144532  9.24813e-05 
       -46.5      77.2991      0.99993   0.00144644  9.46139e-05 
       -46.5      77.6591      0.99993   0.00144757   9.6739e-05 
       -46.5      78.0198      0.99993   0.00144869  9.88563e-05 
       -46.5      78.3815      0.99993   0.00144981  0.000100966 
       -46.5      78.7439      0.99993   0.00145094  0.000103068 
       -46.5      79.1072      0.99993   0.00145206  0.000105162 
       -46.5      79.4714      0.99993   0.00145318  0.000107248 
       -46.5      79.8363      0.99993   0.00145431  0.000109327 
       -46.5      80.2021      0.99993   0.00145543  0.000111398 
       -46.5      80.5688      0.99993   0.00145651  0.000113471 
       -46.5      80.9362      0.99993   0.00145763  0.000115537 
       -46.5      81.3045      0.99993   0.00145876  0.000117595 
       -46.5      81.6737      0.99993   0.00145988  0.000119647 
       -46.5      82.0437     0.999931     0.001461  0.000121691 
       -46.5      82.4145     0.999931   0.00146212  0.000123728 
       -46.5      82.7861     0.999931   0.00146323  0.000125758 
       -46.5      83.1586     0.999931   0.00146435   0.00012778 
       -46.5       83.532     0.999931   0.00146546  0.000129795 
       -46.5      83.9061     0.999931   0.00146657  0.000131804 
       -46.5      84.2811     0.999931   0.00146768  0.000133805 
       -46.5       84.657     0.999931   0.00146879  0.000135799 
       -46.5      85.0336     0.999931    0.0014699  0.000137786 
       -46.5      85.4111     0.999931     0.001471  0.000139766 
       -46.5      85.7895     0.999931   0.00147211  0.000141739 
       -46.5      86.1687     0.999931   0.00147321  0.000143705 
       -46.5      86.5487     0.999932   0.00147431  0.000145665 
       -46.5      86.9295     0.999932    0.0014754  0.000147618 
       -46.5      87.3112     0.999932    0.0014765  0.000149564 
       -46.5      87.6937     0.999932   0.00147759  0.000151503 
       -46.5      88.0771     0.999932   0.00147868  0.000153436 
       -46.5      88.4613     0.999932   0.00147977  0.000155362 
       -46.5      88.8463     0.999932   0.00148086  0.000157281 
       -46.5      89.2322     0.999933   0.00148194  0.000159194 
       -46.5      89.6189     0.999933   0.00148302  0.000161101 
       -46.5      90.0064     0.999933    0.0014841  0.000163001 
       -46.5      90.3948     0.999933   0.00148518  0.000164895 
       -46.5       90.784     0.999933   0.00148625  0.000166783 
       -46.5      91.1741     0.999933   0.00148733  0.000168665 
       -46.5       91.565     0.999934    0.0014884   0.00017054 
       -46.5      91.9567     0.999934   0.00148946   0.00017241 
       -46.5      92.3492     0.999934   0.00149053  0.000174273 
       -46.5      92.7426     0.999934   0.00149159  0.000176131 
       -46.5      93.1369     0.999934   0.00149265  0.000177983 
       -46.5      93.5319     0.999935    0.0014937  0.000179829 
       -46.5      93.9278     0.999935   0.00149476  0.000181669 
       -46.5      94.3246     0.999935   0.00149581  0.000183504 
       -46.5      94.7221     0.999935   0.00149685  0.000185333 
       -46.5      95.1206     0.999935    0.0014979  0.000187157 
       -46.5      95.5198     0.999936   0.00149894  0.000188975 
       -46.5      95.9199     0.999936   0.00149998  0.000190788 
       -46.5      96.3208     0.999936   0.00150102  0.000192596 
       -46.5      96.7226     0.999936   0.00150205  0.000194399 
       -46.5      97.1251     0.999937   0.00150308  0.000196196 
       -46.5      97.5286     0.999937    0.0015041  0.000197989 
       -46.5      97.9328     0.999937   0.00150512  0.000199777 
       -46.5      98.3379     0.999937   0.00150614   0.00020156 
       -46.5      98.7439     0.999938   0.00150716  0.000203338 
       -46.5      99.1506     0.999938   0.00150817  0.000205112 
       -46.5      99.5583     0.999938   0.00150918  0.000206882 
       -46.5      99.9667     0.999938   0.00151019  0.000208647 
       -46.5      100.376     0.999938    0.0015111  0.000210402 
       -46.5      100.786     0.999939   0.00151209  0.000212152 
       -46.5      101.197     0.999939   0.00151308  0.000213896 
       -46.5      101.609     0.999939   0.00151406  0.000215635 
       -46.5      102.021      0.99994   0.00151504  0.000217368 
       -46.5      102.435      0.99994   0.00151602  0.000219096 
       -46.5      102.849      0.99994     0.001517  0.000220818 
       -46.5      103.264      0.99994   0.00151797  0.000222534 
       -46.5       103.68     0.999941   0.00151893  0.000224245 
       -46.5      104.097     0.999941   0.00151989  0.000225951 
       -46.5      104.515     0.999941   0.00152085   0.00022765 
       -46.5      104.933     0.999942    0.0015218  0.000229345 
       -46.5      105.353     0.999942   0.00152275  0.000231033 
       -46.5      105.773     0.999942    0.0015237  0.000232717 
       -46.5      106.194     0.999943   0.00152464  0.000234394 
       -46.5      106.616     0.999943   0.00152557  0.000236066 
       -46.5      107.038     0.999943    0.0015265  0.000237733 
       -46.5      107.462     0.999943   0.00152743  0.000239394 
       -46.5      107.886     0.999944   0.00152835  0.000241049 
       -46.5      108.311     0.999944   0.00152926  0.000242699 
       -46.5      108.737     0.999944   0.00153018  0.000244535 
       -46.5      109.164     0.999945   0.00153109  0.000246172 
       -46.5      109.592     0.999945   0.00153201  0.000247806 
       -46.5       110.02     0.999946   0.00153291  0.000249436 
       -46.5       110.45     0.999946   0.00153382  0.000251064 
       -46.5       110.88     0.999947   0.00153472  0.000252689 
       -46.5      111.311     0.999947   0.00153562   0.00025431 
       -46.5      111.743     0.999947   0.00153651  0.000255929 
       -46.5      112.175     0.999948    0.0015374  0.000257545 
       -46.5      112.609     0.999948   0.00153828  0.000259157 
       -46.5      113.043     0.999949   0.00153916  0.000260767 
       -46.5      113.478     0.999949   0.00154004  0.000262373 
       -46.5      113.914     0.999949   0.00154091  0.000263976 
       -46.5      114.351      0.99995   0.00154178  0.000265577 
       -46.5      114.789      0.99995   0.00154264  0.000267174 
       -46.5      115.228      0.99995    0.0015435  0.000268768 
       -46.5      115.667     0.999951   0.00154436  0.000270359 
       -46.5      116.107     0.999951   0.00154521  0.000271946 
       -46.5      116.548     0.999951   0.00154606  0.000273531 
       -46.5       116.99     0.999952    0.0015469  0.000275112 
       -46.5      117.433     0.999952   0.00154774  0.000276691 
       -46.5      117.876     0.999952   0.00154858  0.000278266 
       -46.5      118.321     0.999953   0.00154941  0.000279838 
       -46.5      118.766     0.999953   0.00155023  0.000281406 
       -46.5      119.212     0.999953   0.00155105  0.000282972 
       -46.5      119.659     0.999954   0.00155187  0.000284534 
       -46.5      120.107     0.999954   0.00155268  0.000286093 
       -46.5      120.555     0.999954   0.00155349  0.000287649 
       -46.5      121.005     0.999954   0.00155429  0.000289201 
       -46.5      121.455     0.999955   0.00155509  0.000290751 
       -46.5      121.906     0.999955   0.00155589  0.000292297 
       -46.5      122.358     0.999955   0.00155668   0.00029384 
       -46.5      122.811     0.999956   0.00155746  0.000295379 
       -46.5      123.264     0.999956   0.00155824  0.000296915 
       -46.5      123.719     0.999956   0.00155902  0.000298448 
       -46.5      124.174     0.999956   0.00155979  0.000299978 
       -46.5       124.63     0.999957   0.00156056  0.000301505 
       -46.5      125.087     0.999957   0.00156132  0.000303028 
       -46.5      125.545     0.999957   0.00156208  0.000304547 
       -46.5      126.003     0.999958   0.00156283  0.000306064 
       -46.5      126.463     0.999958   0.00156358  0.000307577 
       -46.5      126.923     0.999958   0.00156432  0.000309087 
       -46.5      127.384     0.999958   0.00156506  0.000310593 
       -46.5      127.846     0.999959   0.00156579  0.000312096 
       -46.5      128.309     0.999959   0.00156652  0.000313596 
       -46.5      128.773     0.999959   0.00156724  0.000315093 
       -46.5      129.237      0.99996   0.00156796  0.000316586 
       -46.5      129.702      0.99996   0.00156868  0.000318076 
       -46.5      130.169      0.99996   0.00156938  0.000319562 
       -46.5      130.636     0.999961   0.00157009  0.000321045 
       -46.5      131.103     0.999961   0.00157079  0.000322525 
       -46.5      131.572     0.999961   0.00157148  0.000324001 
       -46.5      132.041     0.999962   0.00157217  0.000325474 
       -46.5      132.512     0.999962   0.00157285  0.000326944 
       -46.5      132.983     0.999962   0.00157353   0.00032841 
       -46.5      133.455     0.999963    0.0015742  0.000329873 
       -46.5      133.928     0.999963   0.00157487  0.000331333 
       -46.5      134.401     0.999963   0.00157553  0.000332789 
       -46.5      134.876     0.999964   0.00157619  0.000334242 
       -46.5      135.351     0.999964   0.00157684  0.000335691 
       -46.5      135.827     0.999965   0.00157749  0.000337137 
       -46.5      136.304     0.999965   0.00157813   0.00033858 
       -46.5      136.782     0.999965   0.00157877  0.000340019 
       -46.5      137.261     0.999962   0.00157937  0.000341308 
       -46.5       137.74     0.999963   0.00158005  0.000342746 
       -46.5      138.221     0.999964   0.00158072  0.000344182 
       -46.5      138.702     0.999964   0.00158138  0.000345617 
       -46.5      139.184     0.999965   0.00158204  0.000347048 
       -46.5      139.667     0.999966   0.00158269  0.000348478 
       -46.5      140.151     0.999966   0.00158334  0.000349906 
       -46.5      140.635     0.999967   0.00158398  0.000351332 
       -46.5       141.12     0.999968   0.00158461  0.000352756 
       -46.5      141.607     0.999968   0.00158524  0.000354178 
       -46.5      142.094     0.999969   0.00158587  0.000355598 
       -46.5      142.582      0.99997   0.00158649  0.000357016 
       -46.5       143.07     0.999971    0.0015871  0.000358433 
       -46.5       143.56     0.999972    0.0015877  0.000359848 
       -46.5       144.05     0.999972    0.0015883  0.000361261 
       -46.5      144.541     0.999973    0.0015889  0.000362672 
       -46.5      145.033     0.999974   0.00158948  0.000364082 
       -46.5      145.526     0.999975   0.00159006  0.000365491 
       -46.5       146.02     0.999976   0.00159064  0.000366898 
       -46.5      146.515     0.999977   0.00159121  0.000368303 
       -46.5       147.01     0.999978   0.00159177  0.000369707 
       -46.5      147.506     0.999979   0.00159232   0.00037111 
       -46.5      148.003      0.99998   0.00159287  0.000372511 
       -46.5      148.501     0.999981   0.00159341  0.000373911 
       -46.5          149     0.999982   0.00159394   0.00037531 
       -46.5        149.5     0.999983   0.00159447  0.000376708 
       -46.5          150     0.999984   0.00159499  0.000378105 
