Variables = x, y, u, v, p

Zone, I=600, F=POINT
       253.5            0  3.71222e-07  1.62839e-10 -7.61638e-05 
       253.5     0.000418  0.000181016  1.90261e-10 -7.61636e-05 
       253.5     0.001672  0.000722952   6.6038e-10 -7.61631e-05 
       253.5     0.003763   0.00162661  2.73812e-09 -7.61624e-05 
       253.5     0.006689   0.00289115  8.36101e-09 -7.61613e-05 
       253.5     0.010451   0.00451699  2.02444e-08 -7.61599e-05 
       253.5      0.01505   0.00650458  4.18842e-08 -7.61582e-05 
       253.5     0.020485    0.0088535  7.75444e-08 -7.61562e-05 
       253.5     0.026756    0.0115638  1.32267e-07 -7.61539e-05 
       253.5     0.033863    0.0146354  2.11868e-07 -7.61512e-05 
       253.5     0.041806    0.0180683   3.2294e-07 -7.61483e-05 
       253.5     0.050585    0.0218626  4.72849e-07 -7.61451e-05 
       253.5     0.060201    0.0260187  6.69757e-07 -7.61415e-05 
       253.5     0.070652    0.0305357  9.22538e-07 -7.61376e-05 
       253.5      0.08194    0.0354144  1.24093e-06 -7.61335e-05 
       253.5     0.094063     0.040654  1.63534e-06  -7.6129e-05 
       253.5     0.107023    0.0462552  2.11706e-06 -7.61242e-05 
       253.5     0.120819    0.0522176  2.69808e-06 -7.61191e-05 
       253.5     0.135451    0.0585411  3.39117e-06 -7.61137e-05 
       253.5     0.150919    0.0652255  4.20989e-06  -7.6108e-05 
       253.5     0.167224    0.0722712  5.16862e-06 -7.61019e-05 
       253.5     0.184364    0.0796771  6.28233e-06 -7.60956e-05 
       253.5     0.202341    0.0874439  7.56703e-06 -7.60889e-05 
       253.5     0.221153    0.0955705   9.0392e-06 -7.60819e-05 
       253.5     0.240802     0.104058  1.07164e-05 -7.60747e-05 
       253.5     0.261287     0.112907  1.26226e-05 -7.60671e-05 
       253.5     0.282608     0.122108  1.47589e-05 -7.60592e-05 
       253.5     0.304765     0.131669  1.71584e-05 -7.60509e-05 
       253.5     0.327758     0.141588  1.98413e-05 -7.60424e-05 
       253.5     0.351588     0.151864   2.2828e-05 -7.60335e-05 
       253.5     0.376253     0.162496  2.61395e-05 -7.60243e-05 
       253.5     0.401755     0.173481  2.97977e-05 -7.60148e-05 
       253.5     0.428092     0.184817  3.38245e-05  -7.6005e-05 
       253.5     0.455266     0.196503   3.8243e-05 -7.59948e-05 
       253.5     0.483276     0.208535  4.30763e-05 -7.59842e-05 
       253.5     0.512122     0.220911   4.8348e-05 -7.59734e-05 
       253.5     0.541805     0.233627  5.40826e-05 -7.59622e-05 
       253.5     0.572323      0.24668  6.03044e-05 -7.59506e-05 
       253.5     0.603677     0.260065  6.70386e-05 -7.59386e-05 
       253.5     0.635868     0.273778  7.43109e-05 -7.59263e-05 
       253.5     0.668894     0.287814  8.21468e-05 -7.59136e-05 
       253.5     0.702757     0.302168   9.0573e-05 -7.59005e-05 
       253.5     0.737456     0.316833  9.96157e-05  -7.5887e-05 
       253.5     0.772991     0.331783  0.000109386 -7.58727e-05 
       253.5     0.809362     0.347039   0.00011962 -7.58585e-05 
       253.5      0.84657     0.362578  0.000130568 -7.58438e-05 
       253.5     0.884613     0.378387  0.000142245 -7.58286e-05 
       253.5     0.923492     0.394455  0.000154665 -7.58128e-05 
       253.5     0.963208     0.410767  0.000167839 -7.57965e-05 
       253.5      1.00376     0.427307  0.000181776 -7.57796e-05 
       253.5      1.04515      0.44406  0.000196485  -7.5762e-05 
       253.5      1.08737     0.461008   0.00021197 -7.57438e-05 
       253.5      1.13043     0.478132  0.000228234 -7.57249e-05 
       253.5      1.17433     0.495411  0.000245278 -7.57053e-05 
       253.5      1.21906     0.512824  0.000263101 -7.56849e-05 
       253.5      1.26463     0.530346  0.000281696 -7.56638e-05 
       253.5      1.31103     0.547954  0.000301056 -7.56419e-05 
       253.5      1.35827      0.56562   0.00032117 -7.56191e-05 
       253.5      1.40635     0.583316  0.000342024 -7.55954e-05 
       253.5      1.45526     0.601012  0.000363599 -7.55707e-05 
       253.5      1.50501     0.618676  0.000385876 -7.55451e-05 
       253.5       1.5556     0.636273  0.000408828 -7.55184e-05 
       253.5      1.60702     0.653768  0.000432426 -7.54907e-05 
       253.5      1.65928     0.671123  0.000456638 -7.54618e-05 
       253.5      1.71237     0.688298  0.000481426 -7.54317e-05 
       253.5       1.7663     0.704443  0.000502945 -7.54006e-05 
       253.5      1.82106     0.721683  0.000530371 -7.53674e-05 
       253.5      1.87667     0.738487  0.000557669 -7.53329e-05 
       253.5      1.93311     0.754836  0.000584804 -7.52968e-05 
       253.5      1.99038     0.770714   0.00061174 -7.52591e-05 
       253.5      2.04849     0.786104  0.000638438   -7.522e-05 
       253.5      2.10744     0.800992  0.000664859 -7.51792e-05 
       253.5      2.16722     0.815363  0.000690963 -7.51368e-05 
       253.5      2.22784     0.829203  0.000716707 -7.50929e-05 
       253.5      2.28929     0.842501  0.000742047 -7.50472e-05 
       253.5      2.35158     0.855245  0.000766938     -7.5e-05 
       253.5      2.41471     0.867426  0.000791334  -7.4951e-05 
       253.5      2.47867     0.879034  0.000815185 -7.49004e-05 
       253.5      2.54347     0.890061  0.000838442  -7.4848e-05 
       253.5      2.60911     0.900503  0.000861053  -7.4794e-05 
       253.5      2.67558     0.910353  0.000882965 -7.47382e-05 
       253.5      2.74288     0.919608  0.000904121 -7.46807e-05 
       253.5      2.81103     0.928266  0.000924466 -7.46214e-05 
       253.5      2.88001     0.936326  0.000943939 -7.45604e-05 
       253.5      2.94983      0.94379  0.000962481 -7.44976e-05 
       253.5      3.02048      0.95066  0.000980028 -7.44331e-05 
       253.5      3.09197     0.956941  0.000996515 -7.43669e-05 
       253.5      3.16429     0.962638   0.00101188 -7.42989e-05 
       253.5      3.23745     0.967759   0.00102604 -7.42291e-05 
       253.5      3.31145     0.972315   0.00103894 -7.41576e-05 
       253.5      3.38628     0.976317    0.0010505 -7.40844e-05 
       253.5      3.46195     0.979779   0.00106064 -7.40095e-05 
       253.5      3.53845     0.982717    0.0010693 -7.39329e-05 
       253.5      3.61579     0.985147   0.00107637 -7.38547e-05 
       253.5      3.69397     0.987092    0.0010818 -7.37747e-05 
       253.5      3.77298     0.990066   0.00109148 -7.37029e-05 
       253.5      3.85283     0.991556   0.00109651 -7.36236e-05 
       253.5      3.93352     0.992899   0.00110106 -7.35433e-05 
       253.5      4.01504     0.994097   0.00110515  -7.3462e-05 
       253.5       4.0974     0.995156   0.00110879 -7.33796e-05 
       253.5      4.18059     0.996079   0.00111199 -7.32962e-05 
       253.5      4.26462     0.996905   0.00111484 -7.31995e-05 
       253.5      4.34949     0.997368   0.00111661 -7.31114e-05 
       253.5      4.43519     0.997786   0.00111821 -7.30234e-05 
       253.5      4.52173     0.998159   0.00111965 -7.29353e-05 
       253.5       4.6091     0.998489   0.00112092 -7.28471e-05 
       253.5      4.69731     0.998777   0.00112204 -7.27588e-05 
       253.5      4.78636     0.999026   0.00112302 -7.26701e-05 
       253.5      4.87624     0.999237   0.00112385 -7.25811e-05 
       253.5      4.96696     0.999413   0.00112455 -7.24916e-05 
       253.5      5.05851     0.999555   0.00112512 -7.24015e-05 
       253.5       5.1509     0.999667   0.00112558 -7.23106e-05 
       253.5      5.24413     0.999751   0.00112594 -7.22189e-05 
       253.5       5.3382     0.999809   0.00112619 -7.21262e-05 
       253.5      5.43309     0.999846   0.00112637 -7.20324e-05 
       253.5      5.52883     0.999863   0.00112647 -7.19373e-05 
       253.5       5.6254     0.999866   0.00112652 -7.18407e-05 
       253.5      5.72281     0.999856   0.00112652 -7.17426e-05 
       253.5      5.82105     0.999839   0.00112648 -7.16427e-05 
       253.5      5.92013     0.999818   0.00112644 -7.15408e-05 
       253.5      6.02005     0.999798   0.00112639 -7.14368e-05 
       253.5       6.1208     0.999782   0.00112635 -7.13305e-05 
       253.5      6.22239     0.999776   0.00112635 -7.12216e-05 
       253.5      6.32482     0.999786    0.0011264 -7.11099e-05 
       253.5      6.42808     0.999817   0.00112652 -7.10258e-05 
       253.5      6.53217     0.999817   0.00112655 -7.09106e-05 
       253.5      6.63711     0.999818   0.00112659 -7.07954e-05 
       253.5      6.74287     0.999818   0.00112662 -7.06803e-05 
       253.5      6.84948     0.999819   0.00112666 -7.05653e-05 
       253.5      6.95692     0.999819   0.00112669 -7.04505e-05 
       253.5       7.0652     0.999819   0.00112671 -7.03358e-05 
       253.5      7.17431      0.99982   0.00112674 -7.02215e-05 
       253.5      7.28426      0.99982   0.00112677 -7.01074e-05 
       253.5      7.39505      0.99982   0.00112679 -6.99938e-05 
       253.5      7.50667     0.999821   0.00112681 -6.98806e-05 
       253.5      7.61913     0.999821   0.00112684 -6.97679e-05 
       253.5      7.73242     0.999821   0.00112685 -6.96558e-05 
       253.5      7.84655     0.999822   0.00112687 -6.95443e-05 
       253.5      7.96152     0.999822   0.00112689 -6.94335e-05 
       253.5      8.07732     0.999822   0.00112691 -6.93235e-05 
       253.5      8.19396     0.999822   0.00112685 -6.92006e-05 
       253.5      8.31143     0.999823   0.00112689   -6.909e-05 
       253.5      8.42974     0.999823   0.00112694 -6.89761e-05 
       253.5      8.54889     0.999823   0.00112698 -6.88591e-05 
       253.5      8.66887     0.999824   0.00112703 -6.87391e-05 
       253.5      8.78969     0.999824   0.00112708 -6.86162e-05 
       253.5      8.91135     0.999824   0.00112712 -6.84904e-05 
       253.5      9.03384     0.999825   0.00112716 -6.83619e-05 
       253.5      9.15717     0.999825   0.00112719 -6.82309e-05 
       253.5      9.28133     0.999825   0.00112721 -6.80974e-05 
       253.5      9.40633     0.999826   0.00112721 -6.79616e-05 
       253.5      9.53216     0.999826   0.00112721 -6.78236e-05 
       253.5      9.65884     0.999827   0.00112713 -6.77612e-05 
       253.5      9.78634     0.999827   0.00112718 -6.76095e-05 
       253.5      9.91469     0.999827   0.00112723 -6.74608e-05 
       253.5      10.0439     0.999827   0.00112728 -6.73149e-05 
       253.5      10.1739     0.999828   0.00112732 -6.71717e-05 
       253.5      10.3047     0.999828   0.00112736 -6.70311e-05 
       253.5      10.4364     0.999828    0.0011274 -6.68927e-05 
       253.5      10.5689     0.999829   0.00112743 -6.67564e-05 
       253.5      10.7023     0.999829   0.00112747  -6.6622e-05 
       253.5      10.8365     0.999829   0.00112749 -6.64892e-05 
       253.5      10.9715      0.99983   0.00112752 -6.63578e-05 
       253.5      11.1074      0.99983   0.00112755 -6.62276e-05 
       253.5      11.2441      0.99983   0.00112757 -6.60983e-05 
       253.5      11.3817     0.999831   0.00112759 -6.59696e-05 
       253.5        11.52     0.999831   0.00112762 -6.58412e-05 
       253.5      11.6592     0.999831   0.00112764  -6.5713e-05 
       253.5      11.7993     0.999832   0.00112767 -6.55845e-05 
       253.5      11.9402     0.999832   0.00112769 -6.54554e-05 
       253.5      12.0819     0.999832   0.00112777 -6.52651e-05 
       253.5      12.2245     0.999833   0.00112777 -6.51093e-05 
       253.5      12.3679     0.999833   0.00112778 -6.49512e-05 
       253.5      12.5121     0.999834   0.00112779 -6.47908e-05 
       253.5      12.6572     0.999834    0.0011278  -6.4628e-05 
       253.5      12.8031     0.999835   0.00112782  -6.4463e-05 
       253.5      12.9498     0.999835   0.00112784 -6.42956e-05 
       253.5      13.0974     0.999835   0.00112786 -6.41259e-05 
       253.5      13.2458     0.999836    0.0011279  -6.3954e-05 
       253.5       13.395     0.999836   0.00112793 -6.37799e-05 
       253.5      13.5451     0.999837   0.00112798 -6.36036e-05 
       253.5       13.696     0.999837   0.00112803  -6.3425e-05 
       253.5      13.8478     0.999837   0.00112809 -6.32443e-05 
       253.5      14.0004     0.999838   0.00112814 -6.31107e-05 
       253.5      14.1538     0.999838   0.00112808 -6.30098e-05 
       253.5      14.3081     0.999839   0.00112804 -6.28997e-05 
       253.5      14.4632     0.999839   0.00112801 -6.27808e-05 
       253.5      14.6191      0.99984   0.00112799 -6.26534e-05 
       253.5      14.7759      0.99984   0.00112799  -6.2518e-05 
       253.5      14.9335      0.99984   0.00112799  -6.2375e-05 
       253.5      15.0919     0.999841   0.00112801  -6.2225e-05 
       253.5      15.2512     0.999841   0.00112803 -6.20683e-05 
       253.5      15.4113     0.999842   0.00112806 -6.19055e-05 
       253.5      15.5723     0.999842    0.0011281  -6.1737e-05 
       253.5      15.7341     0.999843   0.00112815 -6.15635e-05 
       253.5      15.8967     0.999843    0.0011282 -6.13855e-05 
       253.5      16.0602     0.999843   0.00112826 -6.12035e-05 
       253.5      16.2245     0.999844   0.00112832 -6.10181e-05 
       253.5      16.3896     0.999844   0.00112838 -6.08299e-05 
       253.5      16.5556     0.999845   0.00112845 -6.06396e-05 
       253.5      16.7224     0.999845   0.00112852 -6.04478e-05 
       253.5        16.89     0.999846   0.00112858 -6.02552e-05 
       253.5      17.0585     0.999846   0.00112864 -6.00624e-05 
       253.5      17.2278     0.999847    0.0011287 -5.98702e-05 
       253.5      17.3979     0.999847   0.00112876 -5.96793e-05 
       253.5      17.5689     0.999847   0.00112881 -5.94905e-05 
       253.5      17.7408     0.999848   0.00112885 -5.93044e-05 
       253.5      17.9134     0.999848   0.00112889  -5.9122e-05 
       253.5      18.0869     0.999849   0.00112891  -5.8944e-05 
       253.5      18.2612     0.999849   0.00112892 -5.87712e-05 
       253.5      18.4364      0.99985   0.00112892 -5.86046e-05 
       253.5      18.6124      0.99985   0.00112891 -5.84449e-05 
       253.5      18.7892      0.99985   0.00112906 -5.81713e-05 
       253.5      18.9669      0.99985   0.00112908  -5.7976e-05 
       253.5      19.1454     0.999851   0.00112909 -5.77814e-05 
       253.5      19.3248     0.999851   0.00112911 -5.75876e-05 
       253.5       19.505     0.999852   0.00112912 -5.73945e-05 
       253.5       19.686     0.999853   0.00112914 -5.72021e-05 
       253.5      19.8678     0.999853   0.00112917 -5.70104e-05 
       253.5      20.0505     0.999854   0.00112919 -5.68192e-05 
       253.5      20.2341     0.999854   0.00112922 -5.66286e-05 
       253.5      20.4184     0.999855   0.00112926 -5.64384e-05 
       253.5      20.6036     0.999855   0.00112929 -5.62487e-05 
       253.5      20.7897     0.999856   0.00112933 -5.60594e-05 
       253.5      20.9765     0.999856   0.00112938 -5.58705e-05 
       253.5      21.1642     0.999856   0.00112989  -5.5516e-05 
       253.5      21.3528     0.999857   0.00112989 -5.53471e-05 
       253.5      21.5422     0.999858    0.0011299 -5.51775e-05 
       253.5      21.7324     0.999858    0.0011299  -5.5007e-05 
       253.5      21.9234     0.999859   0.00112991 -5.48355e-05 
       253.5      22.1153      0.99986   0.00112992  -5.4663e-05 
       253.5       22.308      0.99986   0.00112993 -5.44894e-05 
       253.5      22.5016     0.999861   0.00112994 -5.43146e-05 
       253.5       22.696     0.999861   0.00112995 -5.41385e-05 
       253.5      22.8912     0.999862   0.00112996  -5.3961e-05 
       253.5      23.0873     0.999863   0.00112997 -5.37821e-05 
       253.5      23.2842     0.999863   0.00112999 -5.36016e-05 
       253.5       23.482     0.999864      0.00113 -5.34194e-05 
       253.5      23.6805     0.999865   0.00113002 -5.32356e-05 
       253.5        23.88     0.999865   0.00113003 -5.30499e-05 
       253.5      24.0802     0.999866   0.00113005 -5.28622e-05 
       253.5      24.2813     0.999866   0.00113007 -5.26725e-05 
       253.5      24.4832     0.999867   0.00113009 -5.24807e-05 
       253.5       24.686     0.999868    0.0011301 -5.22866e-05 
       253.5      24.8896     0.999868   0.00113012 -5.20901e-05 
       253.5       25.094     0.999869   0.00113014 -5.18912e-05 
       253.5      25.2993     0.999869   0.00113016 -5.16896e-05 
       253.5      25.5054      0.99987   0.00113018 -5.14854e-05 
       253.5      25.7123      0.99987    0.0011302 -5.12784e-05 
       253.5      25.9201     0.999871   0.00113022 -5.10684e-05 
       253.5      26.1287     0.999871   0.00113024 -5.08553e-05 
       253.5      26.3381     0.999872   0.00113026  -5.0639e-05 
       253.5      26.5484     0.999872   0.00113027 -5.04194e-05 
       253.5      26.7595     0.999873   0.00113029 -5.01964e-05 
       253.5      26.9715     0.999873   0.00113031 -4.99697e-05 
       253.5      27.1843     0.999874   0.00113033 -4.97394e-05 
       253.5      27.3979     0.999874   0.00113034 -4.95052e-05 
       253.5      27.6124     0.999875   0.00113036 -4.92669e-05 
       253.5      27.8277     0.999875   0.00113037 -4.90245e-05 
       253.5      28.0438     0.999875   0.00113039 -4.87779e-05 
       253.5      28.2608     0.999876    0.0011304 -4.85267e-05 
       253.5      28.4786     0.999876   0.00112998 -4.85522e-05 
       253.5      28.6972     0.999876   0.00113009 -4.83106e-05 
       253.5      28.9167     0.999877   0.00113019 -4.80686e-05 
       253.5       29.137     0.999878   0.00113029 -4.78261e-05 
       253.5      29.3582     0.999878   0.00113037 -4.75829e-05 
       253.5      29.5802     0.999879   0.00113045  -4.7339e-05 
       253.5       29.803      0.99988   0.00113052 -4.70944e-05 
       253.5      30.0267      0.99988   0.00113059 -4.68488e-05 
       253.5      30.2512     0.999881   0.00113065 -4.66022e-05 
       253.5      30.4765     0.999882    0.0011307 -4.63544e-05 
       253.5      30.7027     0.999882   0.00113075 -4.61055e-05 
       253.5      30.9297     0.999883   0.00113079 -4.58551e-05 
       253.5      31.1575     0.999884   0.00113083 -4.56034e-05 
       253.5      31.3862     0.999885   0.00113086   -4.535e-05 
       253.5      31.6157     0.999885   0.00113089  -4.5095e-05 
       253.5      31.8461     0.999886   0.00113091 -4.48381e-05 
       253.5      32.0773     0.999887   0.00113093 -4.45793e-05 
       253.5      32.3093     0.999887   0.00113095 -4.43185e-05 
       253.5      32.5421     0.999888   0.00113096 -4.40554e-05 
       253.5      32.7758     0.999889   0.00113098   -4.379e-05 
       253.5      33.0104     0.999889   0.00113099 -4.35222e-05 
       253.5      33.2457      0.99989     0.001131 -4.32517e-05 
       253.5      33.4819     0.999891     0.001131 -4.29786e-05 
       253.5       33.719     0.999891   0.00113101 -4.27025e-05 
       253.5      33.9568     0.999892   0.00113102 -4.24235e-05 
       253.5      34.1956     0.999893   0.00113103 -4.21412e-05 
       253.5      34.4351     0.999893   0.00113104 -4.18557e-05 
       253.5      34.6755     0.999894   0.00113105 -4.15667e-05 
       253.5      34.9167     0.999894   0.00113106 -4.12741e-05 
       253.5      35.1588     0.999895   0.00113107 -4.09776e-05 
       253.5      35.4017     0.999896   0.00113109 -4.06773e-05 
       253.5      35.6454     0.999896   0.00113111 -4.03728e-05 
       253.5      35.8899     0.999897   0.00113114 -4.00641e-05 
       253.5      36.1354     0.999898   0.00113117 -3.97509e-05 
       253.5      36.3816     0.999897   0.00113134 -3.97765e-05 
       253.5      36.6287     0.999898   0.00113137 -3.94924e-05 
       253.5      36.8766     0.999898    0.0011314 -3.92077e-05 
       253.5      37.1253     0.999899   0.00113142 -3.89222e-05 
       253.5      37.3749       0.9999   0.00113143  -3.8636e-05 
       253.5      37.6253     0.999901   0.00113144 -3.83488e-05 
       253.5      37.8766     0.999901   0.00113145 -3.80607e-05 
       253.5      38.1287     0.999902   0.00113144 -3.77715e-05 
       253.5      38.3816     0.999903   0.00113143 -3.74812e-05 
       253.5      38.6353     0.999903   0.00113141 -3.71897e-05 
       253.5      38.8899     0.999904   0.00113138 -3.68968e-05 
       253.5      39.1454     0.999905   0.00113135 -3.66027e-05 
       253.5      39.4016     0.999906    0.0011313  -3.6307e-05 
       253.5      39.6588     0.999906   0.00113125 -3.60098e-05 
       253.5      39.9167     0.999907   0.00113119  -3.5711e-05 
       253.5      40.1755     0.999908   0.00113116 -3.57012e-05 
       253.5      40.4351     0.999908   0.00113123 -3.54561e-05 
       253.5      40.6955     0.999909    0.0011313 -3.52076e-05 
       253.5      40.9568      0.99991   0.00113137 -3.49559e-05 
       253.5      41.2189      0.99991   0.00113143  -3.4701e-05 
       253.5      41.4819     0.999911    0.0011315 -3.44431e-05 
       253.5      41.7457     0.999912   0.00113156 -3.41821e-05 
       253.5      42.0103     0.999912   0.00113162 -3.39182e-05 
       253.5      42.2758     0.999913   0.00113167 -3.36514e-05 
       253.5      42.5421     0.999914   0.00113173 -3.33818e-05 
       253.5      42.8092     0.999915   0.00113178 -3.31096e-05 
       253.5      43.0772     0.999915   0.00113183 -3.28347e-05 
       253.5       43.346     0.999916   0.00113188 -3.25573e-05 
       253.5      43.6157     0.999917   0.00113192 -3.22774e-05 
       253.5      43.8862     0.999918   0.00113196 -3.19952e-05 
       253.5      44.1575     0.999918     0.001132 -3.17108e-05 
       253.5      44.4296     0.999919   0.00113204 -3.14241e-05 
       253.5      44.7026      0.99992   0.00113208 -3.11354e-05 
       253.5      44.9765     0.999921   0.00113211 -3.08447e-05 
       253.5      45.2511     0.999921   0.00113214 -3.05522e-05 
       253.5      45.5266     0.999922   0.00113217 -3.02578e-05 
       253.5       45.803     0.999923    0.0011322 -2.99618e-05 
       253.5      46.0801     0.999924   0.00113223 -2.96642e-05 
       253.5      46.3581     0.999925   0.00113225 -2.93652e-05 
       253.5       46.637     0.999925   0.00113227 -2.90648e-05 
       253.5      46.9167     0.999926   0.00113229 -2.87631e-05 
       253.5      47.1972     0.999927   0.00113231 -2.84603e-05 
       253.5      47.4785     0.999928   0.00113232 -2.81565e-05 
       253.5      47.7607     0.999928   0.00113233 -2.78519e-05 
       253.5      48.0438     0.999929   0.00113234 -2.75464e-05 
       253.5      48.3276      0.99993   0.00113235 -2.72403e-05 
       253.5      48.6123     0.999931   0.00113236 -2.69336e-05 
       253.5      48.8979     0.999931   0.00113236 -2.66266e-05 
       253.5      49.1842     0.999932   0.00113237 -2.63193e-05 
       253.5      49.4714     0.999933   0.00113237 -2.60118e-05 
       253.5      49.7595     0.999933   0.00113237 -2.57043e-05 
       253.5      50.0484     0.999934   0.00113237 -2.53969e-05 
       253.5      50.3381     0.999935   0.00113236 -2.50898e-05 
       253.5      50.6286     0.999935   0.00113235 -2.47831e-05 
       253.5        50.92     0.999936   0.00113235 -2.44769e-05 
       253.5      51.2122     0.999937   0.00113234 -2.41714e-05 
       253.5      51.5053     0.999937   0.00113233 -2.38668e-05 
       253.5      51.7992     0.999938   0.00113215 -2.37946e-05 
       253.5      52.0939     0.999939   0.00113221 -2.34496e-05 
       253.5      52.3895      0.99994   0.00113226 -2.31063e-05 
       253.5      52.6859     0.999941   0.00113231 -2.27647e-05 
       253.5      52.9831     0.999942   0.00113235 -2.24247e-05 
       253.5      53.2812     0.999943   0.00113239 -2.20865e-05 
       253.5      53.5801     0.999943   0.00113243   -2.175e-05 
       253.5      53.8799     0.999944   0.00113247 -2.14151e-05 
       253.5      54.1805     0.999945    0.0011325 -2.10819e-05 
       253.5      54.4819     0.999946   0.00113252 -2.07504e-05 
       253.5      54.7841     0.999947   0.00113255 -2.04205e-05 
       253.5      55.0872     0.999948   0.00113257 -2.00922e-05 
       253.5      55.3912     0.999948   0.00113258 -1.97656e-05 
       253.5      55.6959     0.999949   0.00113259 -1.94406e-05 
       253.5      56.0015      0.99995    0.0011326 -1.91172e-05 
       253.5       56.308     0.999951    0.0011326 -1.87954e-05 
       253.5      56.6152     0.999952    0.0011326 -1.84751e-05 
       253.5      56.9233     0.999953    0.0011326 -1.81565e-05 
       253.5      57.2323     0.999954   0.00113259 -1.78394e-05 
       253.5      57.5421     0.999954   0.00113258 -1.75239e-05 
       253.5      57.8527     0.999955   0.00113256 -1.72099e-05 
       253.5      58.1641     0.999956   0.00113254 -1.68975e-05 
       253.5      58.4764     0.999957   0.00113251 -1.65865e-05 
       253.5      58.7896     0.999958   0.00113248 -1.62771e-05 
       253.5      59.1035     0.999959   0.00113245 -1.59691e-05 
       253.5      59.4183      0.99996   0.00113241 -1.56626e-05 
       253.5      59.7339      0.99996   0.00113236 -1.53576e-05 
       253.5      60.0504     0.999961   0.00113231 -1.50539e-05 
       253.5      60.3677     0.999962   0.00113226 -1.47517e-05 
       253.5      60.6859     0.999963    0.0011322 -1.44509e-05 
       253.5      61.0048     0.999961   0.00113301 -1.37297e-05 
       253.5      61.3247     0.999962   0.00113297 -1.33643e-05 
       253.5      61.6453     0.999963   0.00113293 -1.29999e-05 
       253.5      61.9668     0.999964   0.00113289 -1.26365e-05 
       253.5      62.2891     0.999964   0.00113285 -1.22741e-05 
       253.5      62.6123     0.999965   0.00113281 -1.19127e-05 
       253.5      62.9363     0.999966   0.00113277  -1.1552e-05 
       253.5      63.2611     0.999967   0.00113274 -1.11922e-05 
       253.5      63.5868     0.999968    0.0011327 -1.08331e-05 
       253.5      63.9133     0.999969   0.00113266 -1.04747e-05 
       253.5      64.2406      0.99997   0.00113263 -1.01169e-05 
       253.5      64.5688     0.999971   0.00113259 -9.75976e-06 
       253.5      64.8978     0.999972   0.00113256 -9.40309e-06 
       253.5      65.2277     0.999973   0.00113252 -9.04687e-06 
       253.5      65.5583     0.999974   0.00113249 -8.69104e-06 
       253.5      65.8899     0.999975   0.00113246 -8.33554e-06 
       253.5      66.2222     0.999975   0.00113242 -7.98031e-06 
       253.5      66.5554     0.999976   0.00113239 -7.62528e-06 
       253.5      66.8894     0.999977   0.00113236 -7.27039e-06 
       253.5      67.2243     0.999978   0.00113233 -6.91556e-06 
       253.5        67.56     0.999979    0.0011323 -6.56073e-06 
       253.5      67.8966      0.99998   0.00113227 -6.20584e-06 
       253.5      68.2339     0.999981   0.00113224 -5.85081e-06 
       253.5      68.5721     0.999982   0.00113222 -5.49556e-06 
       253.5      68.9112     0.999983   0.00113219 -5.14003e-06 
       253.5      69.2511     0.999984   0.00113216 -4.78415e-06 
       253.5      69.5918     0.999985   0.00113214 -4.42784e-06 
       253.5      69.9333     0.999986   0.00113211 -4.07101e-06 
       253.5      70.2757     0.999987   0.00113209  -3.7136e-06 
       253.5      70.6189     0.999988   0.00113206 -3.35553e-06 
       253.5       70.963     0.999988   0.00113204 -2.99672e-06 
       253.5      71.3079     0.999989   0.00113202 -2.63708e-06 
       253.5      71.6536      0.99999   0.00113199 -2.27654e-06 
       253.5      72.0002     0.999991   0.00113197 -1.91501e-06 
       253.5      72.3476     0.999992   0.00113195 -1.55241e-06 
       253.5      72.6959     0.999993   0.00113193 -1.18865e-06 
       253.5      73.0449     0.999993   0.00113191 -8.23641e-07 
       253.5      73.3949     0.999994   0.00113189 -4.57304e-07 
       253.5      73.7456     0.999995   0.00113188  -8.9544e-08 
       253.5      74.0972     0.999996   0.00113186  2.79728e-07 
       253.5      74.4496     0.999997   0.00113184  6.50602e-07 
       253.5      74.8029     0.999997   0.00113183  1.02317e-06 
       253.5       75.157     0.999998   0.00113181  1.39754e-06 
       253.5      75.5119     0.999999    0.0011318  1.77378e-06 
       253.5      75.8677     0.999999   0.00113178  2.15202e-06 
       253.5      76.2243            1   0.00113177  2.53233e-06 
       253.5      76.5817            1   0.00113176  2.91482e-06 
       253.5        76.94            1   0.00113175  3.29959e-06 
       253.5      77.2991            1   0.00113184  3.63398e-06 
       253.5      77.6591            1   0.00113184  3.96966e-06 
       253.5      78.0198      1.00001   0.00113184  4.30818e-06 
       253.5      78.3815      1.00001   0.00113184  4.64955e-06 
       253.5      78.7439      1.00001   0.00113184  4.99373e-06 
       253.5      79.1072      1.00001   0.00113184  5.34073e-06 
       253.5      79.4714      1.00001   0.00113184  5.69052e-06 
       253.5      79.8363      1.00001   0.00113184  6.04309e-06 
       253.5      80.2021      1.00001   0.00113184  6.39844e-06 
       253.5      80.5688      1.00001   0.00113183  6.75654e-06 
       253.5      80.9362      1.00001   0.00113183  7.11738e-06 
       253.5      81.3045      1.00001   0.00113182  7.48095e-06 
       253.5      81.6737      1.00002   0.00113182  7.84723e-06 
       253.5      82.0437      1.00002   0.00113181   8.2162e-06 
       253.5      82.4145      1.00002    0.0011318  8.58786e-06 
       253.5      82.7861      1.00002    0.0011318  8.96217e-06 
       253.5      83.1586      1.00002   0.00113179  9.33914e-06 
       253.5       83.532      1.00002   0.00113178  9.71873e-06 
       253.5      83.9061      1.00002   0.00113177  1.01009e-05 
       253.5      84.2811      1.00002   0.00113175  1.04857e-05 
       253.5       84.657      1.00002   0.00113174  1.08731e-05 
       253.5      85.0336      1.00002   0.00113173   1.1263e-05 
       253.5      85.4111      1.00003   0.00113171  1.16555e-05 
       253.5      85.7895      1.00003   0.00113169  1.20505e-05 
       253.5      86.1687      1.00003   0.00113168   1.2448e-05 
       253.5      86.5487      1.00003   0.00113166  1.28479e-05 
       253.5      86.9295      1.00003   0.00113164  1.32504e-05 
       253.5      87.3112      1.00003   0.00113161  1.36552e-05 
       253.5      87.6937      1.00003   0.00113159  1.40625e-05 
       253.5      88.0771      1.00003   0.00113157  1.44722e-05 
       253.5      88.4613      1.00003   0.00113154  1.48842e-05 
       253.5      88.8463      1.00003   0.00113151  1.52986e-05 
       253.5      89.2322      1.00003   0.00113148  1.57153e-05 
       253.5      89.6189      1.00004   0.00113145  1.61344e-05 
       253.5      90.0064      1.00004   0.00113142  1.65557e-05 
       253.5      90.3948      1.00004   0.00113139  1.69793e-05 
       253.5       90.784      1.00004   0.00113135  1.74051e-05 
       253.5      91.1741      1.00004   0.00113131  1.78331e-05 
       253.5       91.565      1.00004   0.00113127  1.82633e-05 
       253.5      91.9567      1.00004   0.00113123  1.86956e-05 
       253.5      92.3492      1.00004   0.00113119  1.91301e-05 
       253.5      92.7426      1.00004   0.00113115  1.95667e-05 
       253.5      93.1369      1.00004    0.0011311  2.00053e-05 
       253.5      93.5319      1.00004   0.00113105  2.04461e-05 
       253.5      93.9278      1.00004     0.001131  2.08888e-05 
       253.5      94.3246      1.00005   0.00113094  2.13335e-05 
       253.5      94.7221      1.00005   0.00113089  2.17802e-05 
       253.5      95.1206      1.00005   0.00113083  2.22289e-05 
       253.5      95.5198      1.00005   0.00113077  2.26794e-05 
       253.5      95.9199      1.00005   0.00113071  2.31318e-05 
       253.5      96.3208      1.00005   0.00113064  2.35861e-05 
       253.5      96.7226      1.00005   0.00113058  2.40422e-05 
       253.5      97.1251      1.00005   0.00113051     2.45e-05 
       253.5      97.5286      1.00005   0.00113044  2.49597e-05 
       253.5      97.9328      1.00005   0.00113036   2.5421e-05 
       253.5      98.3379      1.00005   0.00113028   2.5884e-05 
       253.5      98.7439      1.00006   0.00112965   2.5894e-05 
       253.5      99.1506      1.00006   0.00112969  2.63222e-05 
       253.5      99.5583      1.00006   0.00112972  2.67533e-05 
       253.5      99.9667      1.00006   0.00112975  2.71872e-05 
       253.5      100.376      1.00006   0.00112977   2.7624e-05 
       253.5      100.786      1.00006   0.00112979  2.80635e-05 
       253.5      101.197      1.00006    0.0011298  2.85057e-05 
       253.5      101.609      1.00006    0.0011298  2.89506e-05 
       253.5      102.021      1.00006   0.00112979   2.9398e-05 
       253.5      102.435      1.00006   0.00112978  2.98481e-05 
       253.5      102.849      1.00006   0.00112975  3.03006e-05 
       253.5      103.264      1.00006   0.00112971  3.07556e-05 
       253.5       103.68      1.00006   0.00112967   3.1213e-05 
       253.5      104.097      1.00006   0.00112961  3.16727e-05 
       253.5      104.515      1.00006   0.00112954  3.21347e-05 
       253.5      104.933      1.00007   0.00112945  3.25989e-05 
       253.5      105.353      1.00007   0.00112935  3.30653e-05 
       253.5      105.773      1.00007   0.00112924  3.35338e-05 
       253.5      106.194      1.00007   0.00112911  3.40044e-05 
       253.5      106.616      1.00007   0.00112897  3.44769e-05 
       253.5      107.038      1.00007   0.00112881  3.49514e-05 
       253.5      107.462      1.00007   0.00112863  3.54278e-05 
       253.5      107.886      1.00007   0.00112844   3.5906e-05 
       253.5      108.311      1.00007   0.00112822  3.63859e-05 
       253.5      108.737      1.00009   0.00112795  3.67746e-05 
       253.5      109.164      1.00009   0.00112796  3.72377e-05 
       253.5      109.592      1.00009   0.00112797  3.76894e-05 
       253.5       110.02      1.00009   0.00112797  3.81297e-05 
       253.5       110.45      1.00008   0.00112797  3.85592e-05 
       253.5       110.88      1.00008   0.00112796   3.8978e-05 
       253.5      111.311      1.00008   0.00112795  3.93865e-05 
       253.5      111.743      1.00008   0.00112793  3.97851e-05 
       253.5      112.175      1.00008   0.00112791  4.01739e-05 
       253.5      112.609      1.00008   0.00112788  4.05535e-05 
       253.5      113.043      1.00008   0.00112784   4.0924e-05 
       253.5      113.478      1.00008   0.00112781  4.12859e-05 
       253.5      113.914      1.00008   0.00112777  4.16394e-05 
       253.5      114.351      1.00008   0.00112772  4.19849e-05 
       253.5      114.789      1.00008   0.00112767  4.23228e-05 
       253.5      115.228      1.00008   0.00112762  4.26535e-05 
       253.5      115.667      1.00008   0.00112757  4.29772e-05 
       253.5      116.107      1.00008   0.00112751  4.32943e-05 
       253.5      116.548      1.00008   0.00112745  4.36053e-05 
       253.5       116.99      1.00008   0.00112739  4.39104e-05 
       253.5      117.433      1.00007    0.0011269   4.4776e-05 
       253.5      117.876      1.00007   0.00112684  4.52429e-05 
       253.5      118.321      1.00007   0.00112679    4.571e-05 
       253.5      118.766      1.00007   0.00112673  4.61774e-05 
       253.5      119.212      1.00007   0.00112668  4.66449e-05 
       253.5      119.659      1.00007   0.00112662  4.71126e-05 
       253.5      120.107      1.00007   0.00112656  4.75803e-05 
       253.5      120.555      1.00008    0.0011265   4.8048e-05 
       253.5      121.005      1.00008   0.00112643  4.85157e-05 
       253.5      121.455      1.00008   0.00112637  4.89833e-05 
       253.5      121.906      1.00008    0.0011263  4.94509e-05 
       253.5      122.358      1.00008   0.00112623  4.99182e-05 
       253.5      122.811      1.00009   0.00112616  5.03854e-05 
       253.5      123.264      1.00009   0.00112609  5.08523e-05 
       253.5      123.719      1.00009   0.00112601   5.1319e-05 
       253.5      124.174      1.00009   0.00112594  5.17853e-05 
       253.5       124.63       1.0001   0.00112586  5.22511e-05 
       253.5      125.087       1.0001   0.00112578  5.27166e-05 
       253.5      125.545       1.0001    0.0011257  5.31816e-05 
       253.5      126.003      1.00011   0.00112561   5.3646e-05 
       253.5      126.463      1.00011   0.00112553  5.41098e-05 
       253.5      126.923      1.00011   0.00112544   5.4573e-05 
       253.5      127.384      1.00011   0.00112535  5.50355e-05 
       253.5      127.846      1.00012   0.00112525  5.54973e-05 
       253.5      128.309      1.00012   0.00112516  5.59582e-05 
       253.5      128.773      1.00012   0.00112506  5.64183e-05 
       253.5      129.237      1.00013   0.00112496  5.68775e-05 
       253.5      129.702      1.00013   0.00112486  5.73358e-05 
       253.5      130.169      1.00013   0.00112476   5.7793e-05 
       253.5      130.636      1.00014   0.00112465  5.82492e-05 
       253.5      131.103      1.00014   0.00112454  5.87043e-05 
       253.5      131.572      1.00014   0.00112443  5.91582e-05 
       253.5      132.041      1.00014   0.00112432  5.96108e-05 
       253.5      132.512      1.00015    0.0011242  6.00622e-05 
       253.5      132.983      1.00015   0.00112408  6.05122e-05 
       253.5      133.455      1.00015   0.00112396  6.09608e-05 
       253.5      133.928      1.00015   0.00112384   6.1408e-05 
       253.5      134.401      1.00016   0.00112371  6.18536e-05 
       253.5      134.876      1.00016   0.00112358  6.22977e-05 
       253.5      135.351      1.00016   0.00112345  6.27401e-05 
       253.5      135.827      1.00016   0.00112331  6.31808e-05 
       253.5      136.304      1.00016   0.00112317  6.36198e-05 
       253.5      136.782      1.00016   0.00112303  6.40569e-05 
       253.5      137.261      1.00016   0.00112289  6.44922e-05 
       253.5       137.74      1.00017   0.00112274  6.49255e-05 
       253.5      138.221      1.00017   0.00112259  6.53569e-05 
       253.5      138.702      1.00017   0.00112244  6.57861e-05 
       253.5      139.184      1.00017   0.00112228  6.62132e-05 
       253.5      139.667      1.00017   0.00112212  6.66381e-05 
       253.5      140.151      1.00017   0.00112196  6.70608e-05 
       253.5      140.635      1.00017   0.00112179  6.74811e-05 
       253.5       141.12      1.00016   0.00112162   6.7899e-05 
       253.5      141.607      1.00016   0.00112145  6.83145e-05 
       253.5      142.094      1.00016   0.00112128  6.87274e-05 
       253.5      142.582      1.00016    0.0011211  6.91377e-05 
       253.5       143.07      1.00016   0.00112091  6.95454e-05 
       253.5       143.56      1.00015   0.00112073  6.99504e-05 
       253.5       144.05      1.00015   0.00112054  7.03525e-05 
       253.5      144.541      1.00015   0.00112034  7.07517e-05 
       253.5      145.033      1.00014   0.00112014  7.11481e-05 
       253.5      145.526      1.00014   0.00111994  7.15414e-05 
       253.5       146.02      1.00013   0.00111974  7.19316e-05 
       253.5      146.515      1.00013   0.00111953  7.23186e-05 
       253.5       147.01      1.00012   0.00111931  7.27025e-05 
       253.5      147.506      1.00012    0.0011191   7.3083e-05 
       253.5      148.003      1.00011   0.00111888  7.34601e-05 
       253.5      148.501       1.0001   0.00111865  7.38338e-05 
       253.5          149       1.0001   0.00111842   7.4204e-05 
       253.5        149.5      1.00009   0.00111819  7.45705e-05 
       253.5          150      1.00008   0.00111795  7.49334e-05 
