Variables = x, y, u, v, p

Zone, I=600, F=POINT
       223.5            0  4.12293e-07  1.93013e-10 -8.51004e-05 
       223.5     0.000418    0.0001858  2.22169e-10 -8.51002e-05 
       223.5     0.001672  0.000741964  7.29217e-10 -8.50997e-05 
       223.5     0.003763   0.00166935  2.97437e-09 -8.50989e-05 
       223.5     0.006689   0.00296709  9.05365e-09 -8.50977e-05 
       223.5     0.010451   0.00463562  2.19046e-08 -8.50962e-05 
       223.5      0.01505    0.0066754   4.5309e-08 -8.50944e-05 
       223.5     0.020485     0.009086  8.38799e-08 -8.50922e-05 
       223.5     0.026756    0.0118674  1.43072e-07 -8.50897e-05 
       223.5     0.033863    0.0150197  2.29177e-07 -8.50869e-05 
       223.5     0.041806    0.0185428  3.49328e-07 -8.50837e-05 
       223.5     0.050585    0.0224368  5.11492e-07 -8.50802e-05 
       223.5     0.060201    0.0267021  7.24503e-07 -8.50763e-05 
       223.5     0.070652    0.0313377   9.9796e-07 -8.50721e-05 
       223.5      0.08194    0.0363446   1.3424e-06 -8.50676e-05 
       223.5     0.094063    0.0417219  1.76908e-06 -8.50628e-05 
       223.5     0.107023    0.0474702  2.29022e-06 -8.50576e-05 
       223.5     0.120819    0.0535893   2.9188e-06 -8.50521e-05 
       223.5     0.135451    0.0600788  3.66863e-06 -8.50462e-05 
       223.5     0.150919    0.0669388  4.55438e-06   -8.504e-05 
       223.5     0.167224    0.0741696  5.59162e-06 -8.50335e-05 
       223.5     0.184364      0.08177  6.79655e-06 -8.50266e-05 
       223.5     0.202341    0.0897407  8.18648e-06 -8.50194e-05 
       223.5     0.221153    0.0980806  9.77927e-06 -8.50119e-05 
       223.5     0.240802      0.10679  1.15939e-05  -8.5004e-05 
       223.5     0.261287     0.115872  1.36567e-05 -8.49958e-05 
       223.5     0.282608     0.125314  1.59676e-05 -8.49872e-05 
       223.5     0.304765     0.135125  1.85636e-05 -8.49783e-05 
       223.5     0.327758     0.145303  2.14662e-05  -8.4969e-05 
       223.5     0.351588     0.155848  2.46977e-05 -8.49594e-05 
       223.5     0.376253     0.166756  2.82805e-05 -8.49494e-05 
       223.5     0.401755     0.178027  3.22384e-05 -8.49391e-05 
       223.5     0.428092     0.189658  3.65949e-05 -8.49285e-05 
       223.5     0.455266     0.201646  4.13748e-05 -8.49174e-05 
       223.5     0.483276     0.213989   4.6603e-05  -8.4906e-05 
       223.5     0.512122     0.226683  5.23049e-05 -8.48942e-05 
       223.5     0.541805     0.239725  5.85069e-05  -8.4882e-05 
       223.5     0.572323      0.25311  6.52349e-05 -8.48695e-05 
       223.5     0.603677     0.266833   7.2516e-05 -8.48565e-05 
       223.5     0.635868     0.280891  8.03777e-05 -8.48431e-05 
       223.5     0.668894     0.295277  8.88473e-05 -8.48293e-05 
       223.5     0.702757     0.309985  9.79533e-05  -8.4815e-05 
       223.5     0.737456     0.325009  0.000107724 -8.48003e-05 
       223.5     0.772991     0.340314  0.000118277 -8.47856e-05 
       223.5     0.809362     0.355937  0.000129325 -8.47696e-05 
       223.5      0.84657     0.371843  0.000141141 -8.47531e-05 
       223.5     0.884613     0.388019  0.000153739 -8.47362e-05 
       223.5     0.923492      0.40445  0.000167133 -8.47187e-05 
       223.5     0.963208     0.421121  0.000181332 -8.47007e-05 
       223.5      1.00376     0.438017  0.000196346 -8.46821e-05 
       223.5      1.04515     0.455119  0.000212181 -8.46629e-05 
       223.5      1.08737     0.472408  0.000228839  -8.4643e-05 
       223.5      1.13043     0.489863  0.000246322 -8.46224e-05 
       223.5      1.17433     0.507463  0.000264627  -8.4601e-05 
       223.5      1.21906     0.525182  0.000283749 -8.45788e-05 
       223.5      1.26463     0.542997   0.00030368 -8.45558e-05 
       223.5      1.31103     0.560879  0.000324407 -8.45318e-05 
       223.5      1.35827       0.5788  0.000345915 -8.45067e-05 
       223.5      1.40635      0.59673  0.000368184 -8.44806e-05 
       223.5      1.45526     0.614635  0.000391192 -8.44534e-05 
       223.5      1.50501      0.63248   0.00041491 -8.44249e-05 
       223.5       1.5556      0.65023  0.000439306 -8.43951e-05 
       223.5      1.60702     0.667845  0.000464343 -8.43639e-05 
       223.5      1.65928     0.685283  0.000489982 -8.43312e-05 
       223.5      1.71237     0.702503  0.000516175 -8.42968e-05 
       223.5       1.7663     0.718733  0.000538765 -8.42573e-05 
       223.5      1.82106     0.735927  0.000567709 -8.42221e-05 
       223.5      1.87667     0.752643  0.000596415 -8.41848e-05 
       223.5      1.93311     0.768863  0.000624844 -8.41455e-05 
       223.5      1.99038      0.78457  0.000652959 -8.41041e-05 
       223.5      2.04849     0.799749  0.000680721 -8.40607e-05 
       223.5      2.10744     0.814387  0.000708089 -8.40151e-05 
       223.5      2.16722      0.82847  0.000735023 -8.39675e-05 
       223.5      2.22784     0.841986   0.00076148 -8.39178e-05 
       223.5      2.28929     0.854924  0.000787417  -8.3866e-05 
       223.5      2.35158     0.867275  0.000812789 -8.38122e-05 
       223.5      2.41471     0.879031   0.00083755 -8.37564e-05 
       223.5      2.47867     0.890185  0.000861653 -8.36986e-05 
       223.5      2.54347     0.900732  0.000885051 -8.36388e-05 
       223.5      2.60911     0.910669  0.000907694  -8.3577e-05 
       223.5      2.67558     0.919994  0.000929531 -8.35134e-05 
       223.5      2.74288     0.928707   0.00095051  -8.3448e-05 
       223.5      2.81103     0.936809  0.000970578 -8.33807e-05 
       223.5      2.88001     0.944303  0.000989682 -8.33117e-05 
       223.5      2.94983     0.951195   0.00100776 -8.32411e-05 
       223.5      3.02048     0.957492   0.00102477 -8.31689e-05 
       223.5      3.09197     0.963202   0.00104063 -8.30952e-05 
       223.5      3.16429     0.968338    0.0010553 -8.30202e-05 
       223.5      3.23745     0.972913   0.00106871 -8.29438e-05 
       223.5      3.31145     0.976942    0.0010808 -8.28662e-05 
       223.5      3.38628     0.980443    0.0010915 -8.27875e-05 
       223.5      3.46195     0.983437   0.00110075 -8.27078e-05 
       223.5      3.53845     0.985946   0.00110847 -8.26274e-05 
       223.5      3.61579     0.987995   0.00111461 -8.25462e-05 
       223.5      3.69397     0.989613   0.00111909 -8.24645e-05 
       223.5      3.77298     0.992482   0.00112906 -8.23724e-05 
       223.5      3.85283     0.993566   0.00113297 -8.22836e-05 
       223.5      3.93352     0.994547   0.00113654 -8.21939e-05 
       223.5      4.01504      0.99543   0.00113976 -8.21033e-05 
       223.5       4.0974     0.996216   0.00114265 -8.20117e-05 
       223.5      4.18059      0.99691   0.00114522 -8.19192e-05 
       223.5      4.26462     0.997514   0.00114747 -8.18257e-05 
       223.5      4.34949     0.998034   0.00114943 -8.17313e-05 
       223.5      4.43519     0.998474    0.0011511  -8.1636e-05 
       223.5      4.52173     0.998838   0.00115251 -8.15398e-05 
       223.5       4.6091     0.999132   0.00115367 -8.14426e-05 
       223.5      4.69731     0.999362   0.00115461 -8.13444e-05 
       223.5      4.78636     0.999216   0.00115431 -8.12313e-05 
       223.5      4.87624      0.99937   0.00115495 -8.11299e-05 
       223.5      4.96696       0.9995   0.00115551  -8.1028e-05 
       223.5      5.05851     0.999608   0.00115597 -8.09256e-05 
       223.5       5.1509     0.999695   0.00115635 -8.08226e-05 
       223.5      5.24413     0.999763   0.00115665 -8.07189e-05 
       223.5       5.3382     0.999813   0.00115688 -8.06144e-05 
       223.5      5.43309     0.999847   0.00115705 -8.05092e-05 
       223.5      5.52883     0.999867   0.00115716 -8.04031e-05 
       223.5       5.6254     0.999875   0.00115722 -8.02961e-05 
       223.5      5.72281     0.999873   0.00115725  -8.0188e-05 
       223.5      5.82105     0.999864   0.00115724 -8.00788e-05 
       223.5      5.92013     0.999849   0.00115722 -7.99684e-05 
       223.5      6.02005     0.999832   0.00115718 -7.98568e-05 
       223.5       6.1208     0.999814   0.00115714 -7.97437e-05 
       223.5      6.22239       0.9998   0.00115712 -7.96291e-05 
       223.5      6.32482     0.999791   0.00115712  -7.9513e-05 
       223.5      6.42808      0.99979   0.00115715 -7.93951e-05 
       223.5      6.53217     0.999802   0.00115723 -7.92754e-05 
       223.5      6.63711     0.999819   0.00115735   -7.916e-05 
       223.5      6.74287      0.99982   0.00115738 -7.90414e-05 
       223.5      6.84948      0.99982   0.00115741 -7.89217e-05 
       223.5      6.95692      0.99982   0.00115744 -7.88009e-05 
       223.5       7.0652     0.999821   0.00115747  -7.8679e-05 
       223.5      7.17431     0.999821    0.0011575 -7.85559e-05 
       223.5      7.28426     0.999821   0.00115753 -7.84318e-05 
       223.5      7.39505     0.999822   0.00115756 -7.83065e-05 
       223.5      7.50667     0.999822   0.00115759 -7.81801e-05 
       223.5      7.61913     0.999822   0.00115762 -7.80526e-05 
       223.5      7.73242     0.999823   0.00115765  -7.7924e-05 
       223.5      7.84655     0.999823   0.00115768 -7.77943e-05 
       223.5      7.96152     0.999823   0.00115771 -7.76634e-05 
       223.5      8.07732     0.999823   0.00115774 -7.75314e-05 
       223.5      8.19396     0.999824   0.00115777 -7.73983e-05 
       223.5      8.31143     0.999824    0.0011578  -7.7264e-05 
       223.5      8.42974     0.999824   0.00115783 -7.71286e-05 
       223.5      8.54889     0.999825   0.00115786 -7.69921e-05 
       223.5      8.66887     0.999825   0.00115789 -7.68545e-05 
       223.5      8.78969     0.999825   0.00115792 -7.67157e-05 
       223.5      8.91135     0.999826   0.00115796 -7.65758e-05 
       223.5      9.03384     0.999826   0.00115798 -7.64117e-05 
       223.5      9.15717     0.999826   0.00115801  -7.6272e-05 
       223.5      9.28133     0.999827   0.00115805 -7.61318e-05 
       223.5      9.40633     0.999827   0.00115808 -7.59911e-05 
       223.5      9.53216     0.999827   0.00115811 -7.58499e-05 
       223.5      9.65884     0.999828   0.00115814 -7.57083e-05 
       223.5      9.78634     0.999828   0.00115818 -7.55664e-05 
       223.5      9.91469     0.999828   0.00115821 -7.54241e-05 
       223.5      10.0439     0.999829   0.00115824 -7.52816e-05 
       223.5      10.1739     0.999829   0.00115828 -7.51388e-05 
       223.5      10.3047     0.999829   0.00115832 -7.49958e-05 
       223.5      10.4364     0.999829   0.00115835 -7.48526e-05 
       223.5      10.5689      0.99983   0.00115839 -7.47093e-05 
       223.5      10.7023      0.99983   0.00115841 -7.45563e-05 
       223.5      10.8365      0.99983   0.00115844 -7.44025e-05 
       223.5      10.9715     0.999831   0.00115848 -7.42481e-05 
       223.5      11.1074     0.999831   0.00115852  -7.4093e-05 
       223.5      11.2441     0.999832   0.00115856 -7.39373e-05 
       223.5      11.3817     0.999832    0.0011586 -7.37809e-05 
       223.5        11.52     0.999832   0.00115864 -7.36238e-05 
       223.5      11.6592     0.999833   0.00115868 -7.34659e-05 
       223.5      11.7993     0.999833   0.00115869 -7.33223e-05 
       223.5      11.9402     0.999834   0.00115872  -7.3157e-05 
       223.5      12.0819     0.999834   0.00115875 -7.29912e-05 
       223.5      12.2245     0.999834   0.00115879  -7.2825e-05 
       223.5      12.3679     0.999835   0.00115882 -7.26582e-05 
       223.5      12.5121     0.999835   0.00115885  -7.2491e-05 
       223.5      12.6572     0.999835   0.00115889 -7.23231e-05 
       223.5      12.8031     0.999836   0.00115892 -7.21547e-05 
       223.5      12.9498     0.999836   0.00115896 -7.19857e-05 
       223.5      13.0974     0.999836     0.001159 -7.18161e-05 
       223.5      13.2458     0.999837   0.00115903 -7.16459e-05 
       223.5       13.395     0.999837   0.00115907  -7.1475e-05 
       223.5      13.5451     0.999838   0.00115911 -7.13034e-05 
       223.5       13.696     0.999838   0.00115915  -7.1131e-05 
       223.5      13.8478     0.999838   0.00115918  -7.0958e-05 
       223.5      14.0004     0.999839   0.00115922 -7.07841e-05 
       223.5      14.1538     0.999839   0.00115926 -7.06095e-05 
       223.5      14.3081      0.99984    0.0011593  -7.0434e-05 
       223.5      14.4632      0.99984   0.00115934 -7.02576e-05 
       223.5      14.6191      0.99984   0.00115938 -7.00804e-05 
       223.5      14.7759     0.999841   0.00115942 -6.99022e-05 
       223.5      14.9335     0.999841   0.00115946  -6.9723e-05 
       223.5      15.0919     0.999842    0.0011595 -6.95428e-05 
       223.5      15.2512     0.999842   0.00115954 -6.93616e-05 
       223.5      15.4113     0.999843   0.00115957 -6.91793e-05 
       223.5      15.5723     0.999843   0.00115961 -6.89958e-05 
       223.5      15.7341     0.999844   0.00115965 -6.88112e-05 
       223.5      15.8967     0.999844   0.00115969 -6.86253e-05 
       223.5      16.0602     0.999844   0.00115972 -6.84382e-05 
       223.5      16.2245     0.999845   0.00115976 -6.82498e-05 
       223.5      16.3896     0.999845    0.0011598 -6.80601e-05 
       223.5      16.5556     0.999846   0.00115983 -6.78689e-05 
       223.5      16.7224     0.999846   0.00115987 -6.76763e-05 
       223.5        16.89     0.999847    0.0011599 -6.74822e-05 
       223.5      17.0585     0.999847   0.00115993 -6.72865e-05 
       223.5      17.2278     0.999847   0.00115996 -6.70892e-05 
       223.5      17.3979     0.999848   0.00116007  -6.6917e-05 
       223.5      17.5689     0.999848   0.00116009 -6.67143e-05 
       223.5      17.7408     0.999849   0.00116011 -6.65108e-05 
       223.5      17.9134     0.999849   0.00116014 -6.63066e-05 
       223.5      18.0869      0.99985   0.00116017 -6.61017e-05 
       223.5      18.2612      0.99985    0.0011602  -6.5896e-05 
       223.5      18.4364     0.999851   0.00116024 -6.56896e-05 
       223.5      18.6124     0.999851   0.00116027 -6.54824e-05 
       223.5      18.7892     0.999851   0.00116031 -6.52744e-05 
       223.5      18.9669     0.999852   0.00116035 -6.50656e-05 
       223.5      19.1454     0.999852    0.0011604 -6.48561e-05 
       223.5      19.3248     0.999853   0.00116044 -6.46456e-05 
       223.5       19.505     0.999853   0.00116048 -6.44344e-05 
       223.5       19.686     0.999854   0.00116053 -6.42223e-05 
       223.5      19.8678     0.999854   0.00116058 -6.40093e-05 
       223.5      20.0505     0.999855   0.00116063 -6.37954e-05 
       223.5      20.2341     0.999856   0.00116068 -6.35806e-05 
       223.5      20.4184     0.999856   0.00116073 -6.33649e-05 
       223.5      20.6036     0.999857   0.00116078 -6.31483e-05 
       223.5      20.7897     0.999857   0.00116083 -6.29307e-05 
       223.5      20.9765     0.999858   0.00116088 -6.27121e-05 
       223.5      21.1642     0.999858   0.00116094 -6.24925e-05 
       223.5      21.3528     0.999859   0.00116099 -6.22719e-05 
       223.5      21.5422     0.999859   0.00116104 -6.20502e-05 
       223.5      21.7324      0.99986   0.00116109 -6.18275e-05 
       223.5      21.9234      0.99986   0.00116114 -6.16037e-05 
       223.5      22.1153     0.999861   0.00116119 -6.13788e-05 
       223.5       22.308     0.999861   0.00116124 -6.11527e-05 
       223.5      22.5016     0.999862   0.00116129 -6.09255e-05 
       223.5       22.696     0.999862   0.00116133 -6.06972e-05 
       223.5      22.8912     0.999863   0.00116138 -6.04676e-05 
       223.5      23.0873     0.999863   0.00116142 -6.02368e-05 
       223.5      23.2842     0.999864   0.00116146 -6.00047e-05 
       223.5       23.482     0.999864    0.0011615 -5.97714e-05 
       223.5      23.6805     0.999865   0.00116153 -5.95367e-05 
       223.5        23.88     0.999865   0.00116156 -5.93007e-05 
       223.5      24.0802     0.999866   0.00116159 -5.90634e-05 
       223.5      24.2813     0.999866   0.00116153  -5.8864e-05 
       223.5      24.4832     0.999867   0.00116156 -5.86407e-05 
       223.5       24.686     0.999868   0.00116159 -5.84155e-05 
       223.5      24.8896     0.999868   0.00116162 -5.81884e-05 
       223.5       25.094     0.999869   0.00116165 -5.79593e-05 
       223.5      25.2993     0.999869   0.00116168 -5.77281e-05 
       223.5      25.5054      0.99987   0.00116171 -5.74949e-05 
       223.5      25.7123     0.999871   0.00116174 -5.72595e-05 
       223.5      25.9201     0.999871   0.00116177 -5.70219e-05 
       223.5      26.1287     0.999872   0.00116181 -5.67822e-05 
       223.5      26.3381     0.999872   0.00116184 -5.65401e-05 
       223.5      26.5484     0.999872   0.00116189 -5.62556e-05 
       223.5      26.7595     0.999873   0.00116195 -5.60075e-05 
       223.5      26.9715     0.999874   0.00116201 -5.57585e-05 
       223.5      27.1843     0.999875   0.00116207 -5.55085e-05 
       223.5      27.3979     0.999875   0.00116213 -5.52575e-05 
       223.5      27.6124     0.999876   0.00116218 -5.50055e-05 
       223.5      27.8277     0.999877   0.00116224 -5.47526e-05 
       223.5      28.0438     0.999877    0.0011623 -5.44986e-05 
       223.5      28.2608     0.999878   0.00116236 -5.42437e-05 
       223.5      28.4786     0.999879   0.00116242 -5.39878e-05 
       223.5      28.6972      0.99988   0.00116247  -5.3731e-05 
       223.5      28.9167      0.99988   0.00116253 -5.34731e-05 
       223.5       29.137     0.999881   0.00116259 -5.32143e-05 
       223.5      29.3582     0.999882   0.00116265 -5.29545e-05 
       223.5      29.5802     0.999883   0.00116271 -5.26937e-05 
       223.5       29.803     0.999883   0.00116276 -5.24319e-05 
       223.5      30.0267     0.999884   0.00116282 -5.21691e-05 
       223.5      30.2512     0.999885   0.00116288 -5.19053e-05 
       223.5      30.4765     0.999883   0.00116273 -5.17473e-05 
       223.5      30.7027     0.999884   0.00116275 -5.14833e-05 
       223.5      30.9297     0.999885   0.00116278 -5.12173e-05 
       223.5      31.1575     0.999885    0.0011628 -5.09493e-05 
       223.5      31.3862     0.999886   0.00116282 -5.06794e-05 
       223.5      31.6157     0.999886   0.00116285 -5.04076e-05 
       223.5      31.8461     0.999887   0.00116288  -5.0134e-05 
       223.5      32.0773     0.999888   0.00116291 -4.98587e-05 
       223.5      32.3093     0.999888   0.00116294 -4.95816e-05 
       223.5      32.5421     0.999889   0.00116297 -4.93029e-05 
       223.5      32.7758     0.999889     0.001163 -4.90226e-05 
       223.5      33.0104      0.99989   0.00116303 -4.87407e-05 
       223.5      33.2457     0.999891   0.00116307 -4.84573e-05 
       223.5      33.4819     0.999891    0.0011631 -4.81725e-05 
       223.5       33.719     0.999892   0.00116314 -4.78863e-05 
       223.5      33.9568     0.999893   0.00116317 -4.75987e-05 
       223.5      34.1956     0.999893   0.00116321   -4.731e-05 
       223.5      34.4351     0.999894   0.00116325   -4.702e-05 
       223.5      34.6755     0.999894   0.00116329 -4.67289e-05 
       223.5      34.9167     0.999895   0.00116333 -4.64367e-05 
       223.5      35.1588     0.999896   0.00116337 -4.61436e-05 
       223.5      35.4017     0.999896   0.00116341 -4.58495e-05 
       223.5      35.6454     0.999897   0.00116345 -4.55546e-05 
       223.5      35.8899     0.999898   0.00116349 -4.52589e-05 
       223.5      36.1354     0.999898   0.00116353 -4.49624e-05 
       223.5      36.3816     0.999899   0.00116357 -4.46654e-05 
       223.5      36.6287       0.9999   0.00116361 -4.43677e-05 
       223.5      36.8766       0.9999   0.00116365 -4.40696e-05 
       223.5      37.1253     0.999901   0.00116369 -4.37711e-05 
       223.5      37.3749     0.999902   0.00116373 -4.34723e-05 
       223.5      37.6253     0.999903   0.00116377 -4.31732e-05 
       223.5      37.8766     0.999903   0.00116381  -4.2874e-05 
       223.5      38.1287     0.999904   0.00116385 -4.25747e-05 
       223.5      38.3816     0.999905   0.00116389 -4.22754e-05 
       223.5      38.6353     0.999905   0.00116393 -4.19763e-05 
       223.5      38.8899     0.999906   0.00116397 -4.16773e-05 
       223.5      39.1454     0.999907   0.00116401 -4.13786e-05 
       223.5      39.4016     0.999908   0.00116405 -4.10803e-05 
       223.5      39.6588     0.999908   0.00116408 -4.07825e-05 
       223.5      39.9167     0.999909   0.00116412 -4.04852e-05 
       223.5      40.1755      0.99991   0.00116416 -4.01886e-05 
       223.5      40.4351     0.999911   0.00116419 -3.98928e-05 
       223.5      40.6955     0.999911   0.00116422 -3.95978e-05 
       223.5      40.9568     0.999912   0.00116426 -3.93039e-05 
       223.5      41.2189     0.999913   0.00116429  -3.9011e-05 
       223.5      41.4819     0.999914   0.00116432 -3.87193e-05 
       223.5      41.7457     0.999915   0.00116434 -3.84288e-05 
       223.5      42.0103     0.999914   0.00116396 -3.79675e-05 
       223.5      42.2758     0.999914   0.00116397 -3.76526e-05 
       223.5      42.5421     0.999915   0.00116397 -3.73374e-05 
       223.5      42.8092     0.999915   0.00116398 -3.70219e-05 
       223.5      43.0772     0.999916   0.00116399 -3.67062e-05 
       223.5       43.346     0.999917     0.001164 -3.63901e-05 
       223.5      43.6157     0.999917   0.00116401 -3.60737e-05 
       223.5      43.8862     0.999918   0.00116402  -3.5757e-05 
       223.5      44.1575     0.999919   0.00116404 -3.54399e-05 
       223.5      44.4296     0.999919   0.00116405 -3.51225e-05 
       223.5      44.7026      0.99992   0.00116407 -3.48047e-05 
       223.5      44.9765     0.999921   0.00116408 -3.44864e-05 
       223.5      45.2511     0.999922    0.0011641 -3.41678e-05 
       223.5      45.5266     0.999922   0.00116411 -3.38486e-05 
       223.5       45.803     0.999923   0.00116413 -3.35291e-05 
       223.5      46.0801     0.999924   0.00116415  -3.3209e-05 
       223.5      46.3581     0.999925   0.00116417 -3.28885e-05 
       223.5       46.637     0.999926   0.00116419 -3.25674e-05 
       223.5      46.9167     0.999927   0.00116421 -3.22458e-05 
       223.5      47.1972      0.99993   0.00116482 -3.18056e-05 
       223.5      47.4785      0.99993   0.00116481 -3.14684e-05 
       223.5      47.7607     0.999931   0.00116481 -3.11309e-05 
       223.5      48.0438     0.999932   0.00116481  -3.0793e-05 
       223.5      48.3276     0.999933   0.00116481 -3.04548e-05 
       223.5      48.6123     0.999933   0.00116481 -3.01163e-05 
       223.5      48.8979     0.999934   0.00116482 -2.97773e-05 
       223.5      49.1842     0.999935   0.00116483  -2.9438e-05 
       223.5      49.4714     0.999936   0.00116485 -2.90981e-05 
       223.5      49.7595     0.999936   0.00116486 -2.87578e-05 
       223.5      50.0484     0.999937   0.00116488  -2.8417e-05 
       223.5      50.3381     0.999938    0.0011649 -2.80756e-05 
       223.5      50.6286     0.999938   0.00116492 -2.77337e-05 
       223.5        50.92     0.999939   0.00116494 -2.73912e-05 
       223.5      51.2122      0.99994   0.00116497  -2.7048e-05 
       223.5      51.5053     0.999941     0.001165 -2.67042e-05 
       223.5      51.7992     0.999941   0.00116502 -2.63596e-05 
       223.5      52.0939     0.999942   0.00116505 -2.60144e-05 
       223.5      52.3895     0.999943   0.00116508 -2.56684e-05 
       223.5      52.6859     0.999943   0.00116511 -2.53216e-05 
       223.5      52.9831     0.999944   0.00116514 -2.49739e-05 
       223.5      53.2812     0.999945   0.00116517 -2.46254e-05 
       223.5      53.5801     0.999945   0.00116521  -2.4276e-05 
       223.5      53.8799     0.999946   0.00116524 -2.39256e-05 
       223.5      54.1805     0.999947   0.00116527 -2.35742e-05 
       223.5      54.4819     0.999947    0.0011653 -2.32219e-05 
       223.5      54.7841     0.999948   0.00116533 -2.28685e-05 
       223.5      55.0872     0.999949   0.00116535 -2.25139e-05 
       223.5      55.3912     0.999949   0.00116538 -2.21583e-05 
       223.5      55.6959      0.99995    0.0011654 -2.18015e-05 
       223.5      56.0015     0.999951   0.00116543 -2.14434e-05 
       223.5       56.308     0.999951   0.00116545 -2.10841e-05 
       223.5      56.6152     0.999952   0.00116547 -2.07235e-05 
       223.5      56.9233     0.999953   0.00116548 -2.03615e-05 
       223.5      57.2323     0.999954    0.0011655 -1.99982e-05 
       223.5      57.5421     0.999954   0.00116551 -1.96334e-05 
       223.5      57.8527     0.999955   0.00116552 -1.92671e-05 
       223.5      58.1641     0.999956   0.00116552 -1.88994e-05 
       223.5      58.4764     0.999957   0.00116552   -1.853e-05 
       223.5      58.7896     0.999958   0.00116552  -1.8159e-05 
       223.5      59.1035     0.999959   0.00116551 -1.77864e-05 
       223.5      59.4183     0.999959   0.00116549  -1.7412e-05 
       223.5      59.7339      0.99996   0.00116548 -1.70359e-05 
       223.5      60.0504     0.999961   0.00116545 -1.66579e-05 
       223.5      60.3677     0.999962   0.00116542 -1.62781e-05 
       223.5      60.6859     0.999963   0.00116539 -1.58964e-05 
       223.5      61.0048     0.999964   0.00116535 -1.55127e-05 
       223.5      61.3247     0.999965    0.0011653 -1.51269e-05 
       223.5      61.6453     0.999966   0.00116525 -1.47391e-05 
       223.5      61.9668     0.999966    0.0011652 -1.43067e-05 
       223.5      62.2891     0.999967   0.00116519 -1.39188e-05 
       223.5      62.6123     0.999968   0.00116517 -1.35278e-05 
       223.5      62.9363     0.999968   0.00116515 -1.31336e-05 
       223.5      63.2611     0.999969   0.00116513 -1.27364e-05 
       223.5      63.5868      0.99997   0.00116511  -1.2336e-05 
       223.5      63.9133     0.999971   0.00116509 -1.19324e-05 
       223.5      64.2406     0.999972   0.00116507 -1.15256e-05 
       223.5      64.5688     0.999973   0.00116505 -1.11155e-05 
       223.5      64.8978     0.999974   0.00116503 -1.07022e-05 
       223.5      65.2277     0.999975   0.00116501 -1.02856e-05 
       223.5      65.5583     0.999976   0.00116499 -9.86558e-06 
       223.5      65.8899     0.999976   0.00116548 -9.69505e-06 
       223.5      66.2222     0.999977   0.00116547 -9.30433e-06 
       223.5      66.5554     0.999978   0.00116546 -8.91087e-06 
       223.5      66.8894     0.999978   0.00116545 -8.51478e-06 
       223.5      67.2243     0.999979   0.00116544 -8.11618e-06 
       223.5        67.56      0.99998   0.00116542 -7.71516e-06 
       223.5      67.8966     0.999981    0.0011654 -7.31183e-06 
       223.5      68.2339     0.999982   0.00116537 -6.90631e-06 
       223.5      68.5721     0.999982   0.00116535 -6.49871e-06 
       223.5      68.9112     0.999983   0.00116532 -6.08913e-06 
       223.5      69.2511     0.999984   0.00116529 -5.67771e-06 
       223.5      69.5918     0.999985   0.00116526 -5.26455e-06 
       223.5      69.9333     0.999986   0.00116522 -4.84977e-06 
       223.5      70.2757     0.999987   0.00116519 -4.43349e-06 
       223.5      70.6189     0.999988   0.00116515 -4.01585e-06 
       223.5       70.963     0.999989   0.00116511 -3.59696e-06 
       223.5      71.3079      0.99999   0.00116507 -3.17695e-06 
       223.5      71.6536     0.999991   0.00116503 -2.75595e-06 
       223.5      72.0002     0.999991   0.00116499 -2.33409e-06 
       223.5      72.3476     0.999992   0.00116495  -1.9115e-06 
       223.5      72.6959     0.999993    0.0011649 -1.48832e-06 
       223.5      73.0449     0.999994   0.00116486 -1.06468e-06 
       223.5      73.3949     0.999995   0.00116482 -6.40719e-07 
       223.5      73.7456     0.999996   0.00116477 -2.16581e-07 
       223.5      74.0972     0.999997   0.00116473  2.07593e-07 
       223.5      74.4496     0.999998   0.00116468  6.31659e-07 
       223.5      74.8029     0.999999   0.00116464  1.05547e-06 
       223.5       75.157            1   0.00116459  1.47888e-06 
       223.5      75.5119            1   0.00116455  1.90174e-06 
       223.5      75.8677            1   0.00116451   2.3239e-06 
       223.5      76.2243            1   0.00116447   2.7452e-06 
       223.5      76.5817            1   0.00116443  3.16548e-06 
       223.5        76.94      1.00001   0.00116439  3.58459e-06 
       223.5      77.2991      1.00001   0.00116435  4.00237e-06 
       223.5      77.6591      1.00001   0.00116432  4.41866e-06 
       223.5      78.0198      1.00001   0.00116429  4.83328e-06 
       223.5      78.3815      1.00001   0.00116425  5.24609e-06 
       223.5      78.7439      1.00001   0.00116423  5.65689e-06 
       223.5      79.1072      1.00001    0.0011642  6.06554e-06 
       223.5      79.4714      1.00001   0.00116418  6.47184e-06 
       223.5      79.8363      1.00001   0.00116416  6.87563e-06 
       223.5      80.2021      1.00001   0.00116345  7.35003e-06 
       223.5      80.5688      1.00001   0.00116351  7.76221e-06 
       223.5      80.9362      1.00001   0.00116357  8.17648e-06 
       223.5      81.3045      1.00001   0.00116361  8.59281e-06 
       223.5      81.6737      1.00001   0.00116365  9.01119e-06 
       223.5      82.0437      1.00001   0.00116369  9.43156e-06 
       223.5      82.4145      1.00002   0.00116372  9.85391e-06 
       223.5      82.7861      1.00002   0.00116374  1.02782e-05 
       223.5      83.1586      1.00002   0.00116376  1.07044e-05 
       223.5       83.532      1.00002   0.00116377  1.11325e-05 
       223.5      83.9061      1.00002   0.00116378  1.15624e-05 
       223.5      84.2811      1.00002   0.00116378  1.19942e-05 
       223.5       84.657      1.00002   0.00116378  1.24277e-05 
       223.5      85.0336      1.00002   0.00116377   1.2863e-05 
       223.5      85.4111      1.00002   0.00116376  1.32999e-05 
       223.5      85.7895      1.00002   0.00116374  1.37386e-05 
       223.5      86.1687      1.00002   0.00116372  1.41789e-05 
       223.5      86.5487      1.00002    0.0011637  1.46208e-05 
       223.5      86.9295      1.00002   0.00116367  1.50643e-05 
       223.5      87.3112      1.00002   0.00116364  1.55093e-05 
       223.5      87.6937      1.00003    0.0011636  1.59557e-05 
       223.5      88.0771      1.00003   0.00116356  1.64037e-05 
       223.5      88.4613      1.00003   0.00116352   1.6853e-05 
       223.5      88.8463      1.00003   0.00116347  1.73038e-05 
       223.5      89.2322      1.00003   0.00116342  1.77558e-05 
       223.5      89.6189      1.00003   0.00116337  1.82092e-05 
       223.5      90.0064      1.00003   0.00116331  1.86638e-05 
       223.5      90.3948      1.00003   0.00116326  1.91196e-05 
       223.5       90.784      1.00003    0.0011632  1.95766e-05 
       223.5      91.1741      1.00003   0.00116314  2.00347e-05 
       223.5       91.565      1.00004   0.00116307  2.04939e-05 
       223.5      91.9567      1.00004   0.00116301  2.09541e-05 
       223.5      92.3492      1.00004   0.00116294  2.14153e-05 
       223.5      92.7426      1.00004   0.00116287  2.18775e-05 
       223.5      93.1369      1.00004    0.0011628  2.23405e-05 
       223.5      93.5319      1.00004   0.00116273  2.28045e-05 
       223.5      93.9278      1.00004   0.00116266  2.32692e-05 
       223.5      94.3246      1.00004   0.00116259  2.37347e-05 
       223.5      94.7221      1.00005   0.00116252  2.42009e-05 
       223.5      95.1206      1.00005   0.00116244  2.46678e-05 
       223.5      95.5198      1.00005   0.00116237  2.51353e-05 
       223.5      95.9199      1.00005    0.0011623  2.56033e-05 
       223.5      96.3208      1.00005   0.00116223  2.60719e-05 
       223.5      96.7226      1.00005   0.00116216  2.65409e-05 
       223.5      97.1251      1.00005   0.00116209  2.70104e-05 
       223.5      97.5286      1.00005   0.00116202  2.74802e-05 
       223.5      97.9328      1.00005   0.00116195  2.79503e-05 
       223.5      98.3379      1.00006   0.00116189  2.84206e-05 
       223.5      98.7439      1.00006   0.00116182  2.88912e-05 
       223.5      99.1506      1.00006   0.00116176  2.93619e-05 
       223.5      99.5583      1.00006    0.0011617  2.98327e-05 
       223.5      99.9667      1.00006   0.00116164  3.03036e-05 
       223.5      100.376      1.00006   0.00116159  3.07744e-05 
       223.5      100.786      1.00006   0.00116154  3.12451e-05 
       223.5      101.197      1.00006   0.00116149  3.17157e-05 
       223.5      101.609      1.00006   0.00116145  3.21861e-05 
       223.5      102.021      1.00006   0.00116141  3.26562e-05 
       223.5      102.435      1.00006   0.00116137   3.3126e-05 
       223.5      102.849      1.00007   0.00116134  3.35955e-05 
       223.5      103.264      1.00007   0.00116131  3.40645e-05 
       223.5       103.68      1.00007   0.00116129   3.4533e-05 
       223.5      104.097      1.00007   0.00116127  3.50009e-05 
       223.5      104.515      1.00007   0.00116126  3.54682e-05 
       223.5      104.933      1.00007   0.00116125  3.59349e-05 
       223.5      105.353      1.00007   0.00116125  3.64007e-05 
       223.5      105.773      1.00007   0.00116126  3.68658e-05 
       223.5      106.194      1.00007   0.00116094  3.69802e-05 
       223.5      106.616      1.00007   0.00116079  3.74776e-05 
       223.5      107.038      1.00007   0.00116064  3.79754e-05 
       223.5      107.462      1.00007   0.00116049  3.84734e-05 
       223.5      107.886      1.00007   0.00116033  3.89716e-05 
       223.5      108.311      1.00007   0.00116016  3.94699e-05 
       223.5      108.737      1.00007   0.00115999  3.99681e-05 
       223.5      109.164      1.00007   0.00115982  4.04663e-05 
       223.5      109.592      1.00007   0.00115906  4.11089e-05 
       223.5       110.02      1.00008   0.00115901  4.15611e-05 
       223.5       110.45      1.00008   0.00115894  4.20157e-05 
       223.5       110.88      1.00008   0.00115888  4.24728e-05 
       223.5      111.311      1.00008   0.00115881  4.29323e-05 
       223.5      111.743      1.00008   0.00115873  4.33941e-05 
       223.5      112.175      1.00008   0.00115865  4.38583e-05 
       223.5      112.609      1.00008   0.00115857  4.43247e-05 
       223.5      113.043      1.00008   0.00115849  4.47933e-05 
       223.5      113.478      1.00009    0.0011584  4.52641e-05 
       223.5      113.914      1.00009    0.0011583  4.57371e-05 
       223.5      114.351      1.00009   0.00115821  4.62121e-05 
       223.5      114.789      1.00009   0.00115811  4.66892e-05 
       223.5      115.228      1.00009     0.001158  4.71683e-05 
       223.5      115.667      1.00009    0.0011579  4.76493e-05 
       223.5      116.107      1.00009   0.00115779  4.81322e-05 
       223.5      116.548      1.00009   0.00115768  4.86169e-05 
       223.5       116.99       1.0001   0.00115757  4.91035e-05 
       223.5      117.433       1.0001   0.00115745  4.95918e-05 
       223.5      117.876       1.0001   0.00115733  5.00817e-05 
       223.5      118.321       1.0001   0.00115721  5.05734e-05 
       223.5      118.766       1.0001   0.00115709  5.10666e-05 
       223.5      119.212       1.0001   0.00115697  5.15613e-05 
       223.5      119.659       1.0001   0.00115684  5.20575e-05 
       223.5      120.107       1.0001   0.00115671  5.25552e-05 
       223.5      120.555       1.0001   0.00115658  5.30542e-05 
       223.5      121.005      1.00011   0.00115645  5.35545e-05 
       223.5      121.455      1.00011   0.00115632  5.40561e-05 
       223.5      121.906      1.00011   0.00115619  5.45588e-05 
       223.5      122.358      1.00011   0.00115606  5.50628e-05 
       223.5      122.811      1.00011   0.00115592  5.55678e-05 
       223.5      123.264      1.00011   0.00115579  5.60738e-05 
       223.5      123.719      1.00011   0.00115565  5.65808e-05 
       223.5      124.174      1.00011   0.00115552  5.70887e-05 
       223.5       124.63      1.00011   0.00115538  5.75974e-05 
       223.5      125.087      1.00011   0.00115525  5.81069e-05 
       223.5      125.545      1.00012   0.00115511  5.86172e-05 
       223.5      126.003      1.00012   0.00115498  5.91281e-05 
       223.5      126.463      1.00012   0.00115485  5.96395e-05 
       223.5      126.923      1.00012   0.00115471  6.01515e-05 
       223.5      127.384      1.00012   0.00115458   6.0664e-05 
       223.5      127.846      1.00012   0.00115445  6.11769e-05 
       223.5      128.309      1.00012   0.00115432  6.16901e-05 
       223.5      128.773      1.00012    0.0011542  6.22035e-05 
       223.5      129.237      1.00012   0.00115407  6.27172e-05 
       223.5      129.702      1.00012   0.00115395  6.32309e-05 
       223.5      130.169      1.00012   0.00115382  6.37447e-05 
       223.5      130.636      1.00013    0.0011537  6.42585e-05 
       223.5      131.103      1.00013   0.00115359  6.47723e-05 
       223.5      131.572      1.00013   0.00115347  6.52858e-05 
       223.5      132.041      1.00013   0.00115336  6.57992e-05 
       223.5      132.512      1.00013   0.00115325  6.63122e-05 
       223.5      132.983      1.00013   0.00115314  6.68248e-05 
       223.5      133.455      1.00013   0.00115304   6.7337e-05 
       223.5      133.928      1.00013   0.00115294  6.78487e-05 
       223.5      134.401      1.00013   0.00115285  6.83598e-05 
       223.5      134.876      1.00013   0.00115276  6.88701e-05 
       223.5      135.351      1.00013   0.00115267  6.93798e-05 
       223.5      135.827      1.00014   0.00115259  6.98886e-05 
       223.5      136.304      1.00014   0.00115251  7.03964e-05 
       223.5      136.782      1.00014   0.00115243  7.09033e-05 
       223.5      137.261      1.00014   0.00115237  7.14091e-05 
       223.5       137.74      1.00014    0.0011523  7.19138e-05 
       223.5      138.221      1.00014   0.00115225  7.24172e-05 
       223.5      138.702      1.00014   0.00115219  7.29193e-05 
       223.5      139.184      1.00014   0.00115215    7.342e-05 
       223.5      139.667      1.00014   0.00115211  7.39192e-05 
       223.5      140.151      1.00014   0.00115207  7.44168e-05 
       223.5      140.635      1.00014   0.00115205  7.49128e-05 
       223.5       141.12      1.00014   0.00115203   7.5407e-05 
       223.5      141.607      1.00015   0.00115201  7.58994e-05 
       223.5      142.094      1.00015   0.00115201  7.63898e-05 
       223.5      142.582      1.00015   0.00115201  7.68783e-05 
       223.5       143.07      1.00015    0.0011514  7.78911e-05 
       223.5       143.56      1.00015   0.00115117  7.84257e-05 
       223.5       144.05      1.00015   0.00115094  7.89626e-05 
       223.5      144.541      1.00015   0.00115072  7.95019e-05 
       223.5      145.033      1.00015    0.0011505  8.00436e-05 
       223.5      145.526      1.00015   0.00115028  8.05878e-05 
       223.5       146.02      1.00015   0.00115007  8.11345e-05 
       223.5      146.515      1.00015   0.00114987  8.16837e-05 
       223.5       147.01      1.00015   0.00114967  8.22355e-05 
       223.5      147.506      1.00015   0.00114947  8.27899e-05 
       223.5      148.003      1.00015   0.00114928  8.33469e-05 
       223.5      148.501      1.00015   0.00114909  8.39066e-05 
       223.5          149      1.00015   0.00114891  8.44691e-05 
       223.5        149.5      1.00015   0.00114874  8.50342e-05 
       223.5          150      1.00015   0.00114857  8.56022e-05 
