Variables = x, y, u, v, p

Zone, I=600, F=POINT
          90            0           -0           -0 -9.05749e-05 
          90     0.000417  0.000219364  1.01646e-10 -9.05744e-05 
          90     0.001671  0.000879036  1.63215e-09 -9.05729e-05 
          90     0.003762   0.00197902  8.27207e-09 -9.05705e-05 
          90     0.006687   0.00351774  2.61334e-08 -9.05671e-05 
          90      0.01045   0.00549731  6.38131e-08 -9.05627e-05 
          90     0.015048   0.00791616  1.32302e-07 -9.05573e-05 
          90     0.020484    0.0107759  2.45107e-07 -9.05509e-05 
          90     0.026753    0.0140738  4.18001e-07 -9.05436e-05 
          90     0.033862    0.0178137  6.69499e-07 -9.05353e-05 
          90     0.041803    0.0219914  1.02004e-06 -9.05261e-05 
          90     0.050579    0.0266083  1.49282e-06 -9.05159e-05 
          90     0.060198    0.0316688  2.11387e-06 -9.05047e-05 
          90     0.070646    0.0371654  2.91017e-06 -9.04925e-05 
          90     0.081937    0.0431054  3.91304e-06 -9.04794e-05 
          90     0.094057    0.0494813  5.15379e-06 -9.04654e-05 
          90     0.107021     0.056301   6.6688e-06 -9.04503e-05 
          90     0.120813    0.0635558  8.49328e-06 -9.04343e-05 
          90      0.13545    0.0712544  1.06687e-05 -9.04173e-05 
          90     0.150914    0.0793868  1.32338e-05 -9.03992e-05 
          90     0.167213    0.0879568  1.62329e-05 -9.03802e-05 
          90     0.184359      0.09697  1.97135e-05 -9.03602e-05 
          90      0.20233     0.106414  2.37182e-05  -9.0339e-05 
          90     0.221149       0.1163  2.83005e-05 -9.03168e-05 
          90     0.240792     0.126613   3.3504e-05 -9.02933e-05 
          90     0.261284     0.137365  3.93862e-05 -9.02686e-05 
          90     0.282599     0.148541  4.59906e-05 -9.02427e-05 
          90     0.304763      0.16015  5.33769e-05 -9.02152e-05 
          90      0.32775     0.172177  6.15876e-05 -9.01863e-05 
          90     0.351587     0.184632  7.06827e-05 -9.01556e-05 
          90     0.376246     0.197496  8.07007e-05 -9.01231e-05 
          90      0.40174     0.210769  9.16931e-05 -9.00885e-05 
          90     0.428086     0.224456  0.000103712 -9.00516e-05 
          90     0.455252     0.238531  0.000116783 -9.00121e-05 
          90     0.483271     0.253006  0.000130959 -8.99697e-05 
          90     0.512109     0.267852  0.000146253  -8.9924e-05 
          90     0.541801     0.283077  0.000162708 -8.98747e-05 
          90     0.572311     0.298652  0.000180322 -8.98213e-05 
          90     0.603676     0.314583  0.000199127 -8.97633e-05 
          90     0.635857     0.330836  0.000219102 -8.97002e-05 
          90     0.668875     0.347407  0.000240251 -8.96313e-05 
          90     0.702748     0.364288  0.000262575  -8.9556e-05 
          90     0.737438     0.381444  0.000286024 -8.94738e-05 
          90     0.772984     0.398874  0.000310595 -8.93836e-05 
          90     0.809345     0.416539  0.000336221  -8.9285e-05 
          90     0.846564     0.434439  0.000362891 -8.91769e-05 
          90     0.884597     0.452532  0.000390527 -8.90587e-05 
          90     0.923489     0.470816  0.000419113 -8.89294e-05 
          90     0.963194     0.489246  0.000448569 -8.87882e-05 
          90      1.00376     0.507821  0.000478884  -8.8634e-05 
          90      1.04514     0.526493  0.000509979 -8.84662e-05 
          90      1.08735     0.545247  0.000541836 -8.82837e-05 
          90      1.13042     0.564066  0.000574443 -8.80855e-05 
          90      1.17431     0.582901  0.000607736 -8.78709e-05 
          90      1.21905     0.601742  0.000641732 -8.76389e-05 
          90      1.26461     0.620534  0.000676374 -8.73887e-05 
          90      1.31103     0.639266  0.000711683 -8.71193e-05 
          90      1.35826     0.657879  0.000747599   -8.683e-05 
          90      1.40635     0.676356  0.000784134 -8.65198e-05 
          90      1.45525     0.694631  0.000821203 -8.61883e-05 
          90      1.50498     0.712673  0.000858769 -8.58345e-05 
          90      1.55558     0.730446   0.00089679 -8.54563e-05 
          90      1.60699     0.747882  0.000935131 -8.50552e-05 
          90      1.65927     0.764955  0.000973729 -8.46298e-05 
          90      1.71235     0.781594   0.00101241 -8.41798e-05 
          90      1.76629     0.797772   0.00105107  -8.3704e-05 
          90      1.82104     0.813424   0.00108952 -8.32027e-05 
          90      1.87666     0.828525   0.00112764 -8.26747e-05 
          90      1.93309     0.843019   0.00116522 -8.21207e-05 
          90      1.99034     0.856877   0.00120211 -8.15401e-05 
          90      2.04847     0.870076   0.00123816 -8.09328e-05 
          90       2.1074     0.882575   0.00127319 -8.02996e-05 
          90      2.16721     0.894366   0.00130706   -7.964e-05 
          90      2.22781     0.905422   0.00133962 -7.89553e-05 
          90      2.28928     0.915745   0.00137076 -7.82451e-05 
          90      2.35156     0.925323   0.00140035 -7.75107e-05 
          90       2.4147     0.934168   0.00142833  -7.6752e-05 
          90      2.47865      0.94228    0.0014546 -7.59705e-05 
          90      2.54347     0.949685   0.00147913 -7.51659e-05 
          90      2.60909     0.956394   0.00150187 -7.43401e-05 
          90      2.67554     0.962438   0.00152282 -7.34932e-05 
          90      2.74287      0.96785   0.00154201 -7.26256e-05 
          90        2.811     0.972656   0.00155943 -7.17391e-05 
          90         2.88     0.976901   0.00157515 -7.08334e-05 
          90      2.94979     0.980617   0.00158923 -6.99106e-05 
          90      3.02047     0.983851   0.00160174 -6.89703e-05 
          90      3.09194      0.98664   0.00161275 -6.80145e-05 
          90      3.16429     0.989028   0.00162239 -6.70427e-05 
          90      3.23743     0.991055   0.00163074  -6.6057e-05 
          90       3.3114     0.992762   0.00163791 -6.50575e-05 
          90      3.38626     0.994187   0.00164402 -6.40442e-05 
          90      3.46191     0.995366   0.00164917 -6.30189e-05 
          90      3.53844     0.996333   0.00165349 -6.19805e-05 
          90      3.61576     0.997118   0.00165706 -6.09305e-05 
          90      3.69396     0.997751   0.00165999 -5.98673e-05 
          90      3.77295     0.998254   0.00166235  -5.8793e-05 
          90      3.85283     0.998652   0.00166425 -5.77064e-05 
          90      3.93349     0.998962   0.00166577 -5.66101e-05 
          90      4.01504     0.999202   0.00166693 -5.54988e-05 
          90      4.09737     0.999385   0.00166784 -5.43823e-05 
          90      4.18054     0.999523   0.00166853 -5.32552e-05 
          90       4.2646     0.999627   0.00166904 -5.21155e-05 
          90      4.34945     0.999703   0.00166942 -5.09653e-05 
          90      4.43518     0.999758   0.00166968 -4.98047e-05 
          90      4.52169     0.999798   0.00166985 -4.86358e-05 
          90      4.60909     0.999826   0.00166996 -4.74572e-05 
          90      4.69728     0.999846   0.00167001 -4.62682e-05 
          90      4.78636     0.999859   0.00167003 -4.50682e-05 
          90      4.87621     0.999868   0.00167001 -4.38615e-05 
          90      4.96691     0.999874   0.00166998  -4.2648e-05 
          90      5.05849     0.999877   0.00166993 -4.14271e-05 
          90      5.15086     0.999879   0.00166986 -4.01949e-05 
          90      5.24411     0.999881   0.00166978 -3.89436e-05 
          90      5.33815     0.999881    0.0016697 -3.76764e-05 
          90      5.43308     0.999881   0.00166962 -3.64111e-05 
          90      5.52879      0.99988   0.00166948 -3.51907e-05 
          90       5.6254      0.99988    0.0016694 -3.38698e-05 
          90      5.72278     0.999879   0.00166926 -3.25875e-05 
          90      5.82099     0.999878   0.00166916 -3.12844e-05 
          90      5.92011     0.999877   0.00166901 -2.99545e-05 
          90         6.02     0.999876   0.00166886 -2.86295e-05 
          90      6.12078     0.999875   0.00166874 -2.73086e-05 
          90      6.22234     0.999874   0.00166861 -2.59789e-05 
          90       6.3248     0.999874   0.00166846 -2.46357e-05 
          90      6.42803     0.999873   0.00166829 -2.32834e-05 
          90      6.53216     0.999872   0.00166811 -2.19221e-05 
          90      6.63707     0.999871   0.00166795  -2.0551e-05 
          90      6.74287      0.99987   0.00166778 -1.91652e-05 
          90      6.84945     0.999869   0.00166761 -1.77773e-05 
          90      6.95686     0.999868    0.0016674  -1.6394e-05 
          90      7.06517     0.999867   0.00166721 -1.50086e-05 
          90      7.17426     0.999866   0.00166701 -1.35996e-05 
          90      7.28424     0.999865   0.00166679  -1.2172e-05 
          90        7.395     0.999864   0.00166659  -1.0742e-05 
          90      7.50666     0.999863   0.00166639 -9.34465e-06 
          90      7.61908     0.999862   0.00166613 -7.86621e-06 
          90      7.73241     0.999861   0.00166589 -6.42586e-06 
          90      7.84651      0.99986   0.00166566  -4.9893e-06 
          90      7.96145     0.999859   0.00166539 -3.53827e-06 
          90      8.07729     0.999857   0.00166517 -2.06839e-06 
          90      8.19389     0.999857   0.00166485 -5.45858e-07 
          90      8.31141     0.999855   0.00166464  9.55555e-07 
          90      8.42969     0.999854   0.00166438  2.42395e-06 
          90      8.54887     0.999853   0.00166402  3.89394e-06 
          90      8.66882     0.999852   0.00166368  5.39677e-06 
          90      8.78968     0.999851    0.0016634  6.93393e-06 
          90      8.91131      0.99985   0.00166315  8.46399e-06 
          90      9.03384     0.999849   0.00166282  9.95384e-06 
          90      9.15713     0.999848   0.00166254  1.14928e-05 
          90      9.28126     0.999847   0.00166212  1.29935e-05 
          90       9.4063     0.999846   0.00166176  1.45483e-05 
          90       9.5321     0.999845   0.00166143  1.61254e-05 
          90      9.65882     0.999844   0.00166108  1.76911e-05 
          90      9.78629     0.999843   0.00166071  1.92378e-05 
          90      9.91468     0.999842   0.00166033  2.07785e-05 
          90      10.0438     0.999841   0.00165994  2.23283e-05 
          90      10.1739      0.99984   0.00165953  2.39024e-05 
          90      10.3047     0.999838   0.00165909  2.55014e-05 
          90      10.4363     0.999837   0.00165866  2.71105e-05 
          90      10.5689     0.999836   0.00165836   2.8689e-05 
          90      10.7022     0.999835   0.00165787  3.03171e-05 
          90      10.8365     0.999834   0.00165747  3.19127e-05 
          90      10.9715     0.999833     0.001657  3.34931e-05 
          90      11.1074     0.999832   0.00165648  3.50827e-05 
          90      11.2441     0.999831   0.00165605  3.66903e-05 
          90      11.3816      0.99983   0.00165556  3.83297e-05 
          90        11.52     0.999829   0.00165512  3.99341e-05 
          90      11.6592     0.999828   0.00165457  4.15493e-05 
          90      11.7993     0.999826   0.00165407  4.32042e-05 
          90      11.9401     0.999826    0.0016536  4.48522e-05 
          90      12.0819     0.999825   0.00165305  4.64141e-05 
          90      12.2244     0.999824   0.00165264  4.81415e-05 
          90      12.3678     0.999822   0.00165205  4.97777e-05 
          90       12.512     0.999821   0.00165139   5.1393e-05 
          90      12.6571      0.99982   0.00165078  5.30241e-05 
          90       12.803     0.999819   0.00165025  5.46774e-05 
          90      12.9498     0.999818   0.00164975  5.63479e-05 
          90      13.0973     0.999817   0.00164921   5.8021e-05 
          90      13.2457     0.999816   0.00164858  5.96869e-05 
          90       13.395     0.999814   0.00164788  6.13431e-05 
          90       13.545     0.999813   0.00164724  6.29934e-05 
          90       13.696     0.999812    0.0016467  6.46525e-05 
          90      13.8477     0.999811   0.00164604  6.63309e-05 
          90      14.0004      0.99981   0.00164543  6.80133e-05 
          90      14.1537     0.999809   0.00164479  6.96685e-05 
          90      14.3081     0.999808   0.00164406  7.13294e-05 
          90      14.4631     0.999807    0.0016434  7.30052e-05 
          90       14.619     0.999806   0.00164277  7.46955e-05 
          90      14.7758     0.999805   0.00164211   7.6395e-05 
          90      14.9334     0.999804   0.00164138  7.80943e-05 
          90      15.0919     0.999802   0.00164059  7.97888e-05 
          90      15.2511     0.999801   0.00163978  8.14717e-05 
          90      15.4113       0.9998   0.00163901  8.31434e-05 
          90      15.5722     0.999799   0.00163828  8.48064e-05 
          90      15.7341     0.999799   0.00163754  8.64803e-05 
          90      15.8966     0.999798   0.00163673  8.81846e-05 
          90      16.0602     0.999798   0.00163589  8.98183e-05 
          90      16.2244     0.999796   0.00163504  9.15039e-05 
          90      16.3895     0.999795   0.00163428  9.32129e-05 
          90      16.5555     0.999793   0.00163367  9.49197e-05 
          90      16.7223     0.999792   0.00163306  9.66192e-05 
          90        16.89      0.99979   0.00163189  9.83623e-05 
          90      17.0584      0.99979   0.00163135  0.000100049 
          90      17.2278     0.999789   0.00163049  0.000101679 
          90      17.3979     0.999788   0.00162946  0.000103287 
          90      17.5689     0.999788   0.00162847  0.000104892 
          90      17.7407     0.999787   0.00162755  0.000106506 
          90      17.9133     0.999786   0.00162666  0.000108141 
          90      18.0869     0.999785   0.00162578  0.000109808 
          90      18.2611     0.999784   0.00162487  0.000111505 
          90      18.4364     0.999782   0.00162394  0.000113228 
          90      18.6123     0.999781   0.00162304  0.000114958 
          90      18.7892      0.99978   0.00162219  0.000116671 
          90      18.9669     0.999778   0.00162149  0.000118328 
          90      19.1454     0.999778   0.00162039  0.000120051 
          90      19.3247     0.999777    0.0016193  0.000121714 
          90       19.505     0.999777   0.00161821  0.000123326 
          90      19.6859     0.999775   0.00161715  0.000124911 
          90      19.8677     0.999774   0.00161614  0.000126501 
          90      20.0505     0.999774   0.00161524  0.000128124 
          90       20.234     0.999773   0.00161443  0.000129792 
          90      20.4184     0.999772   0.00161354  0.000131485 
          90      20.6035     0.999771   0.00161235   0.00013313 
          90      20.7896     0.999772   0.00161118  0.000134711 
          90      20.9765      0.99977   0.00161009  0.000136266 
          90      21.1642     0.999769   0.00160904  0.000137841 
          90      21.3527     0.999768   0.00160799  0.000139476 
          90      21.5421     0.999766   0.00160693  0.000141213 
          90      21.7323     0.999767   0.00160593  0.000142768 
          90      21.9233     0.999766   0.00160482   0.00014435 
          90      22.1153     0.999765   0.00160363  0.000145981 
          90       22.308     0.999764   0.00160243  0.000147614 
          90      22.5016     0.999763   0.00160125  0.000149227 
          90      22.6959     0.999762   0.00160009  0.000150811 
          90      22.8912     0.999762   0.00159895  0.000152372 
          90      23.0872     0.999761    0.0015978  0.000153916 
          90      23.2841      0.99976   0.00159661  0.000155457 
          90      23.4819     0.999758    0.0015954  0.000157002 
          90      23.6804     0.999757    0.0015942  0.000158551 
          90      23.8799     0.999757   0.00159306  0.000160099 
          90      24.0801     0.999757     0.001592  0.000161629 
          90      24.2813     0.999757   0.00159091  0.000163117 
          90      24.4831     0.999755   0.00158969  0.000164636 
          90       24.686     0.999756   0.00158839  0.000166212 
          90      24.8895     0.999754   0.00158699  0.000167757 
          90       25.094     0.999752   0.00158564    0.0001693 
          90      25.2992     0.999751   0.00158437  0.000170849 
          90      25.5052      0.99975   0.00158315  0.000172402 
          90      25.7123     0.999749   0.00158193  0.000173952 
          90        25.92     0.999749    0.0015807  0.000175488 
          90      26.1287     0.999749   0.00157943  0.000177003 
          90       26.338     0.999749   0.00157815  0.000178489 
          90      26.5484     0.999749   0.00157686  0.000179949 
          90      26.7595     0.999748   0.00157558  0.000181386 
          90      26.9715     0.999747   0.00157432  0.000182811 
          90      27.1842     0.999746   0.00157309  0.000184234 
          90      27.3978     0.999745   0.00157187   0.00018567 
          90      27.6123     0.999744   0.00157062   0.00018713 
          90      27.8276     0.999743   0.00156932  0.000188619 
          90      28.0438     0.999743   0.00156794  0.000190134 
          90      28.2607     0.999742   0.00156649  0.000191658 
          90      28.4786     0.999742   0.00156498  0.000193159 
          90      28.6972     0.999742   0.00156347  0.000194581 
          90      28.9167     0.999742   0.00156206   0.00019585 
          90       29.137     0.999742   0.00156082  0.000196859 
          90      29.3582     0.999743   0.00155969  0.000197818 
          90      29.5801     0.999742   0.00155847  0.000199742 
          90      29.8029     0.999741   0.00155726  0.000201591 
          90      30.0266      0.99974   0.00155616  0.000203382 
          90      30.2511     0.999737   0.00155539   0.00020506 
          90      30.4765     0.999736   0.00155305  0.000206185 
          90      30.7026     0.999739   0.00155054  0.000206149 
          90      30.9297     0.999739    0.0015502   0.00020819 
          90      31.1574     0.999737   0.00154861  0.000209805 
          90      31.3862     0.999736   0.00154665   0.00021108 
          90      31.6156     0.999736   0.00154545  0.000212211 
          90      31.8459     0.999736   0.00154407  0.000213389 
          90      32.0772     0.999736   0.00154272  0.000214605 
          90      32.3092     0.999735   0.00154144   0.00021585 
          90      32.5421     0.999735   0.00154021  0.000217117 
          90      32.7757     0.999735   0.00153893  0.000218394 
          90      33.0103     0.999734   0.00153757  0.000219677 
          90      33.2456     0.999734   0.00153607  0.000220957 
          90      33.4819     0.999734   0.00153445  0.000222232 
          90      33.7189     0.999734   0.00153273  0.000223496 
          90      33.9567     0.999733   0.00153097  0.000224748 
          90      34.1955     0.999733   0.00152922  0.000225988 
          90       34.435     0.999733   0.00152756  0.000227217 
          90      34.6754     0.999732   0.00152602  0.000228435 
          90      34.9166     0.999732   0.00152461  0.000229643 
          90      35.1587     0.999732   0.00152334  0.000230844 
          90      35.4016     0.999732   0.00152214  0.000232039 
          90      35.6454     0.999731   0.00152097  0.000233228 
          90      35.8899     0.999731   0.00151973  0.000234412 
          90      36.1353     0.999732   0.00151836  0.000235589 
          90      36.3815     0.999732   0.00151682  0.000236757 
          90      36.6285     0.999732   0.00151508  0.000237915 
          90      36.8765     0.999732   0.00151321  0.000239058 
          90      37.1252     0.999731    0.0015113  0.000240185 
          90      37.3749     0.999731   0.00150951  0.000241295 
          90      37.6252     0.999731   0.00150798   0.00024239 
          90      37.8765      0.99973   0.00150679  0.000243476 
          90      38.1286     0.999729   0.00150583  0.000244568 
          90      38.3816     0.999728   0.00150463  0.000245689 
          90      38.6353     0.999727   0.00150211  0.000246877 
          90      38.8898     0.999726   0.00150036  0.000247945 
          90      39.1453     0.999726   0.00149987  0.000248861 
          90      39.4015     0.999727   0.00149788  0.000249879 
          90      39.6587     0.999728   0.00149577  0.000250957 
          90      39.9166     0.999729   0.00149402  0.000252064 
          90      40.1754      0.99973   0.00149263  0.000253179 
          90       40.435      0.99973   0.00149142  0.000254281 
          90      40.6955      0.99973    0.0014902  0.000255358 
          90      40.9567     0.999729   0.00148883  0.000256399 
          90      41.2189     0.999728   0.00148727    0.0002574 
          90      41.4818     0.999727   0.00148558  0.000258364 
          90      41.7456     0.999727   0.00148386  0.000259301 
          90      42.0103     0.999727   0.00148221   0.00026023 
          90      42.2757     0.999728   0.00148072  0.000261173 
          90      42.5421      0.99973   0.00147942  0.000262157 
          90      42.8091     0.999732   0.00147826  0.000263201 
          90      43.0772     0.999733   0.00147717  0.000264309 
          90      43.3459     0.999733   0.00147598  0.000265453 
          90      43.6157     0.999731   0.00147452  0.000266551 
          90      43.8861     0.999726   0.00147254  0.000267439 
          90      44.1573     0.999725   0.00146961  0.000268497 
          90      44.4296     0.999727   0.00146703   0.00026964 
          90      44.7025     0.999728   0.00146537  0.000270585 
          90      44.9764     0.999729   0.00146471  0.000271357 
          90       45.251      0.99973   0.00146468  0.000272001 
          90      45.5266     0.999731   0.00146405    0.0002726 
          90      45.8029      0.99973    0.0014603  0.000273283 
          90      46.0801      0.99973   0.00145791  0.000274112 
          90      46.3581     0.999733   0.00145882   0.00027486 
          90      46.6368     0.999733   0.00145684  0.000275656 
          90      46.9166     0.999733   0.00145427   0.00027654 
          90       47.197     0.999732   0.00145206  0.000277496 
          90      47.4785     0.999732   0.00145044  0.000278488 
          90      47.7606     0.999733   0.00144923  0.000279475 
          90      48.0437     0.999733   0.00144817  0.000280428 
          90      48.3275     0.999734   0.00144702  0.000281329 
          90      48.6123     0.999734   0.00144564   0.00028218 
          90      48.8978     0.999735   0.00144399  0.000282993 
          90      49.1842     0.999735   0.00144214   0.00028379 
          90      49.4714     0.999735   0.00144019  0.000284589 
          90      49.7593     0.999734   0.00143826  0.000285404 
          90      50.0483     0.999734   0.00143648  0.000286235 
          90      50.3379     0.999734   0.00143491  0.000287066 
          90      50.6286     0.999735   0.00143359  0.000287873 
          90      50.9199     0.999735   0.00143251   0.00028863 
          90      51.2122     0.999736   0.00143158  0.000289336 
          90      51.5052     0.999737    0.0014306  0.000290044 
          90      51.7992     0.999739   0.00142909  0.000290913 
          90      52.0938     0.999741   0.00142708  0.000291866 
          90      52.3893     0.999741   0.00142524   0.00029261 
          90      52.6858     0.999742   0.00142295  0.000293527 
          90       52.983     0.999742   0.00142066  0.000294523 
          90      53.2811     0.999742   0.00141869  0.000295512 
          90        53.58     0.999742   0.00141721  0.000296427 
          90      53.8798     0.999741   0.00141627  0.000297231 
          90      54.1803     0.999739   0.00141573  0.000297936 
          90      54.4819     0.999736   0.00141525  0.000298628 
          90       54.784     0.999734   0.00141414  0.000299491 
          90      55.0872     0.999736   0.00141134  0.000300854 
          90      55.3911     0.999738   0.00140974  0.000301582 
          90      55.6957     0.999739   0.00140974  0.000301173 
          90      56.0014     0.999745   0.00140747  0.000301332 
          90      56.3078      0.99975    0.0014045  0.000301814 
          90      56.6152     0.999751   0.00140173   0.00030246 
          90      56.9232      0.99975   0.00139953  0.000303173 
          90      57.2323     0.999746   0.00139797  0.000303902 
          90      57.5419     0.999742   0.00139693  0.000304628 
          90      57.8527     0.999738   0.00139619  0.000305348 
          90       58.164     0.999736   0.00139551  0.000306071 
          90      58.4762     0.999737   0.00139469  0.000306805 
          90      58.7895     0.999739    0.0013936  0.000307558 
          90      59.1034     0.999743   0.00139217  0.000308328 
          90      59.4183     0.999748   0.00139042  0.000309111 
          90      59.7338     0.999753   0.00138842  0.000309893 
          90      60.0504     0.999757   0.00138629  0.000310656 
          90      60.3676     0.999759   0.00138416  0.000311381 
          90      60.6858     0.999759   0.00138217  0.000312051 
          90      61.0047     0.999758   0.00138041   0.00031265 
          90      61.3245     0.999754   0.00137893  0.000313174 
          90      61.6452     0.999749   0.00137772   0.00031363 
          90      61.9666     0.999745    0.0013767  0.000314034 
          90      62.2891     0.999741   0.00137574   0.00031442 
          90      62.6121      0.99974   0.00137467  0.000314828 
          90      62.9362     0.999741    0.0013733  0.000315309 
          90       63.261     0.999745   0.00137152  0.000315909 
          90      63.5868      0.99975   0.00136931  0.000316664 
          90      63.9132     0.999756   0.00136682  0.000317581 
          90      64.2406     0.999759    0.0013645  0.000318617 
          90      64.5687     0.999755    0.0013632   0.00031965 
          90      64.8976     0.999749   0.00136317  0.000320332 
          90      65.2276     0.999766   0.00136186  0.000320276 
          90      65.5582      0.99978   0.00136114  0.000320114 
          90      65.8898     0.999771    0.0013572  0.000321708 
          90      66.2221     0.999764   0.00135537  0.000322613 
          90      66.5554     0.999762   0.00135425  0.000323148 
          90      66.8893     0.999762   0.00135316   0.00032353 
          90      67.2243     0.999764   0.00135183  0.000323903 
          90      67.5599     0.999765   0.00135026  0.000324348 
          90      67.8964     0.999764   0.00134854  0.000324902 
          90      68.2338     0.999762    0.0013468  0.000325569 
          90       68.572     0.999758   0.00134516  0.000326335 
          90      68.9111     0.999754   0.00134368  0.000327171 
          90      69.2509     0.999752   0.00134234  0.000328043 
          90      69.5917     0.999753    0.0013411  0.000328921 
          90      69.9332     0.999758   0.00133988  0.000329775 
          90      70.2757     0.999766   0.00133861  0.000330583 
          90      70.6188     0.999775   0.00133719  0.000331331 
          90       70.963     0.999784   0.00133558  0.000332012 
          90      71.3078      0.99979   0.00133378  0.000332626 
          90      71.6535     0.999791    0.0013318  0.000333176 
          90      72.0001     0.999785   0.00132968  0.000333673 
          90      72.3475     0.999774   0.00132751  0.000334124 
          90      72.6958     0.999759   0.00132534  0.000334539 
          90      73.0448     0.999746   0.00132323  0.000334925 
          90      73.3948      0.99974   0.00132121  0.000335288 
          90      73.7455     0.999752    0.0013193   0.00033563 
          90      74.0972     0.999789   0.00131755  0.000335955 
          90      74.4495     0.999855   0.00131613  0.000336272 
          90      74.8027     0.999946   0.00131541  0.000336599 
          90      75.1569            0            0            0 
          90      75.5117            0            0            0 
          90      75.8676            0            0            0 
          90      76.2241            0            0            0 
          90      76.5817            0            0            0 
          90      76.9399            0            0            0 
          90      77.2991            0            0            0 
          90      77.6589            0            0            0 
          90      78.0198            0            0            0 
          90      78.3814            0            0            0 
          90      78.7437            0            0            0 
          90      79.1071            0            0            0 
          90      79.4712            0            0            0 
          90      79.8363            0            0            0 
          90       80.202            0            0            0 
          90      80.5687            0            0            0 
          90      80.9361            0            0            0 
          90      81.3045            0            0            0 
          90      81.6736            0            0            0 
          90      82.0435            0            0            0 
          90      82.4144            0            0            0 
          90       82.786            0            0            0 
          90      83.1586            0            0            0 
          90      83.5318            0            0            0 
          90      83.9061            0            0            0 
          90       84.281            0            0            0 
          90      84.6569            0            0            0 
          90      85.0335            0            0            0 
          90      85.4109            0            0            0 
          90      85.7894            0            0            0 
          90      86.1685            0            0            0 
          90      86.5486            0            0            0 
          90      86.9293            0            0            0 
          90      87.3112            0            0            0 
          90      87.6936            0            0            0 
          90      88.0771            0            0            0 
          90      88.4612            0            0            0 
          90      88.8463            0            0            0 
          90      89.2321            0            0            0 
          90      89.6187            0            0            0 
          90      90.0064            0            0            0 
          90      90.3946            0            0            0 
          90       90.784            0            0            0 
          90      91.1739            0            0            0 
          90      91.5649            0            0            0 
          90      91.9565            0            0            0 
          90      92.3492            0            0            0 
          90      92.7425            0            0            0 
          90      93.1366            0            0            0 
          90      93.5318            0            0            0 
          90      93.9276            0            0            0 
          90      94.3245            0            0            0 
          90       94.722            0            0            0 
          90      95.1205            0            0            0 
          90      95.5196            0            0            0 
          90      95.9199            0            0            0 
          90      96.3207            0            0            0 
          90      96.7226            0            0            0 
          90       97.125            0            0            0 
          90      97.5284            0            0            0 
          90      97.9328            0            0            0 
          90      98.3377            0            0            0 
          90      98.7438            0            0            0 
          90      99.1505            0            0            0 
          90      99.5582            0            0            0 
          90      99.9665            0            0            0 
          90      100.376            0            0            0 
          90      100.786            0            0            0 
          90      101.197            0            0            0 
          90      101.609            0            0            0 
          90      102.021            0            0            0 
          90      102.435            0            0            0 
          90      102.849            0            0            0 
          90      103.264            0            0            0 
          90       103.68            0            0            0 
          90      104.097            0            0            0 
          90      104.515            0            0            0 
          90      104.933            0            0            0 
          90      105.352            0            0            0 
          90      105.772            0            0            0 
          90      106.194            0            0            0 
          90      106.615            0            0            0 
          90      107.038            0            0            0 
          90      107.461            0            0            0 
          90      107.886            0            0            0 
          90      108.311            0            0            0 
          90      108.737            0            0            0 
          90      109.164            0            0            0 
          90      109.591            0            0            0 
          90       110.02            0            0            0 
          90      110.449            0            0            0 
          90       110.88            0            0            0 
          90      111.311            0            0            0 
          90      111.743            0            0            0 
          90      112.175            0            0            0 
          90      112.609            0            0            0 
          90      113.043            0            0            0 
          90      113.478            0            0            0 
          90      113.914            0            0            0 
          90      114.351            0            0            0 
          90      114.789            0            0            0 
          90      115.227            0            0            0 
          90      115.667            0            0            0 
          90      116.107            0            0            0 
          90      116.548            0            0            0 
          90       116.99            0            0            0 
          90      117.433            0            0            0 
          90      117.876            0            0            0 
          90       118.32            0            0            0 
          90      118.766            0            0            0 
          90      119.212            0            0            0 
          90      119.659            0            0            0 
          90      120.106            0            0            0 
          90      120.555            0            0            0 
          90      121.005            0            0            0 
          90      121.455            0            0            0 
          90      121.906            0            0            0 
          90      122.358            0            0            0 
          90      122.811            0            0            0 
          90      123.264            0            0            0 
          90      123.719            0            0            0 
          90      124.174            0            0            0 
          90       124.63            0            0            0 
          90      125.087            0            0            0 
          90      125.545            0            0            0 
          90      126.003            0            0            0 
          90      126.463            0            0            0 
          90      126.923            0            0            0 
          90      127.384            0            0            0 
          90      127.846            0            0            0 
          90      128.309            0            0            0 
          90      128.773            0            0            0 
          90      129.237            0            0            0 
          90      129.702            0            0            0 
          90      130.168            0            0            0 
          90      130.635            0            0            0 
          90      131.103            0            0            0 
          90      131.572            0            0            0 
          90      132.041            0            0            0 
          90      132.512            0            0            0 
          90      132.983            0            0            0 
          90      133.455            0            0            0 
          90      133.928            0            0            0 
          90      134.401            0            0            0 
          90      134.876            0            0            0 
          90      135.351            0            0            0 
          90      135.827            0            0            0 
          90      136.304            0            0            0 
          90      136.782            0            0            0 
          90      137.261            0            0            0 
          90       137.74            0            0            0 
          90      138.221            0            0            0 
          90      138.702            0            0            0 
          90      139.184            0            0            0 
          90      139.667            0            0            0 
          90      140.151            0            0            0 
          90      140.635            0            0            0 
          90       141.12            0            0            0 
          90      141.607            0            0            0 
          90      142.093            0            0            0 
          90      142.581            0            0            0 
          90       143.07            0            0            0 
          90       143.56            0            0            0 
          90       144.05            0            0            0 
          90      144.541            0            0            0 
          90      145.033            0            0            0 
          90      145.526            0            0            0 
          90       146.02            0            0            0 
          90      146.514            0            0            0 
          90       147.01            0            0            0 
          90      147.506            0            0            0 
          90      148.003            0            0            0 
          90      148.501            0            0            0 
          90          149            0            0            0 
          90      149.499            0            0            0 
          90          150            0            0            0 
