Variables = x, y, u, v, p

Zone, I=600, F=POINT
        41.5            0            0            0   0.00811906 
        41.5     0.000418  0.000638097  -1.5993e-06   0.00812403 
        41.5     0.001672    0.0025469 -5.18311e-06   0.00813866 
        41.5     0.003763   0.00571146 -7.19375e-06   0.00816218 
        41.5     0.006689    0.0101013 -1.97731e-06   0.00819328 
        41.5     0.010451    0.0156793  1.78087e-05   0.00823027 
        41.5      0.01505    0.0223976  6.06868e-05   0.00827115 
        41.5     0.020485    0.0301938  0.000135709   0.00831367 
        41.5     0.026756    0.0389966  0.000251788   0.00835552 
        41.5     0.033863    0.0487235     0.000417   0.00839444 
        41.5     0.041806    0.0592819  0.000637903    0.0084284 
        41.5     0.050585    0.0705691  0.000918934   0.00845572 
        41.5     0.060201    0.0824745   0.00126194   0.00847522 
        41.5     0.070652    0.0948754   0.00166568   0.00848636 
        41.5      0.08194     0.107647   0.00212585   0.00848936 
        41.5     0.094063     0.120653   0.00263473   0.00848523 
        41.5     0.107023      0.13376   0.00318155   0.00847586 
        41.5     0.120819     0.146825    0.0037524   0.00846392 
        41.5     0.135451     0.159709   0.00433049   0.00845283 
        41.5     0.150919     0.172271   0.00489618   0.00844657 
        41.5     0.167224     0.184375   0.00542673   0.00844939 
        41.5     0.184364     0.195885   0.00589537   0.00846546 
        41.5     0.202341     0.206673   0.00626994   0.00849835 
        41.5     0.221153     0.216611   0.00650993    0.0085504 
        41.5     0.240802     0.225574   0.00656233   0.00862188 
        41.5     0.261287     0.233832   0.00650342    0.0086514 
        41.5     0.282608     0.242446   0.00644878   0.00863979 
        41.5     0.304765     0.251448    0.0063382   0.00863372 
        41.5     0.327758     0.260848   0.00618331   0.00863287 
        41.5     0.351588     0.270659   0.00599573   0.00863672 
        41.5     0.376253      0.28089   0.00578644   0.00864458 
        41.5     0.401755     0.291554   0.00556522   0.00865557 
        41.5     0.428092     0.302662   0.00534015   0.00866862 
        41.5     0.455266     0.314223   0.00511724   0.00868245 
        41.5     0.483276     0.326248   0.00490025   0.00869562 
        41.5     0.512122     0.338745   0.00469074   0.00870644 
        41.5     0.541805     0.351723   0.00448844   0.00871307 
        41.5     0.572323     0.365188   0.00429209   0.00871345 
        41.5     0.603677     0.379149   0.00410074   0.00870536 
        41.5     0.635868     0.393612   0.00391572   0.00868639 
        41.5     0.668894     0.408586   0.00374334   0.00865401 
        41.5     0.702757      0.42408   0.00359857    0.0086055 
        41.5     0.737456     0.440108   0.00350966   0.00853808 
        41.5     0.772991     0.456575   0.00337162    0.0084997 
        41.5     0.809362     0.473342   0.00320056   0.00847721 
        41.5      0.84657      0.49041   0.00305875   0.00844532 
        41.5     0.884613     0.507753    0.0029412   0.00840459 
        41.5     0.923492     0.525346   0.00284329   0.00835565 
        41.5     0.963208     0.543161   0.00276089   0.00829918 
        41.5      1.00376     0.561164   0.00269046   0.00823593 
        41.5      1.04515     0.579323    0.0026291   0.00816668 
        41.5      1.08737     0.597599   0.00257467   0.00809222 
        41.5      1.13043     0.615953   0.00252573    0.0080134 
        41.5      1.17433     0.634341   0.00248161   0.00793101 
        41.5      1.21906     0.652716   0.00244232   0.00784585 
        41.5      1.26463      0.67103   0.00240846   0.00775869 
        41.5      1.31103     0.689227   0.00238107   0.00767022 
        41.5      1.35827      0.70725   0.00236137   0.00758103 
        41.5      1.40635     0.725038   0.00235051   0.00749162 
        41.5      1.45526     0.742526   0.00234913   0.00740235 
        41.5      1.50501     0.759644   0.00235694   0.00731339 
        41.5       1.5556     0.776317   0.00237205    0.0072247 
        41.5      1.60702     0.792468    0.0023903     0.007136 
        41.5      1.65928     0.808012    0.0024044   0.00704675 
        41.5      1.71237     0.822862   0.00240294   0.00695605 
        41.5       1.7663     0.837016   0.00239486   0.00686013 
        41.5      1.82106      0.85068   0.00242811   0.00675829 
        41.5      1.87667     0.863696   0.00245721   0.00665824 
        41.5      1.93311     0.876053   0.00248277   0.00655998 
        41.5      1.99038     0.887744   0.00250535   0.00646346 
        41.5      2.04849     0.898763   0.00252548   0.00636866 
        41.5      2.10744     0.909104    0.0025436   0.00627554 
        41.5      2.16722     0.918768   0.00256012   0.00618406 
        41.5      2.22784     0.927754   0.00257538   0.00609417 
        41.5      2.28929     0.936066   0.00258965   0.00600584 
        41.5      2.35158     0.943711   0.00260314   0.00591902 
        41.5      2.41471     0.950697   0.00261597   0.00583366 
        41.5      2.47867     0.957036    0.0026282   0.00574973 
        41.5      2.54347     0.962744   0.00263982   0.00566719 
        41.5      2.60911     0.967837   0.00265076     0.005586 
        41.5      2.67558     0.972338    0.0026609   0.00550612 
        41.5      2.74288     0.976271   0.00267006   0.00542756 
        41.5      2.81103     0.979664   0.00267801   0.00535028 
        41.5      2.88001     0.982548   0.00268453   0.00527428 
        41.5      2.94983     0.984958   0.00268936   0.00519959 
        41.5      3.02048     0.986933   0.00269226   0.00512623 
        41.5      3.09197     0.988517   0.00269306   0.00505423 
        41.5      3.16429     0.989755   0.00269161   0.00498367 
        41.5      3.23745     0.990698   0.00268789   0.00491462 
        41.5      3.31145     0.991402     0.002682   0.00484719 
        41.5      3.38628     0.991924   0.00267423   0.00478153 
        41.5      3.46195     0.992329   0.00266509   0.00471779 
        41.5      3.53845     0.992685   0.00265536   0.00465616 
        41.5      3.61579     0.993064   0.00264617   0.00459689 
        41.5      3.69397     0.993543   0.00263905   0.00454024 
        41.5      3.77298     0.994079   0.00263595   0.00448404 
        41.5      3.85283     0.994352    0.0026283   0.00442784 
        41.5      3.93352     0.994571   0.00262105    0.0043732 
        41.5      4.01504     0.994752   0.00261319   0.00431922 
        41.5       4.0974     0.994905   0.00260524   0.00426656 
        41.5      4.18059     0.995036   0.00259715   0.00421501 
        41.5      4.26462     0.995152   0.00258894   0.00416454 
        41.5      4.34949     0.995252   0.00258067   0.00411514 
        41.5      4.43519      0.99534   0.00257246   0.00406668 
        41.5      4.52173     0.995419   0.00256418    0.0040191 
        41.5       4.6091     0.995489   0.00255571   0.00397257 
        41.5      4.69731      0.99555   0.00254744   0.00392682 
        41.5      4.78636     0.995607    0.0025391   0.00388186 
        41.5      4.87624     0.995658   0.00253062   0.00383775 
        41.5      4.96696     0.995706   0.00252208   0.00379446 
        41.5      5.05851     0.995749   0.00251359   0.00375193 
        41.5       5.1509      0.99579   0.00250519   0.00371005 
        41.5      5.24413     0.995828   0.00249666   0.00366896 
        41.5       5.3382     0.995865   0.00248814    0.0036286 
        41.5      5.43309     0.995901   0.00247966   0.00358889 
        41.5      5.52883     0.995936   0.00247118   0.00354977 
        41.5       5.6254     0.995972    0.0024627   0.00351118 
        41.5      5.72281     0.996007   0.00245414   0.00347331 
        41.5      5.82105     0.996043   0.00244559   0.00343602 
        41.5      5.92013     0.996079   0.00243706   0.00339927 
        41.5      6.02005     0.996117   0.00242857   0.00336307 
        41.5       6.1208     0.996155   0.00242012   0.00332739 
        41.5      6.22239     0.996193   0.00241171   0.00329222 
        41.5      6.32482      0.99623   0.00240329   0.00325756 
        41.5      6.42808     0.996267   0.00239485   0.00322342 
        41.5      6.53217     0.996304   0.00238645   0.00318977 
        41.5      6.63711     0.996341   0.00237811   0.00315658 
        41.5      6.74287     0.996377    0.0023698   0.00312385 
        41.5      6.84948     0.996412   0.00236154   0.00309155 
        41.5      6.95692     0.996446   0.00235332   0.00305966 
        41.5       7.0652     0.996478   0.00234514   0.00302817 
        41.5      7.17431     0.996509   0.00233699   0.00299707 
        41.5      7.28426     0.996537   0.00232887   0.00296634 
        41.5      7.39505     0.996564   0.00232076   0.00293598 
        41.5      7.50667     0.996589   0.00231262   0.00290598 
        41.5      7.61913     0.996613   0.00230443   0.00287633 
        41.5      7.73242     0.996634   0.00229614   0.00284725 
        41.5      7.84655      0.99666   0.00228832   0.00281846 
        41.5      7.96152     0.996687   0.00228055   0.00279007 
        41.5      8.07732     0.996714   0.00227279   0.00276202 
        41.5      8.19396     0.996741   0.00226503   0.00273427 
        41.5      8.31143     0.996769   0.00225729   0.00270683 
        41.5      8.42974     0.996798   0.00224958   0.00267971 
        41.5      8.54889     0.996827   0.00224191   0.00265289 
        41.5      8.66887     0.996856    0.0022343   0.00262638 
        41.5      8.78969     0.996886   0.00222677   0.00260017 
        41.5      8.91135     0.996916   0.00221933   0.00257426 
        41.5      9.03384     0.996947   0.00221196   0.00254865 
        41.5      9.15717     0.996978   0.00220467   0.00252334 
        41.5      9.28133     0.997009   0.00219744   0.00249831 
        41.5      9.40633     0.997041   0.00219023   0.00247357 
        41.5      9.53216     0.997073     0.002183   0.00244911 
        41.5      9.65884     0.997105   0.00217587   0.00242486 
        41.5      9.78634     0.997137   0.00216897   0.00240083 
        41.5      9.91469     0.997168   0.00216209    0.0023771 
        41.5      10.0439     0.997197   0.00215523   0.00235364 
        41.5      10.1739     0.997224    0.0021485   0.00233049 
        41.5      10.3047      0.99725   0.00214185   0.00230759 
        41.5      10.4364     0.997275   0.00213524   0.00228492 
        41.5      10.5689     0.997298   0.00212868   0.00226249 
        41.5      10.7023     0.997321   0.00212217   0.00224029 
        41.5      10.8365     0.997342   0.00211571   0.00221832 
        41.5      10.9715     0.997363    0.0021093   0.00219658 
        41.5      11.1074     0.997382   0.00210295   0.00217507 
        41.5      11.2441     0.997401   0.00209666   0.00215378 
        41.5      11.3817      0.99742   0.00209043   0.00213271 
        41.5        11.52     0.997438   0.00208427   0.00211186 
        41.5      11.6592     0.997455   0.00207818   0.00209122 
        41.5      11.7993     0.997473   0.00207216   0.00207079 
        41.5      11.9402      0.99749   0.00206622   0.00205057 
        41.5      12.0819     0.997507   0.00206036   0.00203056 
        41.5      12.2245     0.997524   0.00205457   0.00201073 
        41.5      12.3679     0.997541   0.00204886    0.0019911 
        41.5      12.5121     0.997558   0.00204322   0.00197166 
        41.5      12.6572     0.997576   0.00203764    0.0019524 
        41.5      12.8031     0.997594   0.00203211   0.00193332 
        41.5      12.9498     0.997614   0.00202663    0.0019145 
        41.5      13.0974     0.997636   0.00202122   0.00189598 
        41.5      13.2458     0.997658    0.0020159   0.00187764 
        41.5       13.395      0.99768   0.00201067   0.00185947 
        41.5      13.5451     0.997702   0.00200553   0.00184148 
        41.5       13.696     0.997725   0.00200048   0.00182367 
        41.5      13.8478     0.997746   0.00199554   0.00180602 
        41.5      14.0004     0.997768   0.00199069   0.00178854 
        41.5      14.1538     0.997789   0.00198593   0.00177122 
        41.5      14.3081     0.997809   0.00198126   0.00175407 
        41.5      14.4632     0.997829   0.00197668   0.00173707 
        41.5      14.6191     0.997847   0.00197188   0.00172026 
        41.5      14.7759     0.997865   0.00196705   0.00170362 
        41.5      14.9335     0.997883   0.00196237   0.00168716 
        41.5      15.0919     0.997901   0.00195782   0.00167086 
        41.5      15.2512     0.997919   0.00195339   0.00165472 
        41.5      15.4113     0.997936   0.00194904   0.00163875 
        41.5      15.5723     0.997953   0.00194479   0.00162294 
        41.5      15.7341     0.997971    0.0019406   0.00160729 
        41.5      15.8967     0.997987   0.00193648    0.0015918 
        41.5      16.0602     0.998004   0.00193242   0.00157647 
        41.5      16.2245     0.998021    0.0019284   0.00156129 
        41.5      16.3896     0.998037   0.00192444   0.00154626 
        41.5      16.5556     0.998053   0.00192051   0.00153138 
        41.5      16.7224     0.998069   0.00191663   0.00151665 
        41.5        16.89     0.998084   0.00191279   0.00150207 
        41.5      17.0585       0.9981     0.001909   0.00148763 
        41.5      17.2278     0.998115   0.00190525   0.00147334 
        41.5      17.3979      0.99813   0.00190155   0.00145919 
        41.5      17.5689     0.998145    0.0018979   0.00144518 
        41.5      17.7408      0.99816   0.00189431    0.0014313 
        41.5      17.9134     0.998174   0.00189077   0.00141757 
        41.5      18.0869     0.998189    0.0018873   0.00140397 
        41.5      18.2612     0.998203    0.0018839   0.00139051 
        41.5      18.4364     0.998218   0.00188057   0.00137718 
        41.5      18.6124     0.998232   0.00187731   0.00136399 
        41.5      18.7892     0.998247   0.00187412   0.00135092 
        41.5      18.9669     0.998261   0.00187101   0.00133799 
        41.5      19.1454     0.998275   0.00186797   0.00132519 
        41.5      19.3248     0.998289   0.00186499   0.00131252 
        41.5       19.505     0.998303   0.00186207   0.00129998 
        41.5       19.686     0.998317    0.0018592   0.00128756 
        41.5      19.8678     0.998331   0.00185637   0.00127528 
        41.5      20.0505     0.998345   0.00185355   0.00126312 
        41.5      20.2341     0.998358   0.00185079   0.00125114 
        41.5      20.4184     0.998372   0.00184806   0.00123925 
        41.5      20.6036     0.998385   0.00184536   0.00122745 
        41.5      20.7897     0.998398   0.00184268   0.00121577 
        41.5      20.9765      0.99841   0.00184004   0.00120426 
        41.5      21.1642     0.998423   0.00183744   0.00119285 
        41.5      21.3528     0.998436   0.00183489   0.00118156 
        41.5      21.5422     0.998448   0.00183238   0.00117038 
        41.5      21.7324      0.99846   0.00182992   0.00115931 
        41.5      21.9234     0.998473    0.0018275   0.00114835 
        41.5      22.1153     0.998485   0.00182513   0.00113751 
        41.5       22.308     0.998497    0.0018228   0.00112677 
        41.5      22.5016     0.998509   0.00182052   0.00111613 
        41.5       22.696     0.998521   0.00181829   0.00110561 
        41.5      22.8912     0.998533    0.0018161    0.0010952 
        41.5      23.0873     0.998545   0.00181396   0.00108489 
        41.5      23.2842     0.998556   0.00181186   0.00107468 
        41.5       23.482     0.998568   0.00180981   0.00106458 
        41.5      23.6805     0.998579    0.0018078   0.00105459 
        41.5        23.88      0.99859   0.00180583    0.0010447 
        41.5      24.0802     0.998602   0.00180391   0.00103491 
        41.5      24.2813     0.998613   0.00180203   0.00102522 
        41.5      24.4832     0.998624   0.00180019   0.00101564 
        41.5       24.686     0.998635   0.00179838   0.00100615 
        41.5      24.8896     0.998646   0.00179662  0.000996769 
        41.5       25.094     0.998657    0.0017949  0.000987482 
        41.5      25.2993     0.998667   0.00179321  0.000978293 
        41.5      25.5054     0.998678   0.00179155    0.0009692 
        41.5      25.7123     0.998688   0.00178993  0.000960203 
        41.5      25.9201     0.998699   0.00178835  0.000951302 
        41.5      26.1287     0.998709   0.00178679  0.000942494 
        41.5      26.3381     0.998719   0.00178527   0.00093378 
        41.5      26.5484     0.998729   0.00178377  0.000925158 
        41.5      26.7595     0.998739   0.00178231  0.000916627 
        41.5      26.9715     0.998749   0.00178087  0.000908187 
        41.5      27.1843     0.998759   0.00177946  0.000899837 
        41.5      27.3979     0.998769   0.00177807  0.000891576 
        41.5      27.6124     0.998779   0.00177671  0.000883402 
        41.5      27.8277     0.998788   0.00177537  0.000875314 
        41.5      28.0438     0.998798   0.00177405   0.00086731 
        41.5      28.2608     0.998807   0.00177276  0.000859393 
        41.5      28.4786     0.998817   0.00177148  0.000851562 
        41.5      28.6972     0.998826   0.00177023  0.000843815 
        41.5      28.9167     0.998835   0.00176901  0.000836154 
        41.5       29.137     0.998844    0.0017678  0.000828575 
        41.5      29.3582     0.998853   0.00176663   0.00082108 
        41.5      29.5802     0.998862   0.00176547  0.000813667 
        41.5       29.803     0.998871   0.00176435  0.000806335 
        41.5      30.0267      0.99888   0.00176325  0.000799084 
        41.5      30.2512     0.998889   0.00176219  0.000791913 
        41.5      30.4765     0.998898   0.00176116  0.000784822 
        41.5      30.7027     0.998906   0.00176016  0.000777811 
        41.5      30.9297     0.998915   0.00175921  0.000770878 
        41.5      31.1575     0.998923    0.0017583  0.000764023 
        41.5      31.3862     0.998932   0.00175749  0.000757259 
        41.5      31.6157     0.998941   0.00175675  0.000750563 
        41.5      31.8461     0.998949   0.00175583  0.000743887 
        41.5      32.0773     0.998957   0.00175495  0.000737323 
        41.5      32.3093     0.998965   0.00175409  0.000730833 
        41.5      32.5421     0.998973   0.00175326  0.000724415 
        41.5      32.7758     0.998981   0.00175246  0.000718066 
        41.5      33.0104     0.998989   0.00175169  0.000711788 
        41.5      33.2457     0.998997   0.00175093  0.000705579 
        41.5      33.4819     0.999005    0.0017502   0.00069944 
        41.5       33.719     0.999012   0.00174949  0.000693368 
        41.5      33.9568      0.99902    0.0017488  0.000687365 
        41.5      34.1956     0.999028   0.00174814  0.000681429 
        41.5      34.4351     0.999035   0.00174749   0.00067556 
        41.5      34.6755     0.999043   0.00174686  0.000669757 
        41.5      34.9167      0.99905   0.00174625  0.000664021 
        41.5      35.1588     0.999058   0.00174565  0.000658349 
        41.5      35.4017     0.999065   0.00174507  0.000652742 
        41.5      35.6454     0.999072   0.00174451    0.0006472 
        41.5      35.8899      0.99908   0.00174396  0.000641721 
        41.5      36.1354     0.999087   0.00174343  0.000636305 
        41.5      36.3816     0.999094   0.00174291  0.000630951 
        41.5      36.6287     0.999101   0.00174241   0.00062566 
        41.5      36.8766     0.999108   0.00174192   0.00062043 
        41.5      37.1253     0.999115   0.00174145   0.00061526 
        41.5      37.3749     0.999122   0.00174099  0.000610151 
        41.5      37.6253     0.999129   0.00174055  0.000605102 
        41.5      37.8766     0.999135   0.00174011  0.000600111 
        41.5      38.1287     0.999142    0.0017397  0.000595179 
        41.5      38.3816     0.999149   0.00173929  0.000590305 
        41.5      38.6353     0.999155    0.0017389  0.000585489 
        41.5      38.8899     0.999162   0.00173853  0.000580729 
        41.5      39.1454     0.999168   0.00173817  0.000576025 
        41.5      39.4016     0.999175   0.00173782  0.000571378 
        41.5      39.6588     0.999181   0.00173748  0.000566785 
        41.5      39.9167     0.999188   0.00173716  0.000562247 
        41.5      40.1755     0.999194   0.00173685  0.000557763 
        41.5      40.4351       0.9992   0.00173656  0.000553333 
        41.5      40.6955     0.999207   0.00173627  0.000548956 
        41.5      40.9568     0.999213     0.001736  0.000544631 
        41.5      41.2189     0.999219   0.00173575  0.000540358 
        41.5      41.4819     0.999225    0.0017355  0.000536137 
        41.5      41.7457     0.999231   0.00173527  0.000531967 
        41.5      42.0103     0.999237   0.00173505  0.000527848 
        41.5      42.2758     0.999243   0.00173484  0.000523779 
        41.5      42.5421     0.999249   0.00173464  0.000519759 
        41.5      42.8092     0.999255   0.00173444  0.000515789 
        41.5      43.0772      0.99926   0.00173426  0.000511868 
        41.5       43.346     0.999266   0.00173408  0.000507996 
        41.5      43.6157     0.999272   0.00173391  0.000504171 
        41.5      43.8862     0.999278   0.00173375  0.000500395 
        41.5      44.1575     0.999283   0.00173358  0.000496666 
        41.5      44.4296     0.999289   0.00173342  0.000492984 
        41.5      44.7026     0.999295   0.00173326  0.000489349 
        41.5      44.9765       0.9993   0.00173309   0.00048576 
        41.5      45.2511     0.999306   0.00173294  0.000482221 
        41.5      45.5266     0.999311   0.00173282   0.00047873 
        41.5       45.803     0.999316   0.00173271  0.000475285 
        41.5      46.0801     0.999322   0.00173261  0.000471885 
        41.5      46.3581     0.999327   0.00173252  0.000468531 
        41.5       46.637     0.999332   0.00173244  0.000465221 
        41.5      46.9167     0.999337   0.00173237  0.000461955 
        41.5      47.1972     0.999343   0.00173231  0.000458732 
        41.5      47.4785     0.999348   0.00173227   0.00045555 
        41.5      47.7607     0.999353   0.00173223  0.000452411 
        41.5      48.0438     0.999358    0.0017322  0.000449311 
        41.5      48.3276     0.999363   0.00173218  0.000446252 
        41.5      48.6123     0.999368   0.00173217  0.000443233 
        41.5      48.8979     0.999373   0.00173217  0.000440252 
        41.5      49.1842     0.999378   0.00173217  0.000437309 
        41.5      49.4714     0.999383   0.00173219  0.000434403 
        41.5      49.7595     0.999388    0.0017322  0.000431534 
        41.5      50.0484     0.999393   0.00173222  0.000428701 
        41.5      50.3381     0.999398   0.00173225  0.000425903 
        41.5      50.6286     0.999403   0.00173228  0.000423139 
        41.5        50.92     0.999408   0.00173231  0.000420409 
        41.5      51.2122     0.999413   0.00173225  0.000417707 
        41.5      51.5053     0.999417    0.0017322  0.000415045 
        41.5      51.7992     0.999422   0.00173217  0.000412423 
        41.5      52.0939     0.999427   0.00173215   0.00040984 
        41.5      52.3895     0.999431   0.00173214  0.000407296 
        41.5      52.6859     0.999436   0.00173214  0.000404791 
        41.5      52.9831      0.99944   0.00173216  0.000402324 
        41.5      53.2812     0.999444   0.00173218  0.000399894 
        41.5      53.5801     0.999449   0.00173222  0.000397502 
        41.5      53.8799     0.999453   0.00173227  0.000395147 
        41.5      54.1805     0.999458   0.00173232  0.000392828 
        41.5      54.4819     0.999462   0.00173238  0.000390545 
        41.5      54.7841     0.999466   0.00173245  0.000388297 
        41.5      55.0872      0.99947   0.00173253  0.000386084 
        41.5      55.3912     0.999474   0.00173262  0.000383906 
        41.5      55.6959     0.999479   0.00173271  0.000381762 
        41.5      56.0015     0.999483    0.0017328  0.000379651 
        41.5       56.308     0.999487    0.0017329  0.000377573 
        41.5      56.6152     0.999491   0.00173301  0.000375527 
        41.5      56.9233     0.999495   0.00173311  0.000373514 
        41.5      57.2323     0.999499   0.00173322  0.000371531 
        41.5      57.5421     0.999503   0.00173333  0.000369579 
        41.5      57.8527     0.999507   0.00173344  0.000367658 
        41.5      58.1641     0.999511   0.00173355  0.000365766 
        41.5      58.4764     0.999515   0.00173366  0.000363903 
        41.5      58.7896     0.999519   0.00173377  0.000362068 
        41.5      59.1035     0.999523   0.00173387  0.000360261 
        41.5      59.4183     0.999527   0.00173397  0.000358481 
        41.5      59.7339     0.999531   0.00173406  0.000356728 
        41.5      60.0504     0.999535   0.00173414  0.000355001 
        41.5      60.3677     0.999539   0.00173422  0.000353299 
        41.5      60.6859     0.999543   0.00173428  0.000351622 
        41.5      61.0048     0.999547   0.00173434  0.000349968 
        41.5      61.3247     0.999551   0.00173438  0.000348338 
        41.5      61.6453     0.999555   0.00173441  0.000346731 
        41.5      61.9668     0.999559   0.00173442  0.000345145 
        41.5      62.2891     0.999563   0.00173442  0.000343581 
        41.5      62.6123     0.999567   0.00173439  0.000342037 
        41.5      62.9363     0.999571   0.00173435  0.000340513 
        41.5      63.2611     0.999575   0.00173449  0.000339053 
        41.5      63.5868     0.999579   0.00173474   0.00033764 
        41.5      63.9133     0.999582   0.00173497   0.00033625 
        41.5      64.2406     0.999586   0.00173519  0.000334881 
        41.5      64.5688     0.999589    0.0017354  0.000333535 
        41.5      64.8978     0.999593   0.00173559  0.000332212 
        41.5      65.2277     0.999596   0.00173577  0.000330911 
        41.5      65.5583       0.9996   0.00173595  0.000329633 
        41.5      65.8899     0.999603   0.00173611  0.000328378 
        41.5      66.2222     0.999607   0.00173627  0.000327146 
        41.5      66.5554      0.99961   0.00173641  0.000325937 
        41.5      66.8894     0.999613   0.00173655  0.000324751 
        41.5      67.2243     0.999617   0.00173668  0.000323589 
        41.5        67.56      0.99962   0.00173681  0.000322451 
        41.5      67.8966     0.999624   0.00173692  0.000321336 
        41.5      68.2339     0.999627   0.00173704  0.000320244 
        41.5      68.5721     0.999631   0.00173715  0.000319176 
        41.5      68.9112     0.999634   0.00173725  0.000318132 
        41.5      69.2511     0.999637   0.00173735  0.000317111 
        41.5      69.5918     0.999641   0.00173745  0.000316113 
        41.5      69.9333     0.999644   0.00173754   0.00031514 
        41.5      70.2757     0.999647   0.00173764  0.000314189 
        41.5      70.6189      0.99965   0.00173773  0.000313262 
        41.5       70.963     0.999654   0.00173782  0.000312359 
        41.5      71.3079     0.999657   0.00173791  0.000311478 
        41.5      71.6536      0.99966     0.001738  0.000310621 
        41.5      72.0002     0.999663   0.00173809  0.000309787 
        41.5      72.3476     0.999666   0.00173819  0.000308975 
        41.5      72.6959     0.999669   0.00173828  0.000308186 
        41.5      73.0449     0.999672   0.00173838  0.000307419 
        41.5      73.3949     0.999675   0.00173848  0.000306675 
        41.5      73.7456     0.999678   0.00173858  0.000305952 
        41.5      74.0972     0.999681   0.00173869  0.000305251 
        41.5      74.4496     0.999684    0.0017388  0.000304571 
        41.5      74.8029     0.999687   0.00173891  0.000303913 
        41.5       75.157      0.99969   0.00173903  0.000303275 
        41.5      75.5119     0.999692   0.00173916  0.000302658 
        41.5      75.8677     0.999695   0.00173929   0.00030206 
        41.5      76.2243     0.999698   0.00173943  0.000301483 
        41.5      76.5817       0.9997   0.00173957  0.000300924 
        41.5        76.94     0.999703   0.00173972  0.000300385 
        41.5      77.2991     0.999705   0.00173988  0.000299863 
        41.5      77.6591     0.999708   0.00174005   0.00029936 
        41.5      78.0198      0.99971   0.00174022  0.000298874 
        41.5      78.3815     0.999713    0.0017404  0.000298404 
        41.5      78.7439     0.999715   0.00174059  0.000297951 
        41.5      79.1072     0.999718   0.00174067  0.000297473 
        41.5      79.4714     0.999721   0.00174068  0.000296996 
        41.5      79.8363     0.999723    0.0017407  0.000296546 
        41.5      80.2021     0.999726   0.00174072  0.000296123 
        41.5      80.5688     0.999729   0.00174075  0.000295726 
        41.5      80.9362     0.999732   0.00174078  0.000295355 
        41.5      81.3045     0.999735   0.00174081  0.000295008 
        41.5      81.6737     0.999738   0.00174085  0.000294685 
        41.5      82.0437     0.999741    0.0017409  0.000294385 
        41.5      82.4145     0.999744   0.00174095  0.000294108 
        41.5      82.7861     0.999747   0.00174101  0.000293851 
        41.5      83.1586      0.99975   0.00174108  0.000293616 
        41.5       83.532     0.999753   0.00174115  0.000293399 
        41.5      83.9061     0.999756   0.00174123  0.000293201 
        41.5      84.2811     0.999759   0.00174132   0.00029302 
        41.5       84.657     0.999762   0.00174141  0.000292855 
        41.5      85.0336     0.999765   0.00174151  0.000292705 
        41.5      85.4111     0.999768   0.00174161  0.000292569 
        41.5      85.7895     0.999771   0.00174172  0.000292445 
        41.5      86.1687     0.999773   0.00174183  0.000292332 
        41.5      86.5487     0.999776   0.00174195  0.000292229 
        41.5      86.9295     0.999779   0.00174206  0.000292134 
        41.5      87.3112     0.999782   0.00174217  0.000292046 
        41.5      87.6937     0.999785   0.00174228  0.000291963 
        41.5      88.0771     0.999787   0.00174238  0.000291883 
        41.5      88.4613      0.99979   0.00174248  0.000291805 
        41.5      88.8463     0.999793   0.00174256  0.000291728 
        41.5      89.2322     0.999795   0.00174263  0.000291648 
        41.5      89.6189     0.999798   0.00174269  0.000291565 
        41.5      90.0064     0.999801   0.00174272  0.000291477 
        41.5      90.3948     0.999803   0.00174272  0.000291381 
        41.5       90.784     0.999805    0.0017427  0.000291275 
        41.5      91.1741     0.999808   0.00174264  0.000291158 
        41.5       91.565      0.99981   0.00174254  0.000291027 
        41.5      91.9567     0.999812   0.00174244  0.000290954 
        41.5      92.3492     0.999814   0.00174244   0.00029115 
        41.5      92.7426     0.999816   0.00174245  0.000291356 
        41.5      93.1369     0.999817   0.00174246  0.000291572 
        41.5      93.5319     0.999819   0.00174246  0.000291798 
        41.5      93.9278     0.999821   0.00174247  0.000292034 
        41.5      94.3246     0.999822   0.00174247  0.000292279 
        41.5      94.7221     0.999824   0.00174248  0.000292534 
        41.5      95.1206     0.999826   0.00174248    0.0002928 
        41.5      95.5198     0.999828   0.00174248  0.000293074 
        41.5      95.9199      0.99983   0.00174249  0.000293359 
        41.5      96.3208     0.999831   0.00174249  0.000293653 
        41.5      96.7226     0.999833   0.00174249  0.000293958 
        41.5      97.1251     0.999835   0.00174249  0.000294271 
        41.5      97.5286     0.999837   0.00174249  0.000294595 
        41.5      97.9328     0.999839   0.00174248  0.000294928 
        41.5      98.3379     0.999841   0.00174248  0.000295271 
        41.5      98.7439     0.999843   0.00174248  0.000295624 
        41.5      99.1506     0.999845   0.00174247  0.000295987 
        41.5      99.5583     0.999847   0.00174247  0.000296359 
        41.5      99.9667     0.999849   0.00174246   0.00029674 
        41.5      100.376     0.999851   0.00174245  0.000297132 
        41.5      100.786     0.999853   0.00174244  0.000297533 
        41.5      101.197     0.999855   0.00174243  0.000297943 
        41.5      101.609     0.999857   0.00174241  0.000298364 
        41.5      102.021     0.999859    0.0017424  0.000298794 
        41.5      102.435     0.999861   0.00174238  0.000299233 
        41.5      102.849     0.999863   0.00174236  0.000299682 
        41.5      103.264     0.999866   0.00174234  0.000300141 
        41.5       103.68     0.999868   0.00174232  0.000300609 
        41.5      104.097      0.99987   0.00174229  0.000301086 
        41.5      104.515     0.999872   0.00174227  0.000301573 
        41.5      104.933     0.999874   0.00174224   0.00030207 
        41.5      105.353     0.999876   0.00174221  0.000302576 
        41.5      105.773     0.999878   0.00174217  0.000303092 
        41.5      106.194      0.99988   0.00174214  0.000303617 
        41.5      106.616     0.999883    0.0017421  0.000304152 
        41.5      107.038     0.999885   0.00174206  0.000304696 
        41.5      107.462     0.999887   0.00174201  0.000305249 
        41.5      107.886     0.999889   0.00174197  0.000305812 
        41.5      108.311     0.999891   0.00174192  0.000306384 
        41.5      108.737     0.999893   0.00174186  0.000306966 
        41.5      109.164     0.999896   0.00174181  0.000307557 
        41.5      109.592     0.999898   0.00174175  0.000308157 
        41.5       110.02       0.9999   0.00174169  0.000308767 
        41.5       110.45     0.999902   0.00174162  0.000309386 
        41.5       110.88     0.999904   0.00174155  0.000310015 
        41.5      111.311     0.999906   0.00174148  0.000310653 
        41.5      111.743     0.999908    0.0017414    0.0003113 
        41.5      112.175     0.999911   0.00174132  0.000311956 
        41.5      112.609     0.999913   0.00174124  0.000312622 
        41.5      113.043     0.999915   0.00174115  0.000313297 
        41.5      113.478     0.999917   0.00174106  0.000313981 
        41.5      113.914     0.999919   0.00174097  0.000314674 
        41.5      114.351     0.999921   0.00174087  0.000315377 
        41.5      114.789     0.999923   0.00174076  0.000316089 
        41.5      115.228     0.999926   0.00174065   0.00031681 
        41.5      115.667     0.999928   0.00174054   0.00031754 
        41.5      116.107      0.99993   0.00174042   0.00031828 
        41.5      116.548     0.999932    0.0017403  0.000319028 
        41.5       116.99     0.999934   0.00174017  0.000319786 
        41.5      117.433     0.999936   0.00174004  0.000320553 
        41.5      117.876     0.999938    0.0017399  0.000321329 
        41.5      118.321      0.99994   0.00173976  0.000322115 
        41.5      118.766     0.999942   0.00173961  0.000322909 
        41.5      119.212     0.999944   0.00173945  0.000323713 
        41.5      119.659     0.999946   0.00173929  0.000324525 
        41.5      120.107     0.999949   0.00173913  0.000325347 
        41.5      120.555     0.999951   0.00173896  0.000326178 
        41.5      121.005     0.999953   0.00173878  0.000327018 
        41.5      121.455     0.999955    0.0017386  0.000327867 
        41.5      121.906     0.999957   0.00173841  0.000328726 
        41.5      122.358     0.999959   0.00173821  0.000329593 
        41.5      122.811     0.999961   0.00173801  0.000330469 
        41.5      123.264     0.999963    0.0017378  0.000331355 
        41.5      123.719     0.999965   0.00173759  0.000332249 
        41.5      124.174     0.999967   0.00173736  0.000333153 
        41.5       124.63     0.999969   0.00173714  0.000334066 
        41.5      125.087     0.999971    0.0017369  0.000334987 
        41.5      125.545     0.999973   0.00173666  0.000335918 
        41.5      126.003     0.999975   0.00173641  0.000336858 
        41.5      126.463     0.999977   0.00173615  0.000337807 
        41.5      126.923     0.999978   0.00173589  0.000338765 
        41.5      127.384      0.99998   0.00173562  0.000339732 
        41.5      127.846     0.999982   0.00173534  0.000340708 
        41.5      128.309     0.999984   0.00173505  0.000341693 
        41.5      128.773     0.999986   0.00173476  0.000342688 
        41.5      129.237     0.999988   0.00173445  0.000343691 
        41.5      129.702      0.99999   0.00173414  0.000344703 
        41.5      130.169     0.999992   0.00173382  0.000345725 
        41.5      130.636     0.999993    0.0017335  0.000346755 
        41.5      131.103     0.999995   0.00173316  0.000347795 
        41.5      131.572     0.999997   0.00173282  0.000348843 
        41.5      132.041     0.999999   0.00173246  0.000349901 
        41.5      132.512            1    0.0017321  0.000350968 
        41.5      132.983            1   0.00173173  0.000352044 
        41.5      133.455            1   0.00173136  0.000353129 
        41.5      133.928      1.00001   0.00173097  0.000354224 
        41.5      134.401      1.00001   0.00173057  0.000355327 
        41.5      134.876      1.00001   0.00173017   0.00035644 
        41.5      135.351      1.00001   0.00172975  0.000357561 
        41.5      135.827      1.00001   0.00172933  0.000358692 
        41.5      136.304      1.00001    0.0017289  0.000359832 
        41.5      136.782      1.00001   0.00172846  0.000360982 
        41.5      137.261      1.00002   0.00172811  0.000362136 
        41.5       137.74      1.00002   0.00172784  0.000363304 
        41.5      138.221      1.00002   0.00172757  0.000364489 
        41.5      138.702      1.00002    0.0017273  0.000365693 
        41.5      139.184      1.00002   0.00172702  0.000366917 
        41.5      139.667      1.00002   0.00172674  0.000368161 
        41.5      140.151      1.00002   0.00172646  0.000369427 
        41.5      140.635      1.00002   0.00172618  0.000370715 
        41.5       141.12      1.00002   0.00172589  0.000372027 
        41.5      141.607      1.00002   0.00172562  0.000373363 
        41.5      142.094      1.00002   0.00172534  0.000374724 
        41.5      142.582      1.00002   0.00172507  0.000376112 
        41.5       143.07      1.00002   0.00172481  0.000377526 
        41.5       143.56      1.00002   0.00172455   0.00037897 
        41.5       144.05      1.00002   0.00172431  0.000380442 
        41.5      144.541      1.00002   0.00172408  0.000381945 
        41.5      145.033      1.00002   0.00172386  0.000383479 
        41.5      145.526      1.00002   0.00172366  0.000385046 
        41.5       146.02      1.00001   0.00172348  0.000386646 
        41.5      146.515      1.00001   0.00172333  0.000388282 
        41.5       147.01      1.00001   0.00172319  0.000389953 
        41.5      147.506      1.00001   0.00172309  0.000391662 
        41.5      148.003      1.00001   0.00172301  0.000393409 
        41.5      148.501      1.00001   0.00172297  0.000395196 
        41.5          149            1   0.00172297  0.000397024 
        41.5        149.5            1     0.001723  0.000398895 
        41.5          150            1   0.00172308  0.000400808 
