Variables = x, y, u, v, p

Zone, I=600, F=POINT
       824.5            0           -0           -0 -5.29713e-05 
       824.5     0.000418  0.000118723 -4.67941e-10 -5.29718e-05 
       824.5     0.001672   0.00047489 -1.68247e-09 -5.29733e-05 
       824.5     0.003763   0.00106879 -3.08493e-09 -5.29761e-05 
       824.5     0.006689   0.00189985 -3.77003e-09 -5.29807e-05 
       824.5     0.010451   0.00296835 -2.52906e-09 -5.29873e-05 
       824.5      0.01505   0.00427459  2.10665e-09 -5.29966e-05 
       824.5     0.020485   0.00581828  1.18109e-08 -5.30087e-05 
       824.5     0.026756   0.00759942  2.84159e-08 -5.30238e-05 
       824.5     0.033863   0.00961801   5.3874e-08 -5.30416e-05 
       824.5     0.041806    0.0118741  9.02383e-08 -5.30616e-05 
       824.5     0.050585    0.0143675  1.39664e-07 -5.30825e-05 
       824.5     0.060201    0.0170988  2.04445e-07 -5.31029e-05 
       824.5     0.070652    0.0200672  2.87041e-07 -5.31208e-05 
       824.5      0.08194    0.0232733  3.90202e-07 -5.31338e-05 
       824.5     0.094063    0.0267165  5.17001e-07 -5.31398e-05 
       824.5     0.107023    0.0303975  6.70986e-07 -5.31368e-05 
       824.5     0.120819    0.0343159  8.56167e-07 -5.31235e-05 
       824.5     0.135451    0.0384717  1.07705e-06 -5.31004e-05 
       824.5     0.150919    0.0428649  1.33848e-06 -5.30703e-05 
       824.5     0.167224    0.0474957  1.64541e-06 -5.30394e-05 
       824.5     0.184364    0.0523635  2.00217e-06 -5.30189e-05 
       824.5     0.202341     0.057469   2.4118e-06 -5.30267e-05 
       824.5     0.221153    0.0628114   2.8744e-06 -5.30891e-05 
       824.5     0.240802    0.0683914  3.38537e-06 -5.32434e-05 
       824.5     0.261287    0.0742083  4.04117e-06 -5.33872e-05 
       824.5     0.282608    0.0802623  4.80076e-06 -5.33721e-05 
       824.5     0.304765    0.0865532  5.59506e-06 -5.32852e-05 
       824.5     0.327758     0.093081  6.45311e-06 -5.31514e-05 
       824.5     0.351588    0.0998457  7.40163e-06 -5.29969e-05 
       824.5     0.376253     0.106846  8.46354e-06 -5.28487e-05 
       824.5     0.401755     0.114083  9.65712e-06 -5.27323e-05 
       824.5     0.428092     0.121556  1.09949e-05 -5.26699e-05 
       824.5     0.455266     0.129263  1.24839e-05 -5.26785e-05 
       824.5     0.483276     0.137206  1.41254e-05 -5.27665e-05 
       824.5     0.512122     0.145382  1.59169e-05  -5.2931e-05 
       824.5     0.541805     0.153793  1.78545e-05 -5.31541e-05 
       824.5     0.572323     0.162436  1.99367e-05 -5.33987e-05 
       824.5     0.603677     0.171312  2.21703e-05 -5.36044e-05 
       824.5     0.635868     0.180419  2.45783e-05 -5.36815e-05 
       824.5     0.668894     0.189756  2.72098e-05 -5.35062e-05 
       824.5     0.702757     0.199323  3.01539e-05 -5.29133e-05 
       824.5     0.737456     0.209119  3.35559e-05 -5.16901e-05 
       824.5     0.772991     0.219139  3.66646e-05  -5.1331e-05 
       824.5     0.809362     0.229383  3.99152e-05 -5.18141e-05 
       824.5      0.84657      0.23985  4.37395e-05 -5.23292e-05 
       824.5     0.884613     0.250536  4.80554e-05 -5.28395e-05 
       824.5     0.923492      0.26144   5.2791e-05 -5.33093e-05 
       824.5     0.963208     0.272559  5.78862e-05 -5.37052e-05 
       824.5      1.00376      0.28389   6.3294e-05 -5.39975e-05 
       824.5      1.04515     0.295429  6.89822e-05  -5.4161e-05 
       824.5      1.08737     0.307172  7.49337e-05 -5.41772e-05 
       824.5      1.13043     0.319116  8.11464e-05 -5.40356e-05 
       824.5      1.17433     0.331256  8.76325e-05 -5.37355e-05 
       824.5      1.21906     0.343588  9.44159e-05 -5.32884e-05 
       824.5      1.26463     0.356108   0.00010153 -5.27196e-05 
       824.5      1.31103     0.368809  0.000109011  -5.2071e-05 
       824.5      1.35827     0.381686  0.000116897 -5.14037e-05 
       824.5      1.40635     0.394734  0.000125213 -5.08002e-05 
       824.5      1.45526     0.407946  0.000133967 -5.03681e-05 
       824.5      1.50501     0.421316  0.000143135 -5.02428e-05 
       824.5       1.5556     0.434836  0.000152649  -5.0591e-05 
       824.5      1.60702       0.4485  0.000162377 -5.16145e-05 
       824.5      1.65928     0.462298  0.000172104 -5.35539e-05 
       824.5      1.71237     0.476223  0.000181511 -5.66927e-05 
       824.5       1.7663     0.490276  0.000192429 -6.08118e-05 
       824.5      1.82106     0.504438  0.000206851 -6.31504e-05 
       824.5      1.87667     0.518661  0.000219577 -6.39843e-05 
       824.5      1.93311     0.532934  0.000231223 -6.35762e-05 
       824.5      1.99038     0.547244  0.000242338 -6.21901e-05 
       824.5      2.04849     0.561581  0.000253406  -6.0089e-05 
       824.5      2.10744     0.575932  0.000264831 -5.75309e-05 
       824.5      2.16722     0.590283  0.000276935  -5.4766e-05 
       824.5      2.22784     0.604622  0.000289958 -5.20322e-05 
       824.5      2.28929     0.618934  0.000304053 -4.95519e-05 
       824.5      2.35158     0.633205  0.000319287 -4.75268e-05 
       824.5      2.41471      0.64742   0.00033564 -4.61339e-05 
       824.5      2.47867     0.661563  0.000353015 -4.55202e-05 
       824.5      2.54347     0.675619   0.00037124 -4.57975e-05 
       824.5      2.60911      0.68957  0.000390076 -4.70368e-05 
       824.5      2.67558       0.7034  0.000409235 -4.92622e-05 
       824.5      2.74288     0.717089   0.00042839 -5.24449e-05 
       824.5      2.81103     0.730621  0.000447199 -5.64961e-05 
       824.5      2.88001     0.743975  0.000465324 -6.12602e-05 
       824.5      2.94983     0.757131  0.000482462 -6.65071e-05 
       824.5      3.02048      0.77007  0.000498375 -7.19248e-05 
       824.5      3.09197     0.782769  0.000512931 -7.71107e-05 
       824.5      3.16429     0.795206  0.000526141 -8.15628e-05 
       824.5      3.23745      0.80736  0.000538217 -8.46713e-05 
       824.5      3.31145     0.819205  0.000549619 -8.57082e-05 
       824.5      3.38628     0.830718  0.000561121 -8.38178e-05 
       824.5      3.46195     0.841874  0.000573883 -7.80058e-05 
       824.5      3.53845     0.852647  0.000589522 -6.71288e-05 
       824.5      3.61579     0.863008  0.000610208 -4.98825e-05 
       824.5      3.69397     0.872931   0.00063875   -2.479e-05 
       824.5      3.77298     0.881898  0.000671078 -3.69849e-06 
       824.5      3.85283     0.889344  0.000688755 -1.15486e-05 
       824.5      3.93352     0.896561  0.000705143 -1.86913e-05 
       824.5      4.01504     0.903543  0.000720278 -2.50699e-05 
       824.5       4.0974     0.910288  0.000734194 -3.06272e-05 
       824.5      4.18059     0.916793  0.000746923 -3.53055e-05 
       824.5      4.26462     0.923056  0.000758498 -3.90468e-05 
       824.5      4.34949     0.929074  0.000768954 -4.17933e-05 
       824.5      4.43519     0.934846  0.000778322  -4.3487e-05 
       824.5      4.52173     0.940371  0.000786637 -4.40702e-05 
       824.5       4.6091     0.945647  0.000793935 -4.34855e-05 
       824.5      4.69731     0.950673  0.000800255 -4.16762e-05 
       824.5      4.78636      0.95545  0.000805638 -3.85863e-05 
       824.5      4.87624     0.959977  0.000810131 -3.41606e-05 
       824.5      4.96696     0.964255  0.000813785 -2.83454e-05 
       824.5      5.05851     0.968311  0.000824225 -3.00454e-05 
       824.5       5.1509     0.972122  0.000834601 -3.25431e-05 
       824.5      5.24413     0.975688  0.000844407 -3.52777e-05 
       824.5       5.3382     0.979013  0.000853613 -3.82051e-05 
       824.5      5.43309     0.982097  0.000862196 -4.12811e-05 
       824.5      5.52883     0.984944  0.000870139 -4.44618e-05 
       824.5       5.6254     0.987558  0.000877429 -4.77036e-05 
       824.5      5.72281     0.989941   0.00088406 -5.09638e-05 
       824.5      5.82105     0.992099  0.000890032 -5.42001e-05 
       824.5      5.92013     0.994036  0.000895349 -5.73715e-05 
       824.5      6.02005     0.995758  0.000900023 -6.04382e-05 
       824.5       6.1208     0.997271   0.00090407  -6.3362e-05 
       824.5      6.22239     0.998581  0.000907513 -6.61062e-05 
       824.5      6.32482     0.999696  0.000910377 -6.86365e-05 
       824.5      6.42808      1.00062  0.000912694 -7.09204e-05 
       824.5      6.53217      1.00137  0.000914501 -7.29282e-05 
       824.5      6.63711      1.00195  0.000915838 -7.46332e-05 
       824.5      6.74287      1.00236  0.000916748 -7.60115e-05 
       824.5      6.84948      1.00263  0.000917279 -7.70429e-05 
       824.5      6.95692      1.00276  0.000917478 -7.77109e-05 
       824.5       7.0652      1.00275  0.000917397 -7.80031e-05 
       824.5      7.17431      1.00264  0.000917087 -7.79116e-05 
       824.5      7.28426      1.00241  0.000916598 -7.74334e-05 
       824.5      7.39505       1.0021  0.000915979 -7.65705e-05 
       824.5      7.50667      1.00172  0.000915279 -7.53307e-05 
       824.5      7.61913      1.00127  0.000914539 -7.37276e-05 
       824.5      7.73242      1.00078  0.000913799 -7.17815e-05 
       824.5      7.84655      1.00026  0.000913089 -6.95191e-05 
       824.5      7.96152     0.999737  0.000912434 -6.69748e-05 
       824.5      8.07732     0.999217  0.000911845 -6.41905e-05 
       824.5      8.19396     0.998724  0.000911324 -6.12163e-05 
       824.5      8.31143     0.998278  0.000910859  -5.8111e-05 
       824.5      8.42974     0.997898   0.00091042 -5.49426e-05 
       824.5      8.54889     0.997606  0.000909959 -5.17888e-05 
       824.5      8.66887     0.997425  0.000909407 -4.87376e-05 
       824.5      8.78969     0.997376  0.000908671 -4.58875e-05 
       824.5      8.91135     0.997476  0.000907867 -4.36605e-05 
       824.5      9.03384     0.997593  0.000908129 -4.36215e-05 
       824.5      9.15717      0.99771  0.000907927 -4.35603e-05 
       824.5      9.28133     0.997827  0.000907367 -4.34902e-05 
       824.5      9.40633     0.997944  0.000906546 -4.34239e-05 
       824.5      9.53216      0.99806  0.000905555 -4.33732e-05 
       824.5      9.65884     0.998175  0.000904476 -4.33492e-05 
       824.5      9.78634     0.998288  0.000903385 -4.33623e-05 
       824.5      9.91469     0.998399  0.000902349 -4.34219e-05 
       824.5      10.0439     0.998508  0.000901427 -4.35363e-05 
       824.5      10.1739     0.998615   0.00090067 -4.37127e-05 
       824.5      10.3047     0.998718  0.000900123 -4.39572e-05 
       824.5      10.4364     0.998819   0.00089982 -4.42746e-05 
       824.5      10.5689     0.998916  0.000899789 -4.46684e-05 
       824.5      10.7023     0.999009  0.000900048 -4.51406e-05 
       824.5      10.8365     0.999099   0.00090061 -4.56916e-05 
       824.5      10.9715     0.999184  0.000901478 -4.63202e-05 
       824.5      11.1074     0.999266  0.000902648 -4.70235e-05 
       824.5      11.2441     0.999343  0.000904109 -4.77967e-05 
       824.5      11.3817     0.999416  0.000905844  -4.8633e-05 
       824.5        11.52     0.999484  0.000907829 -4.95236e-05 
       824.5      11.6592     0.999547  0.000910032 -5.04574e-05 
       824.5      11.7993     0.999606  0.000912418 -5.14212e-05 
       824.5      11.9402      0.99966  0.000914947 -5.23992e-05 
       824.5      12.0819     0.999709  0.000917572 -5.33731e-05 
       824.5      12.2245     0.999754  0.000920245  -5.4322e-05 
       824.5      12.3679     0.999794  0.000922915  -5.5222e-05 
       824.5      12.5121     0.999829  0.000925527 -5.60466e-05 
       824.5      12.6572     0.999859  0.000928026  -5.6766e-05 
       824.5      12.8031     0.999885  0.000930358 -5.73472e-05 
       824.5      12.9498     0.999907  0.000932469 -5.77539e-05 
       824.5      13.0974     0.999924  0.000934308 -5.79464e-05 
       824.5      13.2458     0.999937  0.000935827 -5.78812e-05 
       824.5       13.395     0.999945  0.000936983  -5.7511e-05 
       824.5      13.5451     0.999949   0.00093774 -5.67848e-05 
       824.5       13.696      0.99995  0.000938071 -5.56472e-05 
       824.5      13.8478     0.999947  0.000937956 -5.40387e-05 
       824.5      14.0004     0.999939  0.000937391 -5.18953e-05 
       824.5      14.1538     0.999929  0.000936381 -4.91483e-05 
       824.5      14.3081     0.999915  0.000934951 -4.57246e-05 
       824.5      14.4632     0.999897  0.000933142 -4.15455e-05 
       824.5      14.6191     0.999876  0.000931016 -3.65278e-05 
       824.5      14.7759     0.999852  0.000928657 -3.05826e-05 
       824.5      14.9335     0.999825  0.000926175 -2.36155e-05 
       824.5      15.0919     0.999794   0.00092371 -1.55266e-05 
       824.5      15.2512      0.99976   0.00092143 -6.20979e-06 
       824.5      15.4113     0.999731  0.000920352 -4.32804e-06 
       824.5      15.5723     0.999708  0.000919737  -1.1088e-05 
       824.5      15.7341     0.999684  0.000918404 -1.73936e-05 
       824.5      15.8967     0.999658  0.000916345 -2.32122e-05 
       824.5      16.0602     0.999631  0.000913551 -2.85125e-05 
       824.5      16.2245     0.999603  0.000910009 -3.32637e-05 
       824.5      16.3896     0.999573  0.000905707 -3.74364e-05 
       824.5      16.5556     0.999542  0.000900627 -4.10023e-05 
       824.5      16.7224     0.999509  0.000894746 -4.39342e-05 
       824.5        16.89     0.999474  0.000888039 -4.62064e-05 
       824.5      17.0585      0.99948  0.000888727 -4.76576e-05 
       824.5      17.2278     0.999512  0.000894298 -4.88778e-05 
       824.5      17.3979     0.999541  0.000899357 -5.00955e-05 
       824.5      17.5689     0.999568  0.000903916 -5.13103e-05 
       824.5      17.7408     0.999592  0.000907988 -5.25218e-05 
       824.5      17.9134     0.999613  0.000911585 -5.37292e-05 
       824.5      18.0869     0.999632  0.000914722 -5.49315e-05 
       824.5      18.2612     0.999649  0.000917414 -5.61276e-05 
       824.5      18.4364     0.999663  0.000919675 -5.73159e-05 
       824.5      18.6124     0.999675  0.000921523  -5.8495e-05 
       824.5      18.7892     0.999685  0.000922975 -5.96628e-05 
       824.5      18.9669     0.999693  0.000924048 -6.08172e-05 
       824.5      19.1454       0.9997  0.000924763 -6.19558e-05 
       824.5      19.3248     0.999704  0.000925137 -6.30758e-05 
       824.5       19.505     0.999707  0.000925193 -6.41743e-05 
       824.5       19.686     0.999708   0.00092495 -6.52478e-05 
       824.5      19.8678     0.999707  0.000925096 -6.53525e-05 
       824.5      20.0505     0.999705  0.000925715  -6.4377e-05 
       824.5      20.2341     0.999702  0.000926056 -6.34097e-05 
       824.5      20.4184     0.999698  0.000926145 -6.24517e-05 
       824.5      20.6036     0.999692  0.000926008 -6.15041e-05 
       824.5      20.7897     0.999686  0.000925669 -6.05679e-05 
       824.5      20.9765      0.99968  0.000925153 -5.96442e-05 
       824.5      21.1642     0.999674  0.000924486  -5.8734e-05 
       824.5      21.3528     0.999667  0.000923691 -5.78386e-05 
       824.5      21.5422     0.999661  0.000922795 -5.69589e-05 
       824.5      21.7324     0.999655   0.00092182 -5.60961e-05 
       824.5      21.9234     0.999649  0.000920789 -5.52513e-05 
       824.5      22.1153     0.999644  0.000919727 -5.44257e-05 
       824.5       22.308      0.99964  0.000918654 -5.36204e-05 
       824.5      22.5016     0.999636  0.000917592 -5.28366e-05 
       824.5       22.696     0.999633  0.000916561 -5.20754e-05 
       824.5      22.8912     0.999631  0.000915579  -5.1338e-05 
       824.5      23.0873      0.99963  0.000914664 -5.06255e-05 
       824.5      23.2842     0.999629  0.000913831 -4.99392e-05 
       824.5       23.482      0.99963  0.000913095 -4.92802e-05 
       824.5      23.6805     0.999631  0.000912468 -4.86497e-05 
       824.5        23.88     0.999633   0.00091196 -4.80489e-05 
       824.5      24.0802     0.999636  0.000911579 -4.74791e-05 
       824.5      24.2813      0.99964  0.000911331 -4.69413e-05 
       824.5      24.4832     0.999645  0.000911219 -4.64369e-05 
       824.5       24.686      0.99965  0.000911243 -4.59671e-05 
       824.5      24.8896     0.999655  0.000911399 -4.55329e-05 
       824.5       25.094     0.999661  0.000911683 -4.51358e-05 
       824.5      25.2993     0.999668  0.000912083 -4.47768e-05 
       824.5      25.5054     0.999674  0.000912587 -4.44573e-05 
       824.5      25.7123      0.99968  0.000913177 -4.41783e-05 
       824.5      25.9201     0.999686  0.000913831 -4.39412e-05 
       824.5      26.1287     0.999692  0.000914523 -4.37472e-05 
       824.5      26.3381     0.999697  0.000915223 -4.35974e-05 
       824.5      26.5484     0.999701  0.000915892  -4.3493e-05 
       824.5      26.7595     0.999705  0.000916491 -4.34353e-05 
       824.5      26.9715     0.999707  0.000916971 -4.34255e-05 
       824.5      27.1843     0.999707   0.00091728 -4.34648e-05 
       824.5      27.3979     0.999706  0.000917356 -4.35543e-05 
       824.5      27.6124     0.999703  0.000917135 -4.36953e-05 
       824.5      27.8277     0.999698  0.000916542 -4.38889e-05 
       824.5      28.0438      0.99969  0.000915495 -4.41363e-05 
       824.5      28.2608     0.999695  0.000915367 -4.39628e-05 
       824.5      28.4786     0.999701  0.000915589 -4.37535e-05 
       824.5      28.6972     0.999708  0.000916054 -4.35482e-05 
       824.5      28.9167     0.999714  0.000916722 -4.33608e-05 
       824.5       29.137      0.99972  0.000917546 -4.32072e-05 
       824.5      29.3582     0.999726  0.000918479 -4.31055e-05 
       824.5      29.5802     0.999732  0.000919466 -4.30758e-05 
       824.5       29.803     0.999736   0.00092045 -4.31404e-05 
       824.5      30.0267      0.99974  0.000921366 -4.33238e-05 
       824.5      30.2512     0.999742  0.000922142 -4.36531e-05 
       824.5      30.4765     0.999742  0.000922699 -4.41573e-05 
       824.5      30.7027     0.999741  0.000921767 -4.39157e-05 
       824.5      30.9297     0.999741  0.000920722   -4.355e-05 
       824.5      31.1575     0.999741  0.000919782 -4.31991e-05 
       824.5      31.3862     0.999741  0.000918945 -4.28647e-05 
       824.5      31.6157      0.99974  0.000918208  -4.2549e-05 
       824.5      31.8461      0.99974  0.000917571 -4.22537e-05 
       824.5      32.0773      0.99974   0.00091703 -4.19811e-05 
       824.5      32.3093      0.99974  0.000916585 -4.17329e-05 
       824.5      32.5421      0.99974  0.000916232 -4.15114e-05 
       824.5      32.7758      0.99974  0.000915969 -4.13185e-05 
       824.5      33.0104     0.999741  0.000915795 -4.11563e-05 
       824.5      33.2457     0.999741  0.000915706 -4.10269e-05 
       824.5      33.4819     0.999741  0.000915701 -4.09324e-05 
       824.5       33.719     0.999742  0.000915776 -4.08749e-05 
       824.5      33.9568     0.999743  0.000915929 -4.08566e-05 
       824.5      34.1956     0.999744  0.000916158 -4.08796e-05 
       824.5      34.4351     0.999745  0.000916459 -4.09461e-05 
       824.5      34.6755     0.999746  0.000916831 -4.10583e-05 
       824.5      34.9167     0.999747   0.00091727 -4.12184e-05 
       824.5      35.1588     0.999749  0.000917774 -4.14286e-05 
       824.5      35.4017     0.999749   0.00091776 -4.11058e-05 
       824.5      35.6454      0.99975  0.000917737 -4.07744e-05 
       824.5      35.8899     0.999751  0.000917722 -4.04534e-05 
       824.5      36.1354     0.999753  0.000917713 -4.01426e-05 
       824.5      36.3816     0.999754  0.000917707 -3.98422e-05 
       824.5      36.6287     0.999755  0.000917703 -3.95521e-05 
       824.5      36.8766     0.999756    0.0009177 -3.92724e-05 
       824.5      37.1253     0.999758  0.000917697  -3.9003e-05 
       824.5      37.3749     0.999759  0.000917693 -3.87439e-05 
       824.5      37.6253     0.999761  0.000917686  -3.8495e-05 
       824.5      37.8766     0.999762  0.000917677 -3.82564e-05 
       824.5      38.1287     0.999764  0.000917665 -3.80278e-05 
       824.5      38.3816     0.999766  0.000917649 -3.78094e-05 
       824.5      38.6353     0.999768   0.00091763 -3.76008e-05 
       824.5      38.8899     0.999769  0.000917608 -3.74021e-05 
       824.5      39.1454     0.999771  0.000917583 -3.72131e-05 
       824.5      39.4016     0.999773  0.000917555 -3.70337e-05 
       824.5      39.6588     0.999775  0.000917524 -3.68636e-05 
       824.5      39.9167     0.999777  0.000917492 -3.67028e-05 
       824.5      40.1755     0.999779   0.00091746 -3.65509e-05 
       824.5      40.4351     0.999781  0.000917427 -3.64078e-05 
       824.5      40.6955     0.999783  0.000917395 -3.62733e-05 
       824.5      40.9568     0.999786  0.000917365  -3.6147e-05 
       824.5      41.2189     0.999788  0.000917337 -3.60288e-05 
       824.5      41.4819      0.99979  0.000917313 -3.59182e-05 
       824.5      41.7457     0.999792  0.000917294 -3.58151e-05 
       824.5      42.0103     0.999794   0.00091728  -3.5719e-05 
       824.5      42.2758     0.999796  0.000917273 -3.56296e-05 
       824.5      42.5421     0.999799  0.000917274 -3.55465e-05 
       824.5      42.8092     0.999801  0.000917283 -3.54693e-05 
       824.5      43.0772     0.999803  0.000917301 -3.53976e-05 
       824.5       43.346     0.999805  0.000917329 -3.53309e-05 
       824.5      43.6157     0.999807  0.000917368 -3.52687e-05 
       824.5      43.8862      0.99981  0.000917418 -3.52106e-05 
       824.5      44.1575     0.999812  0.000917479  -3.5156e-05 
       824.5      44.4296     0.999814  0.000917551 -3.51044e-05 
       824.5      44.7026     0.999816  0.000917634 -3.50552e-05 
       824.5      44.9765     0.999818  0.000917727 -3.50077e-05 
       824.5      45.2511      0.99982   0.00091783 -3.49614e-05 
       824.5      45.5266     0.999822  0.000917941 -3.49155e-05 
       824.5       45.803     0.999824   0.00091806 -3.48695e-05 
       824.5      46.0801     0.999826  0.000918183 -3.48225e-05 
       824.5      46.3581     0.999827   0.00091831 -3.47738e-05 
       824.5       46.637     0.999829  0.000918437 -3.47226e-05 
       824.5      46.9167     0.999831  0.000918561 -3.46682e-05 
       824.5      47.1972     0.999832  0.000918678 -3.46096e-05 
       824.5      47.4785     0.999834  0.000918785 -3.45461e-05 
       824.5      47.7607     0.999835  0.000918875 -3.44766e-05 
       824.5      48.0438     0.999837  0.000918945 -3.44003e-05 
       824.5      48.3276     0.999838  0.000918987 -3.43161e-05 
       824.5      48.6123     0.999839  0.000918994 -3.42231e-05 
       824.5      48.8979      0.99984  0.000918959 -3.41202e-05 
       824.5      49.1842      0.99984  0.000918874 -3.40063e-05 
       824.5      49.4714     0.999841  0.000918728 -3.38803e-05 
       824.5      49.7595     0.999842  0.000918512  -3.3741e-05 
       824.5      50.0484     0.999842  0.000918214 -3.35873e-05 
       824.5      50.3381     0.999842  0.000917822 -3.34178e-05 
       824.5      50.6286     0.999842  0.000917322 -3.32314e-05 
       824.5        50.92     0.999845  0.000917469   -3.304e-05 
       824.5      51.2122     0.999849  0.000917691 -3.28546e-05 
       824.5      51.5053     0.999852  0.000917879 -3.26745e-05 
       824.5      51.7992     0.999856  0.000918037 -3.24994e-05 
       824.5      52.0939     0.999859  0.000918169 -3.23291e-05 
       824.5      52.3895     0.999862  0.000918276 -3.21632e-05 
       824.5      52.6859     0.999864  0.000918362 -3.20015e-05 
       824.5      52.9831     0.999867  0.000918428 -3.18438e-05 
       824.5      53.2812      0.99987  0.000918478 -3.16898e-05 
       824.5      53.5801     0.999872  0.000918512 -3.15392e-05 
       824.5      53.8799     0.999875  0.000918535 -3.13918e-05 
       824.5      54.1805     0.999877  0.000918546 -3.12474e-05 
       824.5      54.4819     0.999879  0.000918548 -3.11056e-05 
       824.5      54.7841     0.999882  0.000918544 -3.09663e-05 
       824.5      55.0872     0.999884  0.000918533 -3.08292e-05 
       824.5      55.3912     0.999886  0.000918517 -3.06941e-05 
       824.5      55.6959     0.999888  0.000918498 -3.05608e-05 
       824.5      56.0015      0.99989  0.000918477 -3.04289e-05 
       824.5       56.308     0.999892  0.000918455 -3.02984e-05 
       824.5      56.6152     0.999894  0.000918432  -3.0169e-05 
       824.5      56.9233     0.999896  0.000918409 -3.00404e-05 
       824.5      57.2323     0.999898  0.000918388 -2.99126e-05 
       824.5      57.5421       0.9999  0.000918368 -2.97852e-05 
       824.5      57.8527     0.999901  0.000918349 -2.96581e-05 
       824.5      58.1641     0.999903  0.000918333 -2.95311e-05 
       824.5      58.4764     0.999905   0.00091832 -2.94041e-05 
       824.5      58.7896     0.999907  0.000918309 -2.92768e-05 
       824.5      59.1035     0.999909    0.0009183  -2.9149e-05 
       824.5      59.4183     0.999911  0.000918295 -2.90207e-05 
       824.5      59.7339     0.999913  0.000918292 -2.88917e-05 
       824.5      60.0504     0.999914  0.000918291 -2.87618e-05 
       824.5      60.3677     0.999916  0.000918293 -2.86309e-05 
       824.5      60.6859     0.999918  0.000918297 -2.84989e-05 
       824.5      61.0048      0.99992  0.000918302 -2.83656e-05 
       824.5      61.3247     0.999922  0.000918309 -2.82309e-05 
       824.5      61.6453     0.999924  0.000918318 -2.80948e-05 
       824.5      61.9668     0.999926  0.000918327 -2.79571e-05 
       824.5      62.2891     0.999928  0.000918337 -2.78177e-05 
       824.5      62.6123      0.99993  0.000918347 -2.76766e-05 
       824.5      62.9363     0.999932  0.000918357 -2.75338e-05 
       824.5      63.2611     0.999934  0.000918366  -2.7389e-05 
       824.5      63.5868     0.999936  0.000918375 -2.72424e-05 
       824.5      63.9133     0.999938  0.000918383 -2.70939e-05 
       824.5      64.2406      0.99994   0.00091839 -2.69434e-05 
       824.5      64.5688     0.999943  0.000918396 -2.67909e-05 
       824.5      64.8978     0.999945  0.000918401 -2.66365e-05 
       824.5      65.2277     0.999947  0.000918406 -2.64801e-05 
       824.5      65.5583     0.999949  0.000918409 -2.63218e-05 
       824.5      65.8899     0.999951  0.000918413 -2.61616e-05 
       824.5      66.2222     0.999954  0.000918416 -2.59996e-05 
       824.5      66.5554     0.999956   0.00091842 -2.58358e-05 
       824.5      66.8894     0.999958  0.000918426 -2.56703e-05 
       824.5      67.2243      0.99996  0.000918434 -2.55031e-05 
       824.5        67.56     0.999963  0.000918447 -2.53345e-05 
       824.5      67.8966     0.999965  0.000918464 -2.51644e-05 
       824.5      68.2339     0.999967  0.000918488 -2.49931e-05 
       824.5      68.5721      0.99997   0.00091852 -2.48207e-05 
       824.5      68.9112     0.999972  0.000918564 -2.46474e-05 
       824.5      69.2511     0.999974   0.00091862 -2.44732e-05 
       824.5      69.5918     0.999977  0.000918693 -2.42985e-05 
       824.5      69.9333     0.999979  0.000918784 -2.41234e-05 
       824.5      70.2757     0.999981  0.000918897 -2.39482e-05 
       824.5      70.6189     0.999983  0.000919037  -2.3773e-05 
       824.5       70.963     0.999986  0.000919207 -2.35982e-05 
       824.5      71.3079     0.999988  0.000919411 -2.34241e-05 
       824.5      71.6536      0.99999  0.000919462 -2.32946e-05 
       824.5      72.0002     0.999992  0.000919448 -2.31776e-05 
       824.5      72.3476     0.999995  0.000919427 -2.30578e-05 
       824.5      72.6959     0.999997  0.000919398 -2.29356e-05 
       824.5      73.0449     0.999999  0.000919357 -2.28113e-05 
       824.5      73.3949            1  0.000919885 -2.28364e-05 
       824.5      73.7456            1  0.000920663 -2.29833e-05 
       824.5      74.0972            1  0.000921391 -2.31875e-05 
       824.5      74.4496            1  0.000921506 -2.32655e-05 
       824.5      74.8029      1.00001  0.000921356 -2.32463e-05 
       824.5       75.157      1.00001  0.000921185  -2.3196e-05 
       824.5      75.5119      1.00001  0.000920998 -2.31166e-05 
       824.5      75.8677      1.00001  0.000920797 -2.30101e-05 
       824.5      76.2243      1.00002  0.000920587 -2.28783e-05 
       824.5      76.5817      1.00002  0.000920371  -2.2723e-05 
       824.5        76.94      1.00002  0.000920151  -2.2546e-05 
       824.5      77.2991      1.00003   0.00091993 -2.23493e-05 
       824.5      77.6591      1.00003  0.000919711 -2.21344e-05 
       824.5      78.0198      1.00003  0.000919497 -2.19032e-05 
       824.5      78.3815      1.00004  0.000919289 -2.16572e-05 
       824.5      78.7439      1.00004   0.00091909 -2.13983e-05 
       824.5      79.1072      1.00004    0.0009189 -2.11278e-05 
       824.5      79.4714      1.00005  0.000918722 -2.08475e-05 
       824.5      79.8363      1.00005  0.000918558 -2.05589e-05 
       824.5      80.2021      1.00005  0.000918407 -2.02633e-05 
       824.5      80.5688      1.00006  0.000918271 -1.99623e-05 
       824.5      80.9362      1.00006  0.000918151 -1.96573e-05 
       824.5      81.3045      1.00006  0.000918048 -1.93495e-05 
       824.5      81.6737      1.00006  0.000917962 -1.90403e-05 
       824.5      82.0437      1.00007  0.000917893 -1.87309e-05 
       824.5      82.4145      1.00007  0.000917841 -1.84225e-05 
       824.5      82.7861      1.00007  0.000917806 -1.81163e-05 
       824.5      83.1586      1.00008  0.000917788 -1.78133e-05 
       824.5       83.532      1.00008  0.000917787 -1.75145e-05 
       824.5      83.9061      1.00008  0.000917802  -1.7221e-05 
       824.5      84.2811      1.00008  0.000917833 -1.69336e-05 
       824.5       84.657      1.00009  0.000917878 -1.66532e-05 
       824.5      85.0336      1.00009  0.000917937 -1.63805e-05 
       824.5      85.4111      1.00009   0.00091801 -1.61164e-05 
       824.5      85.7895      1.00009  0.000918094 -1.58614e-05 
       824.5      86.1687       1.0001  0.000918189 -1.56161e-05 
       824.5      86.5487       1.0001  0.000918294 -1.53811e-05 
       824.5      86.9295       1.0001  0.000918407 -1.51568e-05 
       824.5      87.3112       1.0001  0.000918527 -1.49437e-05 
       824.5      87.6937       1.0001  0.000918653 -1.47419e-05 
       824.5      88.0771       1.0001  0.000918782 -1.45518e-05 
       824.5      88.4613       1.0001  0.000918914 -1.43735e-05 
       824.5      88.8463      1.00011  0.000919048  -1.4207e-05 
       824.5      89.2322      1.00011   0.00091918 -1.40525e-05 
       824.5      89.6189      1.00011  0.000919311 -1.39097e-05 
       824.5      90.0064      1.00011  0.000919439 -1.37786e-05 
       824.5      90.3948      1.00011  0.000919561 -1.36588e-05 
       824.5       90.784      1.00011  0.000919678   -1.355e-05 
       824.5      91.1741      1.00011  0.000919787 -1.34519e-05 
       824.5       91.565      1.00011  0.000919886 -1.33638e-05 
       824.5      91.9567      1.00011  0.000919976 -1.32852e-05 
       824.5      92.3492      1.00011  0.000920055 -1.32153e-05 
       824.5      92.7426      1.00011  0.000920121 -1.31534e-05 
       824.5      93.1369      1.00011  0.000920174 -1.30986e-05 
       824.5      93.5319      1.00011  0.000920213 -1.30497e-05 
       824.5      93.9278      1.00011  0.000920238 -1.30059e-05 
       824.5      94.3246      1.00011  0.000920248 -1.29657e-05 
       824.5      94.7221      1.00011  0.000920243  -1.2928e-05 
       824.5      95.1206      1.00011  0.000920224 -1.28912e-05 
       824.5      95.5198      1.00011  0.000920189 -1.28539e-05 
       824.5      95.9199      1.00011  0.000920141 -1.28144e-05 
       824.5      96.3208      1.00011  0.000920079  -1.2771e-05 
       824.5      96.7226       1.0001  0.000920005 -1.27217e-05 
       824.5      97.1251       1.0001  0.000919919 -1.26645e-05 
       824.5      97.5286       1.0001  0.000919825 -1.25974e-05 
       824.5      97.9328       1.0001  0.000919723 -1.25182e-05 
       824.5      98.3379       1.0001  0.000919617 -1.24243e-05 
       824.5      98.7439       1.0001  0.000919508 -1.23135e-05 
       824.5      99.1506       1.0001  0.000919401 -1.21829e-05 
       824.5      99.5583       1.0001  0.000919299 -1.20299e-05 
       824.5      99.9667      1.00011  0.000919206 -1.18517e-05 
       824.5      100.376      1.00011  0.000919127 -1.16451e-05 
       824.5      100.786      1.00011  0.000919066  -1.1407e-05 
       824.5      101.197      1.00011  0.000919031 -1.11341e-05 
       824.5      101.609      1.00011  0.000919026 -1.08229e-05 
       824.5      102.021      1.00011  0.000919058   -1.047e-05 
       824.5      102.435      1.00012  0.000919136 -1.00715e-05 
       824.5      102.849      1.00012  0.000919267 -9.62353e-06 
       824.5      103.264      1.00012  0.000919461  -9.1221e-06 
       824.5       103.68      1.00013  0.000919725 -8.56299e-06 
       824.5      104.097      1.00013  0.000919885 -8.15848e-06 
       824.5      104.515      1.00013  0.000919774 -8.07402e-06 
       824.5      104.933      1.00014   0.00091967 -7.97781e-06 
       824.5      105.353      1.00014  0.000919572 -7.87034e-06 
       824.5      105.773      1.00015   0.00091948  -7.7521e-06 
       824.5      106.194      1.00015  0.000919395 -7.62359e-06 
       824.5      106.616      1.00016  0.000919317 -7.48534e-06 
       824.5      107.038      1.00016  0.000919246 -7.33789e-06 
       824.5      107.462      1.00016  0.000919182 -7.18182e-06 
       824.5      107.886      1.00017  0.000919125  -7.0177e-06 
       824.5      108.311      1.00017  0.000919076 -6.84614e-06 
       824.5      108.737      1.00018  0.000919035 -6.66775e-06 
       824.5      109.164      1.00018  0.000919002 -6.48318e-06 
       824.5      109.592      1.00019  0.000918977 -6.29308e-06 
       824.5       110.02       1.0002   0.00091896 -6.09814e-06 
       824.5       110.45       1.0002  0.000918952 -5.89906e-06 
       824.5       110.88      1.00021  0.000918952 -5.69656e-06 
       824.5      111.311      1.00021  0.000918961 -5.49139e-06 
       824.5      111.743      1.00022  0.000918978  -5.2843e-06 
       824.5      112.175      1.00022  0.000919005 -5.07608e-06 
       824.5      112.609      1.00023   0.00091904 -4.86755e-06 
       824.5      113.043      1.00023  0.000919083 -4.65952e-06 
       824.5      113.478      1.00024  0.000919136 -4.45285e-06 
       824.5      113.914      1.00025  0.000919196 -4.24842e-06 
       824.5      114.351      1.00025  0.000919266 -4.04712e-06 
       824.5      114.789      1.00026  0.000919344 -3.84987e-06 
       824.5      115.228      1.00026   0.00091943 -3.65762e-06 
       824.5      115.667      1.00027  0.000919523 -3.47134e-06 
       824.5      116.107      1.00027  0.000919625 -3.29202e-06 
       824.5      116.548      1.00028  0.000919733 -3.12067e-06 
       824.5       116.99      1.00028  0.000919849 -2.95833e-06 
       824.5      117.433      1.00029  0.000919971 -2.80608e-06 
       824.5      117.876      1.00029  0.000920099 -2.66501e-06 
       824.5      118.321       1.0003  0.000920233 -2.53623e-06 
       824.5      118.766       1.0003  0.000920371 -2.42089e-06 
       824.5      119.212      1.00031  0.000920514 -2.32015e-06 
       824.5      119.659      1.00031   0.00092066 -2.23522e-06 
       824.5      120.107      1.00032  0.000920736 -2.11265e-06 
       824.5      120.555      1.00032  0.000920604 -1.83897e-06 
       824.5      121.005      1.00033  0.000920485 -1.57522e-06 
       824.5      121.455      1.00033  0.000920379 -1.32089e-06 
       824.5      121.906      1.00034  0.000920283 -1.07549e-06 
       824.5      122.358      1.00034  0.000920198 -8.38526e-07 
       824.5      122.811      1.00035  0.000920123 -6.09526e-07 
       824.5      123.264      1.00035  0.000920056 -3.88017e-07 
       824.5      123.719      1.00036  0.000919998 -1.73535e-07 
       824.5      124.174      1.00036  0.000919947  3.43724e-08 
       824.5       124.63      1.00036  0.000919902   2.3615e-07 
       824.5      125.087      1.00037  0.000919864  4.32234e-07 
       824.5      125.545      1.00037  0.000919831  6.23049e-07 
       824.5      126.003      1.00037  0.000919802  8.09013e-07 
       824.5      126.463      1.00038  0.000919779  9.90531e-07 
       824.5      126.923      1.00038  0.000919758    1.168e-06 
       824.5      127.384      1.00038  0.000919741  1.34181e-06 
       824.5      127.846      1.00039  0.000919727  1.51232e-06 
       824.5      128.309      1.00039  0.000919715  1.67992e-06 
       824.5      128.773      1.00039  0.000919704  1.84494e-06 
       824.5      129.237      1.00039  0.000919695  2.00773e-06 
       824.5      129.702      1.00039  0.000919687  2.16863e-06 
       824.5      130.169      1.00039   0.00091968  2.32794e-06 
       824.5      130.636      1.00039  0.000919673  2.48597e-06 
       824.5      131.103      1.00039  0.000919666  2.64302e-06 
       824.5      131.572      1.00039  0.000919659  2.79937e-06 
       824.5      132.041      1.00039  0.000919651  2.95528e-06 
       824.5      132.512      1.00039  0.000919643  3.11101e-06 
       824.5      132.983      1.00039  0.000919634   3.2668e-06 
       824.5      133.455      1.00039  0.000919623  3.42287e-06 
       824.5      133.928      1.00039  0.000919612  3.57944e-06 
       824.5      134.401      1.00038    0.0009196   3.7367e-06 
       824.5      134.876      1.00038  0.000919586  3.89484e-06 
       824.5      135.351      1.00038  0.000919571  4.05403e-06 
       824.5      135.827      1.00037  0.000919554  4.21441e-06 
       824.5      136.304      1.00037  0.000919536  4.37613e-06 
       824.5      136.782      1.00036  0.000919517  4.53931e-06 
       824.5      137.261      1.00036  0.000919497  4.70405e-06 
       824.5       137.74      1.00035  0.000919475  4.87044e-06 
       824.5      138.221      1.00035  0.000919453  5.03855e-06 
       824.5      138.702      1.00034   0.00091943  5.20843e-06 
       824.5      139.184      1.00033  0.000919406  5.38013e-06 
       824.5      139.667      1.00032  0.000919381  5.55367e-06 
       824.5      140.151      1.00032  0.000919357  5.72904e-06 
       824.5      140.635      1.00031  0.000919332  5.90622e-06 
       824.5       141.12       1.0003  0.000919308  6.08519e-06 
       824.5      141.607      1.00029  0.000919285  6.26589e-06 
       824.5      142.094      1.00028  0.000919262  6.44824e-06 
       824.5      142.582      1.00026  0.000919241  6.63215e-06 
       824.5       143.07      1.00025  0.000919222   6.8175e-06 
       824.5       143.56      1.00024  0.000919205  7.00417e-06 
       824.5       144.05      1.00023   0.00091919    7.192e-06 
       824.5      144.541      1.00021  0.000919179  7.38081e-06 
       824.5      145.033       1.0002  0.000919171  7.57041e-06 
       824.5      145.526      1.00018  0.000919167  7.76058e-06 
       824.5       146.02      1.00016  0.000919168  7.95108e-06 
       824.5      146.515      1.00015  0.000919174  8.14164e-06 
       824.5       147.01      1.00013  0.000919186  8.33198e-06 
       824.5      147.506      1.00011  0.000919204   8.5218e-06 
       824.5      148.003      1.00009  0.000919229  8.71076e-06 
       824.5      148.501      1.00007  0.000919262   8.8985e-06 
       824.5          149      1.00005  0.000919303  9.08466e-06 
       824.5        149.5      1.00002  0.000919354  9.26881e-06 
       824.5          150            1  0.000919414  9.45054e-06 
