Variables = x, y, u, v, p

Zone, I=600, F=POINT
       699.5            0           -0           -0 -8.15049e-05 
       699.5     0.000418  0.000181656 -2.34096e-10 -8.15052e-05 
       699.5     0.001672  0.000726626 -7.70925e-10  -8.1506e-05 
       699.5     0.003763   0.00163535 -1.11955e-09 -8.15074e-05 
       699.5     0.006689   0.00290696 -4.78843e-10 -8.15096e-05 
       699.5     0.010451   0.00454189  2.23704e-09 -8.15129e-05 
       699.5      0.01505    0.0065406  8.37139e-09 -8.15174e-05 
       699.5     0.020485   0.00890265   1.9489e-08 -8.15231e-05 
       699.5     0.026756    0.0116281  3.73485e-08   -8.153e-05 
       699.5     0.033863    0.0147168  6.38779e-08  -8.1538e-05 
       699.5     0.041806    0.0181689  1.01162e-07 -8.15464e-05 
       699.5     0.050585    0.0219844  1.51444e-07 -8.15547e-05 
       699.5     0.060201    0.0261637  2.17147e-07 -8.15619e-05 
       699.5     0.070652    0.0307059  3.00885e-07 -8.15668e-05 
       699.5      0.08194    0.0356118  4.05554e-07 -8.15682e-05 
       699.5     0.094063    0.0408805  5.34326e-07 -8.15647e-05 
       699.5     0.107023     0.046513  6.90772e-07 -8.15555e-05 
       699.5     0.120819    0.0525086  8.78821e-07   -8.154e-05 
       699.5     0.135451    0.0588673  1.10279e-06 -8.15187e-05 
       699.5     0.150919     0.065589  1.36729e-06 -8.14935e-05 
       699.5     0.167224    0.0726739  1.67705e-06 -8.14685e-05 
       699.5     0.184364    0.0801212  2.03645e-06 -8.14506e-05 
       699.5     0.202341    0.0879315  2.44913e-06 -8.14507e-05 
       699.5     0.221153    0.0961036  2.91689e-06 -8.14847e-05 
       699.5     0.240802     0.104638   3.4386e-06 -8.15747e-05 
       699.5     0.261287     0.113536  4.06956e-06 -8.16427e-05 
       699.5     0.282608     0.122795  4.79336e-06 -8.16187e-05 
       699.5     0.304765     0.132414  5.57302e-06 -8.15696e-05 
       699.5     0.327758     0.142393  6.42527e-06 -8.15051e-05 
       699.5     0.351588     0.152729  7.36611e-06 -8.14358e-05 
       699.5     0.376253     0.163422  8.41005e-06 -8.13721e-05 
       699.5     0.401755     0.174469  9.56988e-06  -8.1324e-05 
       699.5     0.428092     0.185869  1.08559e-05    -8.13e-05 
       699.5     0.455266      0.19762  1.22764e-05 -8.13066e-05 
       699.5     0.483276     0.209719  1.38369e-05 -8.13468e-05 
       699.5     0.512122     0.222164  1.55415e-05 -8.14191e-05 
       699.5     0.541805     0.234952  1.73937e-05 -8.15159e-05 
       699.5     0.572323     0.248078  1.93975e-05 -8.16221e-05 
       699.5     0.603677     0.261541  2.15607e-05 -8.17134e-05 
       699.5     0.635868     0.275335  2.38975e-05 -8.17538e-05 
       699.5     0.668894     0.289457  2.64332e-05 -8.16938e-05 
       699.5     0.702757     0.303901  2.92097e-05 -8.14676e-05 
       699.5     0.737456     0.318663  3.22926e-05 -8.09906e-05 
       699.5     0.772991      0.33377  3.54212e-05 -8.08671e-05 
       699.5     0.809362     0.349183  3.86637e-05 -8.10667e-05 
       699.5      0.84657      0.36487  4.21766e-05 -8.12632e-05 
       699.5     0.884613      0.38082  4.59497e-05 -8.14479e-05 
       699.5     0.923492     0.397019  4.99752e-05 -8.16127e-05 
       699.5     0.963208     0.413456  5.42474e-05 -8.17499e-05 
       699.5      1.00376     0.430114  5.87628e-05 -8.18528e-05 
       699.5      1.04515      0.44698  6.35209e-05 -8.19162e-05 
       699.5      1.08737     0.464035  6.85234e-05 -8.19363e-05 
       699.5      1.13043     0.481262  7.37746e-05 -8.19114e-05 
       699.5      1.17433     0.498642  7.92807e-05 -8.18423e-05 
       699.5      1.21906     0.516155  8.50492e-05 -8.17327e-05 
       699.5      1.26463     0.533779  9.10884e-05   -8.159e-05 
       699.5      1.31103      0.55149  9.74055e-05 -8.14253e-05 
       699.5      1.35827     0.569266  0.000104006 -8.12548e-05 
       699.5      1.40635     0.587078   0.00011089 -8.10995e-05 
       699.5      1.45526       0.6049  0.000118054 -8.09869e-05 
       699.5      1.50501     0.622703  0.000125481  -8.0951e-05 
       699.5       1.5556     0.640455  0.000133144 -8.10336e-05 
       699.5      1.60702     0.658124     0.000141 -8.12846e-05 
       699.5      1.65928     0.675677  0.000148981 -8.17638e-05 
       699.5      1.71237     0.693076  0.000156996  -8.2541e-05 
       699.5       1.7663     0.710331  0.000164847 -8.29713e-05 
       699.5      1.82106     0.727357   0.00017288 -8.20638e-05 
       699.5      1.87667      0.74396  0.000181424  -8.1439e-05 
       699.5      1.93311     0.760123   0.00019034 -8.10609e-05 
       699.5      1.99038     0.775829  0.000199495  -8.0893e-05 
       699.5      2.04849     0.791061  0.000208768 -8.08986e-05 
       699.5      2.10744     0.805805  0.000218053 -8.10411e-05 
       699.5      2.16722     0.820045  0.000227254 -8.12848e-05 
       699.5      2.22784     0.833768  0.000236291  -8.1595e-05 
       699.5      2.28929     0.846962  0.000245097 -8.19389e-05 
       699.5      2.35158     0.859615  0.000253621 -8.22858e-05 
       699.5      2.41471     0.871717  0.000261828 -8.26079e-05 
       699.5      2.47867     0.883259  0.000269696  -8.2881e-05 
       699.5      2.54347     0.894232  0.000277218 -8.30852e-05 
       699.5      2.60911      0.90463  0.000284397 -8.32054e-05 
       699.5      2.67558     0.914447   0.00029125 -8.32323e-05 
       699.5      2.74288     0.923679  0.000297801 -8.31632e-05 
       699.5      2.81103     0.932323  0.000304078  -8.3003e-05 
       699.5      2.88001     0.940378  0.000310114 -8.27648e-05 
       699.5      2.94983     0.947845  0.000315938 -8.24712e-05 
       699.5      3.02048     0.954724   0.00032157 -8.21552e-05 
       699.5      3.09197     0.961019  0.000327019 -8.18612e-05 
       699.5      3.16429     0.966736  0.000332273 -8.16466e-05 
       699.5      3.23745      0.97188  0.000337291 -8.15822e-05 
       699.5      3.31145      0.97646  0.000341996 -8.17544e-05 
       699.5      3.38628     0.980486  0.000346261 -8.22658e-05 
       699.5      3.46195     0.983971  0.000349903  -8.3237e-05 
       699.5      3.53845     0.986928  0.000352666 -8.48077e-05 
       699.5      3.61579     0.989373   0.00035421 -8.71387e-05 
       699.5      3.69397     0.991325  0.000354091 -9.04132e-05 
       699.5      3.77298     0.992601  0.000353941 -9.24477e-05 
       699.5      3.85283     0.993205  0.000357872  -8.9309e-05 
       699.5      3.93352     0.993787  0.000361247 -8.65203e-05 
       699.5      4.01504     0.994345  0.000364096  -8.4068e-05 
       699.5       4.0974      0.99488  0.000366448 -8.19383e-05 
       699.5      4.18059     0.995391  0.000368335 -8.01169e-05 
       699.5      4.26462     0.995878  0.000369791 -7.85887e-05 
       699.5      4.34949     0.996341  0.000370849 -7.73386e-05 
       699.5      4.43519     0.996779  0.000371545 -7.63512e-05 
       699.5      4.52173     0.997194  0.000371915 -7.56105e-05 
       699.5       4.6091     0.997585  0.000371997 -7.51009e-05 
       699.5      4.69731     0.997951  0.000371828 -7.48062e-05 
       699.5      4.78636     0.998294  0.000371446 -7.47105e-05 
       699.5      4.87624     0.998612   0.00037089  -7.4798e-05 
       699.5      4.96696     0.998907  0.000370197 -7.50529e-05 
       699.5      5.05851     0.999179  0.000369407 -7.54598e-05 
       699.5       5.1509     0.999427  0.000368555 -7.60038e-05 
       699.5      5.24413     0.999652  0.000367678 -7.66703e-05 
       699.5       5.3382     0.999855  0.000366813 -7.74453e-05 
       699.5      5.43309      1.00004   0.00036599 -7.83158e-05 
       699.5      5.52883      1.00019  0.000365244 -7.92694e-05 
       699.5       5.6254      1.00033  0.000364601 -8.02946e-05 
       699.5      5.72281      1.00045  0.000364089 -8.13814e-05 
       699.5      5.82105      1.00055   0.00036373 -8.25206e-05 
       699.5      5.92013      1.00063  0.000363544 -8.37048e-05 
       699.5      6.02005      1.00069  0.000363544 -8.49279e-05 
       699.5       6.1208      1.00073  0.000363742 -8.61856e-05 
       699.5      6.22239      1.00075   0.00036414 -8.74755e-05 
       699.5      6.32482      1.00076  0.000364738 -8.87972e-05 
       699.5      6.42808      1.00075  0.000365526 -9.01526e-05 
       699.5      6.53217      1.00073  0.000367199 -9.05998e-05 
       699.5      6.63711      1.00069  0.000371117 -8.82184e-05 
       699.5      6.74287      1.00064  0.000374763 -8.62233e-05 
       699.5      6.84948      1.00058  0.000378066 -8.45946e-05 
       699.5      6.95692       1.0005  0.000380957 -8.33054e-05 
       699.5       7.0652      1.00042  0.000383362 -8.23217e-05 
       699.5      7.17431      1.00033  0.000385208 -8.16019e-05 
       699.5      7.28426      1.00024  0.000386421  -8.1096e-05 
       699.5      7.39505      1.00014  0.000386928 -8.07454e-05 
       699.5      7.50667      1.00003  0.000386657 -8.04822e-05 
       699.5      7.61913     0.999932  0.000385536 -8.02287e-05 
       699.5      7.73242      0.99983  0.000383498 -7.98972e-05 
       699.5      7.84655     0.999733   0.00038048 -7.93886e-05 
       699.5      7.96152     0.999642  0.000376422 -7.85929e-05 
       699.5      8.07732      0.99956  0.000371271 -7.73876e-05 
       699.5      8.19396      0.99949  0.000364981 -7.56376e-05 
       699.5      8.31143     0.999435  0.000357515 -7.31946e-05 
       699.5      8.42974       0.9994  0.000348844 -6.98962e-05 
       699.5      8.54889     0.999387  0.000338953 -6.55651e-05 
       699.5      8.66887     0.999428  0.000336571   -6.409e-05 
       699.5      8.78969     0.999503  0.000343109 -6.63711e-05 
       699.5      8.91135     0.999575  0.000349548 -6.83731e-05 
       699.5      9.03384     0.999642  0.000355795 -7.01237e-05 
       699.5      9.15717     0.999704  0.000361768 -7.16498e-05 
       699.5      9.28133     0.999762   0.00036739 -7.29773e-05 
       699.5      9.40633     0.999814  0.000372595 -7.41315e-05 
       699.5      9.53216     0.999861  0.000377323 -7.51361e-05 
       699.5      9.65884     0.999903  0.000381523 -7.60142e-05 
       699.5      9.78634     0.999939  0.000385155  -7.6787e-05 
       699.5      9.91469      0.99997  0.000388184 -7.74746e-05 
       699.5      10.0439     0.999995  0.000390589 -7.80953e-05 
       699.5      10.1739      1.00002  0.000392355 -7.86656e-05 
       699.5      10.3047      1.00003  0.000393477    -7.92e-05 
       699.5      10.4364      1.00004  0.000393962 -7.97112e-05 
       699.5      10.5689      1.00004  0.000393822 -8.02094e-05 
       699.5      10.7023      1.00005  0.000393084 -8.07025e-05 
       699.5      10.8365      1.00004   0.00039178 -8.11956e-05 
       699.5      10.9715      1.00004  0.000389954 -8.16913e-05 
       699.5      11.1074      1.00003   0.00038766 -8.21891e-05 
       699.5      11.2441      1.00001  0.000384959 -8.26854e-05 
       699.5      11.3817     0.999999  0.000381923 -8.31733e-05 
       699.5        11.52     0.999984  0.000378631 -8.36422e-05 
       699.5      11.6592     0.999967  0.000375172  -8.4078e-05 
       699.5      11.7993     0.999951  0.000371643 -8.44625e-05 
       699.5      11.9402     0.999934  0.000368149 -8.47733e-05 
       699.5      12.0819     0.999919    0.0003648 -8.49838e-05 
       699.5      12.2245     0.999906  0.000361716 -8.50627e-05 
       699.5      12.3679     0.999895  0.000359021 -8.49739e-05 
       699.5      12.5121     0.999887  0.000356844  -8.4676e-05 
       699.5      12.6572     0.999883  0.000355321 -8.41226e-05 
       699.5      12.8031     0.999882   0.00035459 -8.32615e-05 
       699.5      12.9498     0.999886  0.000354792 -8.20349e-05 
       699.5      13.0974     0.999896  0.000356071 -8.03786e-05 
       699.5      13.2458      0.99991  0.000358571 -7.82223e-05 
       699.5       13.395      0.99993  0.000362437 -7.54889e-05 
       699.5      13.5451     0.999956   0.00036781 -7.20946e-05 
       699.5       13.696     0.999988  0.000374831 -6.79482e-05 
       699.5      13.8478      1.00002  0.000383636 -6.29511e-05 
       699.5      14.0004      1.00004   0.00038464 -6.37217e-05 
       699.5      14.1538      1.00004  0.000384907 -6.50971e-05 
       699.5      14.3081      1.00004  0.000384922 -6.67536e-05 
       699.5      14.4632      1.00004   0.00038468 -6.87066e-05 
       699.5      14.6191      1.00003  0.000384172 -7.09686e-05 
       699.5      14.7759      1.00002  0.000383381 -7.35489e-05 
       699.5      14.9335      1.00001  0.000382283 -7.64539e-05 
       699.5      15.0919     0.999994  0.000380844 -7.96867e-05 
       699.5      15.2512     0.999972  0.000379023 -8.32466e-05 
       699.5      15.4113     0.999946  0.000376768 -8.71294e-05 
       699.5      15.5723     0.999939  0.000375454 -8.82423e-05 
       699.5      15.7341     0.999939  0.000374629 -8.82442e-05 
       699.5      15.8967      0.99994  0.000373877 -8.81501e-05 
       699.5      16.0602     0.999941  0.000373194 -8.79665e-05 
       699.5      16.2245     0.999943  0.000372581 -8.77004e-05 
       699.5      16.3896     0.999944  0.000372037 -8.73586e-05 
       699.5      16.5556     0.999946  0.000371561 -8.69478e-05 
       699.5      16.7224     0.999947   0.00037115 -8.64749e-05 
       699.5        16.89     0.999949  0.000370805 -8.59467e-05 
       699.5      17.0585     0.999951  0.000370523   -8.537e-05 
       699.5      17.2278     0.999953  0.000370303 -8.47513e-05 
       699.5      17.3979     0.999954  0.000370142 -8.40975e-05 
       699.5      17.5689     0.999956  0.000370041 -8.34152e-05 
       699.5      17.7408     0.999957  0.000369995 -8.27108e-05 
       699.5      17.9134     0.999959  0.000370004  -8.1991e-05 
       699.5      18.0869      0.99996  0.000370065 -8.12619e-05 
       699.5      18.2612     0.999962  0.000370176   -8.053e-05 
       699.5      18.4364     0.999963  0.000370334 -7.98014e-05 
       699.5      18.6124     0.999964  0.000370538 -7.90822e-05 
       699.5      18.7892     0.999965  0.000370785 -7.83781e-05 
       699.5      18.9669     0.999966  0.000371072 -7.76951e-05 
       699.5      19.1454     0.999967  0.000371396 -7.70386e-05 
       699.5      19.3248     0.999968  0.000371756 -7.64141e-05 
       699.5       19.505     0.999969  0.000372149 -7.58268e-05 
       699.5       19.686     0.999969  0.000372572 -7.52818e-05 
       699.5      19.8678      0.99997  0.000373022 -7.47837e-05 
       699.5      20.0505      0.99997  0.000373497 -7.43372e-05 
       699.5      20.2341      0.99997  0.000373994 -7.39466e-05 
       699.5      20.4184     0.999971  0.000374511 -7.36159e-05 
       699.5      20.6036     0.999971  0.000375045  -7.3349e-05 
       699.5      20.7897     0.999971  0.000375636 -7.38415e-05 
       699.5      20.9765     0.999972  0.000376182 -7.45576e-05 
       699.5      21.1642     0.999973   0.00037666 -7.52708e-05 
       699.5      21.3528     0.999973  0.000377071  -7.5972e-05 
       699.5      21.5422     0.999973  0.000377415 -7.66527e-05 
       699.5      21.7324     0.999974  0.000377698 -7.73047e-05 
       699.5      21.9234     0.999974  0.000377922 -7.79203e-05 
       699.5      22.1153     0.999974  0.000378093 -7.84924e-05 
       699.5       22.308     0.999974  0.000378217 -7.90144e-05 
       699.5      22.5016     0.999974  0.000378299 -7.94803e-05 
       699.5       22.696     0.999974  0.000378345 -7.98847e-05 
       699.5      22.8912     0.999974  0.000378362 -8.02228e-05 
       699.5      23.0873     0.999974  0.000378355 -8.04905e-05 
       699.5      23.2842     0.999974  0.000378328 -8.06843e-05 
       699.5       23.482     0.999975  0.000378285 -8.08015e-05 
       699.5      23.6805     0.999975  0.000378229 -8.08404e-05 
       699.5        23.88     0.999976   0.00037816 -8.07996e-05 
       699.5      24.0802     0.999977  0.000378078 -8.06789e-05 
       699.5      24.2813     0.999978  0.000377977  -8.0479e-05 
       699.5      24.4832     0.999979  0.000377852 -8.02012e-05 
       699.5       24.686      0.99998  0.000377693  -7.9848e-05 
       699.5      24.8896     0.999981  0.000377485 -7.94227e-05 
       699.5       25.094     0.999982  0.000377211 -7.89299e-05 
       699.5      25.2993     0.999983  0.000376848 -7.83748e-05 
       699.5      25.5054     0.999984  0.000376369 -7.77642e-05 
       699.5      25.7123     0.999984  0.000375739 -7.71056e-05 
       699.5      25.9201     0.999984   0.00037492  -7.6408e-05 
       699.5      26.1287     0.999984  0.000373864 -7.56814e-05 
       699.5      26.3381     0.999982  0.000372518 -7.49372e-05 
       699.5      26.5484      0.99998  0.000370817 -7.41879e-05 
       699.5      26.7595     0.999978      0.00037 -7.39384e-05 
       699.5      26.9715      0.99998  0.000371482 -7.46997e-05 
       699.5      27.1843     0.999982  0.000372965 -7.55823e-05 
       699.5      27.3979     0.999983  0.000374403 -7.65584e-05 
       699.5      27.6124     0.999983  0.000375749 -7.75989e-05 
       699.5      27.8277     0.999983  0.000376958 -7.86735e-05 
       699.5      28.0438     0.999982  0.000377988  -7.9751e-05 
       699.5      28.2608     0.999982   0.00037837 -8.03439e-05 
       699.5      28.4786     0.999983  0.000377991 -8.01668e-05 
       699.5      28.6972     0.999984  0.000377656 -7.99989e-05 
       699.5      28.9167     0.999986  0.000377361 -7.98402e-05 
       699.5       29.137     0.999987  0.000377106 -7.96908e-05 
       699.5      29.3582     0.999988  0.000376887 -7.95505e-05 
       699.5      29.5802     0.999989  0.000376704 -7.94194e-05 
       699.5       29.803      0.99999  0.000376552 -7.92974e-05 
       699.5      30.0267     0.999991  0.000376432 -7.91845e-05 
       699.5      30.2512     0.999992   0.00037634 -7.90806e-05 
       699.5      30.4765     0.999993  0.000376274 -7.89856e-05 
       699.5      30.7027     0.999994  0.000376233 -7.88996e-05 
       699.5      30.9297     0.999995  0.000376214 -7.88223e-05 
       699.5      31.1575     0.999996  0.000376215 -7.87538e-05 
       699.5      31.3862     0.999996  0.000376235 -7.86938e-05 
       699.5      31.6157     0.999997  0.000376272 -7.86424e-05 
       699.5      31.8461     0.999998  0.000376323 -7.85994e-05 
       699.5      32.0773     0.999999  0.000376387 -7.85646e-05 
       699.5      32.3093     0.999999  0.000376462 -7.85379e-05 
       699.5      32.5421            1  0.000376546 -7.85192e-05 
       699.5      32.7758            1  0.000376637 -7.85083e-05 
       699.5      33.0104            1  0.000376734  -7.8505e-05 
       699.5      33.2457            1  0.000376835 -7.85092e-05 
       699.5      33.4819            1  0.000376938 -7.85206e-05 
       699.5       33.719            1  0.000377021 -7.85427e-05 
       699.5      33.9568            1   0.00037701 -7.85798e-05 
       699.5      34.1956            1  0.000376984 -7.86124e-05 
       699.5      34.4351            1  0.000376945 -7.86404e-05 
       699.5      34.6755            1  0.000376893 -7.86636e-05 
       699.5      34.9167            1  0.000376831 -7.86821e-05 
       699.5      35.1588      1.00001  0.000376758 -7.86957e-05 
       699.5      35.4017      1.00001  0.000376677 -7.87044e-05 
       699.5      35.6454      1.00001  0.000376588 -7.87082e-05 
       699.5      35.8899      1.00001  0.000376494 -7.87072e-05 
       699.5      36.1354      1.00001  0.000376395 -7.87013e-05 
       699.5      36.3816      1.00001  0.000376291 -7.86906e-05 
       699.5      36.6287      1.00001  0.000376186 -7.86752e-05 
       699.5      36.8766      1.00001  0.000376079 -7.86553e-05 
       699.5      37.1253      1.00001  0.000375972 -7.86308e-05 
       699.5      37.3749      1.00001  0.000375866  -7.8602e-05 
       699.5      37.6253      1.00001  0.000375763 -7.85691e-05 
       699.5      37.8766      1.00001  0.000375662 -7.85323e-05 
       699.5      38.1287      1.00001  0.000375564 -7.84918e-05 
       699.5      38.3816      1.00001  0.000375472 -7.84478e-05 
       699.5      38.6353      1.00001  0.000375385 -7.84008e-05 
       699.5      38.8899      1.00001  0.000375305 -7.83509e-05 
       699.5      39.1454      1.00001  0.000375231 -7.82986e-05 
       699.5      39.4016      1.00001  0.000375165 -7.82442e-05 
       699.5      39.6588      1.00001  0.000375107 -7.81882e-05 
       699.5      39.9167      1.00001  0.000375057  -7.8131e-05 
       699.5      40.1755      1.00002  0.000375015 -7.80732e-05 
       699.5      40.4351      1.00002  0.000374981 -7.80151e-05 
       699.5      40.6955      1.00002  0.000374956 -7.79576e-05 
       699.5      40.9568      1.00002  0.000374938  -7.7901e-05 
       699.5      41.2189      1.00002  0.000374928 -7.78461e-05 
       699.5      41.4819      1.00002  0.000374925 -7.77935e-05 
       699.5      41.7457      1.00002  0.000374928  -7.7744e-05 
       699.5      42.0103      1.00002  0.000374937 -7.76984e-05 
       699.5      42.2758      1.00002  0.000374949 -7.76573e-05 
       699.5      42.5421      1.00002  0.000374964 -7.76218e-05 
       699.5      42.8092      1.00002   0.00037498 -7.75927e-05 
       699.5      43.0772      1.00002  0.000374995 -7.75709e-05 
       699.5       43.346      1.00002  0.000375007 -7.75574e-05 
       699.5      43.6157      1.00002  0.000375013 -7.75532e-05 
       699.5      43.8862      1.00002  0.000375012 -7.75596e-05 
       699.5      44.1575      1.00002  0.000374999 -7.75775e-05 
       699.5      44.4296      1.00002  0.000374971 -7.76081e-05 
       699.5      44.7026      1.00002  0.000374926 -7.76528e-05 
       699.5      44.9765      1.00002  0.000374858 -7.77128e-05 
       699.5      45.2511      1.00003  0.000374787 -7.77268e-05 
       699.5      45.5266      1.00003  0.000374717 -7.77155e-05 
       699.5       45.803      1.00003  0.000374642 -7.77014e-05 
       699.5      46.0801      1.00003  0.000374563 -7.76845e-05 
       699.5      46.3581      1.00003  0.000374481 -7.76647e-05 
       699.5       46.637      1.00003  0.000374397  -7.7642e-05 
       699.5      46.9167      1.00003  0.000374311 -7.76164e-05 
       699.5      47.1972      1.00003  0.000374224 -7.75878e-05 
       699.5      47.4785      1.00003  0.000374137 -7.75561e-05 
       699.5      47.7607      1.00003   0.00037405 -7.75212e-05 
       699.5      48.0438      1.00003  0.000373964 -7.74832e-05 
       699.5      48.3276      1.00003   0.00037388 -7.74419e-05 
       699.5      48.6123      1.00003  0.000373798 -7.73972e-05 
       699.5      48.8979      1.00003  0.000373718 -7.73491e-05 
       699.5      49.1842      1.00003  0.000373642 -7.72975e-05 
       699.5      49.4714      1.00003   0.00037357 -7.72423e-05 
       699.5      49.7595      1.00003  0.000373502 -7.71834e-05 
       699.5      50.0484      1.00003  0.000373439 -7.71207e-05 
       699.5      50.3381      1.00004  0.000373381 -7.70542e-05 
       699.5      50.6286      1.00004  0.000373329 -7.69837e-05 
       699.5        50.92      1.00004  0.000373283 -7.69091e-05 
       699.5      51.2122      1.00004  0.000373244 -7.68324e-05 
       699.5      51.5053      1.00004  0.000373258 -7.68314e-05 
       699.5      51.7992      1.00004  0.000373274 -7.68287e-05 
       699.5      52.0939      1.00004  0.000373292 -7.68242e-05 
       699.5      52.3895      1.00004  0.000373311 -7.68179e-05 
       699.5      52.6859      1.00004  0.000373331   -7.681e-05 
       699.5      52.9831      1.00004  0.000373352 -7.68005e-05 
       699.5      53.2812      1.00004  0.000373373 -7.67894e-05 
       699.5      53.5801      1.00004  0.000373394 -7.67767e-05 
       699.5      53.8799      1.00004  0.000373415 -7.67625e-05 
       699.5      54.1805      1.00004  0.000373435  -7.6747e-05 
       699.5      54.4819      1.00005  0.000373455   -7.673e-05 
       699.5      54.7841      1.00005  0.000373474 -7.67116e-05 
       699.5      55.0872      1.00005  0.000373491  -7.6692e-05 
       699.5      55.3912      1.00005  0.000373508  -7.6671e-05 
       699.5      55.6959      1.00005  0.000373522 -7.66489e-05 
       699.5      56.0015      1.00005  0.000373536 -7.66257e-05 
       699.5       56.308      1.00005  0.000373547 -7.66013e-05 
       699.5      56.6152      1.00005  0.000373557 -7.65758e-05 
       699.5      56.9233      1.00005  0.000373565 -7.65494e-05 
       699.5      57.2323      1.00005  0.000373571  -7.6522e-05 
       699.5      57.5421      1.00005  0.000373575 -7.64937e-05 
       699.5      57.8527      1.00005  0.000373577 -7.64645e-05 
       699.5      58.1641      1.00005  0.000373577 -7.64346e-05 
       699.5      58.4764      1.00005  0.000373575 -7.64039e-05 
       699.5      58.7896      1.00005  0.000373572 -7.63725e-05 
       699.5      59.1035      1.00006  0.000373566 -7.63404e-05 
       699.5      59.4183      1.00006   0.00037356 -7.63078e-05 
       699.5      59.7339      1.00006  0.000373551 -7.62747e-05 
       699.5      60.0504      1.00006  0.000373542 -7.62411e-05 
       699.5      60.3677      1.00006  0.000373531 -7.62071e-05 
       699.5      60.6859      1.00006   0.00037352 -7.61727e-05 
       699.5      61.0048      1.00006  0.000373508  -7.6138e-05 
       699.5      61.3247      1.00006  0.000373495 -7.61031e-05 
       699.5      61.6453      1.00006  0.000373483  -7.6068e-05 
       699.5      61.9668      1.00006  0.000373471 -7.60328e-05 
       699.5      62.2891      1.00006  0.000373459 -7.59975e-05 
       699.5      62.6123      1.00006  0.000373448 -7.59621e-05 
       699.5      62.9363      1.00006  0.000373438 -7.59269e-05 
       699.5      63.2611      1.00006   0.00037343 -7.58917e-05 
       699.5      63.5868      1.00006  0.000373424 -7.58567e-05 
       699.5      63.9133      1.00006   0.00037342  -7.5822e-05 
       699.5      64.2406      1.00006   0.00037342 -7.57875e-05 
       699.5      64.5688      1.00006  0.000373423 -7.57534e-05 
       699.5      64.8978      1.00006  0.000373429 -7.57197e-05 
       699.5      65.2277      1.00006  0.000373441 -7.56865e-05 
       699.5      65.5583      1.00007  0.000373457 -7.56538e-05 
       699.5      65.8899      1.00007  0.000373479 -7.56217e-05 
       699.5      66.2222      1.00007  0.000373507 -7.55903e-05 
       699.5      66.5554      1.00007  0.000373542 -7.55596e-05 
       699.5      66.8894      1.00007  0.000373584 -7.55297e-05 
       699.5      67.2243      1.00007  0.000373634 -7.55006e-05 
       699.5        67.56      1.00007  0.000373693 -7.54725e-05 
       699.5      67.8966      1.00007  0.000373762 -7.54453e-05 
       699.5      68.2339      1.00007   0.00037384 -7.54192e-05 
       699.5      68.5721      1.00007   0.00037393 -7.53942e-05 
       699.5      68.9112      1.00007  0.000374031 -7.53704e-05 
       699.5      69.2511      1.00007  0.000374144 -7.53478e-05 
       699.5      69.5918      1.00007   0.00037412 -7.53099e-05 
       699.5      69.9333      1.00007    0.0003741 -7.52729e-05 
       699.5      70.2757      1.00007  0.000374084 -7.52369e-05 
       699.5      70.6189      1.00007  0.000374073 -7.52017e-05 
       699.5       70.963      1.00007  0.000374065 -7.51674e-05 
       699.5      71.3079      1.00008  0.000374062 -7.51339e-05 
       699.5      71.6536      1.00008  0.000374062 -7.51012e-05 
       699.5      72.0002      1.00008  0.000374065 -7.50691e-05 
       699.5      72.3476      1.00008  0.000374073 -7.50377e-05 
       699.5      72.6959      1.00008  0.000374083  -7.5007e-05 
       699.5      73.0449      1.00008  0.000374096 -7.49767e-05 
       699.5      73.3949      1.00008  0.000374112  -7.4947e-05 
       699.5      73.7456      1.00008  0.000374131 -7.49177e-05 
       699.5      74.0972      1.00008  0.000374153 -7.48888e-05 
       699.5      74.4496      1.00008  0.000374176 -7.48603e-05 
       699.5      74.8029      1.00008  0.000374202  -7.4832e-05 
       699.5       75.157      1.00009  0.000374229 -7.48039e-05 
       699.5      75.5119      1.00009  0.000374259  -7.4776e-05 
       699.5      75.8677      1.00009  0.000374289 -7.47483e-05 
       699.5      76.2243      1.00009  0.000374321 -7.47206e-05 
       699.5      76.5817      1.00009  0.000374355 -7.46928e-05 
       699.5        76.94      1.00009  0.000374389  -7.4665e-05 
       699.5      77.2991      1.00009  0.000374424 -7.46371e-05 
       699.5      77.6591      1.00009   0.00037446  -7.4609e-05 
       699.5      78.0198      1.00009  0.000374496 -7.45806e-05 
       699.5      78.3815      1.00009  0.000374533 -7.45519e-05 
       699.5      78.7439       1.0001  0.000374569 -7.45228e-05 
       699.5      79.1072       1.0001  0.000374606 -7.44933e-05 
       699.5      79.4714       1.0001  0.000374643 -7.44632e-05 
       699.5      79.8363       1.0001  0.000374679 -7.44326e-05 
       699.5      80.2021       1.0001  0.000374715 -7.44013e-05 
       699.5      80.5688       1.0001   0.00037475 -7.43693e-05 
       699.5      80.9362       1.0001  0.000374785 -7.43365e-05 
       699.5      81.3045       1.0001  0.000374819 -7.43028e-05 
       699.5      81.6737       1.0001  0.000374852 -7.42682e-05 
       699.5      82.0437       1.0001  0.000374884 -7.42326e-05 
       699.5      82.4145       1.0001  0.000374915 -7.41959e-05 
       699.5      82.7861       1.0001  0.000374944  -7.4158e-05 
       699.5      83.1586       1.0001  0.000374973 -7.41189e-05 
       699.5       83.532      1.00011  0.000375001 -7.40785e-05 
       699.5      83.9061      1.00011  0.000375027 -7.40367e-05 
       699.5      84.2811      1.00011  0.000375052 -7.39934e-05 
       699.5       84.657      1.00011  0.000375075 -7.39486e-05 
       699.5      85.0336      1.00011  0.000375098 -7.39022e-05 
       699.5      85.4111      1.00011  0.000375119  -7.3854e-05 
       699.5      85.7895      1.00011  0.000375139 -7.38041e-05 
       699.5      86.1687      1.00011  0.000375159 -7.37522e-05 
       699.5      86.5487      1.00011  0.000375177 -7.36985e-05 
       699.5      86.9295      1.00011  0.000375194 -7.36426e-05 
       699.5      87.3112      1.00011   0.00037521 -7.35847e-05 
       699.5      87.6937      1.00011  0.000375226 -7.35245e-05 
       699.5      88.0771      1.00011  0.000375242  -7.3462e-05 
       699.5      88.4613      1.00011  0.000375257 -7.33971e-05 
       699.5      88.8463      1.00011  0.000375272 -7.33297e-05 
       699.5      89.2322      1.00011  0.000375288 -7.32598e-05 
       699.5      89.6189      1.00011  0.000375319 -7.32143e-05 
       699.5      90.0064      1.00011  0.000375359 -7.31799e-05 
       699.5      90.3948      1.00011  0.000375401  -7.3145e-05 
       699.5       90.784      1.00011  0.000375444 -7.31097e-05 
       699.5      91.1741      1.00011  0.000375489 -7.30741e-05 
       699.5       91.565      1.00011  0.000375536 -7.30384e-05 
       699.5      91.9567      1.00011  0.000375583 -7.30026e-05 
       699.5      92.3492      1.00011  0.000375631 -7.29669e-05 
       699.5      92.7426      1.00011   0.00037568 -7.29314e-05 
       699.5      93.1369      1.00011  0.000375728 -7.28962e-05 
       699.5      93.5319      1.00011  0.000375776 -7.28614e-05 
       699.5      93.9278      1.00011  0.000375824 -7.28272e-05 
       699.5      94.3246      1.00011   0.00037587 -7.27937e-05 
       699.5      94.7221      1.00011  0.000375915 -7.27611e-05 
       699.5      95.1206      1.00011  0.000375957 -7.27294e-05 
       699.5      95.5198      1.00011  0.000375997 -7.26989e-05 
       699.5      95.9199      1.00011  0.000376034 -7.26698e-05 
       699.5      96.3208      1.00011  0.000376067 -7.26421e-05 
       699.5      96.7226      1.00011  0.000376096 -7.26161e-05 
       699.5      97.1251      1.00011  0.000376119 -7.25919e-05 
       699.5      97.5286      1.00011  0.000376137 -7.25697e-05 
       699.5      97.9328      1.00011  0.000376148 -7.25497e-05 
       699.5      98.3379       1.0001  0.000376151 -7.25321e-05 
       699.5      98.7439       1.0001  0.000376147 -7.25171e-05 
       699.5      99.1506       1.0001  0.000376133 -7.25049e-05 
       699.5      99.5583       1.0001   0.00037611 -7.24956e-05 
       699.5      99.9667       1.0001  0.000376076 -7.24896e-05 
       699.5      100.376       1.0001  0.000376029  -7.2487e-05 
       699.5      100.786       1.0001   0.00037597 -7.24881e-05 
       699.5      101.197       1.0001  0.000375938 -7.24706e-05 
       699.5      101.609       1.0001  0.000375991 -7.24076e-05 
       699.5      102.021       1.0001  0.000376046 -7.23466e-05 
       699.5      102.435       1.0001  0.000376102 -7.22875e-05 
       699.5      102.849       1.0001  0.000376159 -7.22302e-05 
       699.5      103.264       1.0001  0.000376216 -7.21744e-05 
       699.5       103.68       1.0001  0.000376273 -7.21201e-05 
       699.5      104.097       1.0001  0.000376331 -7.20671e-05 
       699.5      104.515       1.0001  0.000376388 -7.20152e-05 
       699.5      104.933      1.00011  0.000376445 -7.19644e-05 
       699.5      105.353      1.00011  0.000376501 -7.19145e-05 
       699.5      105.773      1.00011  0.000376557 -7.18653e-05 
       699.5      106.194      1.00011  0.000376612 -7.18168e-05 
       699.5      106.616      1.00011  0.000376666 -7.17688e-05 
       699.5      107.038      1.00011  0.000376719 -7.17212e-05 
       699.5      107.462      1.00011  0.000376771 -7.16739e-05 
       699.5      107.886      1.00011  0.000376821 -7.16269e-05 
       699.5      108.311      1.00012   0.00037687 -7.15799e-05 
       699.5      108.737      1.00012  0.000376918 -7.15329e-05 
       699.5      109.164      1.00012  0.000376964 -7.14859e-05 
       699.5      109.592      1.00012  0.000377008 -7.14387e-05 
       699.5       110.02      1.00012  0.000377051 -7.13913e-05 
       699.5       110.45      1.00012  0.000377092 -7.13435e-05 
       699.5       110.88      1.00012  0.000377132 -7.12954e-05 
       699.5      111.311      1.00013   0.00037717 -7.12468e-05 
       699.5      111.743      1.00013  0.000377206 -7.11978e-05 
       699.5      112.175      1.00013  0.000377241 -7.11482e-05 
       699.5      112.609      1.00013  0.000377275  -7.1098e-05 
       699.5      113.043      1.00013  0.000377306 -7.10472e-05 
       699.5      113.478      1.00013  0.000377337 -7.09958e-05 
       699.5      113.914      1.00013  0.000377366 -7.09436e-05 
       699.5      114.351      1.00014  0.000377393 -7.08908e-05 
       699.5      114.789      1.00014   0.00037742 -7.08373e-05 
       699.5      115.228      1.00014  0.000377445 -7.07831e-05 
       699.5      115.667      1.00014  0.000377469 -7.07282e-05 
       699.5      116.107      1.00014  0.000377492 -7.06726e-05 
       699.5      116.548      1.00014  0.000377514 -7.06163e-05 
       699.5       116.99      1.00015  0.000377536 -7.05594e-05 
       699.5      117.433      1.00015  0.000377557 -7.05019e-05 
       699.5      117.876      1.00015  0.000377577 -7.04438e-05 
       699.5      118.321      1.00015  0.000377597 -7.03852e-05 
       699.5      118.766      1.00015  0.000377617 -7.03262e-05 
       699.5      119.212      1.00015  0.000377636 -7.02667e-05 
       699.5      119.659      1.00015  0.000377655  -7.0207e-05 
       699.5      120.107      1.00016  0.000377675  -7.0147e-05 
       699.5      120.555      1.00016  0.000377695 -7.00868e-05 
       699.5      121.005      1.00016  0.000377715 -7.00267e-05 
       699.5      121.455      1.00016  0.000377735 -6.99666e-05 
       699.5      121.906      1.00016  0.000377756 -6.99066e-05 
       699.5      122.358      1.00016  0.000377778  -6.9847e-05 
       699.5      122.811      1.00016  0.000377801 -6.97879e-05 
       699.5      123.264      1.00016  0.000377825 -6.97293e-05 
       699.5      123.719      1.00016   0.00037785 -6.96715e-05 
       699.5      124.174      1.00016  0.000377876 -6.96146e-05 
       699.5       124.63      1.00017  0.000377903 -6.95588e-05 
       699.5      125.087      1.00017  0.000377932 -6.95043e-05 
       699.5      125.545      1.00017  0.000377962 -6.94513e-05 
       699.5      126.003      1.00017  0.000377994 -6.93999e-05 
       699.5      126.463      1.00017  0.000378028 -6.93505e-05 
       699.5      126.923      1.00017  0.000378063 -6.93032e-05 
       699.5      127.384      1.00017    0.0003781 -6.92582e-05 
       699.5      127.846      1.00017  0.000378139 -6.92159e-05 
       699.5      128.309      1.00017   0.00037818 -6.91765e-05 
       699.5      128.773      1.00017  0.000378223 -6.91402e-05 
       699.5      129.237      1.00017  0.000378267 -6.91074e-05 
       699.5      129.702      1.00017  0.000378313 -6.90783e-05 
       699.5      130.169      1.00017  0.000378361 -6.90532e-05 
       699.5      130.636      1.00017  0.000378411 -6.90326e-05 
       699.5      131.103      1.00017  0.000378463 -6.90166e-05 
       699.5      131.572      1.00016  0.000378516 -6.90057e-05 
       699.5      132.041      1.00016   0.00037857 -6.90002e-05 
       699.5      132.512      1.00016  0.000378625 -6.90005e-05 
       699.5      132.983      1.00016  0.000378682  -6.9007e-05 
       699.5      133.455      1.00016   0.00037874   -6.902e-05 
       699.5      133.928      1.00016  0.000378798   -6.904e-05 
       699.5      134.401      1.00016  0.000378857 -6.90674e-05 
       699.5      134.876      1.00016  0.000378915 -6.91026e-05 
       699.5      135.351      1.00015  0.000378946 -6.90809e-05 
       699.5      135.827      1.00015  0.000378947 -6.89912e-05 
       699.5      136.304      1.00015   0.00037895 -6.89014e-05 
       699.5      136.782      1.00015  0.000378955 -6.88115e-05 
       699.5      137.261      1.00014  0.000378962 -6.87215e-05 
       699.5       137.74      1.00014  0.000378971 -6.86316e-05 
       699.5      138.221      1.00014  0.000378981 -6.85418e-05 
       699.5      138.702      1.00013  0.000378993 -6.84523e-05 
       699.5      139.184      1.00013  0.000379007 -6.83629e-05 
       699.5      139.667      1.00013  0.000379022  -6.8274e-05 
       699.5      140.151      1.00012  0.000379038 -6.81855e-05 
       699.5      140.635      1.00012  0.000379056 -6.80974e-05 
       699.5       141.12      1.00012  0.000379076   -6.801e-05 
       699.5      141.607      1.00011  0.000379097 -6.79232e-05 
       699.5      142.094      1.00011  0.000379118 -6.78371e-05 
       699.5      142.582       1.0001  0.000379142 -6.77518e-05 
       699.5       143.07       1.0001  0.000379166 -6.76673e-05 
       699.5       143.56      1.00009  0.000379191 -6.75838e-05 
       699.5       144.05      1.00009  0.000379217 -6.75014e-05 
       699.5      144.541      1.00008  0.000379245   -6.742e-05 
       699.5      145.033      1.00007  0.000379273 -6.73397e-05 
       699.5      145.526      1.00007  0.000379301 -6.72607e-05 
       699.5       146.02      1.00006  0.000379331 -6.71829e-05 
       699.5      146.515      1.00005  0.000379361 -6.71065e-05 
       699.5       147.01      1.00005  0.000379391 -6.70316e-05 
       699.5      147.506      1.00004  0.000379422 -6.69581e-05 
       699.5      148.003      1.00003  0.000379454 -6.68862e-05 
       699.5      148.501      1.00003  0.000379485  -6.6816e-05 
       699.5          149      1.00002  0.000379517 -6.67474e-05 
       699.5        149.5      1.00001  0.000379549 -6.66806e-05 
       699.5          150            1  0.000379581 -6.66157e-05 
