Variables = x, y, u, v, p

Zone, I=600, F=POINT
        26.5            0  2.35904e-17 -1.99633e-20    0.0236197 
        26.5     0.000418  0.000710247  -6.5117e-07    0.0236117 
        26.5     0.001672   0.00283742 -3.19387e-06    0.0235882 
        26.5     0.003763   0.00637242 -9.33053e-06    0.0235508 
        26.5     0.006689    0.0112937 -2.16649e-05    0.0235021 
        26.5     0.010451    0.0175768 -4.34077e-05    0.0234455 
        26.5      0.01505    0.0251894 -7.79828e-05     0.023385 
        26.5     0.020485    0.0340867 -0.000128575    0.0233249 
        26.5     0.026756    0.0442163 -0.000197718    0.0232696 
        26.5     0.033863    0.0555157 -0.000286926    0.0232232 
        26.5     0.041806    0.0679114 -0.000396423    0.0231893 
        26.5     0.050585    0.0813187 -0.000525034    0.0231703 
        26.5     0.060201    0.0956419 -0.000670278    0.0231677 
        26.5     0.070652     0.110768 -0.000828577    0.0231816 
        26.5      0.08194     0.126576 -0.000995834    0.0232103 
        26.5     0.094063     0.142926  -0.00116793    0.0232509 
        26.5     0.107023     0.159668  -0.00134153    0.0232986 
        26.5     0.120819     0.176631  -0.00151462    0.0233479 
        26.5     0.135451      0.19363  -0.00168691    0.0233923 
        26.5     0.150919      0.21046   -0.0018597    0.0234257 
        26.5     0.167224       0.2269  -0.00203482    0.0234428 
        26.5     0.184364       0.2427   -0.0022123     0.023441 
        26.5     0.202341     0.257589  -0.00238617     0.023422 
        26.5     0.221153      0.27126  -0.00253769    0.0233939 
        26.5     0.240802     0.283371  -0.00262526    0.0233737 
        26.5     0.261287     0.293796  -0.00291214     0.023409 
        26.5     0.282608     0.304006  -0.00346678    0.0234602 
        26.5     0.304765     0.314281  -0.00406214    0.0234965 
        26.5     0.327758     0.324617  -0.00470354    0.0235188 
        26.5     0.351588     0.335021  -0.00539542    0.0235283 
        26.5     0.376253     0.345504  -0.00614087    0.0235267 
        26.5     0.401755      0.35609  -0.00694147    0.0235159 
        26.5     0.428092     0.366811  -0.00779678     0.023498 
        26.5     0.455266     0.377711  -0.00870425    0.0234753 
        26.5     0.483276     0.388847  -0.00965892    0.0234502 
        26.5     0.512122     0.400287   -0.0106534    0.0234252 
        26.5     0.541805     0.412113   -0.0116779    0.0234028 
        26.5     0.572323      0.42442   -0.0127208     0.023385 
        26.5     0.603677     0.437318   -0.0137685    0.0233737 
        26.5     0.635868     0.450931   -0.0148071    0.0233702 
        26.5     0.668894     0.465397   -0.0158228     0.023375 
        26.5     0.702757     0.480867   -0.0168039    0.0233878 
        26.5     0.737456     0.497505   -0.0177428     0.023407 
        26.5     0.772991     0.513228   -0.0188172    0.0233847 
        26.5     0.809362     0.528229   -0.0199632    0.0233274 
        26.5      0.84657      0.54354    -0.021085    0.0232574 
        26.5     0.884613     0.559136   -0.0221821    0.0231746 
        26.5     0.923492      0.57499    -0.023253    0.0230789 
        26.5     0.963208      0.59107   -0.0242959    0.0229701 
        26.5      1.00376     0.607341   -0.0253078    0.0228483 
        26.5      1.04515     0.623764   -0.0262848    0.0227132 
        26.5      1.08737     0.640297   -0.0272225    0.0225648 
        26.5      1.13043     0.656891   -0.0281153    0.0224029 
        26.5      1.17433     0.673496    -0.028957    0.0222272 
        26.5      1.21906     0.690056   -0.0297407    0.0220374 
        26.5      1.26463     0.706509   -0.0304589    0.0218332 
        26.5      1.31103     0.722789   -0.0311041    0.0216141 
        26.5      1.35827     0.738826   -0.0316684    0.0213794 
        26.5      1.40635     0.754545   -0.0321449    0.0211284 
        26.5      1.45526     0.769864    -0.032527      0.02086 
        26.5      1.50501     0.784697   -0.0328101    0.0205731 
        26.5       1.5556     0.798953   -0.0329914    0.0202663 
        26.5      1.60702     0.812535   -0.0330714    0.0199379 
        26.5      1.65928     0.825342   -0.0330545     0.019586 
        26.5      1.71237     0.837267   -0.0329501    0.0192081 
        26.5       1.7663     0.848731   -0.0327896    0.0188291 
        26.5      1.82106     0.860671   -0.0326046    0.0184954 
        26.5      1.87667     0.872003   -0.0323612    0.0181509 
        26.5      1.93311     0.882721   -0.0320634    0.0177964 
        26.5      1.99038      0.89282   -0.0317149    0.0174333 
        26.5      2.04849     0.902299   -0.0313195    0.0170628 
        26.5      2.10744     0.911156    -0.030881     0.016686 
        26.5      2.16722     0.919394   -0.0304027    0.0163043 
        26.5      2.22784     0.927018   -0.0298883    0.0159189 
        26.5      2.28929     0.934034   -0.0293408    0.0155312 
        26.5      2.35158     0.940453   -0.0287633    0.0151425 
        26.5      2.41471     0.946287   -0.0281588    0.0147541 
        26.5      2.47867      0.95155   -0.0275299    0.0143674 
        26.5      2.54347     0.956261   -0.0268794    0.0139835 
        26.5      2.60911     0.960441   -0.0262094    0.0136038 
        26.5      2.67558     0.964113   -0.0255225    0.0132295 
        26.5      2.74288     0.967306   -0.0248208    0.0128616 
        26.5      2.81103     0.970049   -0.0241066    0.0125012 
        26.5      2.88001     0.972378   -0.0233821    0.0121493 
        26.5      2.94983     0.974329   -0.0226497    0.0118067 
        26.5      3.02048     0.975945   -0.0219121    0.0114741 
        26.5      3.09197      0.97727   -0.0211722    0.0111522 
        26.5      3.16429     0.978354   -0.0204334    0.0108411 
        26.5      3.23745     0.979251   -0.0196998    0.0105413 
        26.5      3.31145     0.980018   -0.0189763    0.0102526 
        26.5      3.38628     0.980717   -0.0182686   0.00997484 
        26.5      3.46195     0.981415   -0.0175839   0.00970749 
        26.5      3.53845     0.982185   -0.0169306   0.00944979 
        26.5      3.61579     0.983101    -0.016319   0.00920061 
        26.5      3.69397     0.984246   -0.0157615   0.00895854 
        26.5      3.77298     0.985353   -0.0151996   0.00870544 
        26.5      3.85283     0.985745   -0.0145505   0.00843438 
        26.5      3.93352     0.986166   -0.0139722   0.00818994 
        26.5      4.01504     0.986603   -0.0134344   0.00796569 
        26.5       4.0974     0.987047   -0.0129165    0.0077559 
        26.5      4.18059     0.987489   -0.0124059   0.00755566 
        26.5      4.26462     0.987923   -0.0118979   0.00736097 
        26.5      4.34949     0.988344   -0.0113933   0.00716888 
        26.5      4.43519     0.988747   -0.0108977    0.0069776 
        26.5      4.52173      0.98913   -0.0104188   0.00678664 
        26.5       4.6091     0.989493  -0.00996438   0.00659693 
        26.5      4.69731     0.989834  -0.00953968   0.00641098 
        26.5      4.78636     0.990154  -0.00914417     0.006233 
        26.5      4.87624     0.990442  -0.00875907   0.00607961 
        26.5      4.96696     0.990714  -0.00837611   0.00593884 
        26.5      5.05851     0.991025  -0.00798326   0.00579111 
        26.5       5.1509     0.991327  -0.00760895    0.0056422 
        26.5      5.24413     0.991603  -0.00725533   0.00549995 
        26.5       5.3382     0.991866  -0.00691814   0.00536149 
        26.5      5.43309     0.992117  -0.00659652   0.00522798 
        26.5      5.52883     0.992357  -0.00628844   0.00509973 
        26.5       5.6254     0.992589  -0.00599213   0.00497643 
        26.5      5.72281     0.992814  -0.00570643   0.00485775 
        26.5      5.82105     0.993033  -0.00543069   0.00474336 
        26.5      5.92013     0.993244  -0.00516468   0.00463293 
        26.5      6.02005     0.993449  -0.00490847   0.00452615 
        26.5       6.1208     0.993645  -0.00466232   0.00442268 
        26.5      6.22239     0.993833   -0.0044265   0.00432221 
        26.5      6.32482     0.994011  -0.00420115   0.00422444 
        26.5      6.42808     0.994181  -0.00398605   0.00412905 
        26.5      6.53217     0.994343  -0.00378047   0.00403576 
        26.5      6.63711     0.994502  -0.00358264   0.00394633 
        26.5      6.74287     0.994657  -0.00339437    0.0038618 
        26.5      6.84948     0.994802  -0.00321572   0.00378038 
        26.5      6.95692     0.994939   -0.0030458    0.0037019 
        26.5       7.0652     0.995066  -0.00288429   0.00362616 
        26.5      7.17431     0.995184  -0.00272798   0.00355258 
        26.5      7.28426     0.995296  -0.00257857    0.0034811 
        26.5      7.39505     0.995403  -0.00243631   0.00341174 
        26.5      7.50667     0.995507  -0.00230097   0.00334446 
        26.5      7.61913     0.995606  -0.00217225   0.00327923 
        26.5      7.73242     0.995702  -0.00204987   0.00321603 
        26.5      7.84655     0.995795  -0.00193353   0.00315479 
        26.5      7.96152     0.995884  -0.00182292   0.00309548 
        26.5      8.07732     0.995972  -0.00171774   0.00303804 
        26.5      8.19396     0.996057  -0.00161772    0.0029824 
        26.5      8.31143      0.99614  -0.00152259    0.0029285 
        26.5      8.42974     0.996222  -0.00143215   0.00287624 
        26.5      8.54889     0.996302  -0.00134624   0.00282555 
        26.5      8.66887     0.996381  -0.00126477   0.00277633 
        26.5      8.78969     0.996458  -0.00118772   0.00272847 
        26.5      8.91135     0.996535   -0.0011152   0.00268186 
        26.5      9.03384      0.99661  -0.00104741   0.00263639 
        26.5      9.15717     0.996684 -0.000984533   0.00259194 
        26.5      9.28133     0.996755 -0.000921342    0.0025492 
        26.5      9.40633     0.996823 -0.000861468   0.00250756 
        26.5      9.53216     0.996888 -0.000804804   0.00246699 
        26.5      9.65884     0.996951 -0.000751248   0.00242748 
        26.5      9.78634      0.99701 -0.000700695   0.00238901 
        26.5      9.91469     0.997067 -0.000653038   0.00235154 
        26.5      10.0439      0.99712 -0.000608167   0.00231504 
        26.5      10.1739     0.997172 -0.000565966   0.00227947 
        26.5      10.3047     0.997221 -0.000526311    0.0022448 
        26.5      10.4364     0.997267 -0.000489069   0.00221097 
        26.5      10.5689     0.997312 -0.000454097   0.00217795 
        26.5      10.7023     0.997355 -0.000421234   0.00214568 
        26.5      10.8365     0.997396 -0.000390307   0.00211409 
        26.5      10.9715     0.997435 -0.000361119   0.00208314 
        26.5      11.1074     0.997473 -0.000333435   0.00205276 
        26.5      11.2441     0.997508 -0.000306591   0.00202337 
        26.5      11.3817     0.997542 -0.000281394   0.00199457 
        26.5        11.52     0.997575 -0.000257743   0.00196636 
        26.5      11.6592     0.997608 -0.000235531   0.00193873 
        26.5      11.7993      0.99764 -0.000214644   0.00191167 
        26.5      11.9402     0.997671 -0.000194962   0.00188517 
        26.5      12.0819     0.997701 -0.000176358   0.00185924 
        26.5      12.2245      0.99773 -0.000158701   0.00183387 
        26.5      12.3679     0.997756 -0.000141856   0.00180906 
        26.5      12.5121      0.99778 -0.000125682   0.00178481 
        26.5      12.6572     0.997804   -0.0001104   0.00176097 
        26.5      12.8031     0.997836 -9.62919e-05   0.00173733 
        26.5      12.9498     0.997867 -8.27498e-05   0.00171413 
        26.5      13.0974     0.997897 -6.98131e-05   0.00169138 
        26.5      13.2458     0.997926 -5.75027e-05   0.00166908 
        26.5       13.395     0.997955 -4.58202e-05   0.00164724 
        26.5      13.5451     0.997983 -3.47476e-05   0.00162587 
        26.5       13.696     0.998009 -2.42464e-05   0.00160498 
        26.5      13.8478     0.998036 -1.42567e-05   0.00158457 
        26.5      14.0004     0.998061 -5.02935e-06   0.00156465 
        26.5      14.1538     0.998085  3.10196e-06   0.00154505 
        26.5      14.3081      0.99811  1.10651e-05   0.00152573 
        26.5      14.4632     0.998133  1.88428e-05   0.00150671 
        26.5      14.6191     0.998156  2.64193e-05   0.00148798 
        26.5      14.7759     0.998178  3.37801e-05   0.00146954 
        26.5      14.9335       0.9982   4.0913e-05   0.00145139 
        26.5      15.0919     0.998221  4.78074e-05   0.00143353 
        26.5      15.2512     0.998242  5.44554e-05   0.00141596 
        26.5      15.4113     0.998262  6.08513e-05   0.00139869 
        26.5      15.5723     0.998282  6.69924e-05   0.00138169 
        26.5      15.7341     0.998301  7.28788e-05   0.00136499 
        26.5      15.8967      0.99832   7.8514e-05   0.00134856 
        26.5      16.0602     0.998338  8.39051e-05    0.0013324 
        26.5      16.2245     0.998357   8.9063e-05   0.00131651 
        26.5      16.3896     0.998374  9.40029e-05   0.00130089 
        26.5      16.5556     0.998392  9.87445e-05   0.00128552 
        26.5      16.7224     0.998409  0.000103312    0.0012704 
        26.5        16.89     0.998426  0.000107736   0.00125551 
        26.5      17.0585     0.998442  0.000112051   0.00124085 
        26.5      17.2278     0.998459  0.000116299   0.00122641 
        26.5      17.3979     0.998474  0.000120527   0.00121216 
        26.5      17.5689      0.99849  0.000124789   0.00119811 
        26.5      17.7408     0.998505  0.000129149   0.00118423 
        26.5      17.9134      0.99852  0.000133386   0.00117054 
        26.5      18.0869     0.998536  0.000137097   0.00115709 
        26.5      18.2612     0.998552  0.000140754   0.00114386 
        26.5      18.4364     0.998567  0.000144363   0.00113084 
        26.5      18.6124     0.998582  0.000147926   0.00111802 
        26.5      18.7892     0.998597  0.000151447    0.0011054 
        26.5      18.9669     0.998612  0.000154929   0.00109298 
        26.5      19.1454     0.998626  0.000158375   0.00108073 
        26.5      19.3248      0.99864  0.000161786   0.00106867 
        26.5       19.505     0.998654  0.000165165   0.00105677 
        26.5       19.686     0.998668  0.000168513   0.00104505 
        26.5      19.8678     0.998682   0.00017183   0.00103348 
        26.5      20.0505     0.998695  0.000175117   0.00102207 
        26.5      20.2341     0.998708  0.000178375   0.00101081 
        26.5      20.4184     0.998721  0.000181603  0.000999687 
        26.5      20.6036     0.998733  0.000184802  0.000988708 
        26.5      20.7897     0.998746  0.000187971  0.000977864 
        26.5      20.9765     0.998758   0.00019111  0.000967151 
        26.5      21.1642      0.99877  0.000194218  0.000956563 
        26.5      21.3528     0.998781  0.000197293  0.000946098 
        26.5      21.5422     0.998793  0.000200336  0.000935759 
        26.5      21.7324     0.998805  0.000203338  0.000925677 
        26.5      21.9234     0.998816  0.000206323  0.000915728 
        26.5      22.1153     0.998828  0.000209289   0.00090591 
        26.5       22.308     0.998839  0.000212234  0.000896223 
        26.5      22.5016      0.99885  0.000215158  0.000886665 
        26.5       22.696     0.998861   0.00021806  0.000877233 
        26.5      22.8912     0.998872   0.00022094  0.000867926 
        26.5      23.0873     0.998883  0.000223796  0.000858742 
        26.5      23.2842     0.998894   0.00022663   0.00084968 
        26.5       23.482     0.998904  0.000229441  0.000840738 
        26.5      23.6805     0.998914  0.000232229  0.000831913 
        26.5        23.88     0.998925  0.000234994  0.000823204 
        26.5      24.0802     0.998935  0.000237738   0.00081461 
        26.5      24.2813     0.998945  0.000240461  0.000806127 
        26.5      24.4832     0.998954  0.000243164  0.000797755 
        26.5       24.686     0.998964  0.000245848  0.000789492 
        26.5      24.8896     0.998974  0.000248513  0.000781335 
        26.5       25.094     0.998983  0.000251162  0.000773282 
        26.5      25.2993     0.998992  0.000253795  0.000765332 
        26.5      25.5054     0.999002  0.000256414  0.000757483 
        26.5      25.7123     0.999011   0.00025902  0.000749733 
        26.5      25.9201      0.99902  0.000261614   0.00074208 
        26.5      26.1287     0.999029  0.000264198  0.000734521 
        26.5      26.3381     0.999038  0.000266773  0.000727056 
        26.5      26.5484     0.999046   0.00026934  0.000719683 
        26.5      26.7595     0.999055  0.000271901  0.000712398 
        26.5      26.9715     0.999064  0.000274456  0.000705201 
        26.5      27.1843     0.999072  0.000277007   0.00069809 
        26.5      27.3979     0.999081  0.000279493  0.000691081 
        26.5      27.6124     0.999089  0.000281941  0.000684165 
        26.5      27.8277     0.999097  0.000284374  0.000677333 
        26.5      28.0438     0.999105  0.000286792  0.000670583 
        26.5      28.2608     0.999114  0.000289195  0.000663915 
        26.5      28.4786     0.999122  0.000291581  0.000657328 
        26.5      28.6972     0.999129  0.000293951  0.000650821 
        26.5      28.9167     0.999137  0.000296303  0.000644392 
        26.5       29.137     0.999145  0.000298637  0.000638042 
        26.5      29.3582     0.999153  0.000300954  0.000631768 
        26.5      29.5802      0.99916  0.000303252  0.000625571 
        26.5       29.803     0.999168  0.000305533  0.000619448 
        26.5      30.0267     0.999175  0.000307795  0.000613398 
        26.5      30.2512     0.999182  0.000310039  0.000607421 
        26.5      30.4765     0.999189  0.000312265  0.000601516 
        26.5      30.7027     0.999196  0.000314475  0.000595681 
        26.5      30.9297     0.999203  0.000316668  0.000589915 
        26.5      31.1575      0.99921  0.000318845  0.000584217 
        26.5      31.3862     0.999217  0.000321007  0.000578587 
        26.5      31.6157     0.999224  0.000323156  0.000573022 
        26.5      31.8461     0.999231   0.00032528  0.000567512 
        26.5      32.0773     0.999238  0.000327368  0.000562053 
        26.5      32.3093     0.999244  0.000329441  0.000556661 
        26.5      32.5421     0.999251  0.000331497  0.000551336 
        26.5      32.7758     0.999257  0.000333537  0.000546075 
        26.5      33.0104     0.999264   0.00033556  0.000540877 
        26.5      33.2457      0.99927  0.000337566  0.000535742 
        26.5      33.4819     0.999276  0.000339555  0.000530668 
        26.5       33.719     0.999283  0.000341526  0.000525653 
        26.5      33.9568     0.999289   0.00034348  0.000520696 
        26.5      34.1956     0.999295  0.000345416  0.000515796 
        26.5      34.4351     0.999301  0.000347334  0.000510952 
        26.5      34.6755     0.999307  0.000349234  0.000506161 
        26.5      34.9167     0.999313  0.000351115  0.000501423 
        26.5      35.1588     0.999319  0.000352978  0.000496737 
        26.5      35.4017     0.999325  0.000354822  0.000492101 
        26.5      35.6454      0.99933  0.000356646  0.000487515 
        26.5      35.8899     0.999336   0.00035845  0.000482976 
        26.5      36.1354     0.999342  0.000360234  0.000478483 
        26.5      36.3816     0.999347  0.000361996  0.000474036 
        26.5      36.6287     0.999353  0.000363736  0.000469633 
        26.5      36.8766     0.999359  0.000365452  0.000465274 
        26.5      37.1253     0.999364  0.000367144  0.000460956 
        26.5      37.3749     0.999369   0.00036881  0.000456679 
        26.5      37.6253     0.999375  0.000370491    0.0004525 
        26.5      37.8766      0.99938  0.000372172  0.000448388 
        26.5      38.1287     0.999385  0.000373833  0.000444314 
        26.5      38.3816      0.99939  0.000375475  0.000440278 
        26.5      38.6353     0.999395  0.000377098   0.00043628 
        26.5      38.8899     0.999401  0.000378704   0.00043232 
        26.5      39.1454     0.999406  0.000380292  0.000428398 
        26.5      39.4016     0.999411  0.000381862  0.000424514 
        26.5      39.6588     0.999416  0.000383416  0.000420668 
        26.5      39.9167     0.999421  0.000384953   0.00041686 
        26.5      40.1755     0.999425  0.000386474   0.00041309 
        26.5      40.4351      0.99943   0.00038798  0.000409357 
        26.5      40.6955     0.999435  0.000389469  0.000405661 
        26.5      40.9568      0.99944  0.000390943  0.000402003 
        26.5      41.2189     0.999445  0.000392402  0.000398382 
        26.5      41.4819     0.999449  0.000393845  0.000394798 
        26.5      41.7457     0.999454  0.000395273  0.000391251 
        26.5      42.0103     0.999458  0.000396686   0.00038774 
        26.5      42.2758     0.999463  0.000398084  0.000384267 
        26.5      42.5421     0.999468  0.000399467  0.000380829 
        26.5      42.8092     0.999472  0.000400835  0.000377428 
        26.5      43.0772     0.999476  0.000402187  0.000374062 
        26.5       43.346     0.999481  0.000403524  0.000370732 
        26.5      43.6157     0.999485  0.000404845  0.000367438 
        26.5      43.8862     0.999489   0.00040615  0.000364179 
        26.5      44.1575     0.999494   0.00040744  0.000360954 
        26.5      44.4296     0.999498  0.000408712  0.000357765 
        26.5      44.7026     0.999502  0.000409969  0.000354609 
        26.5      44.9765     0.999506  0.000411208  0.000351488 
        26.5      45.2511      0.99951   0.00041243    0.0003484 
        26.5      45.5266     0.999514  0.000413634  0.000345346 
        26.5       45.803     0.999518   0.00041482  0.000342325 
        26.5      46.0801     0.999522  0.000415988  0.000339336 
        26.5      46.3581     0.999526  0.000417136   0.00033638 
        26.5       46.637      0.99953  0.000418265  0.000333455 
        26.5      46.9167     0.999534  0.000419374  0.000330562 
        26.5      47.1972     0.999538  0.000420462    0.0003277 
        26.5      47.4785     0.999542  0.000421528  0.000324869 
        26.5      47.7607     0.999546  0.000422573  0.000322068 
        26.5      48.0438      0.99955  0.000423596  0.000319297 
        26.5      48.3276     0.999553  0.000424596  0.000316554 
        26.5      48.6123     0.999557  0.000425572  0.000313841 
        26.5      48.8979     0.999561  0.000426523  0.000311156 
        26.5      49.1842     0.999564   0.00042745  0.000308499 
        26.5      49.4714     0.999568  0.000428366  0.000305861 
        26.5      49.7595     0.999572  0.000429345   0.00030321 
        26.5      50.0484     0.999576  0.000430317  0.000300592 
        26.5      50.3381     0.999579  0.000431284  0.000298008 
        26.5      50.6286     0.999583  0.000432249  0.000295458 
        26.5        50.92     0.999587  0.000433216  0.000292944 
        26.5      51.2122      0.99959  0.000434188  0.000290465 
        26.5      51.5053     0.999594  0.000435299   0.00028791 
        26.5      51.7992     0.999597  0.000436371  0.000285388 
        26.5      52.0939       0.9996  0.000437402  0.000282903 
        26.5      52.3895     0.999604  0.000438396  0.000280453 
        26.5      52.6859     0.999607  0.000439355  0.000278038 
        26.5      52.9831      0.99961  0.000440283  0.000275657 
        26.5      53.2812     0.999613  0.000441183  0.000273307 
        26.5      53.5801     0.999616  0.000442059  0.000270988 
        26.5      53.8799      0.99962  0.000442912  0.000268699 
        26.5      54.1805     0.999623  0.000443745  0.000266438 
        26.5      54.4819     0.999626  0.000444559  0.000264205 
        26.5      54.7841     0.999629  0.000445358  0.000261998 
        26.5      55.0872     0.999632  0.000446141  0.000259817 
        26.5      55.3912     0.999635  0.000446912  0.000257659 
        26.5      55.6959     0.999638   0.00044767  0.000255526 
        26.5      56.0015     0.999641  0.000448417  0.000253414 
        26.5       56.308     0.999644  0.000449154  0.000251325 
        26.5      56.6152     0.999647  0.000449881  0.000249256 
        26.5      56.9233      0.99965  0.000450599  0.000247207 
        26.5      57.2323     0.999653  0.000451308  0.000245177 
        26.5      57.5421     0.999656  0.000452008  0.000243166 
        26.5      57.8527     0.999659  0.000452699  0.000241173 
        26.5      58.1641     0.999662  0.000453382  0.000239197 
        26.5      58.4764     0.999665  0.000454056  0.000237237 
        26.5      58.7896     0.999668   0.00045472  0.000235294 
        26.5      59.1035     0.999671  0.000455375  0.000233367 
        26.5      59.4183     0.999674  0.000456019  0.000231454 
        26.5      59.7339     0.999677  0.000456654  0.000229557 
        26.5      60.0504      0.99968  0.000457277  0.000227675 
        26.5      60.3677     0.999682  0.000457888  0.000225807 
        26.5      60.6859     0.999685  0.000458488  0.000223953 
        26.5      61.0048     0.999688  0.000459076  0.000222114 
        26.5      61.3247     0.999691   0.00045965  0.000220289 
        26.5      61.6453     0.999693  0.000460212  0.000218478 
        26.5      61.9668     0.999696   0.00046076  0.000216681 
        26.5      62.2891     0.999699  0.000461294  0.000214899 
        26.5      62.6123     0.999702  0.000461815  0.000213132 
        26.5      62.9363     0.999704  0.000462323   0.00021138 
        26.5      63.2611     0.999707  0.000462818  0.000209643 
        26.5      63.5868     0.999709  0.000463301  0.000207922 
        26.5      63.9133     0.999712  0.000463772  0.000206218 
        26.5      64.2406     0.999715  0.000464233  0.000204531 
        26.5      64.5688     0.999717  0.000464684  0.000202863 
        26.5      64.8978      0.99972  0.000465129  0.000201212 
        26.5      65.2277     0.999722  0.000465568  0.000199582 
        26.5      65.5583     0.999725  0.000466004  0.000197972 
        26.5      65.8899     0.999727   0.00046644  0.000196384 
        26.5      66.2222     0.999729   0.00046688  0.000194819 
        26.5      66.5554     0.999732  0.000467326  0.000193277 
        26.5      66.8894     0.999734  0.000467784  0.000191762 
        26.5      67.2243     0.999736  0.000468259  0.000190274 
        26.5        67.56     0.999739  0.000468755  0.000188814 
        26.5      67.8966     0.999741  0.000469278  0.000187384 
        26.5      68.2339     0.999743  0.000469837  0.000185987 
        26.5      68.5721     0.999745  0.000470418  0.000184557 
        26.5      68.9112     0.999747  0.000470983  0.000183144 
        26.5      69.2511     0.999749  0.000471534  0.000181756 
        26.5      69.5918     0.999752  0.000472075  0.000180392 
        26.5      69.9333     0.999754   0.00047261  0.000179054 
        26.5      70.2757     0.999756  0.000473143  0.000177739 
        26.5      70.6189     0.999758  0.000473678   0.00017645 
        26.5       70.963      0.99976  0.000474103    0.0001751 
        26.5      71.3079     0.999762    0.0004744  0.000173687 
        26.5      71.6536     0.999764  0.000474677  0.000172297 
        26.5      72.0002     0.999766  0.000474934  0.000170927 
        26.5      72.3476     0.999768  0.000475175  0.000169577 
        26.5      72.6959      0.99977  0.000475399  0.000168247 
        26.5      73.0449     0.999772  0.000475609  0.000166937 
        26.5      73.3949     0.999774  0.000475804  0.000165646 
        26.5      73.7456     0.999776  0.000475988  0.000164374 
        26.5      74.0972     0.999778  0.000476159   0.00016312 
        26.5      74.4496      0.99978   0.00047632  0.000161885 
        26.5      74.8029     0.999782  0.000476472  0.000160666 
        26.5       75.157     0.999784  0.000476615  0.000159465 
        26.5      75.5119     0.999786   0.00047675  0.000158281 
        26.5      75.8677     0.999788  0.000476879  0.000157113 
        26.5      76.2243      0.99979  0.000477001  0.000155961 
        26.5      76.5817     0.999792  0.000477118  0.000154824 
        26.5        76.94     0.999794  0.000477231  0.000153703 
        26.5      77.2991     0.999796   0.00047734  0.000152597 
        26.5      77.6591     0.999798  0.000477446  0.000151505 
        26.5      78.0198     0.999799  0.000477549  0.000150426 
        26.5      78.3815     0.999801  0.000477745   0.00014934 
        26.5      78.7439     0.999803  0.000478039  0.000148246 
        26.5      79.1072     0.999805  0.000478336  0.000147166 
        26.5      79.4714     0.999807  0.000478636  0.000146099 
        26.5      79.8363     0.999809   0.00047894  0.000145045 
        26.5      80.2021     0.999811  0.000479247  0.000144002 
        26.5      80.5688     0.999813  0.000479557  0.000142972 
        26.5      80.9362     0.999815   0.00047987  0.000141953 
        26.5      81.3045     0.999816  0.000480186  0.000140944 
        26.5      81.6737     0.999818  0.000480503  0.000139946 
        26.5      82.0437      0.99982  0.000480821  0.000138957 
        26.5      82.4145     0.999822   0.00048114  0.000137978 
        26.5      82.7861     0.999823  0.000481459  0.000137008 
        26.5      83.1586     0.999825  0.000481777  0.000136047 
        26.5       83.532     0.999827  0.000482094  0.000135095 
        26.5      83.9061     0.999828  0.000482409   0.00013415 
        26.5      84.2811      0.99983   0.00048272  0.000133214 
        26.5       84.657     0.999832  0.000483028  0.000132285 
        26.5      85.0336     0.999833   0.00048333  0.000131364 
        26.5      85.4111     0.999835  0.000483628   0.00013045 
        26.5      85.7895     0.999836  0.000483919  0.000129544 
        26.5      86.1687     0.999838  0.000484202  0.000128645 
        26.5      86.5487     0.999839  0.000484478  0.000127753 
        26.5      86.9295     0.999841  0.000484744  0.000126868 
        26.5      87.3112     0.999842  0.000485001  0.000125991 
        26.5      87.6937     0.999844  0.000485248  0.000125121 
        26.5      88.0771     0.999845  0.000485484  0.000124258 
        26.5      88.4613     0.999846  0.000485708  0.000123403 
        26.5      88.8463     0.999848   0.00048592  0.000122556 
        26.5      89.2322     0.999849  0.000486119  0.000121716 
        26.5      89.6189      0.99985  0.000486306  0.000120885 
        26.5      90.0064     0.999852  0.000486479  0.000120063 
        26.5      90.3948     0.999853   0.00048664  0.000119249 
        26.5       90.784     0.999854  0.000486787  0.000118445 
        26.5      91.1741     0.999856  0.000486921  0.000117651 
        26.5       91.565     0.999857  0.000487042  0.000116867 
        26.5      91.9567     0.999858  0.000487151  0.000116094 
        26.5      92.3492      0.99986  0.000487248  0.000115332 
        26.5      92.7426     0.999861  0.000487335  0.000114582 
        26.5      93.1369     0.999862  0.000487412  0.000113845 
        26.5      93.5319     0.999863   0.00048748  0.000113121 
        26.5      93.9278     0.999865  0.000487541  0.000112412 
        26.5      94.3246     0.999866  0.000487597  0.000111718 
        26.5      94.7221     0.999867  0.000487649   0.00011104 
        26.5      95.1206     0.999868  0.000487701  0.000110379 
        26.5      95.5198      0.99987  0.000487754  0.000109736 
        26.5      95.9199     0.999871  0.000487811  0.000109112 
        26.5      96.3208     0.999872  0.000487876  0.000108508 
        26.5      96.7226     0.999873  0.000487952  0.000107925 
        26.5      97.1251     0.999875  0.000488043  0.000107365 
        26.5      97.5286     0.999876  0.000488153  0.000106829 
        26.5      97.9328     0.999877  0.000488287  0.000106318 
        26.5      98.3379     0.999879   0.00048845  0.000105834 
        26.5      98.7439      0.99988  0.000488648  0.000105378 
        26.5      99.1506     0.999881  0.000488886  0.000104952 
        26.5      99.5583     0.999883   0.00048917  0.000104557 
        26.5      99.9667     0.999884  0.000489508  0.000104196 
        26.5      100.376     0.999886  0.000489696  0.000103615 
        26.5      100.786     0.999888  0.000489807   0.00010296 
        26.5      101.197      0.99989  0.000489904  0.000102314 
        26.5      101.609     0.999892   0.00048999  0.000101678 
        26.5      102.021     0.999894  0.000490064  0.000101052 
        26.5      102.435     0.999895  0.000490127  0.000100436 
        26.5      102.849     0.999897  0.000490181    9.983e-05 
        26.5      103.264     0.999899  0.000490226   9.9234e-05 
        26.5       103.68       0.9999  0.000490262   9.8648e-05 
        26.5      104.097     0.999902   0.00049029  9.80719e-05 
        26.5      104.515     0.999903  0.000490311  9.75059e-05 
        26.5      104.933     0.999904  0.000490325  9.69498e-05 
        26.5      105.353     0.999906  0.000490334  9.64037e-05 
        26.5      105.773     0.999907  0.000490337  9.58675e-05 
        26.5      106.194     0.999908  0.000490336  9.53413e-05 
        26.5      106.616     0.999909   0.00049033  9.48251e-05 
        26.5      107.038      0.99991  0.000490321  9.43188e-05 
        26.5      107.462     0.999911  0.000490308  9.38223e-05 
        26.5      107.886     0.999912  0.000490293  9.33358e-05 
        26.5      108.311     0.999913  0.000490276  9.28591e-05 
        26.5      108.737     0.999914  0.000490256  9.23922e-05 
        26.5      109.164     0.999915  0.000490236  9.19352e-05 
        26.5      109.592     0.999915  0.000490214  9.14879e-05 
        26.5       110.02     0.999916  0.000490192  9.10503e-05 
        26.5       110.45     0.999917   0.00049017  9.06225e-05 
        26.5       110.88     0.999918  0.000490148  9.02043e-05 
        26.5      111.311     0.999918  0.000490127  8.97957e-05 
        26.5      111.743     0.999919  0.000490106  8.93966e-05 
        26.5      112.175     0.999919  0.000490086  8.90071e-05 
        26.5      112.609      0.99992  0.000490068   8.8627e-05 
        26.5      113.043      0.99992  0.000490052  8.82564e-05 
        26.5      113.478     0.999921  0.000490037  8.78951e-05 
        26.5      113.914     0.999921  0.000490024  8.75431e-05 
        26.5      114.351     0.999921  0.000490014  8.72002e-05 
        26.5      114.789     0.999922  0.000490005  8.68666e-05 
        26.5      115.228     0.999922      0.00049   8.6542e-05 
        26.5      115.667     0.999922  0.000489997  8.62264e-05 
        26.5      116.107     0.999923  0.000489996  8.59198e-05 
        26.5      116.548     0.999923  0.000489999   8.5622e-05 
        26.5       116.99     0.999923  0.000490004  8.53329e-05 
        26.5      117.433     0.999923  0.000490012  8.50525e-05 
        26.5      117.876     0.999924  0.000490023  8.47807e-05 
        26.5      118.321     0.999924  0.000490037  8.45174e-05 
        26.5      118.766     0.999924  0.000490053  8.42624e-05 
        26.5      119.212     0.999924  0.000490073  8.40157e-05 
        26.5      119.659     0.999924  0.000490095  8.37772e-05 
        26.5      120.107     0.999925  0.000490119  8.35467e-05 
        26.5      120.555     0.999925  0.000490147  8.33242e-05 
        26.5      121.005     0.999925  0.000490176  8.31095e-05 
        26.5      121.455     0.999925  0.000490208  8.29024e-05 
        26.5      121.906     0.999925  0.000490242   8.2703e-05 
        26.5      122.358     0.999925  0.000490277   8.2511e-05 
        26.5      122.811     0.999926  0.000490315  8.23263e-05 
        26.5      123.264     0.999926  0.000490353  8.21487e-05 
        26.5      123.719     0.999926  0.000490393  8.19782e-05 
        26.5      124.174     0.999926  0.000490434  8.18146e-05 
        26.5       124.63     0.999926  0.000490475  8.16576e-05 
        26.5      125.087     0.999927  0.000490516  8.15073e-05 
        26.5      125.545     0.999927  0.000490558  8.13633e-05 
        26.5      126.003     0.999927  0.000490599  8.12256e-05 
        26.5      126.463     0.999927  0.000490639  8.10939e-05 
        26.5      126.923     0.999928  0.000490678  8.09681e-05 
        26.5      127.384     0.999928  0.000490715   8.0848e-05 
        26.5      127.846     0.999928  0.000490751  8.07335e-05 
        26.5      128.309     0.999929  0.000490784  8.06243e-05 
        26.5      128.773     0.999929  0.000490814  8.05203e-05 
        26.5      129.237     0.999929  0.000490841  8.04211e-05 
        26.5      129.702      0.99993  0.000490864  8.03268e-05 
        26.5      130.169      0.99993  0.000490882   8.0237e-05 
        26.5      130.636     0.999931  0.000490896  8.01514e-05 
        26.5      131.103     0.999931  0.000490905    8.007e-05 
        26.5      131.572     0.999932  0.000490907  7.99925e-05 
        26.5      132.041     0.999933  0.000490903  7.99186e-05 
        26.5      132.512     0.999933  0.000490893  7.98482e-05 
        26.5      132.983     0.999934  0.000490874  7.97809e-05 
        26.5      133.455     0.999935  0.000490847  7.97166e-05 
        26.5      133.928     0.999936  0.000490812  7.96549e-05 
        26.5      134.401     0.999936  0.000490767  7.95957e-05 
        26.5      134.876     0.999937  0.000490712  7.95386e-05 
        26.5      135.351     0.999938  0.000490647  7.94834e-05 
        26.5      135.827     0.999939   0.00049057  7.94299e-05 
        26.5      136.304      0.99994  0.000490481  7.93777e-05 
        26.5      136.782     0.999941  0.000490379  7.93266e-05 
        26.5      137.261     0.999943  0.000490264  7.92762e-05 
        26.5       137.74     0.999944  0.000490135  7.92264e-05 
        26.5      138.221     0.999945  0.000489992  7.91767e-05 
        26.5      138.702     0.999946  0.000489833  7.91268e-05 
        26.5      139.184     0.999948  0.000489658  7.90766e-05 
        26.5      139.667     0.999949  0.000489466  7.90255e-05 
        26.5      140.151     0.999951  0.000489257  7.89734e-05 
        26.5      140.635     0.999953  0.000489029  7.89199e-05 
        26.5       141.12     0.999954  0.000488783  7.88646e-05 
        26.5      141.607     0.999956  0.000488516  7.88072e-05 
        26.5      142.094     0.999958   0.00048823  7.87473e-05 
        26.5      142.582      0.99996  0.000488149  7.88332e-05 
        26.5       143.07     0.999962  0.000488113  7.89527e-05 
        26.5       143.56     0.999964  0.000488076  7.90731e-05 
        26.5       144.05     0.999966  0.000488036  7.91941e-05 
        26.5      144.541     0.999969  0.000487992  7.93156e-05 
        26.5      145.033     0.999971  0.000487945  7.94373e-05 
        26.5      145.526     0.999973  0.000487893  7.95591e-05 
        26.5       146.02     0.999976  0.000487838  7.96807e-05 
        26.5      146.515     0.999979  0.000487777  7.98021e-05 
        26.5       147.01     0.999982  0.000487712  7.99229e-05 
        26.5      147.506     0.999984   0.00048764  8.00429e-05 
        26.5      148.003     0.999987  0.000487563  8.01621e-05 
        26.5      148.501      0.99999   0.00048748  8.02801e-05 
        26.5          149     0.999993  0.000487389  8.03967e-05 
        26.5        149.5     0.999997  0.000487292  8.05118e-05 
        26.5          150            1  0.000487188  8.06251e-05 
