Variables = x, y, u, v, p

Zone, I=600, F=POINT
        74.5         -0.5           -0           -0    0.0104417 
        74.5    -0.499581  0.000166038  5.06952e-10    0.0104417 
        74.5    -0.498322  0.000665132  9.08254e-09    0.0104417 
        74.5    -0.496225   0.00149705  4.67945e-08    0.0104417 
        74.5    -0.493289   0.00266313  1.48564e-07    0.0104418 
        74.5    -0.489514   0.00416467  3.62839e-07    0.0104418 
        74.5      -0.4849   0.00600333  7.51159e-07    0.0104418 
        74.5    -0.479447   0.00818114  1.38762e-06    0.0104419 
        74.5    -0.473155    0.0107005  2.35823e-06    0.0104419 
        74.5    -0.466024     0.013564  3.76017e-06     0.010442 
        74.5    -0.458055    0.0167744  5.70073e-06    0.0104421 
        74.5    -0.449246    0.0203357  8.29743e-06    0.0104421 
        74.5    -0.439599    0.0242508  1.16752e-05    0.0104422 
        74.5    -0.429113     0.028524  1.59675e-05    0.0104423 
        74.5    -0.417787    0.0331599  2.13143e-05    0.0104424 
        74.5    -0.405623     0.038162  2.78596e-05    0.0104424 
        74.5     -0.39262    0.0435353  3.57527e-05    0.0104425 
        74.5    -0.378778    0.0492845  4.51453e-05    0.0104426 
        74.5    -0.364097    0.0554148  5.61903e-05    0.0104427 
        74.5    -0.348578    0.0619305  6.90391e-05    0.0104428 
        74.5    -0.332219    0.0688378  8.38432e-05    0.0104429 
        74.5    -0.315021    0.0761415  0.000100747     0.010443 
        74.5    -0.296985    0.0838464  0.000119886    0.0104431 
        74.5     -0.27811    0.0919582  0.000141388    0.0104431 
        74.5    -0.258395     0.100482  0.000165364    0.0104432 
        74.5    -0.237842     0.109422  0.000191975    0.0104433 
        74.5     -0.21645     0.118778  0.000221326    0.0104433 
        74.5    -0.194219     0.128557  0.000253474    0.0104434 
        74.5    -0.171149     0.138761  0.000288514    0.0104434 
        74.5     -0.14724     0.149392  0.000326529    0.0104434 
        74.5    -0.122493     0.160451  0.000367586    0.0104434 
        74.5    -0.096906     0.171939  0.000411745    0.0104433 
        74.5    -0.070481     0.183857  0.000459037    0.0104432 
        74.5    -0.043216     0.196203  0.000509476    0.0104431 
        74.5    -0.015113     0.208976  0.000563039    0.0104429 
        74.5     0.013829     0.222173  0.000619797    0.0104427 
        74.5     0.043611      0.23579  0.000679719    0.0104424 
        74.5     0.074231     0.249822  0.000742743     0.010442 
        74.5      0.10569     0.264265  0.000808903    0.0104416 
        74.5     0.137987     0.279111  0.000878169     0.010441 
        74.5     0.171124     0.294355  0.000950483    0.0104404 
        74.5       0.2051     0.309986   0.00102579    0.0104396 
        74.5     0.239914     0.325995   0.00110409    0.0104388 
        74.5     0.275568     0.342371   0.00118523    0.0104378 
        74.5      0.31206     0.359103   0.00126932    0.0104365 
        74.5     0.349391     0.376177   0.00135632    0.0104351 
        74.5     0.387562     0.393579    0.0014461    0.0104335 
        74.5     0.426571     0.411291   0.00153858    0.0104317 
        74.5     0.466419     0.429295   0.00163373    0.0104297 
        74.5     0.507106     0.447569   0.00173153    0.0104275 
        74.5     0.548631     0.466091   0.00183197     0.010425 
        74.5     0.590996     0.484836   0.00193504    0.0104221 
        74.5       0.6342     0.503777   0.00204064     0.010419 
        74.5     0.678242     0.522884   0.00214857    0.0104154 
        74.5     0.723124     0.542126   0.00225849    0.0104113 
        74.5     0.768844      0.56153   0.00237047    0.0104068 
        74.5     0.815403     0.581028   0.00248512    0.0104022 
        74.5     0.862801     0.600472   0.00260151     0.010397 
        74.5     0.911038     0.619828   0.00271938    0.0103914 
        74.5     0.960114     0.639058   0.00283845    0.0103851 
        74.5      1.01003     0.658127   0.00295845    0.0103784 
        74.5      1.06078     0.676996   0.00307909     0.010371 
        74.5      1.11238     0.695623   0.00320005     0.010363 
        74.5      1.16481     0.713967   0.00332104    0.0103543 
        74.5      1.21808     0.731982   0.00344173    0.0103451 
        74.5      1.27219     0.749624   0.00356178    0.0103351 
        74.5      1.32713     0.766843   0.00368083    0.0103246 
        74.5      1.38292     0.783591    0.0037985    0.0103133 
        74.5      1.43955     0.799813   0.00391438    0.0103013 
        74.5      1.49701     0.815457   0.00402803    0.0102886 
        74.5      1.55532     0.830465   0.00413898    0.0102753 
        74.5      1.61446     0.844778    0.0042467    0.0102611 
        74.5      1.67444     0.858335   0.00435061    0.0102463 
        74.5      1.73526     0.871072   0.00445006    0.0102308 
        74.5      1.79692     0.882838   0.00454623    0.0102144 
        74.5      1.85942     0.893866   0.00463834    0.0101973 
        74.5      1.92276     0.904208   0.00472588    0.0101796 
        74.5      1.98693     0.913864   0.00480886    0.0101611 
        74.5      2.05195     0.922838   0.00488729     0.010142 
        74.5       2.1178     0.931135    0.0049612    0.0101222 
        74.5       2.1845     0.938763   0.00503063    0.0101018 
        74.5      2.25203     0.945731   0.00509563    0.0100807 
        74.5       2.3204     0.952053   0.00515627    0.0100591 
        74.5      2.38961     0.957744   0.00521262    0.0100369 
        74.5      2.45966     0.962822   0.00526476    0.0100141 
        74.5      2.53055     0.967309   0.00531282   0.00999074 
        74.5      2.60227     0.971229    0.0053569   0.00996687 
        74.5      2.67484     0.974609   0.00539715   0.00994249 
        74.5      2.74824     0.977479   0.00543371   0.00991762 
        74.5      2.82248     0.979873   0.00546677   0.00989229 
        74.5      2.89757     0.981829   0.00549652    0.0098665 
        74.5      2.97349     0.983386   0.00552316   0.00984029 
        74.5      3.05025     0.984589   0.00554694   0.00981367 
        74.5      3.12785     0.985485   0.00556813   0.00978665 
        74.5      3.20628     0.986127   0.00558699   0.00975926 
        74.5      3.28556      0.98657   0.00560387    0.0097315 
        74.5      3.36567     0.986873   0.00561909    0.0097034 
        74.5      3.44663     0.987099   0.00563304   0.00967497 
        74.5      3.52842     0.987317   0.00564614   0.00964622 
        74.5      3.61105     0.987599   0.00565885   0.00961715 
        74.5      3.69453     0.988021   0.00567164   0.00958778 
        74.5      3.77884     0.988523   0.00568518   0.00955808 
        74.5      3.86398     0.988804   0.00569857   0.00952795 
        74.5      3.94997     0.989031    0.0057112   0.00949738 
        74.5       4.0368     0.989209   0.00572313   0.00946666 
        74.5      4.12446     0.989346   0.00573463   0.00943571 
        74.5      4.21297     0.989447    0.0057458    0.0094044 
        74.5      4.30231      0.98952   0.00575654   0.00937272 
        74.5       4.3925     0.989572   0.00576675    0.0093407 
        74.5      4.48352     0.989612   0.00577633   0.00930839 
        74.5      4.57538     0.989644     0.005786   0.00927578 
        74.5      4.66807     0.989676   0.00579552   0.00924288 
        74.5      4.76161     0.989707   0.00580473   0.00920971 
        74.5      4.85599     0.989737   0.00581362   0.00917628 
        74.5      4.95121     0.989768   0.00582218    0.0091426 
        74.5      5.04726     0.989799   0.00583048   0.00910867 
        74.5      5.14415     0.989832   0.00583858    0.0090745 
        74.5      5.24189     0.989866   0.00584655   0.00904009 
        74.5      5.34046     0.989902   0.00585444   0.00900536 
        74.5      5.43987      0.98994   0.00586225   0.00897029 
        74.5      5.54012     0.989979   0.00586975   0.00893487 
        74.5      5.64121     0.990016   0.00587654   0.00889921 
        74.5      5.74313     0.990053   0.00588343   0.00886337 
        74.5       5.8459     0.990091   0.00589004   0.00882738 
        74.5       5.9495      0.99013   0.00589631   0.00879115 
        74.5      6.05395     0.990169   0.00590226   0.00875471 
        74.5      6.15923     0.990208    0.0059079   0.00871805 
        74.5      6.26535     0.990248   0.00591327    0.0086812 
        74.5      6.37231     0.990288   0.00591837   0.00864415 
        74.5      6.48011     0.990328   0.00592324   0.00860692 
        74.5      6.58875     0.990368   0.00592787    0.0085695 
        74.5      6.69822     0.990408   0.00593228   0.00853188 
        74.5      6.80854     0.990447   0.00593642   0.00849406 
        74.5       6.9197     0.990486   0.00594028   0.00845603 
        74.5      7.03169     0.990525   0.00594378   0.00841775 
        74.5      7.14452     0.990562   0.00594682    0.0083792 
        74.5      7.25819     0.990599   0.00594941   0.00834052 
        74.5       7.3727     0.990635   0.00595192   0.00830197 
        74.5      7.48806     0.990672   0.00595413   0.00826322 
        74.5      7.60424      0.99071   0.00595602   0.00822429 
        74.5      7.72127     0.990748   0.00595754    0.0081852 
        74.5      7.83914     0.990786    0.0059587   0.00814597 
        74.5      7.95784     0.990825    0.0059595   0.00810661 
        74.5      8.07739     0.990865   0.00595996   0.00806715 
        74.5      8.19777     0.990905   0.00596012    0.0080276 
        74.5      8.31899     0.990946   0.00596003   0.00798798 
        74.5      8.44105     0.990987   0.00595972   0.00794826 
        74.5      8.56395      0.99103   0.00595893   0.00790835 
        74.5      8.68769     0.991073   0.00595778    0.0078684 
        74.5      8.81227     0.991118   0.00595629    0.0078284 
        74.5      8.93768     0.991163   0.00595448   0.00778837 
        74.5      9.06394     0.991209   0.00595236   0.00774829 
        74.5      9.19103     0.991255   0.00594993   0.00770818 
        74.5      9.31897     0.991302   0.00594721   0.00766803 
        74.5      9.44774     0.991348   0.00594418   0.00762784 
        74.5      9.57735     0.991395   0.00594086   0.00758761 
        74.5       9.7078     0.991441   0.00593723   0.00754734 
        74.5      9.83909     0.991486   0.00593329   0.00750703 
        74.5      9.97121     0.991531    0.0059289   0.00746669 
        74.5      10.1042     0.991575   0.00592404   0.00742637 
        74.5       10.238     0.991619   0.00591888   0.00738608 
        74.5      10.3726     0.991663   0.00591343   0.00734581 
        74.5      10.5081     0.991706   0.00590769   0.00730558 
        74.5      10.6444     0.991749   0.00590165   0.00726538 
        74.5      10.7816     0.991791   0.00589532    0.0072252 
        74.5      10.9196     0.991833   0.00588866   0.00718506 
        74.5      11.0584     0.991874   0.00588168   0.00714494 
        74.5      11.1981     0.991914   0.00587433   0.00710485 
        74.5      11.3386     0.991954    0.0058667   0.00706479 
        74.5        11.48     0.991994    0.0058588    0.0070248 
        74.5      11.6222     0.992033   0.00585056   0.00698488 
        74.5      11.7652     0.992073     0.005842   0.00694505 
        74.5      11.9091     0.992114   0.00583313    0.0069053 
        74.5      12.0538     0.992154   0.00582394   0.00686564 
        74.5      12.1993     0.992195   0.00581446   0.00682608 
        74.5      12.3457     0.992236   0.00580469   0.00678662 
        74.5       12.493     0.992277   0.00579463   0.00674726 
        74.5       12.641     0.992318   0.00578431   0.00670801 
        74.5      12.7899     0.992359   0.00577372   0.00666886 
        74.5      12.9397       0.9924   0.00576287   0.00662983 
        74.5      13.0903     0.992441   0.00575178    0.0065909 
        74.5      13.2417     0.992482   0.00574044   0.00655209 
        74.5      13.3939     0.992523   0.00572885   0.00651339 
        74.5       13.547     0.992563   0.00571697   0.00647483 
        74.5       13.701     0.992604   0.00570478   0.00643644 
        74.5      13.8558     0.992645   0.00569235   0.00639818 
        74.5      14.0114     0.992686   0.00567967   0.00636004 
        74.5      14.1678     0.992727   0.00566675   0.00632202 
        74.5      14.3251     0.992768   0.00565358   0.00628412 
        74.5      14.4833     0.992809   0.00564015   0.00624633 
        74.5      14.6422     0.992851   0.00562645   0.00620865 
        74.5       14.802     0.992891   0.00561258   0.00617139 
        74.5      14.9627     0.992932   0.00559851   0.00613428 
        74.5      15.1242     0.992972   0.00558425   0.00609732 
        74.5      15.2865     0.993012   0.00556981   0.00606051 
        74.5      15.4497     0.993052   0.00555518   0.00602385 
        74.5      15.6137     0.993091   0.00554038   0.00598735 
        74.5      15.7785     0.993131   0.00552538   0.00595102 
        74.5      15.9442      0.99317    0.0055102   0.00591486 
        74.5      16.1107     0.993209   0.00549484   0.00587887 
        74.5      16.2781     0.993248   0.00547923   0.00584304 
        74.5      16.4463     0.993286   0.00546341    0.0058074 
        74.5      16.6153     0.993324   0.00544741   0.00577195 
        74.5      16.7852     0.993363   0.00543124    0.0057367 
        74.5      16.9559       0.9934   0.00541491   0.00570164 
        74.5      17.1275     0.993438   0.00539843   0.00566678 
        74.5      17.2999     0.993476   0.00538178   0.00563212 
        74.5      17.4731     0.993513   0.00536499   0.00559766 
        74.5      17.6472      0.99355   0.00534805    0.0055634 
        74.5      17.8221     0.993587   0.00533098   0.00552934 
        74.5      17.9979     0.993623   0.00531376   0.00549548 
        74.5      18.1744      0.99366   0.00529642   0.00546183 
        74.5      18.3519     0.993696   0.00527895   0.00542838 
        74.5      18.5301     0.993732   0.00526136   0.00539513 
        74.5      18.7093     0.993768   0.00524365   0.00536209 
        74.5      18.8892     0.993803   0.00522583   0.00532926 
        74.5        19.07     0.993839    0.0052079   0.00529663 
        74.5      19.2516     0.993874   0.00518987    0.0052642 
        74.5      19.4341     0.993909   0.00517175   0.00523199 
        74.5      19.6174     0.993944   0.00515353   0.00519998 
        74.5      19.8015     0.993978   0.00513522   0.00516818 
        74.5      19.9865     0.994013   0.00511683   0.00513658 
        74.5      20.1723     0.994047   0.00509836   0.00510519 
        74.5       20.359     0.994081   0.00507982   0.00507401 
        74.5      20.5465     0.994115    0.0050612   0.00504303 
        74.5      20.7348     0.994149   0.00504252   0.00501226 
        74.5       20.924     0.994183   0.00502378   0.00498169 
        74.5       21.114     0.994216   0.00500498   0.00495133 
        74.5      21.3048     0.994249   0.00498612   0.00492117 
        74.5      21.4965     0.994282   0.00496721   0.00489121 
        74.5       21.689     0.994315   0.00494825   0.00486146 
        74.5      21.8824     0.994348   0.00492925   0.00483191 
        74.5      22.0766     0.994381   0.00491021   0.00480256 
        74.5      22.2717     0.994413   0.00489112   0.00477341 
        74.5      22.4675     0.994445     0.004872   0.00474446 
        74.5      22.6643     0.994478   0.00485285    0.0047157 
        74.5      22.8618      0.99451   0.00483366   0.00468714 
        74.5      23.0602     0.994541   0.00481443   0.00465878 
        74.5      23.2595     0.994573   0.00479518    0.0046306 
        74.5      23.4596     0.994604   0.00477584   0.00460271 
        74.5      23.6605     0.994635    0.0047565   0.00457502 
        74.5      23.8622     0.994665   0.00473717   0.00454752 
        74.5      24.0648     0.994695   0.00471784   0.00452022 
        74.5      24.2683     0.994726   0.00469851   0.00449311 
        74.5      24.4725     0.994756   0.00467919   0.00446619 
        74.5      24.6776     0.994786   0.00465988   0.00443946 
        74.5      24.8836     0.994816   0.00464057   0.00441292 
        74.5      25.0904     0.994845   0.00462127   0.00438657 
        74.5       25.298     0.994875   0.00460197   0.00436041 
        74.5      25.5065     0.994904   0.00458268   0.00433444 
        74.5      25.7158     0.994934    0.0045634   0.00430866 
        74.5      25.9259     0.994963   0.00454413   0.00428306 
        74.5      26.1369     0.994992   0.00452487   0.00425765 
        74.5      26.3487      0.99502   0.00450563   0.00423243 
        74.5      26.5614     0.995049   0.00448641   0.00420739 
        74.5      26.7749     0.995077   0.00446721   0.00418253 
        74.5      26.9892     0.995106   0.00444803   0.00415786 
        74.5      27.2044     0.995134   0.00442887   0.00413336 
        74.5      27.4204     0.995162   0.00440975   0.00410905 
        74.5      27.6373     0.995189   0.00439068   0.00408493 
        74.5       27.855     0.995217   0.00437167     0.004061 
        74.5      28.0735     0.995245   0.00435271   0.00403726 
        74.5      28.2929     0.995272   0.00433378   0.00401368 
        74.5      28.5131     0.995299    0.0043149   0.00399027 
        74.5      28.7342     0.995326   0.00429606   0.00396704 
        74.5      28.9561     0.995353   0.00427727   0.00394397 
        74.5      29.1788     0.995379   0.00425852   0.00392107 
        74.5      29.4024     0.995406   0.00423982   0.00389833 
        74.5      29.6268     0.995432   0.00422116   0.00387576 
        74.5       29.852     0.995459   0.00420256   0.00385335 
        74.5      30.0781     0.995485   0.00418401   0.00383111 
        74.5       30.305     0.995511   0.00416551   0.00380903 
        74.5      30.5328     0.995536   0.00414707   0.00378711 
        74.5      30.7614     0.995562   0.00412868   0.00376536 
        74.5      30.9908     0.995588   0.00411035   0.00374377 
        74.5      31.2211     0.995613   0.00409208   0.00372234 
        74.5      31.4522     0.995638   0.00407387   0.00370107 
        74.5      31.6842     0.995663   0.00405572   0.00367997 
        74.5       31.917     0.995688   0.00403764   0.00365904 
        74.5      32.1506     0.995713   0.00401968   0.00363823 
        74.5      32.3851     0.995738   0.00400182   0.00361757 
        74.5      32.6204     0.995762   0.00398402   0.00359706 
        74.5      32.8565     0.995786   0.00396628    0.0035767 
        74.5      33.0935     0.995811    0.0039486   0.00355651 
        74.5      33.3314     0.995835   0.00393098   0.00353647 
        74.5        33.57     0.995859   0.00391343   0.00351658 
        74.5      33.8095     0.995882   0.00389595   0.00349684 
        74.5      34.0499     0.995906   0.00387853   0.00347725 
        74.5      34.2911      0.99593   0.00386118   0.00345781 
        74.5      34.5331     0.995953    0.0038439   0.00343852 
        74.5       34.776     0.995976   0.00382669   0.00341937 
        74.5      35.0197        0.996   0.00380955   0.00340037 
        74.5      35.2642     0.996023   0.00379249    0.0033815 
        74.5      35.5096     0.996046   0.00377551   0.00336278 
        74.5      35.7558     0.996068   0.00375869   0.00334414 
        74.5      36.0029     0.996091   0.00374194   0.00332564 
        74.5      36.2508     0.996114   0.00372527   0.00330728 
        74.5      36.4995     0.996136   0.00370868   0.00328905 
        74.5      36.7491     0.996159   0.00369217   0.00327096 
        74.5      36.9995     0.996181   0.00367573     0.003253 
        74.5      37.2507     0.996203   0.00365938   0.00323517 
        74.5      37.5028     0.996225   0.00364311   0.00321747 
        74.5      37.7558     0.996247   0.00362692   0.00319991 
        74.5      38.0095     0.996269   0.00361081   0.00318247 
        74.5      38.2641     0.996291   0.00359479   0.00316516 
        74.5      38.5196     0.996312   0.00357886   0.00314799 
        74.5      38.7759     0.996334   0.00356302   0.00313094 
        74.5       39.033     0.996355   0.00354726   0.00311401 
        74.5      39.2909     0.996377   0.00353159   0.00309721 
        74.5      39.5498     0.996398   0.00351602   0.00308054 
        74.5      39.8094     0.996419   0.00350053   0.00306398 
        74.5      40.0699      0.99644   0.00348514   0.00304755 
        74.5      40.3312     0.996461   0.00346984   0.00303125 
        74.5      40.5933     0.996482   0.00345464   0.00301506 
        74.5      40.8563     0.996502   0.00343953   0.00299899 
        74.5      41.1202     0.996523   0.00342451   0.00298304 
        74.5      41.3849     0.996543    0.0034096   0.00296721 
        74.5      41.6504     0.996564   0.00339478   0.00295149 
        74.5      41.9167     0.996584   0.00338005   0.00293589 
        74.5      42.1839     0.996604   0.00336542    0.0029204 
        74.5      42.4519     0.996625   0.00335089   0.00290502 
        74.5      42.7208     0.996645   0.00333646   0.00288976 
        74.5      42.9905     0.996664   0.00332212    0.0028746 
        74.5      43.2611     0.996684   0.00330788   0.00285956 
        74.5      43.5325     0.996704   0.00329373   0.00284462 
        74.5      43.8047     0.996724   0.00327968   0.00282979 
        74.5      44.0777     0.996743   0.00326571   0.00281507 
        74.5      44.3516     0.996763   0.00325184   0.00280045 
        74.5      44.6264     0.996782   0.00323806   0.00278593 
        74.5       44.902     0.996801   0.00322436   0.00277151 
        74.5      45.1784      0.99682   0.00321074    0.0027572 
        74.5      45.4556     0.996839   0.00319721   0.00274299 
        74.5      45.7337     0.996858   0.00318375   0.00272887 
        74.5      46.0127     0.996877   0.00317036   0.00271486 
        74.5      46.2925     0.996895   0.00315705   0.00270094 
        74.5      46.5731     0.996913   0.00314379   0.00268711 
        74.5      46.8545     0.996932    0.0031306   0.00267338 
        74.5      47.1368      0.99695   0.00311746   0.00265974 
        74.5      47.4199     0.996968   0.00310444   0.00264626 
        74.5      47.7039     0.996987   0.00309161   0.00263294 
        74.5      47.9887     0.997005   0.00307891   0.00261969 
        74.5      48.2744     0.997023   0.00306632   0.00260652 
        74.5      48.5609     0.997042   0.00305385   0.00259343 
        74.5      48.8482      0.99706   0.00304148   0.00258041 
        74.5      49.1363     0.997078   0.00302921   0.00256748 
        74.5      49.4253     0.997096   0.00301703   0.00255462 
        74.5      49.7152     0.997114   0.00300494   0.00254185 
        74.5      50.0059     0.997131   0.00299294   0.00252915 
        74.5      50.2974     0.997149   0.00298101   0.00251654 
        74.5      50.5897     0.997167   0.00296916   0.00250402 
        74.5      50.8829     0.997184   0.00295739   0.00249158 
        74.5       51.177     0.997202   0.00294569   0.00247923 
        74.5      51.4719     0.997219   0.00293406   0.00246696 
        74.5      51.7676     0.997237    0.0029225   0.00245479 
        74.5      52.0641     0.997254   0.00291101    0.0024427 
        74.5      52.3615     0.997271   0.00289958    0.0024307 
        74.5      52.6597     0.997288   0.00288823   0.00241879 
        74.5      52.9588     0.997305   0.00287694   0.00240697 
        74.5      53.2587     0.997322   0.00286573   0.00239524 
        74.5      53.5595     0.997339   0.00285458   0.00238361 
        74.5      53.8611     0.997356   0.00284351   0.00237206 
        74.5      54.1635     0.997372   0.00283252   0.00236061 
        74.5      54.4667     0.997389    0.0028216   0.00234926 
        74.5      54.7708     0.997405   0.00281076     0.002338 
        74.5      55.0758     0.997422       0.0028   0.00232683 
        74.5      55.3816     0.997438   0.00278933   0.00231575 
        74.5      55.6882     0.997454   0.00277874   0.00230477 
        74.5      55.9956     0.997471   0.00276824   0.00229389 
        74.5      56.3039     0.997487   0.00275783   0.00228309 
        74.5      56.6131     0.997503   0.00274752    0.0022724 
        74.5      56.9231     0.997519   0.00273731    0.0022618 
        74.5      57.2339     0.997534    0.0027272   0.00225129 
        74.5      57.5455      0.99755   0.00271719   0.00224088 
        74.5       57.858     0.997566   0.00270729   0.00223056 
        74.5      58.1713     0.997581   0.00269749   0.00222034 
        74.5      58.4855     0.997597    0.0026878   0.00221021 
        74.5      58.8005     0.997612   0.00267822   0.00220018 
        74.5      59.1164     0.997627   0.00266875   0.00219023 
        74.5      59.4331     0.997643    0.0026594   0.00218038 
        74.5      59.7506     0.997658   0.00265015   0.00217063 
        74.5       60.069     0.997673   0.00264101   0.00216096 
        74.5      60.3882     0.997688   0.00263198   0.00215138 
        74.5      60.7082     0.997702   0.00262306    0.0021419 
        74.5      61.0291     0.997717   0.00261424    0.0021325 
        74.5      61.3508     0.997732   0.00260552   0.00212319 
        74.5      61.6734     0.997746   0.00259689   0.00211397 
        74.5      61.9968     0.997761   0.00258808   0.00210438 
        74.5       62.321     0.997776   0.00257927    0.0020947 
        74.5      62.6461     0.997791   0.00257054   0.00208508 
        74.5       62.972     0.997805   0.00256188   0.00207552 
        74.5      63.2987      0.99782    0.0025533   0.00206602 
        74.5      63.6263     0.997835   0.00254478   0.00205657 
        74.5      63.9548     0.997849   0.00253633   0.00204717 
        74.5       64.284     0.997864   0.00252793   0.00203781 
        74.5      64.6141     0.997878   0.00251957   0.00202849 
        74.5      64.9451     0.997893   0.00251125   0.00201921 
        74.5      65.2769     0.997907   0.00250294   0.00200995 
        74.5      65.6095     0.997921   0.00249464   0.00200072 
        74.5       65.943     0.997935   0.00248633   0.00199152 
        74.5      66.2773      0.99795   0.00247798   0.00198232 
        74.5      66.6124     0.997963   0.00246961   0.00197374 
        74.5      66.9484     0.997974   0.00246129   0.00196597 
        74.5      67.2852     0.997986   0.00245302    0.0019583 
        74.5      67.6229     0.997998   0.00244482   0.00195072 
        74.5      67.9614      0.99801   0.00243668   0.00194322 
        74.5      68.3007     0.998023   0.00242861   0.00193582 
        74.5      68.6409     0.998036   0.00242062    0.0019285 
        74.5      68.9819     0.998049   0.00241271   0.00192127 
        74.5      69.3238     0.998063   0.00240489   0.00191413 
        74.5      69.6664     0.998076   0.00239716   0.00190706 
        74.5        70.01      0.99809   0.00238953   0.00190007 
        74.5      70.3543     0.998104   0.00238199   0.00189316 
        74.5      70.6996     0.998118   0.00237456   0.00188633 
        74.5      71.0456     0.998133   0.00236723   0.00187957 
        74.5      71.3925     0.998147   0.00236001   0.00187289 
        74.5      71.7402     0.998162    0.0023529   0.00186628 
        74.5      72.0888     0.998177    0.0023459   0.00185973 
        74.5      72.4382     0.998192   0.00233901   0.00185325 
        74.5      72.7884     0.998207   0.00233225   0.00184684 
        74.5      73.1395      0.99822     0.002326   0.00183945 
        74.5      73.4914     0.998232   0.00231996   0.00183172 
        74.5      73.8442     0.998244   0.00231397   0.00182404 
        74.5      74.1978     0.998256   0.00230801   0.00181642 
        74.5      74.5522     0.998267   0.00230206   0.00180886 
        74.5      74.9075     0.998278   0.00229614   0.00180136 
        74.5      75.2636     0.998289   0.00229022   0.00179394 
        74.5      75.6206       0.9983    0.0022843   0.00178659 
        74.5      75.9784     0.998311   0.00227838   0.00177932 
        74.5       76.337     0.998322   0.00227246   0.00177214 
        74.5      76.6965     0.998332   0.00226653   0.00176504 
        74.5      77.0568     0.998343    0.0022606   0.00175803 
        74.5      77.4179     0.998353   0.00225466   0.00175112 
        74.5      77.7799     0.998364   0.00224871    0.0017443 
        74.5      78.1427     0.998374   0.00224276   0.00173758 
        74.5      78.5064     0.998385   0.00223681   0.00173096 
        74.5      78.8709     0.998395   0.00223086   0.00172443 
        74.5      79.2363     0.998406   0.00222492   0.00171802 
        74.5      79.6024     0.998417   0.00221898    0.0017117 
        74.5      79.9695     0.998428   0.00221306   0.00170548 
        74.5      80.3373     0.998439   0.00220717   0.00169937 
        74.5       80.706     0.998451   0.00220129   0.00169336 
        74.5      81.0756     0.998463   0.00219545   0.00168745 
        74.5      81.4459     0.998475   0.00218964   0.00168165 
        74.5      81.8171     0.998487   0.00218388   0.00167593 
        74.5      82.1892     0.998499   0.00217816   0.00167032 
        74.5      82.5621     0.998512    0.0021725   0.00166479 
        74.5      82.9358     0.998525    0.0021669   0.00165936 
        74.5      83.3104     0.998538   0.00216136     0.001654 
        74.5      83.6858     0.998551   0.00215589   0.00164873 
        74.5      84.0621     0.998564    0.0021505   0.00164354 
        74.5      84.4391     0.998577   0.00214518   0.00163842 
        74.5      84.8171     0.998591   0.00213994   0.00163336 
        74.5      85.1958     0.998604   0.00213478   0.00162836 
        74.5      85.5754     0.998617   0.00212971   0.00162341 
        74.5      85.9559      0.99863   0.00212471    0.0016185 
        74.5      86.3372     0.998643    0.0021198   0.00161363 
        74.5      86.7193     0.998655   0.00211496   0.00160879 
        74.5      87.1022     0.998667    0.0021102   0.00160396 
        74.5       87.486     0.998677    0.0021055   0.00159915 
        74.5      87.8707     0.998687   0.00210086   0.00159433 
        74.5      88.2562     0.998696   0.00209626   0.00158949 
        74.5      88.6425     0.998704   0.00209171   0.00158463 
        74.5      89.0296      0.99871   0.00208717   0.00157974 
        74.5      89.4176     0.998714   0.00208264   0.00157479 
        74.5      89.8065     0.998717   0.00207809   0.00156978 
        74.5      90.1961     0.998717    0.0020735   0.00156469 
        74.5      90.5866     0.998715   0.00206885    0.0015595 
        74.5       90.978     0.998709   0.00206411    0.0015542 
        74.5      91.3702     0.998701   0.00205924   0.00154878 
        74.5      91.7632     0.998689   0.00205422   0.00154322 
        74.5      92.1571     0.998685   0.00204931   0.00153803 
        74.5      92.5518     0.998701   0.00204485   0.00153372 
        74.5      92.9473     0.998716   0.00204038   0.00152948 
        74.5      93.3437     0.998731    0.0020359   0.00152532 
        74.5      93.7409     0.998747   0.00203143   0.00152123 
        74.5       94.139     0.998762   0.00202696    0.0015172 
        74.5      94.5379     0.998777    0.0020225   0.00151324 
        74.5      94.9376     0.998792   0.00201805   0.00150936 
        74.5      95.3382     0.998807   0.00201361   0.00150553 
        74.5      95.7396     0.998822    0.0020092   0.00150178 
        74.5      96.1419     0.998837    0.0020048   0.00149809 
        74.5       96.545     0.998851   0.00200043   0.00149446 
        74.5      96.9489     0.998865   0.00199608    0.0014909 
        74.5      97.3537     0.998879   0.00199177    0.0014874 
        74.5      97.7593     0.998893   0.00198748   0.00148396 
        74.5      98.1657     0.998907   0.00198323   0.00148058 
        74.5       98.573      0.99892   0.00197901   0.00147727 
        74.5      98.9811     0.998934   0.00197483   0.00147401 
        74.5      99.3901     0.998947   0.00197069   0.00147081 
        74.5      99.7999     0.998959   0.00196659   0.00146767 
        74.5      100.211     0.998972   0.00196253   0.00146458 
        74.5      100.622     0.998984   0.00195851   0.00146155 
        74.5      101.034     0.998995   0.00195454   0.00145857 
        74.5      101.448     0.999007   0.00195061   0.00145565 
        74.5      101.862     0.999018   0.00194673   0.00145278 
        74.5      102.276     0.999029   0.00194289   0.00144996 
        74.5      102.692     0.999039   0.00193909   0.00144719 
        74.5      103.109      0.99905   0.00193534   0.00144448 
        74.5      103.526      0.99906   0.00193164   0.00144181 
        74.5      103.944     0.999069   0.00192798   0.00143919 
        74.5      104.363     0.999078   0.00192437   0.00143661 
        74.5      104.783     0.999087    0.0019208   0.00143409 
        74.5      105.204     0.999096   0.00191727    0.0014316 
        74.5      105.625     0.999104   0.00191379   0.00142916 
        74.5      106.048     0.999112   0.00191035   0.00142677 
        74.5      106.471      0.99912   0.00190695   0.00142442 
        74.5      106.895     0.999127   0.00190359    0.0014221 
        74.5       107.32     0.999134   0.00190027   0.00141983 
        74.5      107.746     0.999141   0.00189698    0.0014176 
        74.5      108.172     0.999147   0.00189373   0.00141541 
        74.5        108.6     0.999153   0.00189052   0.00141325 
        74.5      109.028     0.999159   0.00188733   0.00141113 
        74.5      109.457     0.999165   0.00188417   0.00140905 
        74.5      109.887      0.99917   0.00188105   0.00140699 
        74.5      110.318     0.999175   0.00187794   0.00140498 
        74.5      110.749      0.99918   0.00187486   0.00140299 
        74.5      111.182     0.999184    0.0018718   0.00140104 
        74.5      111.615     0.999189   0.00186876   0.00139912 
        74.5      112.049     0.999193   0.00186574   0.00139722 
        74.5      112.484     0.999197   0.00186273   0.00139536 
        74.5       112.92       0.9992   0.00185966   0.00139327 
        74.5      113.357     0.999203   0.00185656   0.00139095 
        74.5      113.794     0.999205   0.00185349    0.0013887 
        74.5      114.232     0.999207   0.00185045   0.00138651 
        74.5      114.672     0.999208   0.00184745   0.00138439 
        74.5      115.112      0.99921   0.00184447   0.00138233 
        74.5      115.552     0.999211   0.00184153   0.00138034 
        74.5      115.994     0.999212    0.0018386   0.00137841 
        74.5      116.437     0.999213   0.00183571   0.00137654 
        74.5       116.88     0.999214   0.00183283   0.00137473 
        74.5      117.324     0.999214   0.00182998   0.00137299 
        74.5      117.769     0.999215   0.00182715    0.0013713 
        74.5      118.215     0.999215   0.00182433   0.00136967 
        74.5      118.662     0.999216   0.00182152   0.00136809 
        74.5      119.109     0.999216   0.00181873   0.00136658 
        74.5      119.558     0.999216   0.00181594   0.00136512 
        74.5      120.007     0.999216   0.00181316   0.00136371 
        74.5      120.457     0.999217   0.00181038   0.00136236 
        74.5      120.908     0.999217   0.00180761   0.00136107 
        74.5       121.36     0.999217   0.00180483   0.00135982 
        74.5      121.812     0.999218   0.00180206   0.00135863 
        74.5      122.266     0.999218   0.00179927    0.0013575 
        74.5       122.72     0.999219   0.00179648   0.00135641 
        74.5      123.175      0.99922   0.00179368   0.00135538 
        74.5      123.631     0.999221   0.00179086   0.00135439 
        74.5      124.088     0.999222   0.00178803   0.00135346 
        74.5      124.546     0.999223   0.00178518   0.00135257 
        74.5      125.004     0.999225   0.00178231   0.00135174 
        74.5      125.463     0.999227   0.00177943   0.00135095 
        74.5      125.923     0.999229   0.00177651   0.00135022 
        74.5      126.384     0.999231   0.00177358   0.00134953 
        74.5      126.846     0.999234   0.00177061   0.00134889 
        74.5      127.309     0.999237   0.00176762    0.0013483 
        74.5      127.772      0.99924    0.0017646   0.00134776 
        74.5      128.237     0.999244   0.00176155   0.00134726 
        74.5      128.702     0.999248   0.00175846   0.00134681 
        74.5      129.168     0.999252   0.00175535   0.00134641 
        74.5      129.635     0.999257    0.0017522   0.00134606 
        74.5      130.102     0.999262   0.00174902   0.00134576 
        74.5      130.571     0.999268    0.0017458    0.0013455 
        74.5       131.04     0.999274   0.00174255   0.00134529 
        74.5      131.511     0.999281   0.00173927   0.00134513 
        74.5      131.982     0.999288   0.00173596   0.00134501 
        74.5      132.453     0.999296   0.00173261   0.00134495 
        74.5      132.926     0.999305   0.00172924   0.00134493 
        74.5        133.4     0.999314   0.00172583   0.00134496 
        74.5      133.874     0.999323   0.00172241   0.00134504 
        74.5      134.349     0.999333   0.00171896   0.00134517 
        74.5      134.825     0.999344   0.00171548   0.00134536 
        74.5      135.302     0.999355   0.00171199   0.00134559 
        74.5       135.78     0.999367   0.00170849   0.00134587 
        74.5      136.259      0.99938   0.00170498    0.0013462 
        74.5      136.738     0.999393   0.00170146   0.00134659 
        74.5      137.218     0.999407   0.00169795   0.00134703 
        74.5        137.7     0.999422   0.00169444   0.00134752 
        74.5      138.182     0.999437   0.00169094   0.00134807 
        74.5      138.664     0.999453   0.00168746   0.00134867 
        74.5      139.148     0.999469   0.00168401   0.00134933 
        74.5      139.632     0.999487   0.00168059   0.00135005 
        74.5      140.118     0.999505   0.00167722   0.00135082 
        74.5      140.604     0.999523    0.0016739   0.00135166 
        74.5      141.091     0.999543   0.00167064   0.00135255 
        74.5      141.579     0.999563   0.00166745   0.00135351 
        74.5      142.067     0.999584   0.00166434   0.00135453 
        74.5      142.557     0.999605   0.00166134   0.00135561 
        74.5      143.047     0.999627   0.00165844   0.00135676 
        74.5      143.538      0.99965   0.00165566   0.00135798 
        74.5       144.03     0.999673   0.00165302   0.00135926 
        74.5      144.523     0.999697   0.00165053   0.00136062 
        74.5      145.017     0.999722   0.00164821   0.00136204 
        74.5      145.511     0.999747   0.00164608   0.00136354 
        74.5      146.007     0.999773   0.00164415   0.00136512 
        74.5      146.503       0.9998   0.00164244   0.00136677 
        74.5          147     0.999827   0.00164098   0.00136851 
        74.5      147.498     0.999855   0.00163977   0.00137032 
        74.5      147.997     0.999883   0.00163886   0.00137221 
        74.5      148.496     0.999911   0.00163825    0.0013742 
        74.5      148.997     0.999941   0.00163797   0.00137626 
        74.5      149.498      0.99997   0.00163805   0.00137842 
        74.5          150            1   0.00163852   0.00138067 
