Variables = x, y, u, v, p

Zone, I=600, F=POINT
        28.5        -2.25   0.00289816 -0.000541503  -0.00132248 
        28.5     -2.24958   0.00278121 -0.000537585  -0.00132277 
        28.5      -2.2483   0.00242919 -0.000525081  -0.00132366 
        28.5     -2.24618    0.0018395 -0.000501774  -0.00132511 
        28.5     -2.24321   0.00100817 -0.000464027   -0.0013271 
        28.5     -2.23939 -7.08551e-05 -0.000406803  -0.00132958 
        28.5     -2.23472  -0.00140464 -0.000323786  -0.00133249 
        28.5     -2.22921  -0.00300103 -0.000207504  -0.00133579 
        28.5     -2.22284  -0.00486921 -4.94032e-05   -0.0013394 
        28.5     -2.21563  -0.00701848  0.000159939  -0.00134327 
        28.5     -2.20757  -0.00945781  0.000430612  -0.00134734 
        28.5     -2.19866   -0.0121963  0.000773256  -0.00135156 
        28.5      -2.1889   -0.0152416   0.00119875  -0.00135592 
        28.5     -2.17829   -0.0185998   0.00171792  -0.00136041 
        28.5     -2.16683   -0.0222749   0.00234139  -0.00136505 
        28.5     -2.15453   -0.0262676   0.00307914  -0.00136991 
        28.5     -2.14137   -0.0305756   0.00394028   -0.0013751 
        28.5     -2.12737   -0.0351917   0.00493266  -0.00138078 
        28.5     -2.11252   -0.0401034   0.00606244  -0.00138719 
        28.5     -2.09682   -0.0452915   0.00733364  -0.00139464 
        28.5     -2.08027   -0.0507303   0.00874797  -0.00140351 
        28.5     -2.06287   -0.0563852     0.010304  -0.00141429 
        28.5     -2.04462   -0.0622133    0.0119972  -0.00142758 
        28.5     -2.02553   -0.0681596    0.0138188  -0.00144409 
        28.5     -2.00559   -0.0741585    0.0157556  -0.00146468 
        28.5     -1.98479   -0.0801316    0.0177896  -0.00149035 
        28.5     -1.96315   -0.0859858    0.0198972  -0.00152227 
        28.5     -1.94066   -0.0916126    0.0220484  -0.00156177 
        28.5     -1.91732   -0.0968862    0.0242067  -0.00161039 
        28.5     -1.89314    -0.101663    0.0263278  -0.00166987 
        28.5      -1.8681    -0.105778    0.0283597  -0.00174219 
        28.5     -1.84222    -0.109047    0.0302413  -0.00182956 
        28.5     -1.81549     -0.11126    0.0319021  -0.00193445 
        28.5     -1.78791    -0.112184     0.033261  -0.00205963 
        28.5     -1.75947    -0.111558    0.0342262  -0.00220814 
        28.5      -1.7302    -0.109094    0.0346939  -0.00238338 
        28.5     -1.70007    -0.109659    0.0356599  -0.00247015 
        28.5     -1.66909     -0.10728    0.0359514  -0.00261384 
        28.5     -1.63727    -0.104492    0.0360921  -0.00275578 
        28.5     -1.60459    -0.101301    0.0360837  -0.00289534 
        28.5     -1.57107   -0.0977158    0.0359295  -0.00303185 
        28.5      -1.5367   -0.0937509    0.0356351  -0.00316461 
        28.5     -1.50148   -0.0894261    0.0352084  -0.00329285 
        28.5     -1.46541   -0.0847662    0.0346596  -0.00341579 
        28.5      -1.4285   -0.0798023    0.0340017  -0.00353258 
        28.5     -1.39073    -0.074572    0.0332502  -0.00364234 
        28.5     -1.35212   -0.0691192    0.0324236  -0.00374412 
        28.5     -1.31265   -0.0634951    0.0315436  -0.00383693 
        28.5     -1.27234   -0.0577586    0.0306351  -0.00391973 
        28.5     -1.23118   -0.0519761    0.0297265  -0.00399142 
        28.5     -1.18918   -0.0462228    0.0288498  -0.00405082 
        28.5     -1.14632   -0.0405825    0.0280408  -0.00409672 
        28.5     -1.10261   -0.0341669    0.0270262  -0.00414011 
        28.5     -1.05806   -0.0278661     0.026079  -0.00416922 
        28.5     -1.01265   -0.0214071    0.0251245  -0.00418736 
        28.5    -0.966402   -0.0147836    0.0241639  -0.00419448 
        28.5    -0.919301  -0.00798884    0.0231982  -0.00419061 
        28.5    -0.871352  -0.00101564    0.0222288   -0.0041758 
        28.5    -0.822554   0.00614392     0.021257   -0.0041502 
        28.5    -0.772908     0.013498    0.0202844    -0.004114 
        28.5    -0.722412     0.021056    0.0193122  -0.00406747 
        28.5    -0.671068    0.0288041    0.0183397  -0.00401108 
        28.5    -0.618876    0.0367539    0.0173683  -0.00394524 
        28.5    -0.565835    0.0448749    0.0163973  -0.00387051 
        28.5    -0.511945    0.0531191    0.0154203  -0.00378803 
        28.5    -0.457206    0.0614342    0.0144303  -0.00369907 
        28.5    -0.401619    0.0697623    0.0134196  -0.00360505 
        28.5    -0.345183    0.0780411    0.0123797  -0.00350752 
        28.5    -0.287898    0.0862692    0.0112917  -0.00340913 
        28.5    -0.229765    0.0946501    0.0101477  -0.00331209 
        28.5    -0.170783     0.103708   0.00897284  -0.00321765 
        28.5    -0.110953     0.113996   0.00780819    -0.003126 
        28.5    -0.050274     0.126116   0.00669834   -0.0030373 
        28.5     0.011254     0.140634    0.0056979  -0.00295073 
        28.5     0.073631     0.157586   0.00482867  -0.00286421 
        28.5     0.136856     0.176844   0.00407344  -0.00277654 
        28.5      0.20093     0.198261   0.00340888   -0.0026868 
        28.5     0.265852     0.221722   0.00281106   -0.0025941 
        28.5     0.331623     0.247097   0.00227134  -0.00249836 
        28.5     0.398243     0.274433   0.00177882  -0.00239872 
        28.5     0.465711     0.303562   0.00133103  -0.00229508 
        28.5     0.534029     0.334302  0.000925154  -0.00218736 
        28.5     0.603194     0.366451  0.000558091  -0.00207547 
        28.5     0.673209     0.399794  0.000226347  -0.00195932 
        28.5     0.744072     0.434093 -7.38966e-05  -0.00183882 
        28.5     0.815784     0.468921 -0.000340079  -0.00171513 
        28.5     0.888344     0.504272 -0.000576911  -0.00158739 
        28.5     0.961753     0.539358 -0.000788415   -0.0014572 
        28.5      1.03601     0.574033 -0.000975473  -0.00132509 
        28.5      1.11112     0.608139  -0.00113908  -0.00119163 
        28.5      1.18707     0.641511  -0.00128036   -0.0010574 
        28.5      1.26388     0.673975  -0.00140056 -0.000923062 
        28.5      1.34153     0.705347  -0.00150106 -0.000789287 
        28.5      1.42003     0.735432  -0.00158336 -0.000656801 
        28.5      1.49938     0.764027   -0.0016491 -0.000526375 
        28.5      1.57958     0.790918  -0.00170008 -0.000398823 
        28.5      1.66063     0.815878  -0.00173823 -0.000275007 
        28.5      1.74252     0.838671  -0.00176561 -0.000155834 
        28.5      1.82526     0.861156  -0.00177812  -3.8704e-05 
        28.5      1.90886     0.880272  -0.00177279  7.29409e-05 
        28.5       1.9933     0.897617   -0.0017615  0.000178993 
        28.5      2.07859     0.913244  -0.00174456  0.000279486 
        28.5      2.16473      0.92721  -0.00172226  0.000374464 
        28.5      2.25172     0.939578  -0.00169496  0.000463986 
        28.5      2.33955     0.950418  -0.00166303  0.000548122 
        28.5      2.42824     0.959807  -0.00162686  0.000626955 
        28.5      2.51777     0.967828  -0.00158688  0.000700584 
        28.5      2.60815     0.974572  -0.00154356  0.000769119 
        28.5      2.69938     0.980135  -0.00149737  0.000832687 
        28.5      2.79146     0.984623  -0.00144885  0.000891429 
        28.5      2.88439     0.988148  -0.00139854  0.000945501 
        28.5      2.97817     0.990829  -0.00134704  0.000995073 
        28.5       3.0728     0.992794  -0.00129495   0.00104033 
        28.5      3.16827     0.994179  -0.00124294   0.00108149 
        28.5      3.26459     0.995128  -0.00119169   0.00111875 
        28.5      3.36176     0.995792  -0.00114193   0.00115237 
        28.5      3.45978     0.996332  -0.00109443   0.00118259 
        28.5      3.55865     0.996919  -0.00104998    0.0012097 
        28.5      3.65837      0.99773  -0.00100943   0.00123397 
        28.5      3.75894     0.997801 -0.000958642   0.00125645 
        28.5      3.86035     0.997976  -0.00091275   0.00127604 
        28.5      3.96261     0.998113 -0.000867283   0.00129324 
        28.5      4.06573     0.998229 -0.000822474   0.00130803 
        28.5      4.16969     0.998304  -0.00077852   0.00132081 
        28.5       4.2745     0.998347  -0.00073525   0.00133194 
        28.5      4.38016     0.998371 -0.000692732   0.00134151 
        28.5      4.48666     0.998381 -0.000650967   0.00134954 
        28.5      4.59402      0.99838 -0.000609957   0.00135608 
        28.5      4.70222     0.998371 -0.000569621   0.00136118 
        28.5      4.81127     0.998359 -0.000530234   0.00136479 
        28.5      4.92118      0.99835 -0.000491547   0.00136749 
        28.5      5.03193     0.998343 -0.000453689   0.00136921 
        28.5      5.14353      0.99834 -0.000416638   0.00136997 
        28.5      5.25597     0.998339 -0.000380369   0.00136982 
        28.5      5.36927     0.998341 -0.000344856    0.0013688 
        28.5      5.48341     0.998349 -0.000309921   0.00136702 
        28.5      5.59841     0.998354 -0.000275898   0.00136438 
        28.5      5.71425     0.998359 -0.000242747   0.00136097 
        28.5      5.83094     0.998364 -0.000210521   0.00135682 
        28.5      5.94848     0.998369 -0.000178737   0.00135236 
        28.5      6.06687     0.998374 -0.000147742    0.0013475 
        28.5       6.1861     0.998379 -0.000117429   0.00134199 
        28.5      6.30619     0.998384 -8.78179e-05   0.00133605 
        28.5      6.42712      0.99839 -5.88981e-05   0.00132971 
        28.5      6.54891     0.998397 -3.06556e-05   0.00132299 
        28.5      6.67154     0.998405  -3.0751e-06   0.00131591 
        28.5      6.79502     0.998413   2.3859e-05    0.0013085 
        28.5      6.91934     0.998421   5.0164e-05   0.00130078 
        28.5      7.04452      0.99843   7.5859e-05    0.0012928 
        28.5      7.17055     0.998439  0.000100964   0.00128457 
        28.5      7.29742     0.998448  0.000125499   0.00127614 
        28.5      7.42515     0.998456  0.000149489   0.00126752 
        28.5      7.55372     0.998465  0.000172957   0.00125877 
        28.5      7.68314     0.998474  0.000195711   0.00124981 
        28.5      7.81341     0.998484   0.00021803   0.00124059 
        28.5      7.94453     0.998494  0.000239846   0.00123129 
        28.5      8.07649     0.998504  0.000261167   0.00122191 
        28.5      8.20931     0.998514     0.000282   0.00121244 
        28.5      8.34297     0.998525  0.000302353    0.0012029 
        28.5      8.47748     0.998535  0.000322237   0.00119329 
        28.5      8.61285     0.998545  0.000341661   0.00118361 
        28.5      8.74906     0.998555  0.000360635   0.00117387 
        28.5      8.88611     0.998565  0.000379172   0.00116407 
        28.5      9.02402     0.998576  0.000397284   0.00115422 
        28.5      9.16278     0.998586  0.000414983   0.00114432 
        28.5      9.30238     0.998597  0.000432284   0.00113438 
        28.5      9.44284     0.998607  0.000449201   0.00112441 
        28.5      9.58414     0.998618   0.00046575    0.0011144 
        28.5      9.72629     0.998628  0.000482344   0.00110454 
        28.5      9.86929     0.998639  0.000498175   0.00109456 
        28.5      10.0131      0.99865  0.000513645   0.00108462 
        28.5      10.1578      0.99866  0.000528765   0.00107473 
        28.5      10.3034      0.99867  0.000543548   0.00106491 
        28.5      10.4498     0.998681   0.00055816   0.00105519 
        28.5       10.597     0.998691  0.000572496   0.00104516 
        28.5      10.7451     0.998702   0.00058627   0.00103522 
        28.5       10.894     0.998712  0.000599877   0.00102556 
        28.5      11.0438     0.998722  0.000613234   0.00101591 
        28.5      11.1945     0.998733   0.00062634   0.00100628 
        28.5       11.346     0.998743  0.000639095  0.000996728 
        28.5      11.4983     0.998753  0.000651648  0.000987062 
        28.5      11.6515     0.998763  0.000663951  0.000977463 
        28.5      11.8055     0.998773  0.000676008  0.000967931 
        28.5      11.9604     0.998783  0.000687821  0.000958466 
        28.5      12.1161     0.998793  0.000699396  0.000949069 
        28.5      12.2727     0.998803  0.000710736   0.00093974 
        28.5      12.4301     0.998813  0.000721845  0.000930478 
        28.5      12.5884     0.998823  0.000732729  0.000921284 
        28.5      12.7475     0.998833  0.000743391  0.000912158 
        28.5      12.9075     0.998842  0.000753836    0.0009031 
        28.5      13.0683     0.998852  0.000764072  0.000894109 
        28.5        13.23     0.998861  0.000774102  0.000885186 
        28.5      13.3925     0.998871  0.000783934  0.000876331 
        28.5      13.5559      0.99888  0.000793573  0.000867543 
        28.5      13.7201      0.99889  0.000803026  0.000858821 
        28.5      13.8851     0.998899    0.0008123  0.000850166 
        28.5      14.0511     0.998908  0.000821402  0.000841577 
        28.5      14.2178     0.998917   0.00083034  0.000833053 
        28.5      14.3854     0.998926  0.000839121  0.000824595 
        28.5      14.5539     0.998936  0.000847754  0.000816201 
        28.5      14.7232     0.998945  0.000856248   0.00080787 
        28.5      14.8934     0.998953   0.00086461  0.000799603 
        28.5      15.0644     0.998962  0.000872716  0.000791473 
        28.5      15.2362     0.998971  0.000880709  0.000783435 
        28.5      15.4089      0.99898  0.000888563  0.000775459 
        28.5      15.5825     0.998988  0.000896278  0.000767549 
        28.5      15.7569     0.998997  0.000903856  0.000759705 
        28.5      15.9321     0.999005    0.0009113  0.000751928 
        28.5      16.1082     0.999014  0.000918611   0.00074422 
        28.5      16.2852     0.999022  0.000925792  0.000736582 
        28.5      16.4629      0.99903  0.000932846  0.000729016 
        28.5      16.6416     0.999038  0.000939774  0.000721522 
        28.5      16.8211     0.999046   0.00094658  0.000714103 
        28.5      17.0014     0.999054  0.000953266   0.00070676 
        28.5      17.1826     0.999062  0.000959836  0.000699493 
        28.5      17.3647      0.99907  0.000966292  0.000692305 
        28.5      17.5475     0.999078  0.000972637  0.000685197 
        28.5      17.7313     0.999086  0.000978876   0.00067817 
        28.5      17.9159     0.999094  0.000984967  0.000671168 
        28.5      18.1013     0.999101   0.00099105  0.000664248 
        28.5      18.2876     0.999109  0.000997026  0.000657408 
        28.5      18.4747     0.999116    0.0010029  0.000650644 
        28.5      18.6627     0.999124   0.00100866  0.000643954 
        28.5      18.8515     0.999131   0.00101432  0.000637335 
        28.5      19.0412     0.999139   0.00101988  0.000630784 
        28.5      19.2317     0.999146   0.00102534  0.000624298 
        28.5      19.4231     0.999153   0.00103071  0.000617874 
        28.5      19.6153      0.99916   0.00103598  0.000611508 
        28.5      19.8084     0.999167   0.00104115  0.000605197 
        28.5      20.0023     0.999174   0.00104623  0.000598938 
        28.5      20.1971     0.999181    0.0010515   0.00059287 
        28.5      20.3927     0.999188   0.00105641  0.000586802 
        28.5      20.5891     0.999195   0.00106125  0.000580797 
        28.5      20.7864     0.999201   0.00106603  0.000574854 
        28.5      20.9846     0.999208   0.00107074  0.000568975 
        28.5      21.1836     0.999215   0.00107538  0.000563159 
        28.5      21.3835     0.999221   0.00107996  0.000557406 
        28.5      21.5842     0.999228   0.00108447  0.000551715 
        28.5      21.7857     0.999234   0.00108892  0.000546086 
        28.5      21.9881      0.99924   0.00109331   0.00054052 
        28.5      22.1914     0.999247   0.00109763  0.000535016 
        28.5      22.3955     0.999253   0.00110188  0.000529573 
        28.5      22.6005     0.999259   0.00110608  0.000524192 
        28.5      22.8063     0.999265   0.00111021  0.000518871 
        28.5      23.0129     0.999271   0.00111428  0.000513612 
        28.5      23.2204     0.999277   0.00111829  0.000508412 
        28.5      23.4288     0.999283   0.00112224  0.000503273 
        28.5      23.6379     0.999289   0.00112613  0.000498193 
        28.5       23.848     0.999295   0.00112996  0.000493171 
        28.5      24.0589     0.999301   0.00113373  0.000488208 
        28.5      24.2706     0.999307   0.00113745  0.000483303 
        28.5      24.4832     0.999312   0.00114111  0.000478455 
        28.5      24.6966     0.999318   0.00114472  0.000473663 
        28.5      24.9109     0.999324   0.00114827  0.000468928 
        28.5      25.1261     0.999329   0.00115177  0.000464247 
        28.5      25.3421     0.999335   0.00115522  0.000459621 
        28.5      25.5589      0.99934   0.00115862  0.000455049 
        28.5      25.7766     0.999346   0.00116196   0.00045053 
        28.5      25.9951     0.999351   0.00116526  0.000446062 
        28.5      26.2145     0.999356   0.00116852  0.000441646 
        28.5      26.4347     0.999361   0.00117172  0.000437281 
        28.5      26.6558     0.999367   0.00117488  0.000432964 
        28.5      26.8777     0.999372   0.00117819  0.000428625 
        28.5      27.1005     0.999377   0.00118126  0.000424433 
        28.5      27.3241     0.999382    0.0011843  0.000420302 
        28.5      27.5486     0.999387    0.0011873  0.000416231 
        28.5      27.7739     0.999392   0.00119026   0.00041222 
        28.5      28.0001     0.999397   0.00119323  0.000408212 
        28.5      28.2271     0.999402   0.00119614  0.000404229 
        28.5      28.4549     0.999407   0.00119901  0.000400288 
        28.5      28.6837     0.999411   0.00120189  0.000396409 
        28.5      28.9132     0.999416   0.00120463  0.000392591 
        28.5      29.1436     0.999421   0.00120734  0.000388818 
        28.5      29.3749     0.999426   0.00121002   0.00038509 
        28.5       29.607      0.99943   0.00121267  0.000381406 
        28.5        29.84     0.999435   0.00121528  0.000377767 
        28.5      30.0738     0.999439   0.00121787  0.000374172 
        28.5      30.3084     0.999444   0.00122042  0.000370621 
        28.5      30.5439     0.999448   0.00122295  0.000367114 
        28.5      30.7803     0.999453   0.00122544  0.000363651 
        28.5      31.0175     0.999457    0.0012279   0.00036023 
        28.5      31.2555     0.999461   0.00123033  0.000356853 
        28.5      31.4944     0.999466   0.00123273  0.000353518 
        28.5      31.7342      0.99947    0.0012351  0.000350225 
        28.5      31.9748     0.999474   0.00123744  0.000346974 
        28.5      32.2162     0.999478   0.00123975  0.000343764 
        28.5      32.4585     0.999483   0.00124204  0.000340595 
        28.5      32.7016     0.999487   0.00124429  0.000337467 
        28.5      32.9456     0.999491   0.00124652   0.00033438 
        28.5      33.1905     0.999495   0.00124871  0.000331332 
        28.5      33.4361     0.999499   0.00125088  0.000328323 
        28.5      33.6827     0.999503   0.00125302  0.000325353 
        28.5      33.9301     0.999507   0.00125514  0.000322421 
        28.5      34.1783     0.999511   0.00125723  0.000319527 
        28.5      34.4274     0.999514   0.00125929   0.00031667 
        28.5      34.6773     0.999518   0.00126133  0.000313849 
        28.5      34.9281     0.999522   0.00126334  0.000311065 
        28.5      35.1797     0.999526   0.00126532  0.000308316 
        28.5      35.4322      0.99953   0.00126728  0.000305602 
        28.5      35.6855     0.999533   0.00126922  0.000302922 
        28.5      35.9397     0.999537   0.00127113  0.000300275 
        28.5      36.1947     0.999541   0.00127302  0.000297661 
        28.5      36.4506     0.999544   0.00127489  0.000295079 
        28.5      36.7073     0.999548   0.00127674  0.000292529 
        28.5      36.9649     0.999551   0.00127856  0.000290009 
        28.5      37.2233     0.999555   0.00128036  0.000287519 
        28.5      37.4826     0.999558   0.00128215  0.000285057 
        28.5      37.7427     0.999562   0.00128391  0.000282624 
        28.5      38.0036     0.999565   0.00128561  0.000280364 
        28.5      38.2654     0.999569   0.00128734  0.000278002 
        28.5      38.5281     0.999572   0.00128905  0.000275672 
        28.5      38.7916     0.999576   0.00129073  0.000273375 
        28.5       39.056     0.999579   0.00129239  0.000271111 
        28.5      39.3212     0.999582   0.00129403  0.000268879 
        28.5      39.5872     0.999585   0.00129564  0.000266681 
        28.5      39.8541     0.999589   0.00129723  0.000264516 
        28.5      40.1219     0.999592   0.00129881  0.000262384 
        28.5      40.3905     0.999595   0.00130036  0.000260285 
        28.5      40.6599     0.999598    0.0013019   0.00025822 
        28.5      40.9302     0.999601   0.00130341  0.000256188 
        28.5      41.2014     0.999605   0.00130491   0.00025419 
        28.5      41.4734     0.999608   0.00130656  0.000252105 
        28.5      41.7462     0.999611     0.001308  0.000250158 
        28.5      42.0199     0.999614   0.00130944  0.000248236 
        28.5      42.2945     0.999617   0.00131085  0.000246341 
        28.5      42.5698      0.99962   0.00131226  0.000244471 
        28.5      42.8461     0.999623   0.00131365  0.000242627 
        28.5      43.1232     0.999626   0.00131503  0.000240808 
        28.5      43.4011     0.999629   0.00131639  0.000239015 
        28.5      43.6799     0.999632   0.00131775  0.000237246 
        28.5      43.9595     0.999634   0.00131909  0.000235503 
        28.5        44.24     0.999637   0.00132041  0.000233785 
        28.5      44.5213      0.99964   0.00132172  0.000232092 
        28.5      44.8035     0.999643   0.00132302  0.000230423 
        28.5      45.0865     0.999646   0.00132431  0.000228779 
        28.5      45.3704     0.999649   0.00132558  0.000227159 
        28.5      45.6552     0.999651   0.00132684  0.000225564 
        28.5      45.9407     0.999654   0.00132809  0.000223992 
        28.5      46.2271     0.999657   0.00132932  0.000222445 
        28.5      46.5144     0.999659   0.00133054   0.00022092 
        28.5      46.8025     0.999662   0.00133175   0.00021942 
        28.5      47.0915     0.999665   0.00133295  0.000217942 
        28.5      47.3813     0.999667   0.00133413  0.000216487 
        28.5       47.672      0.99967    0.0013353  0.000215056 
        28.5      47.9635     0.999673   0.00133645  0.000213646 
        28.5      48.2559     0.999675   0.00133759  0.000212259 
        28.5      48.5491     0.999678   0.00133872  0.000210894 
        28.5      48.8431      0.99968   0.00133984  0.000209551 
        28.5      49.1381     0.999683   0.00134095   0.00020823 
        28.5      49.4338     0.999685   0.00134204  0.000206929 
        28.5      49.7304     0.999688   0.00134312   0.00020565 
        28.5      50.0279      0.99969   0.00134418  0.000204391 
        28.5      50.3262     0.999693   0.00134524  0.000203153 
        28.5      50.6253     0.999695   0.00134628  0.000201935 
        28.5      50.9253     0.999697    0.0013473  0.000200737 
        28.5      51.2262       0.9997   0.00134832  0.000199558 
        28.5      51.5279     0.999702   0.00134933  0.000198399 
        28.5      51.8304     0.999705   0.00135032  0.000197258 
        28.5      52.1338     0.999707    0.0013513  0.000196136 
        28.5      52.4381     0.999709   0.00135226  0.000195031 
        28.5      52.7432     0.999712   0.00135322  0.000193945 
        28.5      53.0491     0.999714   0.00135416  0.000192876 
        28.5      53.3559     0.999716   0.00135509  0.000191824 
        28.5      53.6635     0.999719   0.00135601  0.000190789 
        28.5       53.972     0.999721   0.00135692   0.00018977 
        28.5      54.2814     0.999723   0.00135782  0.000188767 
        28.5      54.5915     0.999725    0.0013587   0.00018778 
        28.5      54.9026     0.999727   0.00135967   0.00018701 
        28.5      55.2145     0.999729   0.00136056  0.000186056 
        28.5      55.5272     0.999732   0.00136144   0.00018512 
        28.5      55.8408     0.999734   0.00136231  0.000184203 
        28.5      56.1552     0.999736   0.00136317  0.000183304 
        28.5      56.4705     0.999738   0.00136402  0.000182424 
        28.5      56.7866      0.99974   0.00136485  0.000181562 
        28.5      57.1036     0.999742   0.00136568  0.000180719 
        28.5      57.4214     0.999744   0.00136649  0.000179895 
        28.5      57.7401     0.999747    0.0013673  0.000179089 
        28.5      58.0596     0.999749   0.00136809  0.000178302 
        28.5        58.38     0.999751   0.00136888  0.000177534 
        28.5      58.7012     0.999753   0.00136965  0.000176784 
        28.5      59.0232     0.999755   0.00137042  0.000176053 
        28.5      59.3462     0.999757   0.00137118  0.000175341 
        28.5      59.6699     0.999759   0.00137193  0.000174648 
        28.5      59.9945     0.999761   0.00137267  0.000173973 
        28.5        60.32     0.999763    0.0013734  0.000173318 
        28.5      60.6463     0.999765   0.00137413  0.000172681 
        28.5      60.9735     0.999767     0.001375  0.000171894 
        28.5      61.3015     0.999769    0.0013757  0.000171284 
        28.5      61.6303      0.99977    0.0013764  0.000170687 
        28.5        61.96     0.999772   0.00137708  0.000170103 
        28.5      62.2906     0.999774   0.00137776  0.000169532 
        28.5       62.622     0.999776   0.00137844  0.000168974 
        28.5      62.9542     0.999778   0.00137911  0.000168429 
        28.5      63.2873      0.99978   0.00137977  0.000167897 
        28.5      63.6213     0.999782   0.00138043  0.000167378 
        28.5      63.9561     0.999783   0.00138108  0.000166871 
        28.5      64.2917     0.999785   0.00138173  0.000166377 
        28.5      64.6282     0.999787   0.00138237  0.000165897 
        28.5      64.9656     0.999789     0.001383  0.000165428 
        28.5      65.3037     0.999791   0.00138363  0.000164973 
        28.5      65.6428     0.999792   0.00138425   0.00016453 
        28.5      65.9827     0.999794   0.00138487  0.000164099 
        28.5      66.3234     0.999796   0.00138548  0.000163681 
        28.5       66.665     0.999798   0.00138608  0.000163276 
        28.5      67.0074     0.999799   0.00138668  0.000162883 
        28.5      67.3507     0.999801   0.00138727  0.000162502 
        28.5      67.6948     0.999803   0.00138786  0.000162134 
        28.5      68.0398     0.999805   0.00138844  0.000161778 
        28.5      68.3857     0.999806   0.00138901  0.000161434 
        28.5      68.7323     0.999808   0.00138958  0.000161102 
        28.5      69.0799      0.99981   0.00139015  0.000160782 
        28.5      69.4282     0.999811    0.0013907  0.000160474 
        28.5      69.7775     0.999813   0.00139126  0.000160178 
        28.5      70.1275     0.999815    0.0013918  0.000159894 
        28.5      70.4785     0.999816   0.00139234  0.000159622 
        28.5      70.8302     0.999818   0.00139287  0.000159361 
        28.5      71.1828     0.999819    0.0013934  0.000159112 
        28.5      71.5363     0.999821   0.00139392  0.000158874 
        28.5      71.8906     0.999823   0.00139444  0.000158648 
        28.5      72.2458     0.999824   0.00139495  0.000158433 
        28.5      72.6018     0.999826   0.00139545   0.00015823 
        28.5      72.9587     0.999827   0.00139595  0.000158037 
        28.5      73.3164     0.999829   0.00139645  0.000157856 
        28.5      73.6749      0.99983   0.00139693  0.000157686 
        28.5      74.0343     0.999832   0.00139742  0.000157526 
        28.5      74.3946     0.999833   0.00139789  0.000157377 
        28.5      74.7557     0.999835   0.00139836  0.000157239 
        28.5      75.1176     0.999837   0.00139883  0.000157112 
        28.5      75.4805     0.999838   0.00139929  0.000156995 
        28.5      75.8441      0.99984   0.00139974  0.000156888 
        28.5      76.2086     0.999841   0.00140019  0.000156792 
        28.5      76.5739     0.999842   0.00140063  0.000156706 
        28.5      76.9401     0.999844   0.00140106  0.000156629 
        28.5      77.3072     0.999845    0.0014015  0.000156563 
        28.5      77.6751     0.999847   0.00140192  0.000156506 
        28.5      78.0438     0.999848   0.00140234  0.000156459 
        28.5      78.4134      0.99985   0.00140276  0.000156422 
        28.5      78.7839     0.999851   0.00140317  0.000156394 
        28.5      79.1551     0.999853   0.00140357  0.000156375 
        28.5      79.5273     0.999854   0.00140397  0.000156365 
        28.5      79.9003     0.999855   0.00140436  0.000156365 
        28.5      80.2741     0.999857   0.00140475  0.000156373 
        28.5      80.6488     0.999858   0.00140513   0.00015639 
        28.5      81.0243      0.99986   0.00140551  0.000156415 
        28.5      81.4007     0.999861   0.00140588  0.000156449 
        28.5      81.7779     0.999862   0.00140625  0.000156491 
        28.5       82.156     0.999864   0.00140661  0.000156541 
        28.5      82.5349     0.999865   0.00140697  0.000156599 
        28.5      82.9147     0.999866   0.00140732  0.000156665 
        28.5      83.2953     0.999868   0.00140766  0.000156739 
        28.5      83.6768     0.999869   0.00140801   0.00015682 
        28.5      84.0591      0.99987   0.00140834  0.000156908 
        28.5      84.4423     0.999872   0.00140867  0.000157004 
        28.5      84.8263     0.999873     0.001409  0.000157106 
        28.5      85.2112     0.999874   0.00140932  0.000157215 
        28.5      85.5969     0.999876   0.00140981   0.00015747 
        28.5      85.9835     0.999877   0.00141012    0.0001576 
        28.5      86.3709     0.999878   0.00141044   0.00015774 
        28.5      86.7591     0.999879   0.00141074   0.00015789 
        28.5      87.1483     0.999881   0.00141105   0.00015805 
        28.5      87.5382     0.999882   0.00141135   0.00015822 
        28.5       87.929     0.999883   0.00141164  0.000158401 
        28.5      88.3207     0.999884   0.00141193  0.000158591 
        28.5      88.7132     0.999886   0.00141221  0.000158792 
        28.5      89.1065     0.999887   0.00141249  0.000159002 
        28.5      89.5007     0.999888   0.00141277  0.000159223 
        28.5      89.8958     0.999889   0.00141304  0.000159454 
        28.5      90.2917     0.999891   0.00141331  0.000159696 
        28.5      90.6884     0.999892   0.00141357  0.000159947 
        28.5       91.086     0.999893   0.00141383  0.000160209 
        28.5      91.4845     0.999894   0.00141409  0.000160481 
        28.5      91.8838     0.999895   0.00141435  0.000160764 
        28.5      92.2839     0.999896    0.0014146  0.000161056 
        28.5      92.6849     0.999898   0.00141485  0.000161359 
        28.5      93.0867     0.999899    0.0014151  0.000161476 
        28.5      93.4894       0.9999   0.00141535  0.000161784 
        28.5       93.893     0.999901   0.00141559  0.000162098 
        28.5      94.2974     0.999902   0.00141584  0.000162419 
        28.5      94.7026     0.999904   0.00141607  0.000162745 
        28.5      95.1087     0.999905   0.00141631  0.000163078 
        28.5      95.5156     0.999906   0.00141654  0.000163417 
        28.5      95.9234     0.999907   0.00141676  0.000163762 
        28.5       96.332     0.999908   0.00141698  0.000164113 
        28.5      96.7415     0.999909    0.0014172  0.000164471 
        28.5      97.1518      0.99991   0.00141742  0.000164835 
        28.5       97.563     0.999911   0.00141763  0.000165205 
        28.5       97.975     0.999912   0.00141784  0.000165581 
        28.5      98.3879     0.999913   0.00141805  0.000165963 
        28.5      98.8016     0.999914   0.00141825  0.000166351 
        28.5      99.2162     0.999916   0.00141845  0.000166746 
        28.5      99.6316     0.999917   0.00141864  0.000167147 
        28.5      100.048     0.999918   0.00141884  0.000167554 
        28.5      100.465     0.999919   0.00141903  0.000167967 
        28.5      100.883      0.99992   0.00141921  0.000168386 
        28.5      101.302     0.999921   0.00141939  0.000168812 
        28.5      101.721     0.999922   0.00141957  0.000169243 
        28.5      102.142     0.999923   0.00141974  0.000169681 
        28.5      102.563     0.999924   0.00141992  0.000170125 
        28.5      102.986     0.999925   0.00142008  0.000170575 
        28.5      103.409     0.999926   0.00142025  0.000171031 
        28.5      103.832     0.999927   0.00142041  0.000171493 
        28.5      104.257     0.999928   0.00142057  0.000171962 
        28.5      104.683     0.999929   0.00142072  0.000172436 
        28.5      105.109      0.99993   0.00142087  0.000172917 
        28.5      105.537     0.999931   0.00142102  0.000173403 
        28.5      105.965     0.999932   0.00142116  0.000173896 
        28.5      106.394     0.999933   0.00142131  0.000174395 
        28.5      106.824     0.999934   0.00142144    0.0001749 
        28.5      107.254     0.999935   0.00142158   0.00017541 
        28.5      107.686     0.999936   0.00142171  0.000175927 
        28.5      108.118     0.999937   0.00142184   0.00017645 
        28.5      108.551     0.999938   0.00142196  0.000176979 
        28.5      108.986     0.999939   0.00142208  0.000177514 
        28.5       109.42      0.99994    0.0014222  0.000178055 
        28.5      109.856     0.999941   0.00142231  0.000178602 
        28.5      110.293     0.999942   0.00142242  0.000179154 
        28.5       110.73     0.999943   0.00142253  0.000179713 
        28.5      111.169     0.999944   0.00142264  0.000180278 
        28.5      111.608     0.999945   0.00142274  0.000180848 
        28.5      112.048     0.999946   0.00142284  0.000181425 
        28.5      112.489     0.999947   0.00142293  0.000182007 
        28.5      112.931     0.999948   0.00142302  0.000182595 
        28.5      113.373     0.999949   0.00142311  0.000183189 
        28.5      113.817      0.99995    0.0014232  0.000183789 
        28.5      114.261     0.999951   0.00142328  0.000184395 
        28.5      114.706     0.999952   0.00142336  0.000185006 
        28.5      115.152     0.999953   0.00142343  0.000185623 
        28.5      115.599     0.999954   0.00142351  0.000186246 
        28.5      116.046     0.999954   0.00142358  0.000186875 
        28.5      116.495     0.999955   0.00142364  0.000187509 
        28.5      116.944     0.999956   0.00142371  0.000188149 
        28.5      117.394     0.999957   0.00142377  0.000188795 
        28.5      117.846     0.999958   0.00142382  0.000189447 
        28.5      118.297     0.999959   0.00142388  0.000190104 
        28.5       118.75      0.99996   0.00142393  0.000190766 
        28.5      119.204     0.999961   0.00142398  0.000191434 
        28.5      119.658     0.999962   0.00142402  0.000192108 
        28.5      120.114     0.999963   0.00142406  0.000192787 
        28.5       120.57     0.999964    0.0014241  0.000193472 
        28.5      121.027     0.999965   0.00142414  0.000194162 
        28.5      121.485     0.999965   0.00142417  0.000194858 
        28.5      121.943     0.999966    0.0014242  0.000195559 
        28.5      122.403     0.999967   0.00142423  0.000196266 
        28.5      122.863     0.999968   0.00142426  0.000196977 
        28.5      123.325     0.999969   0.00142428  0.000197695 
        28.5      123.787      0.99997    0.0014243  0.000198417 
        28.5       124.25     0.999971   0.00142432  0.000199145 
        28.5      124.713     0.999972   0.00142433  0.000199878 
        28.5      125.178     0.999973   0.00142434  0.000200616 
        28.5      125.643     0.999973   0.00142435   0.00020136 
        28.5       126.11     0.999974   0.00142435  0.000202109 
        28.5      126.577     0.999975   0.00142436  0.000202862 
        28.5      127.045     0.999976   0.00142436  0.000203621 
        28.5      127.514     0.999977   0.00142435  0.000204385 
        28.5      127.984     0.999978   0.00142435  0.000205154 
        28.5      128.454     0.999979   0.00142434  0.000205928 
        28.5      128.926     0.999979   0.00142433  0.000206707 
        28.5      129.398      0.99998   0.00142432  0.000207491 
        28.5      129.871     0.999981    0.0014243   0.00020828 
        28.5      130.345     0.999982   0.00142429  0.000209074 
        28.5       130.82     0.999983   0.00142427  0.000209872 
        28.5      131.296     0.999984   0.00142424  0.000210676 
        28.5      131.772     0.999985   0.00142422  0.000211484 
        28.5      132.249     0.999985   0.00142419  0.000212296 
        28.5      132.728     0.999986   0.00142416  0.000213114 
        28.5      133.207     0.999987   0.00142413  0.000213936 
        28.5      133.687     0.999988    0.0014241  0.000214763 
        28.5      134.167     0.999989   0.00142406  0.000215594 
        28.5      134.649      0.99999   0.00142402   0.00021643 
        28.5      135.131      0.99999   0.00142398   0.00021727 
        28.5      135.615     0.999991   0.00142394  0.000218115 
        28.5      136.099     0.999992   0.00142389  0.000218964 
        28.5      136.584     0.999993   0.00142385  0.000219817 
        28.5       137.07     0.999994    0.0014238  0.000220675 
        28.5      137.557     0.999995   0.00142375  0.000221537 
        28.5      138.044     0.999995   0.00142369  0.000222403 
        28.5      138.532     0.999996   0.00142364  0.000223273 
        28.5      139.022     0.999997   0.00142358  0.000224148 
        28.5      139.512     0.999998   0.00142352  0.000225026 
        28.5      140.003     0.999999   0.00142346  0.000225909 
        28.5      140.495            1    0.0014234  0.000226796 
        28.5      140.987            1   0.00142333  0.000227686 
        28.5      141.481            1   0.00142327   0.00022858 
        28.5      141.975            1    0.0014232  0.000229479 
        28.5       142.47            1   0.00142313  0.000230381 
        28.5      142.966            1   0.00142306  0.000231286 
        28.5      143.463            1   0.00142291  0.000232305 
        28.5      143.961            1   0.00142282  0.000233243 
        28.5       144.46            1   0.00142272  0.000234187 
        28.5      144.959            1   0.00142262  0.000235136 
        28.5      145.459            1   0.00142252  0.000236093 
        28.5       145.96      1.00001   0.00142242  0.000237055 
        28.5      146.462      1.00001   0.00142232  0.000238024 
        28.5      146.965      1.00001   0.00142221  0.000238999 
        28.5      147.469      1.00001    0.0014221   0.00023998 
        28.5      147.973      1.00001   0.00142199  0.000240968 
        28.5      148.479      1.00001   0.00142188  0.000241962 
        28.5      148.985      1.00001   0.00142177  0.000242962 
        28.5      149.492      1.00001   0.00142165  0.000243969 
        28.5          150      1.00001   0.00142154  0.000244983 
