Variables = x, y, u, v, p

Zone, I=600, F=POINT
        70.5            0  2.58165e-06  4.68783e-08  -0.00205853 
        70.5     0.000418  0.000218904  4.57706e-08  -0.00205853 
        70.5     0.001672  0.000867955  4.40932e-08  -0.00205853 
        70.5     0.003763    0.0019505  4.67951e-08  -0.00205853 
        70.5     0.006689   0.00346591  6.21494e-08  -0.00205853 
        70.5     0.010451   0.00541527  1.01804e-07  -0.00205853 
        70.5      0.01505   0.00779984  1.80866e-07  -0.00205853 
        70.5     0.020485      0.01062   3.1794e-07  -0.00205853 
        70.5     0.026756    0.0138767  5.35259e-07  -0.00205852 
        70.5     0.033863    0.0175711  8.58799e-07  -0.00205851 
        70.5     0.041806    0.0217047  1.31841e-06   -0.0020585 
        70.5     0.050585    0.0262786  1.94799e-06  -0.00205849 
        70.5     0.060201    0.0312951  2.78573e-06  -0.00205847 
        70.5     0.070652    0.0367547  3.87396e-06  -0.00205844 
        70.5      0.08194    0.0426601  5.26001e-06  -0.00205841 
        70.5     0.094063    0.0490121  6.99559e-06  -0.00205838 
        70.5     0.107023    0.0558137  9.13805e-06  -0.00205835 
        70.5     0.120819    0.0630661  1.17497e-05  -0.00205831 
        70.5     0.135451    0.0707713  1.48985e-05  -0.00205827 
        70.5     0.150919    0.0789312  1.86586e-05  -0.00205823 
        70.5     0.167224    0.0875483  2.31104e-05   -0.0020582 
        70.5     0.184364    0.0966234  2.83404e-05  -0.00205817 
        70.5     0.202341     0.106159   3.4443e-05  -0.00205816 
        70.5     0.221153     0.116157  4.15186e-05  -0.00205817 
        70.5     0.240802     0.126619   4.9677e-05  -0.00205821 
        70.5     0.261287      0.13755  5.94501e-05  -0.00205817 
        70.5     0.282608     0.148927   6.9734e-05  -0.00205796 
        70.5     0.304765      0.16077  8.15979e-05  -0.00205779 
        70.5     0.327758     0.173074  9.51325e-05  -0.00205764 
        70.5     0.351588     0.185837  0.000110424  -0.00205753 
        70.5     0.376253     0.199053  0.000127552  -0.00205744 
        70.5     0.401755     0.212716  0.000146589  -0.00205737 
        70.5     0.428092     0.226818    0.0001676  -0.00205732 
        70.5     0.455266      0.24135  0.000190641  -0.00205727 
        70.5     0.483276     0.256301  0.000215758  -0.00205722 
        70.5     0.512122     0.271659  0.000242985  -0.00205716 
        70.5     0.541805      0.28741  0.000272345  -0.00205707 
        70.5     0.572323     0.303535  0.000303845  -0.00205694 
        70.5     0.603677     0.320017  0.000337481  -0.00205675 
        70.5     0.635868     0.336836  0.000373229  -0.00205648 
        70.5     0.668894     0.353967   0.00041105   -0.0020561 
        70.5     0.702757     0.371386  0.000450888   -0.0020556 
        70.5     0.737456     0.389063  0.000492662  -0.00205494 
        70.5     0.772991     0.407104  0.000535686  -0.00205492 
        70.5     0.809362     0.425146  0.000580123   -0.0020543 
        70.5      0.84657     0.443408  0.000625522  -0.00205366 
        70.5     0.884613     0.461869  0.000671863    -0.002053 
        70.5     0.923492     0.480506  0.000719125  -0.00205231 
        70.5     0.963208     0.499297  0.000767288  -0.00205158 
        70.5      1.00376     0.518217  0.000816325  -0.00205081 
        70.5      1.04515      0.53724  0.000866211  -0.00204998 
        70.5      1.08737     0.556338  0.000916916  -0.00204911 
        70.5      1.13043     0.575482  0.000968407  -0.00204816 
        70.5      1.17433      0.59464   0.00102065  -0.00204714 
        70.5      1.21906     0.613782   0.00107361  -0.00204603 
        70.5      1.26463     0.632872   0.00112724  -0.00204482 
        70.5      1.31103     0.651873   0.00118151   -0.0020435 
        70.5      1.35827     0.670749   0.00123636  -0.00204205 
        70.5      1.40635     0.689459   0.00129175  -0.00204047 
        70.5      1.45526     0.707961   0.00134761  -0.00203874 
        70.5      1.50501     0.726211   0.00140391  -0.00203683 
        70.5       1.5556     0.744163   0.00146057  -0.00203474 
        70.5      1.60702     0.761768   0.00151752  -0.00203244 
        70.5      1.65928     0.778976   0.00157472  -0.00202991 
        70.5      1.71237     0.795733   0.00163207  -0.00202714 
        70.5       1.7663     0.811552   0.00168368  -0.00202257 
        70.5      1.82106     0.826947    0.0017423  -0.00202004 
        70.5      1.87667     0.841667   0.00179901  -0.00201733 
        70.5      1.93311     0.855702   0.00185376  -0.00201443 
        70.5      1.99038     0.869041   0.00190649  -0.00201134 
        70.5      2.04849     0.881675   0.00195718  -0.00200805 
        70.5      2.10744     0.893599   0.00200577  -0.00200458 
        70.5      2.16722     0.904809   0.00205223  -0.00200092 
        70.5      2.22784     0.915304   0.00209653  -0.00199708 
        70.5      2.28929     0.925084   0.00213866  -0.00199305 
        70.5      2.35158     0.934155    0.0021786  -0.00198884 
        70.5      2.41471     0.942521   0.00221634  -0.00198445 
        70.5      2.47867     0.950193   0.00225187  -0.00197989 
        70.5      2.54347     0.957183    0.0022852  -0.00197517 
        70.5      2.60911     0.963506   0.00231635  -0.00197028 
        70.5      2.67558     0.969181   0.00234534  -0.00196524 
        70.5      2.74288     0.974229   0.00237218  -0.00196006 
        70.5      2.81103     0.978676   0.00239693  -0.00195473 
        70.5      2.88001      0.98255   0.00241961  -0.00194927 
        70.5      2.94983     0.985883    0.0024403  -0.00194369 
        70.5      3.02048     0.988711   0.00245904  -0.00193801 
        70.5      3.09197     0.991075   0.00247592  -0.00193222 
        70.5      3.16429     0.993017     0.002491  -0.00192634 
        70.5      3.23745     0.994586    0.0025044   -0.0019204 
        70.5      3.31145     0.995834   0.00251619  -0.00191439 
        70.5      3.38628     0.996818   0.00252651  -0.00190834 
        70.5      3.46195     0.997598   0.00253548  -0.00190225 
        70.5      3.53845     0.998239   0.00254322  -0.00189616 
        70.5      3.61579     0.998813   0.00254989  -0.00189008 
        70.5      3.69397     0.999395   0.00255565  -0.00188402 
        70.5      3.77298      1.00013   0.00256766  -0.00187852 
        70.5      3.85283      1.00039   0.00257328  -0.00187136 
        70.5      3.93352      1.00074   0.00257939  -0.00186411 
        70.5      4.01504      1.00084   0.00258458  -0.00185729 
        70.5       4.0974      1.00094    0.0025897  -0.00185039 
        70.5      4.18059      1.00102   0.00259475  -0.00184342 
        70.5      4.26462      1.00108   0.00259974  -0.00183638 
        70.5      4.34949      1.00113   0.00260466  -0.00182926 
        70.5      4.43519      1.00118   0.00260953  -0.00182206 
        70.5      4.52173      1.00121   0.00261434  -0.00181479 
        70.5       4.6091      1.00123    0.0026191  -0.00180744 
        70.5      4.69731      1.00125   0.00262381  -0.00180002 
        70.5      4.78636      1.00125   0.00262847  -0.00179252 
        70.5      4.87624      1.00125    0.0026331  -0.00178494 
        70.5      4.96696      1.00125   0.00263769  -0.00177728 
        70.5      5.05851      1.00124   0.00264225  -0.00176955 
        70.5       5.1509      1.00122   0.00264678  -0.00176173 
        70.5      5.24413      1.00121    0.0026513  -0.00175384 
        70.5       5.3382       1.0012   0.00265581  -0.00174587 
        70.5      5.43309      1.00118   0.00266031  -0.00173781 
        70.5      5.52883      1.00118   0.00266482  -0.00172968 
        70.5       5.6254      1.00117   0.00266933  -0.00172146 
        70.5      5.72281      1.00117    0.0026738  -0.00171317 
        70.5      5.82105      1.00116   0.00267825  -0.00170481 
        70.5      5.92013      1.00115   0.00268269  -0.00169637 
        70.5      6.02005      1.00115    0.0026871  -0.00168786 
        70.5       6.1208      1.00114   0.00269148  -0.00167926 
        70.5      6.22239      1.00113   0.00269585  -0.00167059 
        70.5      6.32482      1.00112   0.00270018  -0.00166185 
        70.5      6.42808      1.00111    0.0027045  -0.00165304 
        70.5      6.53217      1.00111   0.00270877  -0.00164414 
        70.5      6.63711       1.0011   0.00271302  -0.00163517 
        70.5      6.74287      1.00109   0.00271724  -0.00162613 
        70.5      6.84948      1.00108   0.00272142  -0.00161701 
        70.5      6.95692      1.00107   0.00272557  -0.00160782 
        70.5       7.0652      1.00106   0.00272968  -0.00159856 
        70.5      7.17431      1.00105   0.00273375  -0.00158922 
        70.5      7.28426      1.00104   0.00273779  -0.00157981 
        70.5      7.39505      1.00104   0.00274179  -0.00157033 
        70.5      7.50667      1.00103   0.00274574  -0.00156078 
        70.5      7.61913      1.00102   0.00274965  -0.00155116 
        70.5      7.73242      1.00101   0.00275352  -0.00154147 
        70.5      7.84655        1.001   0.00275734  -0.00153171 
        70.5      7.96152      1.00099   0.00276112  -0.00152189 
        70.5      8.07732      1.00098   0.00276485  -0.00151199 
        70.5      8.19396      1.00097   0.00276853  -0.00150204 
        70.5      8.31143      1.00096   0.00277217  -0.00149202 
        70.5      8.42974      1.00095   0.00277575  -0.00148193 
        70.5      8.54889      1.00095   0.00277927  -0.00147178 
        70.5      8.66887      1.00094   0.00278274  -0.00146156 
        70.5      8.78969      1.00093   0.00278616  -0.00145129 
        70.5      8.91135      1.00092   0.00278952  -0.00144095 
        70.5      9.03384      1.00091   0.00279282  -0.00143055 
        70.5      9.15717       1.0009   0.00279605  -0.00142009 
        70.5      9.28133      1.00089   0.00279923  -0.00140958 
        70.5      9.40633      1.00088   0.00280235    -0.001399 
        70.5      9.53216      1.00087    0.0028054  -0.00138837 
        70.5      9.65884      1.00086   0.00280839  -0.00137769 
        70.5      9.78634      1.00085   0.00281131  -0.00136695 
        70.5      9.91469      1.00084   0.00281417  -0.00135616 
        70.5      10.0439      1.00083   0.00281696  -0.00134531 
        70.5      10.1739      1.00082   0.00281969  -0.00133442 
        70.5      10.3047      1.00081   0.00282234  -0.00132347 
        70.5      10.4364       1.0008   0.00282492  -0.00131248 
        70.5      10.5689      1.00079   0.00282743  -0.00130144 
        70.5      10.7023      1.00078   0.00282986  -0.00129035 
        70.5      10.8365      1.00077   0.00283222  -0.00127922 
        70.5      10.9715      1.00076   0.00283451  -0.00126804 
        70.5      11.1074      1.00075   0.00283672  -0.00125683 
        70.5      11.2441      1.00074   0.00283886  -0.00124557 
        70.5      11.3817      1.00073   0.00284092  -0.00123427 
        70.5        11.52      1.00072   0.00284289  -0.00122293 
        70.5      11.6592      1.00071   0.00284479  -0.00121155 
        70.5      11.7993       1.0007   0.00284661  -0.00120013 
        70.5      11.9402      1.00069   0.00284835  -0.00118868 
        70.5      12.0819      1.00067      0.00285  -0.00117719 
        70.5      12.2245      1.00066   0.00285157  -0.00116571 
        70.5      12.3679      1.00065   0.00285306  -0.00115416 
        70.5      12.5121      1.00064   0.00285446  -0.00114258 
        70.5      12.6572      1.00063   0.00285578  -0.00113097 
        70.5      12.8031      1.00062   0.00285702  -0.00111934 
        70.5      12.9498      1.00061   0.00285817  -0.00110769 
        70.5      13.0974       1.0006   0.00285923  -0.00109601 
        70.5      13.2458      1.00059    0.0028602  -0.00108431 
        70.5       13.395      1.00058   0.00286108   -0.0010726 
        70.5      13.5451      1.00057   0.00286188  -0.00106086 
        70.5       13.696      1.00056   0.00286258  -0.00104911 
        70.5      13.8478      1.00055    0.0028632  -0.00103734 
        70.5      14.0004      1.00054   0.00286372  -0.00102555 
        70.5      14.1538      1.00053   0.00286416  -0.00101376 
        70.5      14.3081      1.00052    0.0028645  -0.00100195 
        70.5      14.4632      1.00051   0.00286475 -0.000990129 
        70.5      14.6191      1.00049   0.00286492 -0.000978302 
        70.5      14.7759      1.00048   0.00286499 -0.000966468 
        70.5      14.9335      1.00047   0.00286496 -0.000954628 
        70.5      15.0919      1.00046   0.00286485 -0.000942784 
        70.5      15.2512      1.00045   0.00286464 -0.000930938 
        70.5      15.4113      1.00044   0.00286435 -0.000919091 
        70.5      15.5723      1.00043   0.00286395 -0.000907244 
        70.5      15.7341      1.00042   0.00286347   -0.0008954 
        70.5      15.8967      1.00041    0.0028629  -0.00088356 
        70.5      16.0602       1.0004   0.00286223 -0.000871726 
        70.5      16.2245      1.00039   0.00286147 -0.000859899 
        70.5      16.3896      1.00038   0.00286062 -0.000848081 
        70.5      16.5556      1.00037   0.00285967 -0.000836275 
        70.5      16.7224      1.00036    0.0028586 -0.000824486 
        70.5        16.89      1.00035   0.00285747 -0.000812697 
        70.5      17.0585      1.00034   0.00285624 -0.000800922 
        70.5      17.2278      1.00033   0.00285492 -0.000789162 
        70.5      17.3979      1.00032   0.00285351 -0.000777419 
        70.5      17.5689       1.0003     0.002852 -0.000765693 
        70.5      17.7408      1.00029   0.00285047 -0.000754001 
        70.5      17.9134      1.00028   0.00284875 -0.000742324 
        70.5      18.0869      1.00027   0.00284694 -0.000730673 
        70.5      18.2612      1.00026   0.00284505 -0.000719049 
        70.5      18.4364      1.00025   0.00284307 -0.000707453 
        70.5      18.6124      1.00024   0.00284101 -0.000695886 
        70.5      18.7892      1.00023   0.00283886 -0.000684349 
        70.5      18.9669      1.00022   0.00283662 -0.000672844 
        70.5      19.1454      1.00021   0.00283429 -0.000661372 
        70.5      19.3248       1.0002   0.00283188 -0.000649933 
        70.5       19.505      1.00019   0.00282938 -0.000638529 
        70.5       19.686      1.00018    0.0028268 -0.000627161 
        70.5      19.8678      1.00017   0.00282413 -0.000615831 
        70.5      20.0505      1.00016   0.00282138 -0.000604539 
        70.5      20.2341      1.00015   0.00281854 -0.000593286 
        70.5      20.4184      1.00014   0.00281562 -0.000582075 
        70.5      20.6036      1.00013   0.00281261 -0.000570905 
        70.5      20.7897      1.00012   0.00280952 -0.000559779 
        70.5      20.9765      1.00012   0.00280635 -0.000548697 
        70.5      21.1642      1.00011   0.00280309 -0.000537661 
        70.5      21.3528       1.0001   0.00279975 -0.000526671 
        70.5      21.5422      1.00009   0.00279633  -0.00051573 
        70.5      21.7324      1.00008   0.00279283 -0.000504838 
        70.5      21.9234      1.00007   0.00278933 -0.000494039 
        70.5      22.1153      1.00006   0.00278565 -0.000483274 
        70.5       22.308      1.00005   0.00278189  -0.00047256 
        70.5      22.5016      1.00004   0.00277806 -0.000461899 
        70.5       22.696      1.00003   0.00277414 -0.000451293 
        70.5      22.8912      1.00002   0.00277016 -0.000440741 
        70.5      23.0873      1.00001   0.00276609 -0.000430246 
        70.5      23.2842      1.00001   0.00276196 -0.000419807 
        70.5       23.482     0.999997   0.00275775 -0.000409427 
        70.5      23.6805     0.999988   0.00275348 -0.000399106 
        70.5        23.88      0.99998   0.00274913 -0.000388844 
        70.5      24.0802     0.999971   0.00274472 -0.000378644 
        70.5      24.2813     0.999963   0.00274025 -0.000368506 
        70.5      24.4832     0.999954    0.0027357 -0.000358431 
        70.5       24.686     0.999946    0.0027311 -0.000348419 
        70.5      24.8896     0.999938   0.00272644 -0.000338473 
        70.5       25.094      0.99993   0.00272171 -0.000328593 
        70.5      25.2993     0.999922   0.00271693  -0.00031878 
        70.5      25.5054     0.999914    0.0027121 -0.000309035 
        70.5      25.7123     0.999906   0.00270721 -0.000299358 
        70.5      25.9201     0.999898   0.00270227 -0.000289752 
        70.5      26.1287     0.999891   0.00269728 -0.000280217 
        70.5      26.3381     0.999883   0.00269225 -0.000270753 
        70.5      26.5484     0.999875   0.00268696 -0.000261288 
        70.5      26.7595     0.999868   0.00268181 -0.000252044 
        70.5      26.9715     0.999861   0.00267658 -0.000242878 
        70.5      27.1843     0.999853   0.00267128 -0.000233787 
        70.5      27.3979     0.999846   0.00266591 -0.000224771 
        70.5      27.6124     0.999839   0.00266048 -0.000215829 
        70.5      27.8277     0.999832   0.00265532 -0.000206781 
        70.5      28.0438     0.999825   0.00264974 -0.000197923 
        70.5      28.2608     0.999818   0.00264412 -0.000189141 
        70.5      28.4786     0.999811   0.00263847 -0.000180434 
        70.5      28.6972     0.999805   0.00263278 -0.000171805 
        70.5      28.9167     0.999798   0.00262705 -0.000163252 
        70.5       29.137     0.999792   0.00262129 -0.000154776 
        70.5      29.3582     0.999785    0.0026155 -0.000146378 
        70.5      29.5802     0.999779   0.00260968 -0.000138058 
        70.5       29.803     0.999773   0.00260382 -0.000129815 
        70.5      30.0267     0.999767   0.00259792 -0.000121651 
        70.5      30.2512      0.99976     0.002592 -0.000113565 
        70.5      30.4765     0.999754   0.00258605 -0.000105558 
        70.5      30.7027     0.999749   0.00258006 -9.76298e-05 
        70.5      30.9297     0.999743   0.00257405 -8.97806e-05 
        70.5      31.1575     0.999737   0.00256801 -8.20106e-05 
        70.5      31.3862     0.999731   0.00256193 -7.43199e-05 
        70.5      31.6157     0.999726   0.00255583 -6.67085e-05 
        70.5      31.8461     0.999721   0.00254971 -5.91768e-05 
        70.5      32.0773     0.999715   0.00254356 -5.17246e-05 
        70.5      32.3093      0.99971   0.00253738  -4.4352e-05 
        70.5      32.5421     0.999705   0.00253117 -3.70592e-05 
        70.5      32.7758       0.9997   0.00252495  -2.9846e-05 
        70.5      33.0104     0.999695    0.0025187 -2.27126e-05 
        70.5      33.2457      0.99969   0.00251243 -1.56588e-05 
        70.5      33.4819     0.999685   0.00250613 -8.68465e-06 
        70.5       33.719      0.99968   0.00249982 -1.79004e-06 
        70.5      33.9568     0.999676   0.00249348  5.02506e-06 
        70.5      34.1956     0.999671   0.00248713  1.17608e-05 
        70.5      34.4351     0.999667   0.00248076  1.84173e-05 
        70.5      34.6755     0.999662   0.00247437  2.49948e-05 
        70.5      34.9167     0.999658   0.00246797  3.14933e-05 
        70.5      35.1588     0.999654   0.00246155  3.79131e-05 
        70.5      35.4017      0.99965   0.00245512  4.42544e-05 
        70.5      35.6454     0.999646   0.00244867  5.05175e-05 
        70.5      35.8899     0.999642   0.00244221  5.67026e-05 
        70.5      36.1354     0.999638   0.00243574    6.281e-05 
        70.5      36.3816     0.999634   0.00242926    6.884e-05 
        70.5      36.6287      0.99963   0.00242278  7.47929e-05 
        70.5      36.8766     0.999627   0.00241628  8.06692e-05 
        70.5      37.1253     0.999623   0.00240978  8.64691e-05 
        70.5      37.3749      0.99962   0.00240327  9.21932e-05 
        70.5      37.6253     0.999617   0.00239676  9.78417e-05 
        70.5      37.8766     0.999613   0.00239024  0.000103415 
        70.5      38.1287      0.99961   0.00238373  0.000108914 
        70.5      38.3816     0.999607   0.00237721  0.000114339 
        70.5      38.6353     0.999604   0.00237069  0.000119691 
        70.5      38.8899     0.999601   0.00236417  0.000124969 
        70.5      39.1454     0.999598   0.00235766  0.000130175 
        70.5      39.4016     0.999596   0.00235115   0.00013531 
        70.5      39.6588     0.999593   0.00234465  0.000140373 
        70.5      39.9167      0.99959   0.00233815  0.000145366 
        70.5      40.1755     0.999588   0.00233167  0.000150289 
        70.5      40.4351     0.999586   0.00232519  0.000155143 
        70.5      40.6955     0.999583   0.00231872  0.000159929 
        70.5      40.9568     0.999581   0.00231227  0.000164647 
        70.5      41.2189     0.999579   0.00230583  0.000169299 
        70.5      41.4819     0.999577   0.00229941  0.000173884 
        70.5      41.7457     0.999575     0.002293  0.000178405 
        70.5      42.0103     0.999573   0.00228662  0.000182861 
        70.5      42.2758     0.999571   0.00228025  0.000187254 
        70.5      42.5421     0.999569    0.0022739  0.000191585 
        70.5      42.8092     0.999567   0.00226758  0.000195855 
        70.5      43.0772     0.999566   0.00226086  0.000199726 
        70.5       43.346     0.999564   0.00225454  0.000203862 
        70.5      43.6157     0.999562   0.00224823  0.000207917 
        70.5      43.8862     0.999561   0.00224194  0.000211891 
        70.5      44.1575     0.999559   0.00223569  0.000216022 
        70.5      44.4296     0.999558   0.00222936  0.000219852 
        70.5      44.7026     0.999557   0.00222306  0.000223623 
        70.5      44.9765     0.999556   0.00221677  0.000227336 
        70.5      45.2511     0.999555   0.00221051  0.000230989 
        70.5      45.5266     0.999554   0.00220426  0.000234584 
        70.5       45.803     0.999553   0.00219803  0.000238121 
        70.5      46.0801     0.999552   0.00219182  0.000241601 
        70.5      46.3581     0.999551   0.00218564  0.000245023 
        70.5       46.637      0.99955   0.00217947  0.000248387 
        70.5      46.9167     0.999549   0.00217332  0.000251696 
        70.5      47.1972     0.999549    0.0021672  0.000254948 
        70.5      47.4785     0.999548   0.00216109  0.000258144 
        70.5      47.7607     0.999548   0.00215501  0.000261284 
        70.5      48.0438     0.999547   0.00214895   0.00026437 
        70.5      48.3276     0.999547   0.00214291  0.000267401 
        70.5      48.6123     0.999546   0.00213689  0.000270378 
        70.5      48.8979     0.999546    0.0021309  0.000273302 
        70.5      49.1842     0.999546   0.00212493  0.000276172 
        70.5      49.4714     0.999546   0.00211899   0.00027899 
        70.5      49.7595     0.999546   0.00211306  0.000281757 
        70.5      50.0484     0.999546   0.00210716  0.000284471 
        70.5      50.3381     0.999546   0.00210129  0.000287135 
        70.5      50.6286     0.999546   0.00209544  0.000289749 
        70.5        50.92     0.999546   0.00208961  0.000292313 
        70.5      51.2122     0.999546   0.00208381  0.000294828 
        70.5      51.5053     0.999546   0.00207804  0.000297295 
        70.5      51.7992     0.999546   0.00207229  0.000299714 
        70.5      52.0939     0.999547   0.00206657  0.000302087 
        70.5      52.3895     0.999547   0.00206087  0.000304413 
        70.5      52.6859     0.999547    0.0020552  0.000306693 
        70.5      52.9831     0.999548   0.00204956  0.000308929 
        70.5      53.2812     0.999548   0.00204394  0.000311121 
        70.5      53.5801     0.999549   0.00203835  0.000313269 
        70.5      53.8799      0.99955   0.00203279  0.000315375 
        70.5      54.1805      0.99955   0.00202726   0.00031744 
        70.5      54.4819     0.999551   0.00202176  0.000319463 
        70.5      54.7841     0.999552   0.00201628  0.000321447 
        70.5      55.0872     0.999553   0.00201084  0.000323392 
        70.5      55.3912     0.999553   0.00200542  0.000325299 
        70.5      55.6959     0.999554   0.00200003  0.000327168 
        70.5      56.0015     0.999555   0.00199467  0.000329001 
        70.5       56.308     0.999556   0.00198935  0.000330799 
        70.5      56.6152     0.999557   0.00198405  0.000332563 
        70.5      56.9233     0.999558   0.00197878  0.000334293 
        70.5      57.2323     0.999559   0.00197355  0.000335991 
        70.5      57.5421      0.99956   0.00196834  0.000337658 
        70.5      57.8527     0.999561   0.00196317  0.000339294 
        70.5      58.1641     0.999563   0.00195803  0.000340902 
        70.5      58.4764     0.999564   0.00195292  0.000342481 
        70.5      58.7896     0.999565   0.00194785  0.000344033 
        70.5      59.1035     0.999566   0.00194281   0.00034556 
        70.5      59.4183     0.999568   0.00193828  0.000347011 
        70.5      59.7339     0.999569   0.00193319   0.00034835 
        70.5      60.0504      0.99957   0.00192814  0.000349666 
        70.5      60.3677     0.999572   0.00192312   0.00035096 
        70.5      60.6859     0.999573   0.00191814  0.000352231 
        70.5      61.0048     0.999575    0.0019132  0.000353479 
        70.5      61.3247     0.999577   0.00190829  0.000354705 
        70.5      61.6453     0.999578   0.00190342  0.000355909 
        70.5      61.9668      0.99958   0.00189859   0.00035709 
        70.5      62.2891     0.999581   0.00189379  0.000358248 
        70.5      62.6123     0.999583   0.00188903  0.000359384 
        70.5      62.9363     0.999585    0.0018843  0.000360498 
        70.5      63.2611     0.999586   0.00187961  0.000361589 
        70.5      63.5868     0.999588   0.00187495  0.000362658 
        70.5      63.9133      0.99959   0.00187033  0.000363705 
        70.5      64.2406     0.999592   0.00186574   0.00036473 
        70.5      64.5688     0.999593   0.00186119  0.000365733 
        70.5      64.8978     0.999595   0.00185667  0.000366713 
        70.5      65.2277     0.999597   0.00185219  0.000367672 
        70.5      65.5583     0.999599   0.00184774  0.000368609 
        70.5      65.8899     0.999601   0.00184332  0.000369524 
        70.5      66.2222     0.999603   0.00183894  0.000370417 
        70.5      66.5554     0.999604   0.00183459  0.000371288 
        70.5      66.8894     0.999606   0.00183028  0.000372138 
        70.5      67.2243     0.999608   0.00182599  0.000372967 
        70.5        67.56      0.99961   0.00182174  0.000373774 
        70.5      67.8966     0.999612   0.00181752   0.00037456 
        70.5      68.2339     0.999614   0.00181334  0.000375324 
        70.5      68.5721     0.999616   0.00180918  0.000376068 
        70.5      68.9112     0.999618   0.00180506   0.00037679 
        70.5      69.2511     0.999621   0.00180096  0.000377492 
        70.5      69.5918     0.999623    0.0017969  0.000378173 
        70.5      69.9333     0.999625   0.00179287  0.000378833 
        70.5      70.2757     0.999627   0.00178887  0.000379472 
        70.5      70.6189     0.999629    0.0017849  0.000380092 
        70.5       70.963     0.999631   0.00178095  0.000380691 
        70.5      71.3079     0.999633   0.00177704  0.000381269 
        70.5      71.6536     0.999636   0.00177316  0.000381828 
        70.5      72.0002     0.999638    0.0017693  0.000382367 
        70.5      72.3476      0.99964   0.00176547  0.000382887 
        70.5      72.6959     0.999642   0.00176167  0.000383386 
        70.5      73.0449     0.999645   0.00175789  0.000383867 
        70.5      73.3949     0.999647   0.00175415  0.000384328 
        70.5      73.7456     0.999649   0.00175042   0.00038477 
        70.5      74.0972     0.999651   0.00174673  0.000385193 
        70.5      74.4496     0.999654   0.00174306  0.000385597 
        70.5      74.8029     0.999656   0.00173928   0.00038619 
        70.5       75.157     0.999658   0.00173558  0.000386659 
        70.5      75.5119     0.999661   0.00173191  0.000387114 
        70.5      75.8677     0.999663   0.00172826  0.000387554 
        70.5      76.2243     0.999665   0.00172464   0.00038798 
        70.5      76.5817     0.999667   0.00172105  0.000388392 
        70.5        76.94      0.99967   0.00171748  0.000388791 
        70.5      77.2991     0.999672   0.00171394  0.000389177 
        70.5      77.6591     0.999674   0.00171042  0.000389551 
        70.5      78.0198     0.999677   0.00170693  0.000389912 
        70.5      78.3815     0.999679   0.00170347  0.000390263 
        70.5      78.7439     0.999682   0.00170003  0.000390602 
        70.5      79.1072     0.999684   0.00169662   0.00039093 
        70.5      79.4714     0.999686   0.00169324  0.000391248 
        70.5      79.8363     0.999689   0.00168988  0.000391557 
        70.5      80.2021     0.999691   0.00168655  0.000391856 
        70.5      80.5688     0.999694   0.00168324  0.000392146 
        70.5      80.9362     0.999696   0.00167996  0.000392429 
        70.5      81.3045     0.999698   0.00167671  0.000392703 
        70.5      81.6737     0.999701   0.00167348   0.00039297 
        70.5      82.0437     0.999703   0.00167028  0.000393231 
        70.5      82.4145     0.999706   0.00166711  0.000393485 
        70.5      82.7861     0.999708   0.00166396  0.000393733 
        70.5      83.1586      0.99971   0.00166084  0.000393977 
        70.5       83.532     0.999713   0.00165774  0.000394215 
        70.5      83.9061     0.999715   0.00165467   0.00039445 
        70.5      84.2811     0.999718   0.00165162  0.000394681 
        70.5       84.657      0.99972    0.0016486   0.00039491 
        70.5      85.0336     0.999723   0.00164561  0.000395135 
        70.5      85.4111     0.999725   0.00164264   0.00039536 
        70.5      85.7895     0.999727    0.0016397  0.000395583 
        70.5      86.1687      0.99973   0.00163678  0.000395805 
        70.5      86.5487     0.999732   0.00163389  0.000396027 
        70.5      86.9295     0.999735   0.00163103   0.00039625 
        70.5      87.3112     0.999737   0.00162819  0.000396475 
        70.5      87.6937     0.999739   0.00162537  0.000396701 
        70.5      88.0771     0.999742   0.00162259   0.00039693 
        70.5      88.4613     0.999744   0.00161982  0.000397162 
        70.5      88.8463     0.999746   0.00161708  0.000397398 
        70.5      89.2322     0.999749   0.00161437  0.000397638 
        70.5      89.6189     0.999751   0.00161168  0.000397884 
        70.5      90.0064     0.999753   0.00160902  0.000398135 
        70.5      90.3948     0.999756   0.00160638  0.000398393 
        70.5       90.784     0.999759   0.00160321  0.000397863 
        70.5      91.1741     0.999761   0.00160055  0.000398086 
        70.5       91.565     0.999764   0.00159791  0.000398305 
        70.5      91.9567     0.999766   0.00159529   0.00039852 
        70.5      92.3492     0.999768   0.00159268  0.000398732 
        70.5      92.7426      0.99977   0.00159008  0.000398941 
        70.5      93.1369     0.999773   0.00158749  0.000399146 
        70.5      93.5319     0.999775   0.00158492  0.000399348 
        70.5      93.9278     0.999777   0.00158237  0.000399546 
        70.5      94.3246      0.99978   0.00157983  0.000399742 
        70.5      94.7221     0.999782    0.0015773  0.000399936 
        70.5      95.1206     0.999784   0.00157479  0.000400126 
        70.5      95.5198     0.999787   0.00157229  0.000400315 
        70.5      95.9199     0.999789   0.00156981  0.000400501 
        70.5      96.3208     0.999791   0.00156734  0.000400684 
        70.5      96.7226     0.999794   0.00156489  0.000400866 
        70.5      97.1251     0.999796   0.00156245  0.000401046 
        70.5      97.5286     0.999798   0.00156003  0.000401224 
        70.5      97.9328     0.999801   0.00155762  0.000401401 
        70.5      98.3379     0.999803   0.00155523  0.000401576 
        70.5      98.7439     0.999805   0.00155285   0.00040175 
        70.5      99.1506     0.999808   0.00155049  0.000401923 
        70.5      99.5583      0.99981   0.00154815  0.000402095 
        70.5      99.9667     0.999812   0.00154582  0.000402267 
        70.5      100.376     0.999815    0.0015435  0.000402437 
        70.5      100.786     0.999817    0.0015412  0.000402608 
        70.5      101.197     0.999819   0.00153892  0.000402778 
        70.5      101.609     0.999821   0.00153665  0.000402948 
        70.5      102.021     0.999822   0.00153448   0.00040355 
        70.5      102.435     0.999824   0.00153222  0.000403714 
        70.5      102.849     0.999826   0.00152998  0.000403885 
        70.5      103.264     0.999829   0.00152775  0.000404062 
        70.5       103.68     0.999831   0.00152554  0.000404244 
        70.5      104.097     0.999833   0.00152334  0.000404433 
        70.5      104.515     0.999835   0.00152115  0.000404627 
        70.5      104.933     0.999837   0.00151898  0.000404827 
        70.5      105.353      0.99984   0.00151682  0.000405033 
        70.5      105.773     0.999842   0.00151467  0.000405245 
        70.5      106.194     0.999844   0.00151254  0.000405463 
        70.5      106.616     0.999846   0.00151042  0.000405686 
        70.5      107.038     0.999848   0.00150831  0.000405915 
        70.5      107.462      0.99985   0.00150622  0.000406149 
        70.5      107.886     0.999853   0.00150414   0.00040639 
        70.5      108.311     0.999855   0.00150207  0.000406635 
        70.5      108.737     0.999857   0.00150001  0.000406887 
        70.5      109.164     0.999859   0.00149797  0.000407144 
        70.5      109.592     0.999861   0.00149593  0.000407406 
        70.5       110.02     0.999863   0.00149391  0.000407674 
        70.5       110.45     0.999865    0.0014919  0.000407947 
        70.5       110.88     0.999867   0.00148991  0.000408225 
        70.5      111.311     0.999869   0.00148792  0.000408509 
        70.5      111.743     0.999871   0.00148595  0.000408798 
        70.5      112.175     0.999873   0.00148399  0.000409092 
        70.5      112.609     0.999875   0.00148204  0.000409391 
        70.5      113.043     0.999877    0.0014801  0.000409696 
        70.5      113.478     0.999879   0.00147817  0.000410006 
        70.5      113.914     0.999881   0.00147625   0.00041032 
        70.5      114.351     0.999883   0.00147434   0.00041064 
        70.5      114.789     0.999885   0.00147244  0.000410964 
        70.5      115.228     0.999887   0.00147056  0.000411294 
        70.5      115.667     0.999889   0.00146868  0.000411628 
        70.5      116.107     0.999891   0.00146681  0.000411967 
        70.5      116.548     0.999893   0.00146495   0.00041231 
        70.5       116.99     0.999895    0.0014631  0.000412659 
        70.5      117.433     0.999897   0.00146126  0.000413012 
        70.5      117.876     0.999899   0.00145943  0.000413369 
        70.5      118.321       0.9999   0.00145761  0.000413731 
        70.5      118.766     0.999902    0.0014558  0.000414098 
        70.5      119.212     0.999904     0.001454  0.000414469 
        70.5      119.659     0.999906    0.0014522  0.000414844 
        70.5      120.107     0.999908   0.00145041  0.000415224 
        70.5      120.555     0.999909   0.00144863  0.000415607 
        70.5      121.005     0.999911   0.00144686  0.000415995 
        70.5      121.455     0.999913    0.0014451  0.000416387 
        70.5      121.906     0.999915   0.00144334  0.000416784 
        70.5      122.358     0.999917   0.00144159  0.000417184 
        70.5      122.811     0.999918   0.00143985  0.000417588 
        70.5      123.264      0.99992   0.00143811  0.000417995 
        70.5      123.719     0.999922   0.00143638  0.000418407 
        70.5      124.174     0.999923   0.00143466  0.000418822 
        70.5       124.63     0.999925   0.00143294  0.000419241 
        70.5      125.087     0.999927   0.00143123  0.000419664 
        70.5      125.545     0.999928   0.00142952   0.00042009 
        70.5      126.003      0.99993   0.00142782   0.00042052 
        70.5      126.463     0.999932   0.00142613  0.000420952 
        70.5      126.923     0.999944   0.00142449   0.00042186 
        70.5      127.384     0.999944   0.00142273  0.000422412 
        70.5      127.846     0.999944   0.00142098  0.000422962 
        70.5      128.309     0.999944   0.00141923   0.00042351 
        70.5      128.773     0.999944   0.00141749  0.000424057 
        70.5      129.237     0.999945   0.00141575  0.000424603 
        70.5      129.702     0.999945     0.001414  0.000425149 
        70.5      130.169     0.999945   0.00141227  0.000425695 
        70.5      130.636     0.999946   0.00141053  0.000426242 
        70.5      131.103     0.999946    0.0014088  0.000426789 
        70.5      131.572     0.999947   0.00140707  0.000427337 
        70.5      132.041     0.999947   0.00140534  0.000427887 
        70.5      132.512     0.999948   0.00140361  0.000428439 
        70.5      132.983     0.999949   0.00140189  0.000428994 
        70.5      133.455     0.999949   0.00140017  0.000429552 
        70.5      133.928      0.99995   0.00139845  0.000430113 
        70.5      134.401     0.999951   0.00139674  0.000430678 
        70.5      134.876     0.999952   0.00139503  0.000431247 
        70.5      135.351     0.999953   0.00139332  0.000431821 
        70.5      135.827     0.999954   0.00139161    0.0004324 
        70.5      136.304     0.999955   0.00138991  0.000432985 
        70.5      136.782     0.999956    0.0013882  0.000433577 
        70.5      137.261     0.999957   0.00138651  0.000434175 
        70.5       137.74     0.999958   0.00138481   0.00043478 
        70.5      138.221     0.999959   0.00138312  0.000435392 
        70.5      138.702     0.999961   0.00138142  0.000436013 
        70.5      139.184     0.999962   0.00137974  0.000436642 
        70.5      139.667     0.999963   0.00137805  0.000437281 
        70.5      140.151     0.999964   0.00137637  0.000437929 
        70.5      140.635     0.999966   0.00137469  0.000438587 
        70.5       141.12     0.999967   0.00137301  0.000439256 
        70.5      141.607     0.999969   0.00137133  0.000439936 
        70.5      142.094      0.99997   0.00136966  0.000440628 
        70.5      142.582     0.999972   0.00136799  0.000441332 
        70.5       143.07     0.999974   0.00136632  0.000442049 
        70.5       143.56     0.999975   0.00136466  0.000442779 
        70.5       144.05     0.999977   0.00136299  0.000443522 
        70.5      144.541     0.999979   0.00136133  0.000444281 
        70.5      145.033      0.99998   0.00135968  0.000445054 
        70.5      145.526     0.999982   0.00135802  0.000445843 
        70.5       146.02     0.999984   0.00135637  0.000446647 
        70.5      146.515     0.999986   0.00135472  0.000447469 
        70.5       147.01     0.999988   0.00135307  0.000448308 
        70.5      147.506      0.99999   0.00135143  0.000449164 
        70.5      148.003     0.999992   0.00134979  0.000450039 
        70.5      148.501     0.999994   0.00134815  0.000450933 
        70.5          149     0.999996   0.00134651  0.000451846 
        70.5        149.5     0.999998   0.00134488   0.00045278 
        70.5          150            1   0.00134325  0.000453735 
