Variables = x, y, u, v

Zone, I=600, F=POINT
       943.5        -1.25            0            0 
       943.5     -1.24958            0            0 
       943.5     -1.24831            0            0 
       943.5     -1.24621            0            0 
       943.5     -1.24325            0            0 
       943.5     -1.23946            0            0 
       943.5     -1.23482            0            0 
       943.5     -1.22934            0            0 
       943.5     -1.22302            0            0 
       943.5     -1.21585            0            0 
       943.5     -1.20785            0            0 
       943.5     -1.19899            0            0 
       943.5      -1.1893            0            0 
       943.5     -1.17876            0            0 
       943.5     -1.16738            0            0 
       943.5     -1.15515            0            0 
       943.5     -1.14209            0            0 
       943.5     -1.12817            0            0 
       943.5     -1.11342            0            0 
       943.5     -1.09782            0            0 
       943.5     -1.08138            0            0 
       943.5      -1.0641            0            0 
       943.5     -1.04597            0            0 
       943.5       -1.027            0            0 
       943.5     -1.00719            0            0 
       943.5    -0.986536            0            0 
       943.5    -0.965037            0            0 
       943.5    -0.942695            0            0 
       943.5     -0.91951            0            0 
       943.5    -0.895482            0            0 
       943.5    -0.870611            0            0 
       943.5    -0.844897            0            0 
       943.5     -0.81834            0            0 
       943.5     -0.79094            0            0 
       943.5    -0.762696            0            0 
       943.5     -0.73361            0            0 
       943.5     -0.70368            0            0 
       943.5    -0.672908            0            0 
       943.5    -0.641292            0            0 
       943.5    -0.608833            0            0 
       943.5    -0.575531            0            0 
       943.5    -0.541386            0            0 
       943.5    -0.506398            0            0 
       943.5    -0.470567            0            0 
       943.5    -0.433893            0            0 
       943.5    -0.396376            0            0 
       943.5    -0.358015            0            0 
       943.5    -0.318812            0            0 
       943.5    -0.278765            0            0 
       943.5    -0.237876            0            0 
       943.5    -0.196143            0            0 
       943.5    -0.153567            0            0 
       943.5    -0.110148            0            0 
       943.5    -0.065886   0.00700286  8.73235e-06 
       943.5    -0.020781    0.0207235  2.59955e-05 
       943.5     0.025167    0.0346831  4.37688e-05 
       943.5     0.071958    0.0488806  6.20624e-05 
       943.5     0.119593    0.0633146  8.08873e-05 
       943.5      0.16807    0.0779833  0.000100253 
       943.5     0.217391    0.0928851  0.000120171 
       943.5     0.267554     0.108017   0.00014065 
       943.5     0.318561     0.123378  0.000161701 
       943.5     0.370411     0.138963  0.000183331 
       943.5     0.423104      0.15477  0.000205551 
       943.5      0.47664     0.170795   0.00022837 
       943.5     0.531019     0.187035  0.000251789 
       943.5     0.586241     0.203484  0.000275825 
       943.5     0.642306     0.220135  0.000300477 
       943.5     0.699214     0.236984  0.000325749 
       943.5     0.756966     0.254024  0.000351648 
       943.5      0.81556     0.271247  0.000378175 
       943.5     0.874998     0.288648  0.000405324 
       943.5     0.935278     0.306214  0.000433121 
       943.5     0.996402     0.323937  0.000461517 
       943.5      1.05837     0.341804  0.000490541 
       943.5      1.12118     0.359804  0.000520189 
       943.5      1.18483     0.377923  0.000550439 
       943.5      1.24933      0.39615  0.000581263 
       943.5      1.31467     0.414469  0.000612662 
       943.5      1.38085     0.432866  0.000644681 
       943.5      1.44787     0.451325  0.000677069 
       943.5      1.51574      0.46982  0.000710108 
       943.5      1.58445     0.488332  0.000743637 
       943.5      1.65401     0.506842  0.000777584 
       943.5      1.72441     0.525329   0.00081193 
       943.5      1.79565     0.543771  0.000846666 
       943.5      1.86773     0.562147  0.000881743 
       943.5      1.94066     0.580433  0.000917005 
       943.5      2.01443     0.598604  0.000952287 
       943.5      2.08904     0.616625  0.000988256 
       943.5       2.1645     0.634466   0.00102433 
       943.5       2.2408     0.652104   0.00106039 
       943.5      2.31794     0.669513   0.00109635 
       943.5      2.39592     0.686669   0.00113215 
       943.5      2.47475     0.703545   0.00116775 
       943.5      2.55442     0.720115   0.00120313 
       943.5      2.63494     0.736351    0.0012383 
       943.5       2.7163     0.752224   0.00127326 
       943.5       2.7985     0.767696   0.00130841 
       943.5      2.88154     0.782755    0.0013426 
       943.5      2.96543     0.797424    0.0013748 
       943.5      3.05016      0.81168   0.00140627 
       943.5      3.13573     0.825498   0.00143756 
       943.5      3.22215     0.838857   0.00146871 
       943.5      3.30941      0.85173    0.0014994 
       943.5      3.39751     0.864094   0.00152923 
       943.5      3.48646     0.875922   0.00155795 
       943.5      3.57624     0.887188   0.00158582 
       943.5      3.66688     0.897866   0.00161393 
       943.5      3.75835     0.907665   0.00164382 
       943.5      3.85067     0.914385   0.00166739 
       943.5      3.94383     0.920833   0.00168973 
       943.5      4.03783     0.927007   0.00171077 
       943.5      4.13268     0.932908   0.00173045 
       943.5      4.22837     0.938537   0.00174873 
       943.5       4.3249     0.943894   0.00176557 
       943.5      4.42228      0.94898   0.00178097 
       943.5       4.5205     0.953798   0.00179491 
       943.5      4.61956     0.958349    0.0018074 
       943.5      4.71947     0.962635   0.00181848 
       943.5      4.82022      0.96666   0.00182818 
       943.5      4.92181     0.970428   0.00183656 
       943.5      5.02424      0.97394   0.00184368 
       943.5      5.12752     0.977203   0.00184964 
       943.5      5.23164     0.980221   0.00185451 
       943.5      5.33661     0.982998   0.00185842 
       943.5      5.44241     0.985541   0.00186149 
       943.5      5.54906     0.987855   0.00186385 
       943.5      5.65656     0.989948   0.00186563 
       943.5       5.7649     0.991825   0.00186701 
       943.5      5.87407     0.993496   0.00186812 
       943.5       5.9841     0.994968   0.00186916 
       943.5      6.09496     0.996249   0.00187027 
       943.5      6.20667     0.997349   0.00187165 
       943.5      6.31922      0.99826   0.00187279 
       943.5      6.43262     0.999003   0.00187411 
       943.5      6.54686     0.999595   0.00187585 
       943.5      6.66194      1.00005   0.00187801 
       943.5      6.77786      1.00037   0.00188058 
       943.5      6.89463      1.00058   0.00188353 
       943.5      7.01224      1.00069   0.00188683 
       943.5      7.13069      1.00071   0.00189041 
       943.5      7.24999      1.00065   0.00189416 
       943.5      7.37013      1.00053   0.00189795 
       943.5      7.49111      1.00036    0.0019016 
       943.5      7.61294      1.00016   0.00190487 
       943.5      7.73561      0.99994   0.00190746 
       943.5      7.85912     0.999719   0.00190903 
       943.5      7.98348     0.999287   0.00190205 
       943.5      8.10867     0.998881   0.00189549 
       943.5      8.23471     0.998511   0.00188974 
       943.5       8.3616     0.998176   0.00188475 
       943.5      8.48933     0.997874   0.00188044 
       943.5       8.6179     0.997605   0.00187675 
       943.5      8.74731     0.997368   0.00187363 
       943.5      8.87757     0.997161   0.00187101 
       943.5      9.00867     0.996982   0.00186884 
       943.5      9.14061     0.996831   0.00186705 
       943.5       9.2734     0.996707   0.00186559 
       943.5      9.40703     0.996608   0.00186441 
       943.5       9.5415     0.996532   0.00186346 
       943.5      9.67681      0.99648   0.00186267 
       943.5      9.81297     0.996448   0.00186202 
       943.5      9.94997     0.996437   0.00186145 
       943.5      10.0878     0.996444   0.00186093 
       943.5      10.2265      0.99647   0.00186041 
       943.5       10.366     0.996511   0.00185986 
       943.5      10.5064     0.996567   0.00185926 
       943.5      10.6476     0.996636   0.00185858 
       943.5      10.7897     0.996717    0.0018578 
       943.5      10.9326     0.996809   0.00185691 
       943.5      11.0763      0.99691   0.00185591 
       943.5      11.2209     0.997018   0.00185478 
       943.5      11.3664     0.997131   0.00185354 
       943.5      11.5126     0.997249   0.00185219 
       943.5      11.6598     0.997369   0.00185077 
       943.5      11.8077     0.997489   0.00184929 
       943.5      11.9565     0.997607    0.0018478 
       943.5      12.1062     0.997721   0.00184633 
       943.5      12.2567     0.997829   0.00184495 
       943.5       12.408     0.997928   0.00184372 
       943.5      12.5602     0.998017   0.00184271 
       943.5      12.7132     0.998091   0.00184202 
       943.5       12.867     0.998149   0.00184174 
       943.5      13.0218     0.998184   0.00184177 
       943.5      13.1773     0.998178   0.00184091 
       943.5      13.3337     0.998146   0.00184092 
       943.5      13.4909     0.998085    0.0018416 
       943.5       13.649     0.997997   0.00184252 
       943.5      13.8079     0.997975   0.00184049 
       943.5      13.9677     0.997957   0.00183883 
       943.5      14.1283     0.997941   0.00183733 
       943.5      14.2898     0.997927   0.00183578 
       943.5       14.452     0.997916   0.00183264 
       943.5      14.6152     0.997909    0.0018295 
       943.5      14.7792     0.997904    0.0018264 
       943.5       14.944     0.997902   0.00182339 
       943.5      15.1097     0.997901   0.00182053 
       943.5      15.2762     0.997902   0.00181784 
       943.5      15.4435     0.997905   0.00181536 
       943.5      15.6117     0.997908    0.0018131 
       943.5      15.7808     0.997912   0.00181107 
       943.5      15.9506     0.997917   0.00180929 
       943.5      16.1214     0.997922   0.00180775 
       943.5      16.2929     0.997927   0.00180645 
       943.5      16.4653     0.997932   0.00180537 
       943.5      16.6386     0.997937    0.0018045 
       943.5      16.8127     0.997941   0.00180381 
       943.5      16.9876     0.997946   0.00180327 
       943.5      17.1634      0.99795   0.00180287 
       943.5        17.34     0.997953   0.00180255 
       943.5      17.5175     0.997956   0.00180229 
       943.5      17.6958     0.997959   0.00180204 
       943.5       17.875     0.997961   0.00180177 
       943.5       18.055     0.997963   0.00180144 
       943.5      18.2358     0.997965     0.001801 
       943.5      18.4175     0.997966   0.00180043 
       943.5         18.6     0.997967   0.00179968 
       943.5      18.7834     0.997968   0.00179873 
       943.5      18.9676     0.997968   0.00179755 
       943.5      19.1527     0.997968   0.00179611 
       943.5      19.3386     0.997968   0.00179442 
       943.5      19.5253     0.997967   0.00179247 
       943.5      19.7129     0.997966   0.00179027 
       943.5      19.9013     0.997964   0.00178783 
       943.5      20.0906     0.997961    0.0017852 
       943.5      20.2807     0.997957   0.00178241 
       943.5      20.4717     0.997952   0.00177955 
       943.5      20.6635     0.997945    0.0017767 
       943.5      20.8561     0.997935   0.00177395 
       943.5      21.0496     0.997923   0.00177146 
       943.5      21.2439     0.997915   0.00177005 
       943.5      21.4391     0.997924   0.00177039 
       943.5      21.6351     0.997932   0.00177039 
       943.5       21.832      0.99794    0.0017701 
       943.5      22.0297     0.997947   0.00176954 
       943.5      22.2283     0.997954   0.00176871 
       943.5      22.4276     0.997961   0.00176766 
       943.5      22.6279     0.997967   0.00176639 
       943.5      22.8289     0.997973   0.00176494 
       943.5      23.0309     0.997979   0.00176332 
       943.5      23.2336     0.997984   0.00176156 
       943.5      23.4372     0.997989   0.00175967 
       943.5      23.6417     0.997994   0.00175769 
       943.5       23.847     0.997999   0.00175563 
       943.5      24.0531     0.998004   0.00175351 
       943.5      24.2601     0.998008   0.00175136 
       943.5      24.4679     0.998013   0.00174918 
       943.5      24.6766     0.998017   0.00174702 
       943.5      24.8861     0.998022   0.00174487 
       943.5      25.0964     0.998027   0.00174275 
       943.5      25.3076     0.998031   0.00174069 
       943.5      25.5197     0.998036    0.0017387 
       943.5      25.7325     0.998041   0.00173679 
       943.5      25.9463     0.998046   0.00173498 
       943.5      26.1608     0.998051   0.00173327 
       943.5      26.3762     0.998057   0.00173168 
       943.5      26.5925     0.998062    0.0017302 
       943.5      26.8096     0.998068   0.00172886 
       943.5      27.0275     0.998074   0.00172765 
       943.5      27.2463      0.99808   0.00172657 
       943.5      27.4659     0.998087   0.00172562 
       943.5      27.6864     0.998093   0.00172372 
       943.5      27.9077     0.998098   0.00172156 
       943.5      28.1299     0.998104   0.00171938 
       943.5      28.3528     0.998109   0.00171719 
       943.5      28.5767     0.998115     0.001715 
       943.5      28.8014     0.998121   0.00171283 
       943.5      29.0269     0.998127    0.0017107 
       943.5      29.2533     0.998132    0.0017086 
       943.5      29.4805     0.998138   0.00170656 
       943.5      29.7085     0.998144   0.00170458 
       943.5      29.9374     0.998149   0.00170267 
       943.5      30.1672     0.998155   0.00170083 
       943.5      30.3978      0.99816   0.00169908 
       943.5      30.6292     0.998165   0.00169741 
       943.5      30.8614      0.99817   0.00169582 
       943.5      31.0946     0.998175   0.00169432 
       943.5      31.3285      0.99818   0.00169291 
       943.5      31.5633     0.998185   0.00169157 
       943.5       31.799      0.99819    0.0016903 
       943.5      32.0354     0.998194    0.0016891 
       943.5      32.2728     0.998198   0.00168763 
       943.5      32.5109     0.998202   0.00168497 
       943.5        32.75     0.998207   0.00168239 
       943.5      32.9898     0.998212   0.00167988 
       943.5      33.2305     0.998217   0.00167745 
       943.5      33.4721     0.998223   0.00167509 
       943.5      33.7145     0.998228    0.0016728 
       943.5      33.9577     0.998234   0.00167057 
       943.5      34.2018      0.99824   0.00166841 
       943.5      34.4467     0.998247    0.0016663 
       943.5      34.6924     0.998253   0.00166424 
       943.5       34.939      0.99826   0.00166223 
       943.5      35.1865     0.998266   0.00166027 
       943.5      35.4348     0.998273   0.00165834 
       943.5      35.6839     0.998279   0.00165646 
       943.5      35.9339     0.998286    0.0016546 
       943.5      36.1847     0.998292   0.00165276 
       943.5      36.4364     0.998299   0.00165095 
       943.5      36.6889     0.998305   0.00164915 
       943.5      36.9422     0.998312   0.00164736 
       943.5      37.1964     0.998318   0.00164557 
       943.5      37.4514     0.998324   0.00164377 
       943.5      37.7073      0.99833   0.00164197 
       943.5       37.964     0.998337   0.00163979 
       943.5      38.2216     0.998344   0.00163757 
       943.5        38.48     0.998351   0.00163536 
       943.5      38.7392     0.998358   0.00163317 
       943.5      38.9993     0.998365   0.00163098 
       943.5      39.2603     0.998371   0.00162881 
       943.5       39.522     0.998378   0.00162665 
       943.5      39.7847     0.998385   0.00162451 
       943.5      40.0481     0.998392   0.00162238 
       943.5      40.3124     0.998398   0.00162026 
       943.5      40.5776     0.998405   0.00161815 
       943.5      40.8436     0.998412   0.00161606 
       943.5      41.1104     0.998418   0.00161398 
       943.5      41.3781     0.998425   0.00161191 
       943.5      41.6466     0.998431   0.00160985 
       943.5       41.916     0.998438   0.00160779 
       943.5      42.1862     0.998444   0.00160573 
       943.5      42.4573     0.998451   0.00160368 
       943.5      42.7291     0.998457   0.00160161 
       943.5      43.0019     0.998464   0.00159953 
       943.5      43.2755     0.998471   0.00159743 
       943.5      43.5499     0.998478   0.00159531 
       943.5      43.8252     0.998485   0.00159315 
       943.5      44.1013     0.998492   0.00159095 
       943.5      44.3782       0.9985   0.00158869 
       943.5       44.656     0.998508   0.00158637 
       943.5      44.9347     0.998516   0.00158397 
       943.5      45.2141     0.998525   0.00158147 
       943.5      45.4945     0.998535   0.00157886 
       943.5      45.7756     0.998545   0.00157612 
       943.5      46.0576     0.998556   0.00157323 
       943.5      46.3405     0.998568   0.00157018 
       943.5      46.6242     0.998576   0.00156774 
       943.5      46.9087     0.998584    0.0015655 
       943.5      47.1941     0.998591   0.00156334 
       943.5      47.4804     0.998598   0.00156125 
       943.5      47.7674     0.998606   0.00155921 
       943.5      48.0553     0.998612    0.0015572 
       943.5      48.3441     0.998619   0.00155521 
       943.5      48.6337     0.998626   0.00155323 
       943.5      48.9241     0.998632   0.00155125 
       943.5      49.2154     0.998638   0.00154924 
       943.5      49.5076     0.998644   0.00154722 
       943.5      49.8005      0.99865   0.00154516 
       943.5      50.0943     0.998656   0.00154305 
       943.5       50.389     0.998662   0.00154091 
       943.5      50.6845     0.998667   0.00153871 
       943.5      50.9808     0.998673   0.00153645 
       943.5       51.278     0.998678   0.00153414 
       943.5      51.5761     0.998683   0.00153177 
       943.5      51.8749     0.998689   0.00152934 
       943.5      52.1747     0.998694   0.00152686 
       943.5      52.4752       0.9987   0.00152431 
       943.5      52.7766     0.998705   0.00152171 
       943.5      53.0789     0.998711   0.00151906 
       943.5       53.382     0.998717   0.00151636 
       943.5      53.6859     0.998723   0.00151363 
       943.5      53.9907     0.998729   0.00151085 
       943.5      54.2963     0.998736   0.00150805 
       943.5      54.6027     0.998743   0.00150523 
       943.5        54.91      0.99875    0.0015024 
       943.5      55.2182     0.998757   0.00149957 
       943.5      55.5272     0.998765   0.00149675 
       943.5       55.837     0.998773   0.00149394 
       943.5      56.1477     0.998782   0.00149117 
       943.5      56.4592     0.998791   0.00148844 
       943.5      56.7716       0.9988   0.00148576 
       943.5      57.0848      0.99881   0.00148315 
       943.5      57.3988     0.998821   0.00148063 
       943.5      57.7137     0.998832   0.00147819 
       943.5      58.0295     0.998844   0.00147586 
       943.5       58.346     0.998856   0.00147366 
       943.5      58.6635     0.998868   0.00147159 
       943.5      58.9817     0.998881   0.00146967 
       943.5      59.3008     0.998893   0.00146766 
       943.5      59.6208     0.998905   0.00146547 
       943.5      59.9416     0.998917   0.00146315 
       943.5      60.2632     0.998929    0.0014607 
       943.5      60.5857     0.998941   0.00145814 
       943.5       60.909     0.998954   0.00145549 
       943.5      61.2332     0.998966   0.00145277 
       943.5      61.5582     0.998978   0.00144999 
       943.5      61.8841      0.99899    0.0014472 
       943.5      62.2107     0.999002   0.00144441 
       943.5      62.5383     0.999014   0.00144166 
       943.5      62.8667     0.999025     0.001439 
       943.5      63.1959     0.999036   0.00143646 
       943.5       63.526     0.999046   0.00143409 
       943.5      63.8569     0.999056   0.00143194 
       943.5      64.1886     0.999065   0.00143014 
       943.5      64.5212      0.99908   0.00142901 
       943.5      64.8547     0.999095   0.00142731 
       943.5      65.1889     0.999109   0.00142509 
       943.5      65.5241     0.999123   0.00142245 
       943.5        65.86     0.999136   0.00141945 
       943.5      66.1969     0.999148   0.00141615 
       943.5      66.5345     0.999159   0.00141262 
       943.5       66.873      0.99917   0.00140893 
       943.5      67.2124      0.99918   0.00140512 
       943.5      67.5525      0.99919   0.00140125 
       943.5      67.8936     0.999198   0.00139737 
       943.5      68.2354     0.999206   0.00139353 
       943.5      68.5782     0.999213   0.00138976 
       943.5      68.9217     0.999219    0.0013861 
       943.5      69.2661     0.999224   0.00138259 
       943.5      69.6114     0.999229   0.00137925 
       943.5      69.9574     0.999232    0.0013761 
       943.5      70.3044     0.999236   0.00137316 
       943.5      70.6521     0.999238   0.00137043 
       943.5      71.0008      0.99924   0.00136793 
       943.5      71.3502     0.999241   0.00136564 
       943.5      71.7005     0.999242   0.00136357 
       943.5      72.0517     0.999242   0.00136169 
       943.5      72.4037     0.999242   0.00135999 
       943.5      72.7565     0.999242   0.00135844 
       943.5      73.1102     0.999241   0.00135699 
       943.5      73.4647      0.99924   0.00135561 
       943.5        73.82      0.99924   0.00135424 
       943.5      74.1762     0.999239   0.00135283 
       943.5      74.5333     0.999238   0.00135129 
       943.5      74.8912     0.999238   0.00134957 
       943.5      75.2499     0.999238   0.00134756 
       943.5      75.6095     0.999239   0.00134517 
       943.5      75.9699      0.99924    0.0013423 
       943.5      76.3312     0.999242   0.00133883 
       943.5      76.6933     0.999244   0.00133462 
       943.5      77.0562     0.999248   0.00132955 
       943.5        77.42     0.999253   0.00132347 
       943.5      77.7846     0.999259   0.00131621 
       943.5      78.1501     0.999266    0.0013076 
       943.5      78.5164     0.999274   0.00129923 
       943.5      78.8836     0.999279   0.00129779 
       943.5      79.2516     0.999285   0.00129634 
       943.5      79.6205     0.999293   0.00129488 
       943.5      79.9902     0.999302   0.00129339 
       943.5      80.3607     0.999313   0.00129186 
       943.5      80.7321     0.999324   0.00129029 
       943.5      81.1043     0.999337   0.00128866 
       943.5      81.4774      0.99935   0.00128698 
       943.5      81.8513     0.999365   0.00128523 
       943.5       82.226      0.99938   0.00128341 
       943.5      82.6016     0.999395   0.00128152 
       943.5      82.9781      0.99941   0.00127956 
       943.5      83.3553     0.999426   0.00127752 
       943.5      83.7335     0.999442    0.0012754 
       943.5      84.1124     0.999457   0.00127322 
       943.5      84.4922     0.999471   0.00127096 
       943.5      84.8729     0.999485   0.00126865 
       943.5      85.2544     0.999498   0.00126627 
       943.5      85.6367      0.99951   0.00126385 
       943.5      86.0199     0.999519   0.00126139 
       943.5      86.4039     0.999528   0.00125891 
       943.5      86.7888     0.999534   0.00125642 
       943.5      87.1745     0.999537   0.00125394 
       943.5      87.5611     0.999538   0.00125148 
       943.5      87.9485     0.999557   0.00124683 
       943.5      88.3367     0.999578   0.00124221 
       943.5      88.7258       0.9996   0.00123767 
       943.5      89.1157     0.999624   0.00123322 
       943.5      89.5065      0.99965   0.00122885 
       943.5      89.8981     0.999677   0.00122458 
       943.5      90.2906     0.999705    0.0012204 
       943.5      90.6839     0.999733   0.00121631 
       943.5       91.078     0.999763    0.0012123 
       943.5       91.473     0.999792   0.00120837 
       943.5      91.8688     0.999822   0.00120453 
       943.5      92.2655     0.999852   0.00120075 
       943.5       92.663     0.999882   0.00119704 
       943.5      93.0614     0.999911    0.0011934 
       943.5      93.4606      0.99994    0.0011898 
       943.5      93.8606     0.999968   0.00118626 
       943.5      94.2615     0.999995   0.00118276 
       943.5      94.6632      1.00002    0.0011793 
       943.5      95.0658      1.00005   0.00117588 
       943.5      95.4692      1.00007   0.00117248 
       943.5      95.8735      1.00009   0.00116911 
       943.5      96.2786      1.00011   0.00116577 
       943.5      96.6845      1.00013   0.00116246 
       943.5      97.0913      1.00014   0.00115917 
       943.5      97.4989      1.00015   0.00115591 
       943.5      97.9074      1.00017   0.00115269 
       943.5      98.3167      1.00017   0.00114952 
       943.5      98.7269      1.00018    0.0011464 
       943.5      99.1379      1.00018   0.00114335 
       943.5      99.5498      1.00018   0.00114039 
       943.5      99.9624      1.00018   0.00113753 
       943.5      100.376      1.00017   0.00113481 
       943.5       100.79      1.00016   0.00113225 
       943.5      101.206      1.00015   0.00112988 
       943.5      101.622      1.00013   0.00112773 
       943.5      102.039      1.00012   0.00112586 
       943.5      102.456      1.00009   0.00112431 
       943.5      102.875      1.00007   0.00112314 
       943.5      103.294      1.00004   0.00112239 
       943.5      103.715      1.00001   0.00112214 
       943.5      104.136     0.999992   0.00111917 
       943.5      104.558     0.999978   0.00111473 
       943.5       104.98     0.999965   0.00111047 
       943.5      105.404     0.999953   0.00110638 
       943.5      105.829     0.999941   0.00110245 
       943.5      106.254      0.99993   0.00109865 
       943.5       106.68     0.999921   0.00109497 
       943.5      107.107     0.999912    0.0010914 
       943.5      107.535     0.999904   0.00108793 
       943.5      107.964     0.999896   0.00108455 
       943.5      108.393      0.99989   0.00108123 
       943.5      108.824     0.999884   0.00107797 
       943.5      109.255     0.999879   0.00107476 
       943.5      109.687     0.999875   0.00107159 
       943.5       110.12     0.999872   0.00106843 
       943.5      110.554      0.99987    0.0010653 
       943.5      110.988     0.999868   0.00106216 
       943.5      111.424     0.999867   0.00105902 
       943.5       111.86     0.999867   0.00105587 
       943.5      112.297     0.999867   0.00105269 
       943.5      112.735     0.999868   0.00104948 
       943.5      113.174      0.99987   0.00104624 
       943.5      113.614     0.999873   0.00104294 
       943.5      114.054     0.999876    0.0010396 
       943.5      114.496      0.99988   0.00103619 
       943.5      114.938     0.999884   0.00103272 
       943.5      115.381      0.99989   0.00102918 
       943.5      115.825     0.999895   0.00102557 
       943.5      116.269     0.999902   0.00102188 
       943.5      116.715     0.999909    0.0010181 
       943.5      117.161     0.999917   0.00101424 
       943.5      117.609     0.999925   0.00101029 
       943.5      118.057     0.999934   0.00100626 
       943.5      118.506     0.999943   0.00100213 
       943.5      118.955     0.999953  0.000997911 
       943.5      119.406     0.999964  0.000993599 
       943.5      119.858     0.999975  0.000989195 
       943.5       120.31     0.999986    0.0009847 
       943.5      120.763     0.999998  0.000980116 
       943.5      121.217      1.00001  0.000975443 
       943.5      121.672      1.00002  0.000970685 
       943.5      122.128      1.00004  0.000965844 
       943.5      122.584      1.00005  0.000960924 
       943.5      123.041      1.00006   0.00095593 
       943.5        123.5      1.00008  0.000950867 
       943.5      123.959      1.00009  0.000945739 
       943.5      124.419      1.00011  0.000940552 
       943.5      124.879      1.00012  0.000935314 
       943.5      125.341      1.00014  0.000930032 
       943.5      125.803      1.00016  0.000924712 
       943.5      126.267      1.00017  0.000919364 
       943.5      126.731      1.00019  0.000913997 
       943.5      127.196       1.0002  0.000908621 
       943.5      127.662      1.00022  0.000903245 
       943.5      128.128      1.00024   0.00089788 
       943.5      128.596      1.00025  0.000892538 
       943.5      129.064      1.00027  0.000887231 
       943.5      129.533      1.00029  0.000881972 
       943.5      130.003       1.0003  0.000876775 
       943.5      130.474      1.00032  0.000871652 
       943.5      130.946      1.00034  0.000866619 
       943.5      131.418      1.00035  0.000861691 
       943.5      131.892      1.00037  0.000856883 
       943.5      132.366      1.00038  0.000852213 
       943.5      132.841       1.0004  0.000847698 
       943.5      133.317      1.00041  0.000843355 
       943.5      133.794      1.00043  0.000839203 
       943.5      134.271      1.00044   0.00083526 
       943.5       134.75      1.00045  0.000831547 
       943.5      135.229      1.00047  0.000828084 
       943.5      135.709      1.00048  0.000824892 
       943.5       136.19      1.00049  0.000821992 
       943.5      136.672       1.0005  0.000819408 
       943.5      137.155      1.00051  0.000816844 
       943.5      137.638      1.00052  0.000814263 
       943.5      138.123      1.00052  0.000811891 
       943.5      138.608      1.00053  0.000809731 
       943.5      139.094      1.00054  0.000807783 
       943.5      139.581      1.00054  0.000806046 
       943.5      140.068      1.00054  0.000804515 
       943.5      140.557      1.00055  0.000803186 
       943.5      141.046      1.00055   0.00080205 
       943.5      141.537      1.00055  0.000801096 
       943.5      142.028      1.00055  0.000800312 
       943.5       142.52      1.00054  0.000799681 
       943.5      143.013      1.00054  0.000799183 
       943.5      143.506      1.00053  0.000798798 
       943.5      144.001      1.00052    0.0007985 
       943.5      144.496      1.00051   0.00079826 
       943.5      144.992       1.0005  0.000798046 
       943.5      145.489      1.00048  0.000797821 
       943.5      145.987      1.00046  0.000797546 
       943.5      146.486      1.00042  0.000793504 
       943.5      146.985      1.00036  0.000788175 
       943.5      147.485      1.00031  0.000783016 
       943.5      147.987      1.00025  0.000778037 
       943.5      148.489      1.00019   0.00077325 
       943.5      148.992      1.00013  0.000768665 
       943.5      149.495      1.00007  0.000764289 
       943.5          150            1  0.000760128 
