Variables = x, y, u, v, p

Zone, I=600, F=POINT
        34.5        -0.75            0            0   0.00626319 
        34.5     -0.74958 -4.03912e-05 -1.88145e-09   0.00626317 
        34.5    -0.748319 -0.000160471 -2.19166e-08   0.00626312 
        34.5    -0.746219 -0.000356484 -1.03022e-07   0.00626302 
        34.5    -0.743278 -0.000622684 -3.16325e-07    0.0062629 
        34.5    -0.739496 -0.000950773   -7.603e-07   0.00626275 
        34.5    -0.734875  -0.00132995  -1.5593e-06   0.00626257 
        34.5    -0.729413  -0.00174745 -2.86314e-06   0.00626238 
        34.5     -0.72311  -0.00218802 -4.84479e-06   0.00626219 
        34.5    -0.715968  -0.00263404 -7.69791e-06   0.00626199 
        34.5    -0.707985  -0.00306594 -1.16371e-05    0.0062618 
        34.5    -0.699162  -0.00346181 -1.68935e-05   0.00626162 
        34.5    -0.689498  -0.00379767 -2.37144e-05   0.00626147 
        34.5    -0.678995  -0.00404741 -3.23583e-05   0.00626134 
        34.5    -0.667651  -0.00418302 -4.30974e-05   0.00626125 
        34.5    -0.655466  -0.00417445 -5.62115e-05   0.00626119 
        34.5    -0.642442  -0.00398982 -7.19841e-05   0.00626116 
        34.5    -0.628577  -0.00359542 -9.07074e-05   0.00626116 
        34.5    -0.613872  -0.00295584 -0.000112672    0.0062612 
        34.5    -0.598326  -0.00203398 -0.000138171   0.00626126 
        34.5     -0.58194  -0.00079129  -0.00016749   0.00626133 
        34.5    -0.564714  0.000812284 -0.000200912   0.00626141 
        34.5    -0.546648   0.00281813 -0.000238709   0.00626148 
        34.5    -0.527741   0.00526904 -0.000281144   0.00626153 
        34.5    -0.507994   0.00820867 -0.000328456   0.00626153 
        34.5    -0.487407    0.0116818 -0.000380864   0.00626148 
        34.5    -0.465979    0.0157344 -0.000438559   0.00626136 
        34.5    -0.443711    0.0204127 -0.000501685   0.00626116 
        34.5    -0.420603    0.0257637 -0.000570339   0.00626085 
        34.5    -0.396654    0.0318355 -0.000644553   0.00626045 
        34.5    -0.371866    0.0386709 -0.000724437   0.00626007 
        34.5    -0.346236    0.0462666  -0.00081111   0.00626048 
        34.5    -0.319767    0.0546678 -0.000903673   0.00626065 
        34.5    -0.292457    0.0639019  -0.00100236   0.00626063 
        34.5    -0.264307    0.0739919  -0.00110733   0.00626047 
        34.5    -0.235317    0.0849574  -0.00121871   0.00626022 
        34.5    -0.205486    0.0968141  -0.00133654   0.00625991 
        34.5    -0.174816     0.109572   -0.0014608   0.00625959 
        34.5    -0.143304     0.123237  -0.00159143   0.00625929 
        34.5    -0.110953     0.137809  -0.00172827   0.00625904 
        34.5    -0.077761     0.153281  -0.00187118   0.00625884 
        34.5    -0.043729     0.169642  -0.00201999   0.00625868 
        34.5    -0.008857     0.186871  -0.00217455   0.00625853 
        34.5     0.026856     0.204914  -0.00233474   0.00625793 
        34.5     0.063409     0.223731  -0.00249973   0.00625716 
        34.5     0.100802     0.243292  -0.00266938   0.00625656 
        34.5     0.139036     0.263555  -0.00284327   0.00625616 
        34.5      0.17811     0.284469  -0.00302077   0.00625574 
        34.5     0.218024     0.305976  -0.00320142   0.00625475 
        34.5     0.258779     0.328021  -0.00338481   0.00625278 
        34.5     0.300373     0.350528  -0.00356975   0.00625209 
        34.5     0.342808     0.373382  -0.00375722   0.00625152 
        34.5     0.386084     0.396543  -0.00394587   0.00625072 
        34.5     0.430199     0.419966   -0.0041349   0.00624945 
        34.5     0.475155     0.443604  -0.00432397   0.00624757 
        34.5     0.520952     0.467403  -0.00451299   0.00624508 
        34.5     0.567588     0.491306  -0.00470196   0.00624215 
        34.5     0.615065     0.515249  -0.00489065   0.00623916 
        34.5     0.663382     0.539166  -0.00507826    0.0062367 
        34.5      0.71254     0.562984  -0.00526296   0.00623563 
        34.5     0.762538     0.586692  -0.00544416   0.00623522 
        34.5     0.813376     0.610341  -0.00562738   0.00623029 
        34.5     0.865054     0.633667  -0.00580579   0.00622531 
        34.5     0.917573     0.656623  -0.00597946   0.00622031 
        34.5     0.970932     0.679158  -0.00614832   0.00621531 
        34.5      1.02513     0.701221  -0.00631213   0.00621033 
        34.5      1.08017     0.722756  -0.00647054   0.00620536 
        34.5      1.13605     0.743707  -0.00662307   0.00620037 
        34.5      1.19277     0.764015  -0.00676916   0.00619533 
        34.5      1.25033     0.783616  -0.00690817   0.00619015 
        34.5      1.30873     0.802447  -0.00703948   0.00618475 
        34.5      1.36797     0.820441  -0.00716245   0.00617899 
        34.5      1.42805      0.83753  -0.00727659   0.00617272 
        34.5      1.48898     0.853641  -0.00738155   0.00616573 
        34.5      1.55074     0.868702  -0.00747726   0.00615779 
        34.5      1.61334     0.882638  -0.00756399   0.00614861 
        34.5      1.67678     0.895372  -0.00764253   0.00613784 
        34.5      1.74107     0.906826  -0.00771426    0.0061251 
        34.5      1.80619     0.917478  -0.00777516   0.00611765 
        34.5      1.87215     0.927371  -0.00782775   0.00611057 
        34.5      1.93896     0.936464  -0.00787305   0.00610279 
        34.5       2.0066     0.944765  -0.00791138   0.00609436 
        34.5      2.07508     0.952288  -0.00794305   0.00608533 
        34.5      2.14441     0.959049  -0.00796841   0.00607573 
        34.5      2.21457     0.965068  -0.00798778   0.00606562 
        34.5      2.28558     0.970369  -0.00800148   0.00605504 
        34.5      2.35742     0.974979  -0.00800986   0.00604406 
        34.5      2.43011     0.978928  -0.00801325   0.00603272 
        34.5      2.50364     0.982253  -0.00801197   0.00602107 
        34.5        2.578     0.984992  -0.00800638   0.00600917 
        34.5      2.65321     0.987189   -0.0079968   0.00599708 
        34.5      2.72926     0.988889   -0.0079836   0.00598484 
        34.5      2.80614     0.990146  -0.00796713   0.00597252 
        34.5      2.88387     0.991015  -0.00794776   0.00596015 
        34.5      2.96244     0.991556  -0.00792588    0.0059478 
        34.5      3.04185     0.991835  -0.00790188   0.00593551 
        34.5       3.1221     0.991921   -0.0078762   0.00592333 
        34.5      3.20318     0.991888   -0.0078493   0.00591131 
        34.5      3.28511     0.991814  -0.00782167   0.00589948 
        34.5      3.36788     0.991783  -0.00779386   0.00588788 
        34.5      3.45149     0.991882  -0.00776647   0.00587656 
        34.5      3.53594     0.992206  -0.00774014   0.00586553 
        34.5      3.62123      0.99285  -0.00771562   0.00585483 
        34.5      3.70736     0.993916  -0.00769373   0.00584446 
        34.5      3.79433     0.994359  -0.00766554   0.00582962 
        34.5      3.88215     0.993937   -0.0076345   0.00581324 
        34.5       3.9708     0.993641  -0.00760711   0.00579975 
        34.5      4.06029     0.993454  -0.00758016   0.00578794 
        34.5      4.15062     0.993357  -0.00755191    0.0057768 
        34.5      4.24179     0.993335  -0.00752182    0.0057655 
        34.5      4.33381     0.993369   -0.0074903   0.00575345 
        34.5      4.42666     0.993442  -0.00745842   0.00574031 
        34.5      4.52035     0.993536  -0.00742748   0.00572603 
        34.5      4.61489     0.993632  -0.00739865   0.00571085 
        34.5      4.71026      0.99371  -0.00737241   0.00569535 
        34.5      4.80647     0.993751  -0.00734762   0.00568047 
        34.5      4.90353     0.993737  -0.00731864   0.00566793 
        34.5      5.00142     0.993647  -0.00728145   0.00565977 
        34.5      5.10016     0.993654  -0.00724805   0.00564543 
        34.5      5.19974     0.993673  -0.00721771    0.0056295 
        34.5      5.30015     0.993696   -0.0071886   0.00561302 
        34.5      5.40141     0.993715  -0.00716093   0.00559924 
        34.5       5.5035     0.993738  -0.00713302   0.00558641 
        34.5      5.60644     0.993765  -0.00710395   0.00557376 
        34.5      5.71022     0.993795  -0.00707342   0.00556107 
        34.5      5.81483     0.993826  -0.00704145   0.00554819 
        34.5      5.92029     0.993858  -0.00700835     0.005535 
        34.5      6.02659     0.993888  -0.00697461   0.00552143 
        34.5      6.13373     0.993915  -0.00694086    0.0055075 
        34.5       6.2417     0.993936  -0.00690771   0.00549324 
        34.5      6.35052      0.99395   -0.0068757   0.00547879 
        34.5      6.46018     0.993956   -0.0068451   0.00546434 
        34.5      6.57068     0.993954  -0.00681587   0.00545015 
        34.5      6.68202     0.993944   -0.0067874   0.00543659 
        34.5       6.7942      0.99394   -0.0067569   0.00542359 
        34.5      6.90722     0.993971  -0.00672035   0.00540908 
        34.5      7.02108     0.993993   -0.0066857   0.00539475 
        34.5      7.13578     0.994008  -0.00665252   0.00538063 
        34.5      7.25132     0.994018  -0.00662039   0.00536673 
        34.5       7.3677     0.994025  -0.00658892   0.00535311 
        34.5      7.48493     0.994031  -0.00655773    0.0053398 
        34.5      7.60299     0.994039  -0.00652546   0.00532585 
        34.5      7.72189      0.99405  -0.00649195    0.0053107 
        34.5      7.84163     0.994061   -0.0064586   0.00529553 
        34.5      7.96222     0.994074   -0.0064254   0.00528044 
        34.5      8.08364     0.994087  -0.00639236   0.00526547 
        34.5       8.2059     0.994101   -0.0063594   0.00525067 
        34.5      8.32901     0.994117  -0.00632647   0.00523606 
        34.5      8.45295     0.994133  -0.00629348   0.00522162 
        34.5      8.57774     0.994151  -0.00626036   0.00520733 
        34.5      8.70336     0.994169  -0.00622706   0.00519311 
        34.5      8.82982     0.994189  -0.00619359   0.00517888 
        34.5      8.95713     0.994211  -0.00615999    0.0051645 
        34.5      9.08528     0.994236  -0.00612656   0.00514998 
        34.5      9.21426     0.994261  -0.00609324   0.00513549 
        34.5      9.34409     0.994285  -0.00605982   0.00512093 
        34.5      9.47475     0.994308  -0.00602631    0.0051063 
        34.5      9.60626     0.994329  -0.00599273   0.00509162 
        34.5      9.73861     0.994349  -0.00595908   0.00507689 
        34.5       9.8718     0.994369  -0.00592538   0.00506212 
        34.5      10.0058     0.994387  -0.00589163   0.00504731 
        34.5      10.1407     0.994404  -0.00585784   0.00503247 
        34.5      10.2764      0.99442  -0.00582403   0.00501762 
        34.5      10.4129     0.994435   -0.0057902   0.00500275 
        34.5      10.5503      0.99445  -0.00575636   0.00498787 
        34.5      10.6886     0.994464  -0.00572252   0.00497299 
        34.5      10.8276     0.994478  -0.00568868   0.00495813 
        34.5      10.9675     0.994491  -0.00565484   0.00494327 
        34.5      11.1083     0.994504  -0.00562102   0.00492844 
        34.5      11.2499     0.994517  -0.00558721   0.00491363 
        34.5      11.3923      0.99453  -0.00555342   0.00489886 
        34.5      11.5356     0.994542  -0.00551963   0.00488412 
        34.5      11.6797     0.994555  -0.00548585   0.00486943 
        34.5      11.8246     0.994568  -0.00545206   0.00485478 
        34.5      11.9704     0.994581  -0.00541827   0.00484019 
        34.5      12.1171     0.994595  -0.00538444   0.00482566 
        34.5      12.2645     0.994609  -0.00535042   0.00481065 
        34.5      12.4129     0.994624  -0.00531642   0.00479559 
        34.5       12.562      0.99464   -0.0052825   0.00478058 
        34.5       12.712     0.994656  -0.00524871    0.0047656 
        34.5      12.8628     0.994673  -0.00521503   0.00475064 
        34.5      13.0145     0.994691  -0.00518134   0.00473571 
        34.5       13.167     0.994709  -0.00514767    0.0047208 
        34.5      13.3204     0.994726  -0.00511403   0.00470592 
        34.5      13.4746     0.994744   -0.0050804   0.00469106 
        34.5      13.6296     0.994761   -0.0050468   0.00467621 
        34.5      13.7855     0.994779  -0.00501322   0.00466138 
        34.5      13.9422     0.994796  -0.00497966   0.00464655 
        34.5      14.0998     0.994814  -0.00494614   0.00463173 
        34.5      14.2582     0.994831  -0.00491266   0.00461686 
        34.5      14.4174     0.994848  -0.00487924   0.00460196 
        34.5      14.5775     0.994866  -0.00484587   0.00458706 
        34.5      14.7384     0.994883  -0.00481253   0.00457217 
        34.5      14.9001       0.9949  -0.00477924   0.00455728 
        34.5      15.0627     0.994917  -0.00474599    0.0045424 
        34.5      15.2262     0.994934  -0.00471278   0.00452752 
        34.5      15.3905     0.994951  -0.00467962   0.00451265 
        34.5      15.5556     0.994967   -0.0046465   0.00449778 
        34.5      15.7215     0.994984  -0.00461344   0.00448291 
        34.5      15.8883     0.995001  -0.00458044   0.00446805 
        34.5       16.056     0.995017   -0.0045475   0.00445319 
        34.5      16.2245     0.995034  -0.00451462   0.00443834 
        34.5      16.3938      0.99505  -0.00448181   0.00442349 
        34.5      16.5639     0.995066  -0.00444907   0.00440865 
        34.5      16.7349     0.995082   -0.0044164    0.0043938 
        34.5      16.9068     0.995099   -0.0043838   0.00437896 
        34.5      17.0795     0.995115  -0.00435128   0.00436412 
        34.5       17.253     0.995131  -0.00431882   0.00434929 
        34.5      17.4273     0.995147  -0.00428643   0.00433445 
        34.5      17.6025     0.995163  -0.00425411   0.00431962 
        34.5      17.7786     0.995179  -0.00422186   0.00430481 
        34.5      17.9555     0.995195  -0.00418974   0.00429006 
        34.5      18.1332     0.995212   -0.0041577   0.00427531 
        34.5      18.3118     0.995228  -0.00412574   0.00426057 
        34.5      18.4912     0.995245  -0.00409386   0.00424584 
        34.5      18.6714     0.995261  -0.00406207   0.00423111 
        34.5      18.8525     0.995278  -0.00403036   0.00421638 
        34.5      19.0344     0.995294  -0.00399873   0.00420166 
        34.5      19.2172     0.995311  -0.00396719   0.00418694 
        34.5      19.4008     0.995327  -0.00393574   0.00417223 
        34.5      19.5852     0.995344  -0.00390438   0.00415752 
        34.5      19.7705      0.99536  -0.00387311   0.00414281 
        34.5      19.9566     0.995377  -0.00384193    0.0041281 
        34.5      20.1436     0.995394  -0.00381085   0.00411339 
        34.5      20.3314      0.99541  -0.00377992   0.00409873 
        34.5      20.5201     0.995427   -0.0037491   0.00408409 
        34.5      20.7095     0.995443  -0.00371839   0.00406947 
        34.5      20.8999      0.99546  -0.00368777   0.00405486 
        34.5       21.091     0.995476  -0.00365725   0.00404026 
        34.5      21.2831     0.995493  -0.00362683   0.00402568 
        34.5      21.4759     0.995509  -0.00359651   0.00401111 
        34.5      21.6696     0.995526  -0.00356629   0.00399656 
        34.5      21.8641     0.995542  -0.00353618   0.00398201 
        34.5      22.0595     0.995559  -0.00350618   0.00396749 
        34.5      22.2557     0.995575  -0.00347628   0.00395297 
        34.5      22.4527     0.995591   -0.0034465   0.00393847 
        34.5      22.6506     0.995608  -0.00341683   0.00392398 
        34.5      22.8494     0.995624  -0.00338727   0.00390951 
        34.5      23.0489     0.995641  -0.00335784   0.00389505 
        34.5      23.2493     0.995657  -0.00332852    0.0038806 
        34.5      23.4506     0.995673  -0.00329932   0.00386617 
        34.5      23.6527      0.99569  -0.00327025   0.00385175 
        34.5      23.8556     0.995706  -0.00324131   0.00383735 
        34.5      24.0594     0.995722  -0.00321249   0.00382296 
        34.5       24.264     0.995739  -0.00318379   0.00380859 
        34.5      24.4695     0.995755  -0.00315523   0.00379424 
        34.5      24.6758     0.995771   -0.0031268    0.0037799 
        34.5      24.8829     0.995787   -0.0030985   0.00376558 
        34.5      25.0909     0.995804  -0.00307033   0.00375127 
        34.5      25.2997      0.99582  -0.00304228   0.00373699 
        34.5      25.5093     0.995836  -0.00301437   0.00372272 
        34.5      25.7198     0.995853  -0.00298658   0.00370848 
        34.5      25.9312     0.995869  -0.00295892   0.00369426 
        34.5      26.1433     0.995885  -0.00293138   0.00368007 
        34.5      26.3564     0.995902  -0.00290396   0.00366591 
        34.5      26.5702     0.995918  -0.00287668   0.00365177 
        34.5      26.7849     0.995934  -0.00284952   0.00363764 
        34.5      27.0004     0.995951   -0.0028225   0.00362353 
        34.5      27.2168     0.995967  -0.00279561   0.00360944 
        34.5       27.434     0.995983  -0.00276885   0.00359537 
        34.5      27.6521        0.996  -0.00274224   0.00358131 
        34.5       27.871     0.996016  -0.00271575   0.00356728 
        34.5      28.0907     0.996032  -0.00268941   0.00355326 
        34.5      28.3113     0.996048   -0.0026632   0.00353926 
        34.5      28.5327     0.996065  -0.00263713   0.00352529 
        34.5       28.755     0.996081  -0.00261121   0.00351134 
        34.5      28.9781     0.996097  -0.00258542   0.00349741 
        34.5       29.202     0.996113  -0.00255978   0.00348351 
        34.5      29.4268     0.996129  -0.00253427   0.00346963 
        34.5      29.6524     0.996146  -0.00250891   0.00345578 
        34.5      29.8789     0.996162  -0.00248369   0.00344195 
        34.5      30.1062     0.996178  -0.00245861   0.00342815 
        34.5      30.3343     0.996194  -0.00243368   0.00341437 
        34.5      30.5633      0.99621  -0.00240889   0.00340062 
        34.5      30.7931     0.996226  -0.00238424    0.0033869 
        34.5      31.0238     0.996242  -0.00235973   0.00337321 
        34.5      31.2553     0.996258  -0.00233537   0.00335955 
        34.5      31.4876     0.996274  -0.00231115   0.00334591 
        34.5      31.7208      0.99629  -0.00228707    0.0033323 
        34.5      31.9548     0.996307  -0.00226313   0.00331873 
        34.5      32.1897     0.996323  -0.00223933   0.00330518 
        34.5      32.4254     0.996339  -0.00221567   0.00329166 
        34.5       32.662     0.996354  -0.00219215   0.00327818 
        34.5      32.8993      0.99637  -0.00216877    0.0032647 
        34.5      33.1376     0.996386  -0.00214554   0.00325123 
        34.5      33.3766     0.996402  -0.00212245   0.00323779 
        34.5      33.6165     0.996418   -0.0020995   0.00322439 
        34.5      33.8573     0.996434  -0.00207669   0.00321101 
        34.5      34.0989      0.99645  -0.00205402   0.00319768 
        34.5      34.3413     0.996466   -0.0020315   0.00318437 
        34.5      34.5846     0.996482  -0.00200912   0.00317111 
        34.5      34.8287     0.996498   -0.0019869   0.00315787 
        34.5      35.0736     0.996514  -0.00196482   0.00314467 
        34.5      35.3194     0.996529   -0.0019429   0.00313151 
        34.5       35.566     0.996545  -0.00192114   0.00311838 
        34.5      35.8135     0.996561  -0.00189955   0.00310529 
        34.5      36.0618     0.996577  -0.00187813   0.00309224 
        34.5       36.311     0.996592  -0.00185676   0.00307921 
        34.5      36.5609     0.996608   -0.0018355   0.00306621 
        34.5      36.8118     0.996623  -0.00181439   0.00305324 
        34.5      37.0634     0.996639  -0.00179343    0.0030403 
        34.5       37.316     0.996654  -0.00177262   0.00302739 
        34.5      37.5693      0.99667  -0.00175196   0.00301451 
        34.5      37.8235     0.996685  -0.00173145   0.00300166 
        34.5      38.0785     0.996701  -0.00171109   0.00298885 
        34.5      38.3344     0.996716  -0.00169088   0.00297607 
        34.5      38.5911     0.996732  -0.00167081   0.00296332 
        34.5      38.8487     0.996747   -0.0016509   0.00295061 
        34.5       39.107     0.996762  -0.00163113   0.00293793 
        34.5      39.3663     0.996778   -0.0016115   0.00292529 
        34.5      39.6264     0.996793  -0.00159202   0.00291268 
        34.5      39.8873     0.996809  -0.00157269   0.00290011 
        34.5       40.149     0.996824  -0.00155349   0.00288757 
        34.5      40.4116     0.996839  -0.00153444   0.00287508 
        34.5       40.675     0.996855  -0.00151549   0.00286266 
        34.5      40.9393      0.99687  -0.00149668   0.00285027 
        34.5      41.2044     0.996885    -0.001478   0.00283792 
        34.5      41.4704       0.9969  -0.00145947   0.00282562 
        34.5      41.7372     0.996916  -0.00144107   0.00281335 
        34.5      42.0048     0.996931  -0.00142281   0.00280112 
        34.5      42.2733     0.996946  -0.00140469   0.00278893 
        34.5      42.5426     0.996961   -0.0013867   0.00277678 
        34.5      42.8128     0.996976  -0.00136885   0.00276467 
        34.5      43.0838     0.996991  -0.00135113    0.0027526 
        34.5      43.3556     0.997006  -0.00133355   0.00274058 
        34.5      43.6283     0.997021  -0.00131611   0.00272859 
        34.5      43.9018     0.997036   -0.0012988   0.00271664 
        34.5      44.1761     0.997051  -0.00128162   0.00270474 
        34.5      44.4513     0.997066  -0.00126458   0.00269287 
        34.5      44.7274     0.997081  -0.00124767   0.00268105 
        34.5      45.0043     0.997096  -0.00123089   0.00266927 
        34.5       45.282      0.99711  -0.00121424   0.00265754 
        34.5      45.5605     0.997125  -0.00119773   0.00264584 
        34.5      45.8399      0.99714  -0.00118135   0.00263419 
        34.5      46.1202     0.997154  -0.00116511   0.00262258 
        34.5      46.4013     0.997169  -0.00114899   0.00261101 
        34.5      46.6832     0.997183    -0.001133   0.00259949 
        34.5      46.9659     0.997198  -0.00111715   0.00258801 
        34.5      47.2495     0.997212  -0.00110142   0.00257657 
        34.5       47.534     0.997227  -0.00108583   0.00256517 
        34.5      47.8193     0.997241  -0.00107036   0.00255382 
        34.5      48.1054     0.997255  -0.00105503   0.00254252 
        34.5      48.3923     0.997269  -0.00103982   0.00253125 
        34.5      48.6801     0.997284  -0.00102474   0.00252003 
        34.5      48.9688     0.997298  -0.00100979   0.00250886 
        34.5      49.2583     0.997312 -0.000994965   0.00249772 
        34.5      49.5486     0.997326 -0.000980266   0.00248664 
        34.5      49.8398      0.99734 -0.000965693   0.00247559 
        34.5      50.1318     0.997353 -0.000951246    0.0024646 
        34.5      50.4246     0.997367 -0.000936923   0.00245364 
        34.5      50.7183     0.997381 -0.000922723   0.00244273 
        34.5      51.0128     0.997395 -0.000908646   0.00243187 
        34.5      51.3082     0.997409  -0.00089468   0.00242118 
        34.5      51.6044     0.997423 -0.000880833   0.00241052 
        34.5      51.9014     0.997437 -0.000867102   0.00239989 
        34.5      52.1993     0.997451 -0.000853485   0.00238931 
        34.5       52.498     0.997466  -0.00083998   0.00237877 
        34.5      52.7976      0.99748 -0.000826586   0.00236826 
        34.5       53.098     0.997493   -0.0008133    0.0023578 
        34.5      53.3993     0.997507 -0.000800121   0.00234738 
        34.5      53.7014     0.997521 -0.000787049     0.002337 
        34.5      54.0043     0.997535 -0.000774081   0.00232666 
        34.5       54.308     0.997549 -0.000761218   0.00231637 
        34.5      54.6127     0.997562 -0.000748459   0.00230612 
        34.5      54.9181     0.997576 -0.000735802   0.00229592 
        34.5      55.2244     0.997589 -0.000723249   0.00228576 
        34.5      55.5315     0.997603 -0.000710798   0.00227565 
        34.5      55.8395     0.997616 -0.000698451   0.00226559 
        34.5      56.1483      0.99763 -0.000686206   0.00225557 
        34.5       56.458     0.997643 -0.000674065    0.0022456 
        34.5      56.7684     0.997656 -0.000662028   0.00223568 
        34.5      57.0798      0.99767 -0.000650095   0.00222581 
        34.5      57.3919     0.997683 -0.000638267   0.00221599 
        34.5       57.705     0.997696 -0.000626544   0.00220622 
        34.5      58.0188     0.997709 -0.000614927    0.0021965 
        34.5      58.3335     0.997722 -0.000603418   0.00218684 
        34.5       58.649     0.997734 -0.000592016   0.00217722 
        34.5      58.9654     0.997747 -0.000580723   0.00216765 
        34.5      59.2826      0.99776 -0.000569539   0.00215814 
        34.5      59.6007     0.997772 -0.000558466   0.00214868 
        34.5      59.9196     0.997785 -0.000547503   0.00213928 
        34.5      60.2393     0.997797 -0.000536652   0.00212993 
        34.5      60.5599     0.997809 -0.000525913   0.00212063 
        34.5      60.8813     0.997822 -0.000515287   0.00211139 
        34.5      61.2035     0.997834 -0.000504774    0.0021022 
        34.5      61.5266     0.997846 -0.000494374   0.00209307 
        34.5      61.8506     0.997857 -0.000484088   0.00208399 
        34.5      62.1753     0.997869 -0.000473944   0.00207493 
        34.5       62.501     0.997882 -0.000463946   0.00206583 
        34.5      62.8274     0.997895 -0.000453996   0.00205678 
        34.5      63.1547     0.997907 -0.000444095   0.00204776 
        34.5      63.4828     0.997919  -0.00043424   0.00203879 
        34.5      63.8118     0.997932 -0.000424431   0.00202986 
        34.5      64.1416     0.997944 -0.000414671   0.00202096 
        34.5      64.4723     0.997956  -0.00040496   0.00201211 
        34.5      64.8038     0.997968 -0.000395304    0.0020033 
        34.5      65.1361      0.99798 -0.000385706   0.00199454 
        34.5      65.4693     0.997992 -0.000376172   0.00198581 
        34.5      65.8033     0.998004 -0.000366711   0.00197713 
        34.5      66.1382     0.998015 -0.000357331    0.0019685 
        34.5      66.4739     0.998027 -0.000348044   0.00195991 
        34.5      66.8104     0.998039 -0.000338863   0.00195138 
        34.5      67.1478      0.99805 -0.000329802   0.00194289 
        34.5       67.486     0.998061 -0.000320878   0.00193445 
        34.5      67.8251     0.998073  -0.00031211   0.00192607 
        34.5       68.165     0.998084  -0.00030352   0.00191774 
        34.5      68.5057     0.998096 -0.000295132   0.00190947 
        34.5      68.8473     0.998107 -0.000286971   0.00190126 
        34.5      69.1897     0.998118 -0.000279067   0.00189311 
        34.5       69.533      0.99813 -0.000271451   0.00188503 
        34.5      69.8771     0.998141 -0.000264159   0.00187702 
        34.5       70.222     0.998153 -0.000257229   0.00186909 
        34.5      70.5678     0.998164 -0.000250702   0.00186122 
        34.5      70.9145     0.998175 -0.000243488   0.00185344 
        34.5      71.2619     0.998186 -0.000234788   0.00184573 
        34.5      71.6102     0.998196 -0.000226214   0.00183814 
        34.5      71.9594     0.998207 -0.000217758   0.00183064 
        34.5      72.3093     0.998217 -0.000209414   0.00182325 
        34.5      72.6602     0.998228 -0.000201175   0.00181595 
        34.5      73.0118     0.998239 -0.000193034   0.00180875 
        34.5      73.3643     0.998249 -0.000184986   0.00180165 
        34.5      73.7177      0.99826 -0.000177027   0.00179464 
        34.5      74.0719     0.998271 -0.000169151   0.00178772 
        34.5      74.4269     0.998281 -0.000161355   0.00178089 
        34.5      74.7828     0.998292 -0.000153636   0.00177415 
        34.5      75.1395     0.998302 -0.000145991   0.00176749 
        34.5       75.497     0.998313 -0.000138417   0.00176092 
        34.5      75.8554     0.998324 -0.000130913   0.00175443 
        34.5      76.2146     0.998334 -0.000123477   0.00174802 
        34.5      76.5747     0.998345 -0.000116109   0.00174169 
        34.5      76.9356     0.998355 -0.000108809   0.00173544 
        34.5      77.2974     0.998366 -0.000101577   0.00172926 
        34.5      77.6599     0.998376 -9.48011e-05   0.00172269 
        34.5      78.0234     0.998386 -8.87829e-05   0.00171536 
        34.5      78.3876     0.998396 -8.27935e-05   0.00170814 
        34.5      78.7528     0.998406 -7.68316e-05   0.00170102 
        34.5      79.1187     0.998416  -7.0896e-05   0.00169401 
        34.5      79.4855     0.998426 -6.49857e-05    0.0016871 
        34.5      79.8531     0.998436 -5.91001e-05   0.00168028 
        34.5      80.2216     0.998446 -5.32386e-05   0.00167356 
        34.5      80.5909     0.998456 -4.74008e-05   0.00166692 
        34.5      80.9611     0.998466 -4.15865e-05   0.00166037 
        34.5      81.3321     0.998476 -3.57957e-05   0.00165391 
        34.5      81.7039     0.998486 -3.00284e-05   0.00164752 
        34.5      82.0766     0.998495 -2.42849e-05   0.00164122 
        34.5      82.4501     0.998504 -1.85656e-05   0.00163498 
        34.5      82.8244     0.998514 -1.28711e-05   0.00162882 
        34.5      83.1996     0.998523 -7.20202e-06   0.00162272 
        34.5      83.5757     0.998532 -1.55919e-06   0.00161669 
        34.5      83.9525      0.99854  4.05649e-06   0.00161073 
        34.5      84.3302     0.998549    9.644e-06   0.00160482 
        34.5      84.7088     0.998557  1.52022e-05   0.00159898 
        34.5      85.0882     0.998566    2.073e-05   0.00159319 
        34.5      85.4684     0.998574  2.62259e-05   0.00158745 
        34.5      85.8495     0.998582  3.16887e-05   0.00158177 
        34.5      86.2314      0.99859  3.71169e-05   0.00157613 
        34.5      86.6142     0.998597  4.25092e-05   0.00157054 
        34.5      86.9978     0.998605  4.78639e-05     0.001565 
        34.5      87.3822     0.998612  5.31795e-05   0.00155951 
        34.5      87.7675      0.99862  5.84545e-05   0.00155405 
        34.5      88.1536     0.998627  6.36874e-05   0.00154864 
        34.5      88.5406     0.998634  6.88765e-05   0.00154327 
        34.5      88.9284     0.998641  7.40204e-05   0.00153793 
        34.5       89.317     0.998648  7.91176e-05   0.00153263 
        34.5      89.7065     0.998654  8.41667e-05   0.00152737 
        34.5      90.0968     0.998661  8.91662e-05   0.00152215 
        34.5      90.4879     0.998668  9.41148e-05   0.00151696 
        34.5      90.8799     0.998674  9.90114e-05    0.0015118 
        34.5      91.2728     0.998681  0.000103855   0.00150668 
        34.5      91.6665     0.998687  0.000108644   0.00150159 
        34.5       92.061     0.998694  0.000113379   0.00149653 
        34.5      92.4563       0.9987  0.000118057   0.00149151 
        34.5      92.8525     0.998707   0.00012268   0.00148652 
        34.5      93.2496     0.998714  0.000127246   0.00148156 
        34.5      93.6475      0.99872  0.000131755   0.00147664 
        34.5      94.0462     0.998727  0.000136208   0.00147175 
        34.5      94.4458     0.998734  0.000140604    0.0014669 
        34.5      94.8462     0.998741  0.000144945   0.00146208 
        34.5      95.2474     0.998748  0.000149232    0.0014573 
        34.5      95.6495     0.998755  0.000153465   0.00145256 
        34.5      96.0524     0.998763  0.000157646   0.00144786 
        34.5      96.4562      0.99877  0.000161777    0.0014432 
        34.5      96.8608     0.998778   0.00016586   0.00143859 
        34.5      97.2662     0.998786  0.000169898   0.00143402 
        34.5      97.6725     0.998794  0.000173895    0.0014295 
        34.5      98.0796     0.998802  0.000177852   0.00142502 
        34.5      98.4876     0.998811  0.000181775   0.00142061 
        34.5      98.8964     0.998819  0.000185668   0.00141624 
        34.5       99.306     0.998828  0.000189536   0.00141193 
        34.5      99.7165     0.998837  0.000193383   0.00140769 
        34.5      100.128     0.998847  0.000197218   0.00140351 
        34.5       100.54     0.998857  0.000201045    0.0013994 
        34.5      100.953     0.998866  0.000204873   0.00139536 
        34.5      101.367     0.998877   0.00020871    0.0013914 
        34.5      101.782     0.998887  0.000212563   0.00138752 
        34.5      102.197     0.998898  0.000216442   0.00138372 
        34.5      102.613     0.998909  0.000220358   0.00138001 
        34.5      103.031      0.99892  0.000224321    0.0013764 
        34.5      103.449     0.998931  0.000228343   0.00137289 
        34.5      103.868     0.998942  0.000232437   0.00136949 
        34.5      104.287     0.998954  0.000236615   0.00136619 
        34.5      104.708     0.998966  0.000240892   0.00136302 
        34.5      105.129     0.998978  0.000245283   0.00135997 
        34.5      105.552      0.99899  0.000249805   0.00135705 
        34.5      105.975     0.999002  0.000254474   0.00135426 
        34.5      106.399     0.999014  0.000259308   0.00135162 
        34.5      106.823     0.999026  0.000262426   0.00134815 
        34.5      107.249     0.999037   0.00026507   0.00134446 
        34.5      107.675     0.999046  0.000267743    0.0013408 
        34.5      108.103     0.999055  0.000270444   0.00133718 
        34.5      108.531     0.999063  0.000273169    0.0013336 
        34.5       108.96      0.99907  0.000275918   0.00133006 
        34.5       109.39     0.999076  0.000278687   0.00132655 
        34.5       109.82     0.999081  0.000281476   0.00132309 
        34.5      110.252     0.999085  0.000284283   0.00131967 
        34.5      110.684     0.999089  0.000287106    0.0013163 
        34.5      111.117     0.999092  0.000289945   0.00131296 
        34.5      111.551     0.999094  0.000292796   0.00130967 
        34.5      111.986     0.999096   0.00029566   0.00130643 
        34.5      112.422     0.999097  0.000298536   0.00130323 
        34.5      112.858     0.999098  0.000301422   0.00130008 
        34.5      113.296     0.999099  0.000304318   0.00129698 
        34.5      113.734     0.999099  0.000307222   0.00129392 
        34.5      114.173     0.999098  0.000310135   0.00129091 
        34.5      114.613     0.999098  0.000313055   0.00128795 
        34.5      115.054     0.999097  0.000315982   0.00128504 
        34.5      115.495     0.999095  0.000318916   0.00128218 
        34.5      115.938     0.999094  0.000321856   0.00127938 
        34.5      116.381     0.999092  0.000324802   0.00127662 
        34.5      116.825     0.999091  0.000327754   0.00127391 
        34.5       117.27     0.999089  0.000330712   0.00127126 
        34.5      117.716     0.999087  0.000333674   0.00126866 
        34.5      118.162     0.999085  0.000336643   0.00126612 
        34.5       118.61     0.999083  0.000339616   0.00126362 
        34.5      119.058     0.999081  0.000342594   0.00126119 
        34.5      119.507     0.999079  0.000345578    0.0012588 
        34.5      119.957     0.999077  0.000348567   0.00125647 
        34.5      120.408     0.999074  0.000351561    0.0012542 
        34.5       120.86     0.999072  0.000354559   0.00125198 
        34.5      121.312      0.99907  0.000357563   0.00124982 
        34.5      121.766     0.999069  0.000360572   0.00124771 
        34.5       122.22     0.999067  0.000363586   0.00124566 
        34.5      122.675     0.999065  0.000366605   0.00124366 
        34.5      123.131     0.999064  0.000369628   0.00124172 
        34.5      123.587     0.999062  0.000372656   0.00123984 
        34.5      124.045     0.999061  0.000375688   0.00123801 
        34.5      124.503      0.99906  0.000378724   0.00123624 
        34.5      124.962     0.999059  0.000381764   0.00123452 
        34.5      125.423     0.999058  0.000384806   0.00123287 
        34.5      125.883     0.999058  0.000387851   0.00123126 
        34.5      126.345     0.999057  0.000390897   0.00122971 
        34.5      126.808     0.999057  0.000393944   0.00122822 
        34.5      127.271     0.999058  0.000396991   0.00122679 
        34.5      127.735     0.999058  0.000400036    0.0012254 
        34.5      128.201     0.999059  0.000403079   0.00122408 
        34.5      128.666      0.99906  0.000406118   0.00122281 
        34.5      129.133     0.999061  0.000409152   0.00122159 
        34.5      129.601     0.999063  0.000412178   0.00122042 
        34.5      130.069     0.999065  0.000415194   0.00121931 
        34.5      130.539     0.999067  0.000418199   0.00121825 
        34.5      131.009      0.99907   0.00042119   0.00121724 
        34.5       131.48     0.999074  0.000424164   0.00121629 
        34.5      131.952     0.999077  0.000427119   0.00121538 
        34.5      132.424     0.999082   0.00043005   0.00121452 
        34.5      132.898     0.999086  0.000432955   0.00121372 
        34.5      133.372     0.999092   0.00043583   0.00121296 
        34.5      133.847     0.999097  0.000438671   0.00121225 
        34.5      134.323     0.999104  0.000441473   0.00121158 
        34.5        134.8     0.999111  0.000444231   0.00121097 
        34.5      135.278     0.999119  0.000446941   0.00121039 
        34.5      135.757     0.999127  0.000449598   0.00120986 
        34.5      136.236     0.999137  0.000452194   0.00120937 
        34.5      136.716     0.999147  0.000454724   0.00120893 
        34.5      137.197     0.999158  0.000457181   0.00120852 
        34.5      137.679      0.99917  0.000459558   0.00120815 
        34.5      138.162     0.999183  0.000461847   0.00120782 
        34.5      138.645     0.999197  0.000464041   0.00120753 
        34.5       139.13     0.999212  0.000466131   0.00120727 
        34.5      139.615     0.999229  0.000468107   0.00120704 
        34.5      140.101     0.999247  0.000469961   0.00120685 
        34.5      140.588     0.999266  0.000471681   0.00120669 
        34.5      141.076     0.999287  0.000473258   0.00120655 
        34.5      141.565     0.999309   0.00047468   0.00120644 
        34.5      142.054     0.999333  0.000475935   0.00120636 
        34.5      142.544     0.999359   0.00047701   0.00120629 
        34.5      143.036     0.999387  0.000477893   0.00120625 
        34.5      143.528     0.999416   0.00047857   0.00120623 
        34.5       144.02     0.999448  0.000479025   0.00120623 
        34.5      144.514     0.999483  0.000479244   0.00120624 
        34.5      145.009     0.999519  0.000479211   0.00120626 
        34.5      145.504     0.999558  0.000478909   0.00120629 
        34.5          146     0.999601  0.000478321   0.00120634 
        34.5      146.497     0.999645  0.000477428   0.00120638 
        34.5      146.995     0.999689   0.00047874   0.00120709 
        34.5      147.494     0.999735   0.00048004   0.00120792 
        34.5      147.993     0.999783  0.000481252   0.00120886 
        34.5      148.494     0.999833   0.00048238   0.00120991 
        34.5      148.995     0.999886  0.000483431   0.00121107 
        34.5      149.497     0.999942   0.00048441   0.00121236 
        34.5          150            1  0.000485324   0.00121377 
