Variables = x, y, u, v, p

Zone, I=600, F=POINT
        31.5        -0.75           -0           -0   0.00513784 
        31.5     -0.74958  -5.6647e-05 -1.83248e-09   0.00513783 
        31.5    -0.748319 -0.000225446 -2.02881e-08   0.00513779 
        31.5    -0.746219 -0.000502304 -9.40411e-08   0.00513773 
        31.5    -0.743278  -0.00088112 -2.87291e-07   0.00513764 
        31.5    -0.739496    -0.001353 -6.89137e-07   0.00513753 
        31.5    -0.734875  -0.00190629 -1.41245e-06   0.00513741 
        31.5    -0.729413  -0.00252737 -2.59376e-06   0.00513727 
        31.5     -0.72311  -0.00319992 -4.39143e-06   0.00513713 
        31.5    -0.715968  -0.00390501 -6.98376e-06   0.00513699 
        31.5    -0.707985  -0.00462178 -1.05696e-05   0.00513685 
        31.5    -0.699162  -0.00532677 -1.53643e-05   0.00513671 
        31.5    -0.689498  -0.00599442 -2.16005e-05    0.0051366 
        31.5    -0.678995  -0.00659683  -2.9523e-05   0.00513649 
        31.5    -0.667651   -0.0071042 -3.93919e-05   0.00513641 
        31.5    -0.655466   -0.0074846 -5.14771e-05   0.00513635 
        31.5    -0.642442  -0.00770409 -6.60549e-05   0.00513631 
        31.5    -0.628577  -0.00772698 -8.34128e-05    0.0051363 
        31.5    -0.613872  -0.00751578  -0.00010384   0.00513631 
        31.5    -0.598326   -0.0070313 -0.000127633   0.00513633 
        31.5     -0.58194  -0.00623288 -0.000155083   0.00513637 
        31.5    -0.564714  -0.00507839 -0.000186484   0.00513641 
        31.5    -0.546648   -0.0035244 -0.000222127   0.00513645 
        31.5    -0.527741   -0.0015262 -0.000262295   0.00513647 
        31.5    -0.507994   0.00096181 -0.000307261   0.00513647 
        31.5    -0.487407    0.0039862 -0.000357283   0.00513643 
        31.5    -0.465979   0.00759448 -0.000412605   0.00513633 
        31.5    -0.443711    0.0118345 -0.000473441   0.00513616 
        31.5    -0.420603    0.0167546 -0.000539976   0.00513591 
        31.5    -0.396654    0.0224037  -0.00061236   0.00513557 
        31.5    -0.371866    0.0288257 -0.000690774   0.00513523 
        31.5    -0.346236     0.036016 -0.000775967   0.00513553 
        31.5    -0.319767    0.0440202 -0.000867583   0.00513566 
        31.5    -0.292457    0.0528678 -0.000965858   0.00513565 
        31.5    -0.264307     0.062584  -0.00107098   0.00513552 
        31.5    -0.235317    0.0731905  -0.00118309   0.00513531 
        31.5    -0.205486    0.0847052  -0.00130228   0.00513505 
        31.5    -0.174816    0.0971402  -0.00142857   0.00513477 
        31.5    -0.143304     0.110505  -0.00156195    0.0051345 
        31.5    -0.110953       0.1248  -0.00170234   0.00513428 
        31.5    -0.077761     0.140022  -0.00184963   0.00513411 
        31.5    -0.043729     0.156162  -0.00200366   0.00513402 
        31.5    -0.008857     0.173201  -0.00216425   0.00513401 
        31.5     0.026856     0.191095  -0.00233119   0.00513347 
        31.5     0.063409     0.209806  -0.00250371   0.00513284 
        31.5     0.100802     0.229303  -0.00268157   0.00513243 
        31.5     0.139036     0.249544  -0.00286426    0.0051322 
        31.5      0.17811     0.270477  -0.00305111   0.00513193 
        31.5     0.218024     0.292042   -0.0032416   0.00513117 
        31.5     0.258779     0.314185  -0.00343513    0.0051296 
        31.5     0.300373     0.336826  -0.00363076   0.00512914 
        31.5     0.342808     0.359838  -0.00382917   0.00512887 
        31.5     0.386084     0.383182  -0.00402895   0.00512846 
        31.5     0.430199     0.406811  -0.00422926   0.00512765 
        31.5     0.475155     0.430676  -0.00442971    0.0051263 
        31.5     0.520952     0.454723  -0.00463024   0.00512442 
        31.5     0.567588     0.478891  -0.00483085   0.00512216 
        31.5     0.615065     0.503116  -0.00503134   0.00511988 
        31.5     0.663382     0.527328  -0.00523086   0.00511817 
        31.5      0.71254     0.551452   -0.0054275   0.00511789 
        31.5     0.762538     0.575478  -0.00562078   0.00511834 
        31.5     0.813376     0.599475  -0.00581652   0.00511448 
        31.5     0.865054     0.623175  -0.00600707   0.00511064 
        31.5     0.917573      0.64653   -0.0061927   0.00510684 
        31.5     0.970932     0.669488  -0.00637343   0.00510313 
        31.5      1.02513     0.691995  -0.00654913   0.00509951 
        31.5      1.08017     0.713995  -0.00671944   0.00509598 
        31.5      1.13605     0.735428  -0.00688388   0.00509253 
        31.5      1.19277     0.756232   -0.0070418   0.00508912 
        31.5      1.25033     0.776343  -0.00719247   0.00508567 
        31.5      1.30873     0.795693  -0.00733512   0.00508212 
        31.5      1.36797     0.814213    -0.007469   0.00507832 
        31.5      1.42805      0.83183  -0.00759348   0.00507414 
        31.5      1.48898     0.848469  -0.00770813   0.00506937 
        31.5      1.55074     0.864053  -0.00781285   0.00506379 
        31.5      1.61334     0.878503  -0.00790798   0.00505711 
        31.5      1.67678     0.891736  -0.00799449     0.005049 
        31.5      1.74107      0.90367  -0.00807416   0.00503909 
        31.5      1.80619      0.91473  -0.00813965   0.00503327 
        31.5      1.87215     0.925004  -0.00819676   0.00502815 
        31.5      1.93896     0.934458  -0.00824684   0.00502282 
        31.5       2.0066     0.943101  -0.00828995   0.00501726 
        31.5      2.07508     0.950945  -0.00832622    0.0050114 
        31.5      2.14441     0.958007   -0.0083558   0.00500523 
        31.5      2.21457     0.964306  -0.00837888   0.00499872 
        31.5      2.28558     0.969865   -0.0083957   0.00499184 
        31.5      2.35742     0.974711  -0.00840654   0.00498458 
        31.5      2.43011     0.978876  -0.00841172   0.00497693 
        31.5      2.50364     0.982395   -0.0084116    0.0049689 
        31.5        2.578     0.985307  -0.00840655    0.0049605 
        31.5      2.65321     0.987655  -0.00839701   0.00495176 
        31.5      2.72926     0.989488   -0.0083834   0.00494272 
        31.5      2.80614     0.990858  -0.00836621   0.00493342 
        31.5      2.88387     0.991821   -0.0083459   0.00492394 
        31.5      2.96244     0.992438  -0.00832298   0.00491437 
        31.5      3.04185     0.992776  -0.00829792    0.0049048 
        31.5       3.1221     0.992905  -0.00827122   0.00489537 
        31.5      3.20318     0.992899  -0.00824333   0.00488621 
        31.5      3.28511     0.992838   -0.0082147   0.00487749 
        31.5      3.36788     0.992807   -0.0081857    0.0048694 
        31.5      3.45149     0.992894  -0.00815668   0.00486217 
        31.5      3.53594     0.993192  -0.00812791   0.00485604 
        31.5      3.62123       0.9938  -0.00809955   0.00485129 
        31.5      3.70736     0.994819  -0.00807169   0.00484823 
        31.5      3.79433     0.995264  -0.00804258   0.00483869 
        31.5      3.88215     0.994895  -0.00801479    0.0048239 
        31.5       3.9708     0.994641  -0.00798837   0.00481156 
        31.5      4.06029     0.994481  -0.00796124   0.00480089 
        31.5      4.15062     0.994396  -0.00793217   0.00479119 
        31.5      4.24179     0.994369   -0.0079007   0.00478188 
        31.5      4.33381     0.994384  -0.00786701   0.00477251 
        31.5      4.42666      0.99443   -0.0078318   0.00476276 
        31.5      4.52035     0.994493  -0.00779611   0.00475249 
        31.5      4.61489     0.994564  -0.00776116   0.00474171 
        31.5      4.71026     0.994632  -0.00772812   0.00473062 
        31.5      4.80647     0.994686  -0.00769785   0.00471962 
        31.5      4.90353     0.994715  -0.00767066   0.00470935 
        31.5      5.00142     0.994707  -0.00764596   0.00470066 
        31.5      5.10016     0.994648  -0.00762193   0.00469469 
        31.5      5.19974     0.994514  -0.00759307   0.00469888 
        31.5      5.30015      0.99456  -0.00755202   0.00468799 
        31.5      5.40141     0.994621  -0.00751284   0.00467422 
        31.5       5.5035     0.994669   -0.0074771   0.00466221 
        31.5      5.60644     0.994708  -0.00744369   0.00465149 
        31.5      5.71022     0.994738  -0.00741167   0.00464165 
        31.5      5.81483     0.994763  -0.00738027   0.00463232 
        31.5      5.92029     0.994782  -0.00734891   0.00462318 
        31.5      6.02659     0.994798  -0.00731717   0.00461398 
        31.5      6.13373     0.994811  -0.00728478   0.00460455 
        31.5       6.2417     0.994822  -0.00725165   0.00459478 
        31.5      6.35052     0.994832  -0.00721782   0.00458464 
        31.5      6.46018     0.994839  -0.00718349   0.00457419 
        31.5      6.57068     0.994845  -0.00714898    0.0045636 
        31.5      6.68202      0.99485   -0.0071147   0.00455311 
        31.5       6.7942     0.994853  -0.00708118   0.00454311 
        31.5      6.90722     0.994854  -0.00704901   0.00453407 
        31.5      7.02108     0.994859  -0.00701485   0.00452398 
        31.5      7.13578     0.994866  -0.00698032   0.00451366 
        31.5      7.25132     0.994873  -0.00694586   0.00450342 
        31.5       7.3677      0.99488  -0.00691138   0.00449324 
        31.5      7.48493     0.994887  -0.00687682   0.00448309 
        31.5      7.60299     0.994894  -0.00684217   0.00447298 
        31.5      7.72189     0.994901  -0.00680746   0.00446292 
        31.5      7.84163     0.994909  -0.00677276   0.00445292 
        31.5      7.96222     0.994915  -0.00673831   0.00444278 
        31.5      8.08364     0.994923   -0.0067038   0.00443262 
        31.5       8.2059     0.994933  -0.00666924   0.00442243 
        31.5      8.32901     0.994944   -0.0066346   0.00441221 
        31.5      8.45295     0.994957  -0.00659989   0.00440198 
        31.5      8.57774      0.99497  -0.00656511   0.00439172 
        31.5      8.70336     0.994986  -0.00653024   0.00438145 
        31.5      8.82982     0.995002   -0.0064953   0.00437117 
        31.5      8.95713     0.995018  -0.00646029   0.00436088 
        31.5      9.08528     0.995036  -0.00642521   0.00435058 
        31.5      9.21426     0.995054  -0.00639007   0.00434028 
        31.5      9.34409     0.995072  -0.00635489   0.00432998 
        31.5      9.47475      0.99509  -0.00631966   0.00431968 
        31.5      9.60626     0.995108  -0.00628442   0.00430939 
        31.5      9.73861     0.995125  -0.00624915   0.00429911 
        31.5       9.8718     0.995142  -0.00621388   0.00428885 
        31.5      10.0058     0.995158  -0.00617862    0.0042786 
        31.5      10.1407     0.995173  -0.00614336   0.00426832 
        31.5      10.2764     0.995185  -0.00610805   0.00425791 
        31.5      10.4129     0.995197   -0.0060727   0.00424747 
        31.5      10.5503     0.995207  -0.00603731   0.00423702 
        31.5      10.6886     0.995217  -0.00600192   0.00422655 
        31.5      10.8276     0.995226  -0.00596653   0.00421606 
        31.5      10.9675     0.995234  -0.00593117   0.00420556 
        31.5      11.1083     0.995241  -0.00589585   0.00419504 
        31.5      11.2499     0.995249  -0.00586058   0.00418452 
        31.5      11.3923     0.995256  -0.00582537   0.00417399 
        31.5      11.5356     0.995263  -0.00579022   0.00416345 
        31.5      11.6797     0.995271  -0.00575512   0.00415292 
        31.5      11.8246     0.995278  -0.00572008   0.00414239 
        31.5      11.9704     0.995289  -0.00568474   0.00413191 
        31.5      12.1171       0.9953  -0.00564931   0.00412143 
        31.5      12.2645     0.995311  -0.00561395   0.00411093 
        31.5      12.4129     0.995323  -0.00557865    0.0041004 
        31.5       12.562     0.995335   -0.0055434   0.00408985 
        31.5       12.712     0.995347   -0.0055082   0.00407927 
        31.5      12.8628     0.995359  -0.00547304   0.00406868 
        31.5      13.0145     0.995371  -0.00543792   0.00405808 
        31.5       13.167     0.995384  -0.00540285   0.00404746 
        31.5      13.3204     0.995396  -0.00536781   0.00403683 
        31.5      13.4746     0.995409  -0.00533283    0.0040262 
        31.5      13.6296     0.995422  -0.00529788   0.00401556 
        31.5      13.7855     0.995436  -0.00526299   0.00400492 
        31.5      13.9422     0.995449  -0.00522815   0.00399428 
        31.5      14.0998     0.995462  -0.00519335   0.00398364 
        31.5      14.2582     0.995476  -0.00515861   0.00397302 
        31.5      14.4174     0.995489  -0.00512393    0.0039624 
        31.5      14.5775     0.995502  -0.00508929   0.00395179 
        31.5      14.7384     0.995515  -0.00505469    0.0039412 
        31.5      14.9001     0.995528  -0.00502014   0.00393063 
        31.5      15.0627     0.995541  -0.00498562   0.00392008 
        31.5      15.2262     0.995554  -0.00495111   0.00390955 
        31.5      15.3905     0.995567  -0.00491656   0.00389883 
        31.5      15.5556     0.995579  -0.00488211   0.00388805 
        31.5      15.7215     0.995592  -0.00484778    0.0038773 
        31.5      15.8883     0.995604  -0.00481356   0.00386658 
        31.5       16.056     0.995616  -0.00477945   0.00385588 
        31.5      16.2245     0.995628  -0.00474544    0.0038452 
        31.5      16.3938      0.99564  -0.00471153   0.00383454 
        31.5      16.5639     0.995652   -0.0046777   0.00382389 
        31.5      16.7349     0.995664  -0.00464394   0.00381326 
        31.5      16.9068     0.995676  -0.00461024   0.00380263 
        31.5      17.0795     0.995688  -0.00457649   0.00379193 
        31.5       17.253       0.9957  -0.00454283   0.00378121 
        31.5      17.4273     0.995712  -0.00450926   0.00377049 
        31.5      17.6025     0.995725  -0.00447579   0.00375977 
        31.5      17.7786     0.995737  -0.00444241   0.00374904 
        31.5      17.9555     0.995749  -0.00440913   0.00373831 
        31.5      18.1332     0.995761  -0.00437595   0.00372757 
        31.5      18.3118     0.995774  -0.00434286   0.00371683 
        31.5      18.4912     0.995786  -0.00430987   0.00370609 
        31.5      18.6714     0.995798  -0.00427697   0.00369535 
        31.5      18.8525     0.995811  -0.00424418   0.00368461 
        31.5      19.0344     0.995823  -0.00421148   0.00367386 
        31.5      19.2172     0.995836  -0.00417888   0.00366311 
        31.5      19.4008     0.995848  -0.00414639   0.00365236 
        31.5      19.5852     0.995861  -0.00411399   0.00364161 
        31.5      19.7705     0.995873   -0.0040817   0.00363086 
        31.5      19.9566     0.995886  -0.00404951   0.00362011 
        31.5      20.1436     0.995899  -0.00401742   0.00360936 
        31.5      20.3314     0.995911  -0.00398544    0.0035986 
        31.5      20.5201     0.995924  -0.00395357   0.00358785 
        31.5      20.7095     0.995937   -0.0039218    0.0035771 
        31.5      20.8999     0.995949  -0.00389015   0.00356634 
        31.5       21.091     0.995962   -0.0038586   0.00355559 
        31.5      21.2831     0.995975  -0.00382717   0.00354484 
        31.5      21.4759     0.995988  -0.00379584   0.00353408 
        31.5      21.6696        0.996  -0.00376464   0.00352333 
        31.5      21.8641     0.996013  -0.00373355   0.00351258 
        31.5      22.0595     0.996026  -0.00370257   0.00350182 
        31.5      22.2557     0.996038  -0.00367172   0.00349107 
        31.5      22.4527     0.996051  -0.00364098   0.00348032 
        31.5      22.6506     0.996064  -0.00361037   0.00346957 
        31.5      22.8494     0.996076  -0.00357989   0.00345882 
        31.5      23.0489     0.996089  -0.00354953   0.00344806 
        31.5      23.2493     0.996101  -0.00351929   0.00343731 
        31.5      23.4506     0.996114  -0.00348919   0.00342656 
        31.5      23.6527     0.996127  -0.00345922   0.00341581 
        31.5      23.8556     0.996139  -0.00342938   0.00340505 
        31.5      24.0594     0.996152  -0.00339967    0.0033943 
        31.5       24.264     0.996164  -0.00337007   0.00338353 
        31.5      24.4695     0.996177  -0.00334056   0.00337272 
        31.5      24.6758      0.99619  -0.00331117    0.0033619 
        31.5      24.8829     0.996203   -0.0032819   0.00335109 
        31.5      25.0909     0.996216   -0.0032528   0.00334033 
        31.5      25.2997     0.996228  -0.00322384   0.00332957 
        31.5      25.5093     0.996241    -0.003195   0.00331881 
        31.5      25.7198     0.996254   -0.0031663   0.00330805 
        31.5      25.9312     0.996267  -0.00313774   0.00329729 
        31.5      26.1433      0.99628  -0.00310931   0.00328653 
        31.5      26.3564     0.996293  -0.00308102   0.00327576 
        31.5      26.5702     0.996306  -0.00305286     0.003265 
        31.5      26.7849     0.996319  -0.00302484   0.00325425 
        31.5      27.0004     0.996332  -0.00299695   0.00324349 
        31.5      27.2168     0.996345  -0.00296921   0.00323274 
        31.5       27.434     0.996358   -0.0029416   0.00322199 
        31.5      27.6521     0.996371  -0.00291414   0.00321125 
        31.5       27.871     0.996384  -0.00288681   0.00320051 
        31.5      28.0907     0.996397  -0.00285963   0.00318977 
        31.5      28.3113     0.996409  -0.00283258   0.00317904 
        31.5      28.5327     0.996422  -0.00280568   0.00316832 
        31.5       28.755     0.996435  -0.00277892   0.00315761 
        31.5      28.9781     0.996448  -0.00275231   0.00314691 
        31.5       29.202     0.996461  -0.00272583   0.00313621 
        31.5      29.4268     0.996474   -0.0026995   0.00312552 
        31.5      29.6524     0.996487   -0.0026733   0.00311483 
        31.5      29.8789       0.9965  -0.00264726   0.00310415 
        31.5      30.1062     0.996513  -0.00262135   0.00309348 
        31.5      30.3343     0.996526  -0.00259559   0.00308281 
        31.5      30.5633     0.996539  -0.00256997   0.00307215 
        31.5      30.7931     0.996552  -0.00254449   0.00306149 
        31.5      31.0238     0.996565  -0.00251916   0.00305084 
        31.5      31.2553     0.996578  -0.00249397    0.0030402 
        31.5      31.4876     0.996591  -0.00246893   0.00302957 
        31.5      31.7208     0.996605  -0.00244403   0.00301894 
        31.5      31.9548     0.996618  -0.00241927   0.00300832 
        31.5      32.1897     0.996631  -0.00239466   0.00299771 
        31.5      32.4254     0.996644   -0.0023702   0.00298711 
        31.5       32.662     0.996657  -0.00234588   0.00297651 
        31.5      32.8993      0.99667   -0.0023217   0.00296592 
        31.5      33.1376     0.996683  -0.00229768   0.00295534 
        31.5      33.3766     0.996696  -0.00227379   0.00294477 
        31.5      33.6165     0.996709  -0.00225006    0.0029342 
        31.5      33.8573     0.996722  -0.00222646   0.00292365 
        31.5      34.0989     0.996735  -0.00220302    0.0029131 
        31.5      34.3413     0.996749  -0.00217972   0.00290256 
        31.5      34.5846     0.996762  -0.00215657   0.00289203 
        31.5      34.8287     0.996775  -0.00213357   0.00288151 
        31.5      35.0736     0.996788  -0.00211072   0.00287099 
        31.5      35.3194     0.996801  -0.00208801   0.00286049 
        31.5       35.566     0.996814  -0.00206545      0.00285 
        31.5      35.8135     0.996827  -0.00204302   0.00283959 
        31.5      36.0618      0.99684  -0.00202073   0.00282921 
        31.5       36.311     0.996853  -0.00199859   0.00281885 
        31.5      36.5609     0.996866  -0.00197658   0.00280848 
        31.5      36.8118     0.996879  -0.00195472   0.00279806 
        31.5      37.0634     0.996892    -0.001933   0.00278765 
        31.5       37.316     0.996905  -0.00191143   0.00277726 
        31.5      37.5693     0.996918  -0.00189001   0.00276689 
        31.5      37.8235      0.99693  -0.00186873   0.00275653 
        31.5      38.0785     0.996943  -0.00184759   0.00274619 
        31.5      38.3344     0.996956   -0.0018266   0.00273586 
        31.5      38.5911     0.996969  -0.00180577   0.00272557 
        31.5      38.8487     0.996982   -0.0017851   0.00271531 
        31.5       39.107     0.996995  -0.00176457   0.00270506 
        31.5      39.3663     0.997008  -0.00174418   0.00269484 
        31.5      39.6264     0.997021  -0.00172393   0.00268463 
        31.5      39.8873     0.997035  -0.00170382   0.00267444 
        31.5       40.149     0.997048  -0.00168386   0.00266427 
        31.5      40.4116     0.997061  -0.00166403   0.00265412 
        31.5       40.675     0.997074  -0.00164435   0.00264399 
        31.5      40.9393     0.997087   -0.0016248   0.00263388 
        31.5      41.2044       0.9971  -0.00160539   0.00262379 
        31.5      41.4704     0.997113  -0.00158612   0.00261372 
        31.5      41.7372     0.997126  -0.00156699   0.00260368 
        31.5      42.0048     0.997139    -0.001548   0.00259365 
        31.5      42.2733     0.997152  -0.00152914   0.00258364 
        31.5      42.5426     0.997165  -0.00151042   0.00257366 
        31.5      42.8128     0.997178  -0.00149184   0.00256369 
        31.5      43.0838     0.997191   -0.0014734   0.00255375 
        31.5      43.3556     0.997204  -0.00145509   0.00254383 
        31.5      43.6283     0.997216  -0.00143691   0.00253394 
        31.5      43.9018     0.997229  -0.00141887   0.00252407 
        31.5      44.1761     0.997242  -0.00140097   0.00251422 
        31.5      44.4513     0.997255   -0.0013832   0.00250439 
        31.5      44.7274     0.997268  -0.00136556   0.00249459 
        31.5      45.0043      0.99728  -0.00134806   0.00248481 
        31.5       45.282     0.997293  -0.00133069   0.00247506 
        31.5      45.5605     0.997306  -0.00131346   0.00246533 
        31.5      45.8399     0.997319  -0.00129635   0.00245563 
        31.5      46.1202     0.997331  -0.00127938   0.00244595 
        31.5      46.4013     0.997344  -0.00126254    0.0024363 
        31.5      46.6832     0.997356  -0.00124583   0.00242667 
        31.5      46.9659     0.997369  -0.00122925   0.00241707 
        31.5      47.2495     0.997382  -0.00121281   0.00240749 
        31.5       47.534     0.997394  -0.00119649   0.00239794 
        31.5      47.8193     0.997406  -0.00118029   0.00238842 
        31.5      48.1054     0.997419  -0.00116423   0.00237893 
        31.5      48.3923     0.997431  -0.00114829   0.00236946 
        31.5      48.6801     0.997444  -0.00113249   0.00236002 
        31.5      48.9688     0.997456   -0.0011168   0.00235061 
        31.5      49.2583     0.997468  -0.00110124   0.00234123 
        31.5      49.5486      0.99748  -0.00108581   0.00233187 
        31.5      49.8398     0.997493   -0.0010705   0.00232255 
        31.5      50.1318     0.997505  -0.00105531   0.00231325 
        31.5      50.4246     0.997517  -0.00104024   0.00230398 
        31.5      50.7183     0.997529  -0.00102529   0.00229475 
        31.5      51.0128     0.997542  -0.00101045   0.00228564 
        31.5      51.3082     0.997554 -0.000995748   0.00227656 
        31.5      51.6044     0.997567 -0.000981174    0.0022675 
        31.5      51.9014     0.997579 -0.000966728   0.00225846 
        31.5      52.1993     0.997592 -0.000952406   0.00224944 
        31.5       52.498     0.997604 -0.000938207   0.00224045 
        31.5      52.7976     0.997617 -0.000924126   0.00223147 
        31.5       53.098     0.997629 -0.000910162   0.00222252 
        31.5      53.3993     0.997641 -0.000896312   0.00221359 
        31.5      53.7014     0.997654 -0.000882574   0.00220469 
        31.5      54.0043     0.997666 -0.000868947   0.00219581 
        31.5       54.308     0.997678 -0.000855429   0.00218695 
        31.5      54.6127      0.99769 -0.000842018   0.00217813 
        31.5      54.9181     0.997702 -0.000828714   0.00216933 
        31.5      55.2244     0.997714 -0.000815516   0.00216056 
        31.5      55.5315     0.997726 -0.000802423   0.00215182 
        31.5      55.8395     0.997738 -0.000789433   0.00214311 
        31.5      56.1483      0.99775 -0.000776548   0.00213443 
        31.5       56.458     0.997762 -0.000763767   0.00212578 
        31.5      56.7684     0.997774 -0.000751089   0.00211716 
        31.5      57.0798     0.997786 -0.000738515   0.00210858 
        31.5      57.3919     0.997798 -0.000726046   0.00210003 
        31.5       57.705     0.997809  -0.00071368   0.00209151 
        31.5      58.0188     0.997821  -0.00070142   0.00208303 
        31.5      58.3335     0.997833 -0.000689265   0.00207459 
        31.5       58.649     0.997844 -0.000677216   0.00206618 
        31.5      58.9654     0.997856 -0.000665274    0.0020578 
        31.5      59.2826     0.997868 -0.000653439   0.00204947 
        31.5      59.6007     0.997879 -0.000641713   0.00204117 
        31.5      59.9196     0.997891 -0.000630096   0.00203291 
        31.5      60.2393     0.997902 -0.000618589    0.0020247 
        31.5      60.5599     0.997913 -0.000607192   0.00201652 
        31.5      60.8813     0.997925 -0.000595907   0.00200838 
        31.5      61.2035     0.997936 -0.000584735   0.00200028 
        31.5      61.5266     0.997947 -0.000573675   0.00199222 
        31.5      61.8506     0.997959 -0.000562728   0.00198421 
        31.5      62.1753      0.99797 -0.000551896   0.00197624 
        31.5       62.501     0.997981 -0.000541177   0.00196831 
        31.5      62.8274     0.997992 -0.000530572   0.00196042 
        31.5      63.1547     0.998003 -0.000520082   0.00195258 
        31.5      63.4828     0.998014 -0.000509705   0.00194478 
        31.5      63.8118     0.998024 -0.000499442   0.00193702 
        31.5      64.1416     0.998035 -0.000489291   0.00192931 
        31.5      64.4723     0.998046 -0.000479251   0.00192165 
        31.5      64.8038     0.998057 -0.000469322   0.00191402 
        31.5      65.1361     0.998067   -0.0004595   0.00190645 
        31.5      65.4693     0.998078 -0.000449785   0.00189892 
        31.5      65.8033     0.998089 -0.000440173   0.00189144 
        31.5      66.1382     0.998099 -0.000430662     0.001884 
        31.5      66.4739      0.99811 -0.000421248   0.00187661 
        31.5      66.8104      0.99812 -0.000411926   0.00186926 
        31.5      67.1478     0.998131 -0.000402694   0.00186196 
        31.5       67.486     0.998142 -0.000393314   0.00185461 
        31.5      67.8251     0.998153 -0.000383857   0.00184724 
        31.5       68.165     0.998163 -0.000374469   0.00183992 
        31.5      68.5057     0.998174 -0.000365168   0.00183264 
        31.5      68.8473     0.998184 -0.000355974   0.00182542 
        31.5      69.1897     0.998195  -0.00034691   0.00181825 
        31.5       69.533     0.998205 -0.000338002   0.00181113 
        31.5      69.8771     0.998216 -0.000329276   0.00180407 
        31.5       70.222     0.998226 -0.000320765   0.00179707 
        31.5      70.5678     0.998236 -0.000312503   0.00179014 
        31.5      70.9145     0.998246 -0.000304526   0.00178327 
        31.5      71.2619     0.998257 -0.000296877   0.00177647 
        31.5      71.6102     0.998267   -0.0002896   0.00176975 
        31.5      71.9594     0.998277  -0.00028135   0.00176328 
        31.5      72.3093     0.998286 -0.000271782   0.00175708 
        31.5      72.6602     0.998295 -0.000262328   0.00175099 
        31.5      73.0118     0.998304 -0.000252982     0.001745 
        31.5      73.3643     0.998313 -0.000243737    0.0017391 
        31.5      73.7177     0.998323 -0.000234588    0.0017333 
        31.5      74.0719     0.998332  -0.00022553    0.0017276 
        31.5      74.4269     0.998341 -0.000216559   0.00172199 
        31.5      74.7828      0.99835 -0.000207672   0.00171647 
        31.5      75.1395     0.998359 -0.000198864   0.00171103 
        31.5       75.497     0.998369 -0.000191021   0.00170453 
        31.5      75.8554     0.998379 -0.000183995   0.00169718 
        31.5      76.2146     0.998389 -0.000177033   0.00168996 
        31.5      76.5747     0.998399 -0.000170129   0.00168286 
        31.5      76.9356      0.99841 -0.000163282   0.00167589 
        31.5      77.2974      0.99842 -0.000156488   0.00166904 
        31.5      77.6599      0.99843 -0.000149744   0.00166231 
        31.5      78.0234     0.998441 -0.000143048   0.00165569 
        31.5      78.3876     0.998451 -0.000136398   0.00164918 
        31.5      78.7528     0.998461 -0.000129791   0.00164277 
        31.5      79.1187     0.998471 -0.000123226   0.00163646 
        31.5      79.4855     0.998481   -0.0001167   0.00163025 
        31.5      79.8531     0.998491 -0.000110213   0.00162414 
        31.5      80.2216     0.998501 -0.000103763   0.00161811 
        31.5      80.5909      0.99851 -9.73491e-05   0.00161218 
        31.5      80.9611      0.99852 -9.09701e-05   0.00160632 
        31.5      81.3321     0.998529 -8.46255e-05   0.00160055 
        31.5      81.7039     0.998538 -7.83147e-05   0.00159485 
        31.5      82.0766     0.998547 -7.20372e-05   0.00158923 
        31.5      82.4501     0.998556  -6.5793e-05   0.00158368 
        31.5      82.8244     0.998565 -5.95818e-05   0.00157819 
        31.5      83.1996     0.998573 -5.34039e-05   0.00157277 
        31.5      83.5757     0.998581 -4.72594e-05   0.00156741 
        31.5      83.9525      0.99859 -4.11488e-05   0.00156211 
        31.5      84.3302     0.998597 -3.50725e-05   0.00155687 
        31.5      84.7088     0.998605 -2.90311e-05   0.00155168 
        31.5      85.0882     0.998613 -2.30254e-05   0.00154655 
        31.5      85.4684      0.99862 -1.70563e-05   0.00154146 
        31.5      85.8495     0.998627 -1.11247e-05   0.00153641 
        31.5      86.2314     0.998634 -5.23162e-06   0.00153141 
        31.5      86.6142     0.998641  6.21869e-07   0.00152646 
        31.5      86.9978     0.998648  6.43458e-06   0.00152154 
        31.5      87.3822     0.998655  1.22053e-05   0.00151666 
        31.5      87.7675     0.998661  1.79327e-05   0.00151182 
        31.5      88.1536     0.998668  2.36155e-05   0.00150701 
        31.5      88.5406     0.998674  2.92524e-05   0.00150223 
        31.5      88.9284      0.99868  3.48421e-05   0.00149748 
        31.5       89.317     0.998686  4.03832e-05   0.00149277 
        31.5      89.7065     0.998692  4.58743e-05   0.00148808 
        31.5      90.0968     0.998698  5.13143e-05   0.00148342 
        31.5      90.4879     0.998704  5.67019e-05   0.00147878 
        31.5      90.8799      0.99871  6.20358e-05   0.00147418 
        31.5      91.2728     0.998716   6.7315e-05   0.00146959 
        31.5      91.6665     0.998722  7.25384e-05   0.00146503 
        31.5       92.061     0.998728  7.77051e-05    0.0014605 
        31.5      92.4563     0.998734  8.28143e-05   0.00145598 
        31.5      92.8525     0.998741  8.78653e-05   0.00145149 
        31.5      93.2496     0.998747  9.28575e-05   0.00144702 
        31.5      93.6475     0.998753  9.77906e-05   0.00144258 
        31.5      94.0462     0.998759  0.000102664   0.00143816 
        31.5      94.4458     0.998766  0.000107479   0.00143376 
        31.5      94.8462     0.998772  0.000112235   0.00142939 
        31.5      95.2474     0.998779  0.000116932   0.00142504 
        31.5      95.6495     0.998786  0.000121571   0.00142072 
        31.5      96.0524     0.998793  0.000126153   0.00141643 
        31.5      96.4562       0.9988  0.000130681   0.00141217 
        31.5      96.8608     0.998808  0.000135154   0.00140793 
        31.5      97.2662     0.998815  0.000139576   0.00140373 
        31.5      97.6725     0.998823  0.000143948   0.00139956 
        31.5      98.0796     0.998831  0.000148273   0.00139543 
        31.5      98.4876     0.998839  0.000152555   0.00139133 
        31.5      98.8964     0.998848  0.000156798   0.00138728 
        31.5       99.306     0.998856  0.000161004   0.00138326 
        31.5      99.7165     0.998865   0.00016518    0.0013793 
        31.5      100.128     0.998874  0.000169329   0.00137538 
        31.5       100.54     0.998883  0.000173457   0.00137152 
        31.5      100.953     0.998893  0.000177571   0.00136771 
        31.5      101.367     0.998902  0.000181678   0.00136396 
        31.5      101.782     0.998912  0.000185785   0.00136027 
        31.5      102.197     0.998922  0.000189899   0.00135665 
        31.5      102.613     0.998932   0.00019403   0.00135311 
        31.5      103.031     0.998943  0.000198187   0.00134964 
        31.5      103.449     0.998953   0.00020238   0.00134625 
        31.5      103.868     0.998964   0.00020662   0.00134295 
        31.5      104.287     0.998974  0.000210919   0.00133974 
        31.5      104.708     0.998985  0.000215289   0.00133663 
        31.5      105.129     0.998996  0.000219745   0.00133362 
        31.5      105.552     0.999006    0.0002243   0.00133072 
        31.5      105.975     0.999017  0.000228969   0.00132794 
        31.5      106.399     0.999027  0.000233769   0.00132528 
        31.5      106.823     0.999037  0.000238717   0.00132275 
        31.5      107.249     0.999047  0.000243847   0.00132036 
        31.5      107.675     0.999058  0.000247514    0.0013173 
        31.5      108.103      0.99907  0.000249964   0.00131366 
        31.5      108.531      0.99908  0.000252475   0.00131005 
        31.5       108.96     0.999089  0.000255044   0.00130649 
        31.5       109.39     0.999097  0.000257666   0.00130297 
        31.5       109.82     0.999103   0.00026034   0.00129949 
        31.5      110.252     0.999109   0.00026306   0.00129605 
        31.5      110.684     0.999114  0.000265825   0.00129266 
        31.5      111.117     0.999118  0.000268632   0.00128931 
        31.5      111.551     0.999122  0.000271478   0.00128602 
        31.5      111.986     0.999124  0.000274361   0.00128276 
        31.5      112.422     0.999126  0.000277278   0.00127956 
        31.5      112.858     0.999128  0.000280227   0.00127641 
        31.5      113.296     0.999128  0.000283207    0.0012733 
        31.5      113.734     0.999129  0.000286215   0.00127025 
        31.5      114.173     0.999129  0.000289249   0.00126725 
        31.5      114.613     0.999128  0.000292308   0.00126431 
        31.5      115.054     0.999127  0.000295391   0.00126141 
        31.5      115.495     0.999126  0.000298496   0.00125857 
        31.5      115.938     0.999125  0.000301622   0.00125579 
        31.5      116.381     0.999123  0.000304768   0.00125306 
        31.5      116.825     0.999121  0.000307933   0.00125039 
        31.5       117.27     0.999119  0.000311115   0.00124777 
        31.5      117.716     0.999117  0.000314315   0.00124522 
        31.5      118.162     0.999114  0.000317531   0.00124272 
        31.5       118.61     0.999112  0.000320762   0.00124027 
        31.5      119.058      0.99911  0.000324009   0.00123789 
        31.5      119.507     0.999107   0.00032727   0.00123557 
        31.5      119.957     0.999105  0.000330545   0.00123331 
        31.5      120.408     0.999102  0.000333835    0.0012311 
        31.5       120.86       0.9991  0.000337137   0.00122896 
        31.5      121.312     0.999098  0.000340452   0.00122688 
        31.5      121.766     0.999096   0.00034378   0.00122486 
        31.5       122.22     0.999093   0.00034712   0.00122289 
        31.5      122.675     0.999091  0.000350473   0.00122099 
        31.5      123.131      0.99909  0.000353837   0.00121916 
        31.5      123.587     0.999088  0.000357213   0.00121738 
        31.5      124.045     0.999086    0.0003606   0.00121566 
        31.5      124.503     0.999085  0.000363997   0.00121401 
        31.5      124.962     0.999084  0.000367405   0.00121241 
        31.5      125.423     0.999083  0.000370823   0.00121088 
        31.5      125.883     0.999082  0.000374251    0.0012094 
        31.5      126.345     0.999082  0.000377687   0.00120799 
        31.5      126.808     0.999082  0.000381131   0.00120664 
        31.5      127.271     0.999082  0.000384583   0.00120534 
        31.5      127.735     0.999082  0.000388042   0.00120411 
        31.5      128.201     0.999083  0.000391506   0.00120293 
        31.5      128.666     0.999084  0.000394974   0.00120181 
        31.5      129.133     0.999085  0.000398446   0.00120075 
        31.5      129.601     0.999087  0.000401919   0.00119975 
        31.5      130.069     0.999089  0.000405393    0.0011988 
        31.5      130.539     0.999091  0.000408865   0.00119791 
        31.5      131.009     0.999094  0.000412333   0.00119707 
        31.5       131.48     0.999097  0.000415795   0.00119629 
        31.5      131.952       0.9991  0.000419249   0.00119556 
        31.5      132.424     0.999104  0.000422692   0.00119488 
        31.5      132.898     0.999109  0.000426121   0.00119425 
        31.5      133.372     0.999114  0.000429533   0.00119367 
        31.5      133.847     0.999119  0.000432924   0.00119314 
        31.5      134.323     0.999125  0.000436291   0.00119266 
        31.5        134.8     0.999132  0.000439629   0.00119222 
        31.5      135.278     0.999139  0.000442934   0.00119183 
        31.5      135.757     0.999147  0.000446201   0.00119148 
        31.5      136.236     0.999156  0.000449425   0.00119117 
        31.5      136.716     0.999166    0.0004526    0.0011909 
        31.5      137.197     0.999176   0.00045572   0.00119066 
        31.5      137.679     0.999187  0.000458779   0.00119047 
        31.5      138.162     0.999199  0.000461769   0.00119031 
        31.5      138.645     0.999213  0.000464684   0.00119018 
        31.5       139.13     0.999227  0.000467516   0.00119008 
        31.5      139.615     0.999242  0.000470255   0.00119001 
        31.5      140.101     0.999259  0.000472894   0.00118997 
        31.5      140.588     0.999277  0.000475423   0.00118995 
        31.5      141.076     0.999296  0.000477831   0.00118995 
        31.5      141.565     0.999316  0.000480108   0.00118998 
        31.5      142.054     0.999339  0.000482243   0.00119002 
        31.5      142.544     0.999363  0.000484223   0.00119007 
        31.5      143.036     0.999388  0.000486037   0.00119014 
        31.5      143.528     0.999416  0.000487671   0.00119021 
        31.5       144.02     0.999445  0.000489111   0.00119029 
        31.5      144.514     0.999477  0.000490342   0.00119038 
        31.5      145.009     0.999511  0.000491348   0.00119046 
        31.5      145.504     0.999548  0.000492114   0.00119055 
        31.5          146     0.999587  0.000492622   0.00119062 
        31.5      146.497     0.999628  0.000492855   0.00119069 
        31.5      146.995     0.999673  0.000492793   0.00119075 
        31.5      147.494     0.999721  0.000492417   0.00119079 
        31.5      147.993     0.999772  0.000491707   0.00119081 
        31.5      148.494     0.999825  0.000490714   0.00119048 
        31.5      148.995      0.99988   0.00048949   0.00118969 
        31.5      149.497     0.999939  0.000487931   0.00118889 
        31.5          150            1  0.000486021   0.00118808 
