Variables = x, y, u, v, p

Zone, I=600, F=POINT
       109.5            0           -0           -0  -0.00568731 
       109.5     0.000418  0.000225371  -3.4038e-08  -0.00568738 
       109.5     0.001672  0.000902318 -1.25451e-07  -0.00568757 
       109.5     0.003763   0.00203387  -2.4272e-07  -0.00568788 
       109.5     0.006689   0.00362308 -3.34824e-07  -0.00568831 
       109.5     0.010451   0.00567618 -3.33899e-07  -0.00568886 
       109.5      0.01505   0.00820099 -1.57627e-07  -0.00568952 
       109.5     0.020485    0.0112056  2.87968e-07  -0.00569026 
       109.5     0.026756    0.0147002  1.10649e-06  -0.00569107 
       109.5     0.033863    0.0186959  2.41029e-06   -0.0056919 
       109.5     0.041806    0.0232053   4.3213e-06  -0.00569272 
       109.5     0.050585    0.0282417  6.97392e-06  -0.00569346 
       109.5     0.060201    0.0338199  1.05207e-05  -0.00569406 
       109.5     0.070652    0.0399536  1.51382e-05  -0.00569446 
       109.5      0.08194    0.0466592  2.10395e-05  -0.00569458 
       109.5     0.094063     0.053951  2.84805e-05  -0.00569437 
       109.5     0.107023    0.0618457  3.77743e-05  -0.00569377 
       109.5     0.120819    0.0703578  4.92938e-05   -0.0056928 
       109.5     0.135451    0.0795021   6.3475e-05  -0.00569152 
       109.5     0.150919    0.0892925  8.08073e-05  -0.00569006 
       109.5     0.167224    0.0997422   0.00010181  -0.00568868 
       109.5     0.184364     0.110861  0.000126977  -0.00568782 
       109.5     0.202341     0.122661  0.000156713   -0.0056881 
       109.5     0.221153     0.135147  0.000191199  -0.00569043 
       109.5     0.240802     0.148325   0.00023023  -0.00569602 
       109.5     0.261287     0.162436  0.000276784  -0.00569715 
       109.5     0.282608     0.177172   0.00033263  -0.00569279 
       109.5     0.304765     0.192233  0.000395127  -0.00568963 
       109.5     0.327758     0.207591  0.000463779  -0.00568757 
       109.5     0.351588      0.22322  0.000538045  -0.00568644 
       109.5     0.376253     0.239088  0.000617342  -0.00568608 
       109.5     0.401755     0.255168  0.000701083  -0.00568627 
       109.5     0.428092     0.271427  0.000788663   -0.0056868 
       109.5     0.455266     0.287837  0.000879492  -0.00568744 
       109.5     0.483276     0.304366  0.000972964  -0.00568799 
       109.5     0.512122     0.320982   0.00106846  -0.00568823 
       109.5     0.541805     0.337654    0.0011653  -0.00568799 
       109.5     0.572323     0.354349    0.0012627  -0.00568715 
       109.5     0.603677     0.371035    0.0013597  -0.00568563 
       109.5     0.635868     0.387681   0.00145507  -0.00568347 
       109.5     0.668894     0.404251   0.00154711   -0.0056808 
       109.5     0.702757     0.420714   0.00163354   -0.0056779 
       109.5     0.737456     0.437036   0.00171122   -0.0056752 
       109.5     0.772991     0.454453   0.00179488  -0.00567403 
       109.5     0.809362     0.472711   0.00188667  -0.00567288 
       109.5      0.84657      0.49116   0.00197924  -0.00567105 
       109.5     0.884613     0.509775    0.0020729  -0.00566859 
       109.5     0.923492     0.528532   0.00216791  -0.00566555 
       109.5     0.963208     0.547406   0.00226445  -0.00566198 
       109.5      1.00376     0.566367   0.00236263  -0.00565791 
       109.5      1.04515     0.585387   0.00246244  -0.00565341 
       109.5      1.08737     0.604434   0.00256382   -0.0056485 
       109.5      1.13043     0.623477   0.00266657  -0.00564321 
       109.5      1.17433     0.642481   0.00277044  -0.00563759 
       109.5      1.21906      0.66141   0.00287505  -0.00563163 
       109.5      1.26463     0.680228   0.00297999  -0.00562535 
       109.5      1.31103     0.698895   0.00308475  -0.00561872 
       109.5      1.35827     0.717369   0.00318881   -0.0056117 
       109.5      1.40635     0.735608   0.00329163  -0.00560425 
       109.5      1.45526     0.753566   0.00339273  -0.00559628 
       109.5      1.50501     0.771195   0.00349169  -0.00558766 
       109.5       1.5556     0.788445   0.00358826  -0.00557824 
       109.5      1.60702     0.805264    0.0036824  -0.00556783 
       109.5      1.65928     0.821597   0.00377438   -0.0055562 
       109.5      1.71237     0.837385   0.00386489  -0.00554304 
       109.5       1.7663     0.852202   0.00395464  -0.00552935 
       109.5      1.82106     0.865541   0.00404092  -0.00551751 
       109.5      1.87667      0.87825   0.00412331  -0.00550486 
       109.5      1.93311     0.890319   0.00420183  -0.00549141 
       109.5      1.99038     0.901739   0.00427655  -0.00547719 
       109.5      2.04849     0.912506   0.00434752  -0.00546222 
       109.5      2.10744     0.922615   0.00441479   -0.0054465 
       109.5      2.16722     0.932063   0.00447843  -0.00543007 
       109.5      2.22784     0.940852   0.00453851  -0.00541295 
       109.5      2.28929     0.948984   0.00459509  -0.00539516 
       109.5      2.35158     0.956464   0.00464824  -0.00537673 
       109.5      2.41471     0.963301   0.00469804  -0.00535769 
       109.5      2.47867     0.969503   0.00474456  -0.00533807 
       109.5      2.54347     0.975084   0.00478788  -0.00531789 
       109.5      2.60911     0.980059   0.00482809  -0.00529718 
       109.5      2.67558     0.984448   0.00486528  -0.00527597 
       109.5      2.74288     0.988271   0.00489954  -0.00525429 
       109.5      2.81103     0.991555   0.00493099  -0.00523217 
       109.5      2.88001     0.994326   0.00495975  -0.00520963 
       109.5      2.94983     0.996617   0.00498593  -0.00518671 
       109.5      3.02048     0.998462   0.00500971  -0.00516342 
       109.5      3.09197       0.9999   0.00503124  -0.00513979 
       109.5      3.16429      1.00097   0.00505072  -0.00511584 
       109.5      3.23745      1.00173   0.00506837  -0.00509159 
       109.5      3.31145      1.00222   0.00508447  -0.00506705 
       109.5      3.38628       1.0025    0.0050993  -0.00504223 
       109.5      3.46195      1.00262   0.00511321  -0.00501714 
       109.5      3.53845      1.00266   0.00512662  -0.00499178 
       109.5      3.61579      1.00267   0.00513998  -0.00496615 
       109.5      3.69397      1.00274   0.00515385  -0.00494024 
       109.5      3.77298      1.00299    0.0051671  -0.00491406 
       109.5      3.85283      1.00335   0.00517829  -0.00488769 
       109.5      3.93352      1.00365   0.00519129  -0.00486104 
       109.5      4.01504      1.00387   0.00520525  -0.00483402 
       109.5       4.0974      1.00403   0.00521948  -0.00480658 
       109.5      4.18059      1.00414   0.00523342  -0.00477867 
       109.5      4.26462      1.00419   0.00524665  -0.00475024 
       109.5      4.34949      1.00419    0.0052589  -0.00472125 
       109.5      4.43519      1.00416   0.00527005  -0.00469168 
       109.5      4.52173       1.0041   0.00528014  -0.00466151 
       109.5       4.6091      1.00402   0.00528932  -0.00463075 
       109.5      4.69731      1.00393   0.00529782  -0.00460026 
       109.5      4.78636      1.00385   0.00530599  -0.00457126 
       109.5      4.87624      1.00377   0.00531465  -0.00454149 
       109.5      4.96696      1.00372   0.00532442  -0.00451102 
       109.5      5.05851      1.00369   0.00533579  -0.00447996 
       109.5       5.1509       1.0037   0.00534905   -0.0044485 
       109.5      5.24413      1.00377   0.00536422  -0.00441687 
       109.5       5.3382      1.00389    0.0053809  -0.00438538 
       109.5      5.43309      1.00382   0.00538621  -0.00435489 
       109.5      5.52883      1.00375   0.00539153  -0.00432339 
       109.5       5.6254       1.0037   0.00539762  -0.00429115 
       109.5      5.72281      1.00365   0.00540445  -0.00425854 
       109.5      5.82105       1.0036   0.00541192  -0.00422589 
       109.5      5.92013      1.00356   0.00542018  -0.00419232 
       109.5      6.02005      1.00353   0.00542914  -0.00415809 
       109.5       6.1208       1.0035   0.00543839  -0.00412381 
       109.5      6.22239      1.00348    0.0054477  -0.00408945 
       109.5      6.32482      1.00345   0.00545686  -0.00405503 
       109.5      6.42808      1.00343   0.00546569  -0.00402053 
       109.5      6.53217       1.0034   0.00547405  -0.00398598 
       109.5      6.63711      1.00337   0.00548182  -0.00395136 
       109.5      6.74287      1.00334   0.00548894  -0.00391669 
       109.5      6.84948      1.00331   0.00549538  -0.00388199 
       109.5      6.95692      1.00327   0.00550115  -0.00384726 
       109.5       7.0652      1.00323   0.00550631  -0.00381253 
       109.5      7.17431      1.00319   0.00551116  -0.00377765 
       109.5      7.28426      1.00314   0.00551634  -0.00374199 
       109.5      7.39505       1.0031   0.00552124  -0.00370607 
       109.5      7.50667      1.00306   0.00552589  -0.00366993 
       109.5      7.61913      1.00302   0.00553031  -0.00363361 
       109.5      7.73242      1.00298   0.00553452  -0.00359714 
       109.5      7.84655      1.00294   0.00553853  -0.00356056 
       109.5      7.96152       1.0029   0.00554231  -0.00352388 
       109.5      8.07732      1.00287   0.00554585  -0.00348712 
       109.5      8.19396      1.00283   0.00554912  -0.00345029 
       109.5      8.31143      1.00279   0.00555207  -0.00341339 
       109.5      8.42974      1.00275   0.00555466  -0.00337642 
       109.5      8.54889      1.00272   0.00555683  -0.00333937 
       109.5      8.66887      1.00268   0.00555853  -0.00330223 
       109.5      8.78969      1.00264    0.0055597  -0.00326495 
       109.5      8.91135      1.00261   0.00556029  -0.00322752 
       109.5      9.03384      1.00258   0.00556147     -0.00319 
       109.5      9.15717      1.00255   0.00556242  -0.00315253 
       109.5      9.28133      1.00252   0.00556286  -0.00311499 
       109.5      9.40633      1.00249    0.0055633  -0.00307746 
       109.5      9.53216      1.00246   0.00556337  -0.00303985 
       109.5      9.65884      1.00243   0.00556292  -0.00300215 
       109.5      9.78634       1.0024   0.00556201  -0.00296436 
       109.5      9.91469      1.00236   0.00556068  -0.00292651 
       109.5      10.0439      1.00233   0.00555898  -0.00288861 
       109.5      10.1739      1.00229   0.00555693  -0.00285069 
       109.5      10.3047      1.00226   0.00555455  -0.00281276 
       109.5      10.4364      1.00222   0.00555186  -0.00277485 
       109.5      10.5689      1.00218   0.00554887  -0.00273695 
       109.5      10.7023      1.00214   0.00554558   -0.0026991 
       109.5      10.8365      1.00211   0.00554198  -0.00266129 
       109.5      10.9715      1.00207   0.00553806  -0.00262354 
       109.5      11.1074      1.00203   0.00553384  -0.00258584 
       109.5      11.2441      1.00199    0.0055293  -0.00254817 
       109.5      11.3817      1.00195   0.00552443  -0.00251055 
       109.5        11.52      1.00192   0.00551922  -0.00247298 
       109.5      11.6592      1.00188   0.00551367  -0.00243548 
       109.5      11.7993      1.00184   0.00550777  -0.00239803 
       109.5      11.9402       1.0018   0.00550152  -0.00236065 
       109.5      12.0819      1.00176   0.00549494  -0.00232335 
       109.5      12.2245      1.00172   0.00548804  -0.00228611 
       109.5      12.3679      1.00169   0.00548084  -0.00224895 
       109.5      12.5121      1.00165    0.0054734  -0.00221187 
       109.5      12.6572      1.00161   0.00546586  -0.00217473 
       109.5      12.8031      1.00157   0.00545828  -0.00213758 
       109.5      12.9498      1.00154   0.00544982  -0.00210095 
       109.5      13.0974       1.0015   0.00544104  -0.00206444 
       109.5      13.2458      1.00147   0.00543196  -0.00202804 
       109.5       13.395      1.00144    0.0054226  -0.00199177 
       109.5      13.5451       1.0014   0.00541295  -0.00195562 
       109.5       13.696      1.00137   0.00540301   -0.0019196 
       109.5      13.8478      1.00133    0.0053928  -0.00188372 
       109.5      14.0004       1.0013   0.00538232  -0.00184793 
       109.5      14.1538      1.00126   0.00537158  -0.00181224 
       109.5      14.3081      1.00123   0.00536056  -0.00177671 
       109.5      14.4632       1.0012   0.00534927  -0.00174134 
       109.5      14.6191      1.00116   0.00533771  -0.00170614 
       109.5      14.7759      1.00113   0.00532588   -0.0016711 
       109.5      14.9335       1.0011   0.00531379  -0.00163625 
       109.5      15.0919      1.00107   0.00530144  -0.00160158 
       109.5      15.2512      1.00103   0.00528883   -0.0015671 
       109.5      15.4113        1.001   0.00527597  -0.00153282 
       109.5      15.5723      1.00097   0.00526285  -0.00149873 
       109.5      15.7341      1.00094   0.00524949  -0.00146485 
       109.5      15.8967      1.00091   0.00523589  -0.00143118 
       109.5      16.0602      1.00087   0.00522205  -0.00139771 
       109.5      16.2245      1.00084   0.00520797  -0.00136447 
       109.5      16.3896      1.00081   0.00519366  -0.00133144 
       109.5      16.5556      1.00078   0.00517912  -0.00129864 
       109.5      16.7224      1.00075   0.00516436  -0.00126607 
       109.5        16.89      1.00072   0.00514937  -0.00123372 
       109.5      17.0585      1.00069   0.00513417  -0.00120161 
       109.5      17.2278      1.00066   0.00511876  -0.00116973 
       109.5      17.3979      1.00063   0.00510313  -0.00113809 
       109.5      17.5689       1.0006   0.00508731  -0.00110668 
       109.5      17.7408      1.00057   0.00507128  -0.00107552 
       109.5      17.9134      1.00054   0.00505505  -0.00104459 
       109.5      18.0869      1.00051   0.00503863  -0.00101391 
       109.5      18.2612      1.00048   0.00502202 -0.000983465 
       109.5      18.4364      1.00045   0.00500523 -0.000953262 
       109.5      18.6124      1.00042   0.00498825 -0.000923299 
       109.5      18.7892      1.00039    0.0049711 -0.000893574 
       109.5      18.9669      1.00037   0.00495377 -0.000864085 
       109.5      19.1454      1.00034   0.00493627 -0.000834832 
       109.5      19.3248      1.00031    0.0049186  -0.00080581 
       109.5       19.505      1.00028   0.00490078 -0.000777018 
       109.5       19.686      1.00026   0.00488285 -0.000748506 
       109.5      19.8678      1.00023   0.00486481  -0.00072027 
       109.5      20.0505       1.0002   0.00484663 -0.000692292 
       109.5      20.2341      1.00018   0.00482832 -0.000664575 
       109.5      20.4184      1.00015   0.00480988  -0.00063712 
       109.5      20.6036      1.00013    0.0047913 -0.000609927 
       109.5      20.7897       1.0001   0.00477259    -0.000583 
       109.5      20.9765      1.00008   0.00475376 -0.000556338 
       109.5      21.1642      1.00005    0.0047348 -0.000529944 
       109.5      21.3528      1.00003   0.00471572 -0.000503818 
       109.5      21.5422            1   0.00469652 -0.000477961 
       109.5      21.7324     0.999979   0.00467721 -0.000452347 
       109.5      21.9234     0.999955   0.00465782 -0.000426944 
       109.5      22.1153     0.999932   0.00463833 -0.000401801 
       109.5       22.308     0.999909   0.00461873 -0.000376918 
       109.5      22.5016     0.999886   0.00459903 -0.000352297 
       109.5       22.696     0.999863   0.00457925 -0.000327937 
       109.5      22.8912     0.999841   0.00455938  -0.00030384 
       109.5      23.0873     0.999819   0.00453943 -0.000280005 
       109.5      23.2842     0.999797   0.00451941 -0.000256431 
       109.5       23.482     0.999776   0.00449933 -0.000233121 
       109.5      23.6805     0.999755   0.00447918 -0.000210072 
       109.5        23.88     0.999734   0.00445898 -0.000187285 
       109.5      24.0802     0.999713   0.00443872 -0.000164759 
       109.5      24.2813     0.999693   0.00441841 -0.000142494 
       109.5      24.4832     0.999673   0.00439805 -0.000120489 
       109.5       24.686     0.999653   0.00437765 -9.87437e-05 
       109.5      24.8896     0.999634   0.00435722 -7.72562e-05 
       109.5       25.094     0.999614   0.00433674 -5.60257e-05 
       109.5      25.2993     0.999595   0.00431623 -3.50511e-05 
       109.5      25.5054     0.999576   0.00429569 -1.43308e-05 
       109.5      25.7123     0.999558   0.00427512  6.13668e-06 
       109.5      25.9201      0.99954   0.00425451  2.63531e-05 
       109.5      26.1287     0.999522   0.00423388  4.63204e-05 
       109.5      26.3381     0.999504   0.00421322  6.60405e-05 
       109.5      26.5484     0.999486   0.00419254  8.55158e-05 
       109.5      26.7595     0.999469   0.00417183  0.000104749 
       109.5      26.9715     0.999452   0.00415108  0.000123741 
       109.5      27.1843     0.999436   0.00413032  0.000142497 
       109.5      27.3979     0.999419   0.00410952  0.000161018 
       109.5      27.6124     0.999403   0.00408869  0.000179307 
       109.5      27.8277     0.999387   0.00406783  0.000197369 
       109.5      28.0438     0.999371   0.00404694  0.000215206 
       109.5      28.2608     0.999356   0.00402601  0.000232822 
       109.5      28.4786     0.999341   0.00400531  0.000250155 
       109.5      28.6972     0.999326   0.00398465  0.000267241 
       109.5      28.9167     0.999311   0.00396398  0.000284098 
       109.5       29.137     0.999297    0.0039433  0.000300727 
       109.5      29.3582     0.999283   0.00392261  0.000317128 
       109.5      29.5802     0.999269   0.00390191  0.000333304 
       109.5       29.803     0.999255   0.00388122  0.000349256 
       109.5      30.0267     0.999242   0.00386053  0.000364985 
       109.5      30.2512     0.999229   0.00383985  0.000380491 
       109.5      30.4765     0.999216   0.00381919  0.000395778 
       109.5      30.7027     0.999203   0.00379854  0.000410846 
       109.5      30.9297      0.99919   0.00377792  0.000425696 
       109.5      31.1575     0.999178   0.00375732  0.000440331 
       109.5      31.3862     0.999166   0.00373676  0.000454752 
       109.5      31.6157     0.999154   0.00371622  0.000468962 
       109.5      31.8461     0.999142   0.00369573  0.000482961 
       109.5      32.0773     0.999131   0.00367527  0.000496752 
       109.5      32.3093      0.99912   0.00365486  0.000510336 
       109.5      32.5421     0.999109   0.00363449  0.000523717 
       109.5      32.7758     0.999098   0.00361418  0.000536896 
       109.5      33.0104     0.999087   0.00359391  0.000549875 
       109.5      33.2457     0.999077   0.00357371  0.000562657 
       109.5      33.4819     0.999067   0.00355355  0.000575244 
       109.5       33.719     0.999057   0.00353346  0.000587638 
       109.5      33.9568     0.999047   0.00351343  0.000599842 
       109.5      34.1956     0.999037   0.00349345  0.000611858 
       109.5      34.4351     0.999028   0.00347354   0.00062369 
       109.5      34.6755     0.999019   0.00345369  0.000635339 
       109.5      34.9167      0.99901   0.00343391  0.000646809 
       109.5      35.1588     0.999001   0.00341418  0.000658095 
       109.5      35.4017     0.998993    0.0033945  0.000669118 
       109.5      35.6454     0.998984   0.00337488  0.000679958 
       109.5      35.8899     0.998976    0.0033553  0.000690619 
       109.5      36.1354     0.998968   0.00333578  0.000701103 
       109.5      36.3816      0.99896    0.0033163  0.000711413 
       109.5      36.6287     0.998953   0.00329687   0.00072155 
       109.5      36.8766     0.998945   0.00327749  0.000731517 
       109.5      37.1253     0.998938   0.00325816  0.000741317 
       109.5      37.3749     0.998931   0.00323887  0.000750952 
       109.5      37.6253     0.998925   0.00321963  0.000760425 
       109.5      37.8766     0.998918   0.00320045  0.000769737 
       109.5      38.1287     0.998912   0.00318131  0.000778892 
       109.5      38.3816     0.998905   0.00316222   0.00078789 
       109.5      38.6353       0.9989   0.00314318  0.000796736 
       109.5      38.8899     0.998894   0.00312419  0.000805431 
       109.5      39.1454     0.998888   0.00310539  0.000814016 
       109.5      39.4016     0.998883   0.00308692  0.000822511 
       109.5      39.6588     0.998877   0.00306851  0.000830836 
       109.5      39.9167     0.998872   0.00305016  0.000838991 
       109.5      40.1755     0.998866   0.00303187   0.00084698 
       109.5      40.4351     0.998861   0.00301365  0.000854807 
       109.5      40.6955     0.998856   0.00299548  0.000862473 
       109.5      40.9568     0.998851   0.00297737  0.000869981 
       109.5      41.2189     0.998847   0.00295933  0.000877335 
       109.5      41.4819     0.998842   0.00294134  0.000884537 
       109.5      41.7457     0.998838   0.00292341   0.00089159 
       109.5      42.0103     0.998833   0.00290555  0.000898497 
       109.5      42.2758     0.998829   0.00288775   0.00090526 
       109.5      42.5421     0.998825   0.00287002  0.000911883 
       109.5      42.8092     0.998821   0.00285236  0.000918367 
       109.5      43.0772     0.998818   0.00283477  0.000924715 
       109.5       43.346     0.998814   0.00281725  0.000930931 
       109.5      43.6157     0.998811   0.00279981  0.000937016 
       109.5      43.8862     0.998808   0.00278245  0.000942973 
       109.5      44.1575     0.998805   0.00276517  0.000948804 
       109.5      44.4296     0.998802   0.00274798  0.000954513 
       109.5      44.7026     0.998799   0.00273087  0.000960101 
       109.5      44.9765     0.998796   0.00271386  0.000965571 
       109.5      45.2511     0.998794   0.00269693  0.000970924 
       109.5      45.5266     0.998792   0.00268009  0.000976164 
       109.5       45.803      0.99879   0.00266335  0.000981292 
       109.5      46.0801     0.998788    0.0026467   0.00098631 
       109.5      46.3581     0.998786   0.00263015   0.00099122 
       109.5       46.637     0.998785   0.00261368  0.000996025 
       109.5      46.9167     0.998783    0.0025973   0.00100073 
       109.5      47.1972     0.998782   0.00258102   0.00100532 
       109.5      47.4785     0.998781   0.00256481   0.00100982 
       109.5      47.7607      0.99878   0.00254868   0.00101422 
       109.5      48.0438     0.998779   0.00253262   0.00101852 
       109.5      48.3276     0.998779   0.00251662   0.00102273 
       109.5      48.6123     0.998778   0.00250068   0.00102684 
       109.5      48.8979     0.998778   0.00248478   0.00103086 
       109.5      49.1842     0.998777   0.00246866    0.0010347 
       109.5      49.4714     0.998777   0.00245273   0.00103846 
       109.5      49.7595     0.998776   0.00243701   0.00104215 
       109.5      50.0484     0.998776   0.00242148   0.00104576 
       109.5      50.3381     0.998775   0.00240615   0.00104928 
       109.5      50.6286     0.998775   0.00239101   0.00105272 
       109.5        50.92     0.998774   0.00237605   0.00105608 
       109.5      51.2122     0.998774   0.00236125   0.00105936 
       109.5      51.5053     0.998773    0.0023466   0.00106254 
       109.5      51.7992     0.998773   0.00233207   0.00106563 
       109.5      52.0939     0.998772   0.00231765   0.00106864 
       109.5      52.3895     0.998772    0.0023033   0.00107155 
       109.5      52.6859     0.998771   0.00228899   0.00107437 
       109.5      52.9831      0.99877   0.00227469   0.00107709 
       109.5      53.2812      0.99877   0.00226035   0.00107971 
       109.5      53.5801     0.998769   0.00224593   0.00108223 
       109.5      53.8799     0.998768   0.00223139   0.00108466 
       109.5      54.1805     0.998769   0.00221687   0.00108686 
       109.5      54.4819     0.998771   0.00220248   0.00108898 
       109.5      54.7841     0.998772   0.00218819   0.00109105 
       109.5      55.0872     0.998774   0.00217401   0.00109308 
       109.5      55.3912     0.998776   0.00215993   0.00109505 
       109.5      55.6959     0.998779   0.00214596   0.00109698 
       109.5      56.0015     0.998781    0.0021321   0.00109885 
       109.5       56.308     0.998783   0.00211835   0.00110067 
       109.5      56.6152     0.998785    0.0021047   0.00110243 
       109.5      56.9233     0.998788   0.00209116   0.00110413 
       109.5      57.2323      0.99879   0.00207772   0.00110577 
       109.5      57.5421     0.998792   0.00206438   0.00110736 
       109.5      57.8527     0.998795   0.00205115   0.00110888 
       109.5      58.1641     0.998797   0.00203802   0.00111034 
       109.5      58.4764       0.9988   0.00202498   0.00111175 
       109.5      58.7896     0.998802   0.00201203   0.00111309 
       109.5      59.1035     0.998804   0.00199918   0.00111437 
       109.5      59.4183     0.998807   0.00198642   0.00111559 
       109.5      59.7339     0.998809   0.00197374   0.00111674 
       109.5      60.0504     0.998811   0.00196115   0.00111784 
       109.5      60.3677     0.998813   0.00194864   0.00111888 
       109.5      60.6859     0.998816    0.0019362   0.00111986 
       109.5      61.0048     0.998818   0.00192385   0.00112078 
       109.5      61.3247      0.99882   0.00191157   0.00112165 
       109.5      61.6453     0.998822   0.00189935   0.00112246 
       109.5      61.9668     0.998824   0.00188721   0.00112322 
       109.5      62.2891     0.998826   0.00187514   0.00112393 
       109.5      62.6123     0.998828   0.00186314   0.00112459 
       109.5      62.9363      0.99883    0.0018512    0.0011252 
       109.5      63.2611     0.998832   0.00183933   0.00112577 
       109.5      63.5868     0.998834   0.00182753    0.0011263 
       109.5      63.9133     0.998836   0.00181579    0.0011268 
       109.5      64.2406     0.998838   0.00180412   0.00112726 
       109.5      64.5688      0.99884   0.00179252   0.00112769 
       109.5      64.8978     0.998842     0.001781    0.0011281 
       109.5      65.2277     0.998844   0.00176956   0.00112848 
       109.5      65.5583     0.998846   0.00175819   0.00112885 
       109.5      65.8899     0.998848   0.00174692   0.00112921 
       109.5      66.2222      0.99885   0.00173574   0.00112956 
       109.5      66.5554     0.998852   0.00172467   0.00112992 
       109.5      66.8894     0.998854   0.00171371   0.00113028 
       109.5      67.2243     0.998856   0.00170287   0.00113065 
       109.5        67.56     0.998858   0.00169217   0.00113103 
       109.5      67.8966     0.998861   0.00168162   0.00113145 
       109.5      68.2339     0.998863   0.00167122    0.0011319 
       109.5      68.5721     0.998866   0.00166101   0.00113238 
       109.5      68.9112      0.99887   0.00165124   0.00113182 
       109.5      69.2511     0.998874   0.00164151    0.0011307 
       109.5      69.5918     0.998879   0.00163165   0.00112963 
       109.5      69.9333     0.998884   0.00162167    0.0011286 
       109.5      70.2757     0.998889   0.00161159   0.00112762 
       109.5      70.6189     0.998894   0.00160142   0.00112669 
       109.5       70.963     0.998899   0.00159116   0.00112583 
       109.5      71.3079     0.998903   0.00158084   0.00112503 
       109.5      71.6536     0.998908   0.00157046   0.00112429 
       109.5      72.0002     0.998913   0.00156004   0.00112363 
       109.5      72.3476     0.998918   0.00154959   0.00112305 
       109.5      72.6959     0.998922   0.00153913   0.00112255 
       109.5      73.0449     0.998927   0.00152867   0.00112215 
       109.5      73.3949     0.998932   0.00151822   0.00112183 
       109.5      73.7456     0.998937   0.00150781   0.00112163 
       109.5      74.0972     0.998942   0.00149745   0.00112153 
       109.5      74.4496     0.998947   0.00148715   0.00112154 
       109.5      74.8029     0.998953   0.00147694   0.00112168 
       109.5       75.157     0.998959   0.00146684   0.00112195 
       109.5      75.5119     0.998966   0.00145687   0.00112236 
       109.5      75.8677     0.998973   0.00144704   0.00112292 
       109.5      76.2243     0.998982    0.0014374   0.00112363 
       109.5      76.5817     0.998987   0.00142869   0.00112375 
       109.5        76.94     0.998991    0.0014204   0.00112347 
       109.5      77.2991     0.998993    0.0014122   0.00112306 
       109.5      77.6591     0.998996   0.00140405   0.00112252 
       109.5      78.0198     0.998997   0.00139595   0.00112187 
       109.5      78.3815     0.998999   0.00138787   0.00112111 
       109.5      78.7439     0.998999   0.00137982   0.00112024 
       109.5      79.1072        0.999   0.00137177   0.00111928 
       109.5      79.4714        0.999   0.00136373   0.00111822 
       109.5      79.8363        0.999   0.00135568   0.00111707 
       109.5      80.2021        0.999   0.00134761   0.00111585 
       109.5      80.5688        0.999   0.00133952   0.00111455 
       109.5      80.9362     0.998999   0.00133142   0.00111319 
       109.5      81.3045     0.998999   0.00132328   0.00111177 
       109.5      81.6737     0.998999   0.00131513    0.0011103 
       109.5      82.0437     0.998998   0.00130695   0.00110878 
       109.5      82.4145     0.998998   0.00129875   0.00110723 
       109.5      82.7861     0.998998   0.00129053   0.00110565 
       109.5      83.1586     0.998998   0.00128229   0.00110405 
       109.5       83.532     0.998999   0.00127405   0.00110244 
       109.5      83.9061        0.999    0.0012658   0.00110083 
       109.5      84.2811     0.999001   0.00125756   0.00109922 
       109.5       84.657     0.999003   0.00124933   0.00109763 
       109.5      85.0336     0.999005   0.00124113   0.00109606 
       109.5      85.4111     0.999007   0.00123295   0.00109452 
       109.5      85.7895      0.99901   0.00122483   0.00109303 
       109.5      86.1687     0.999014   0.00121675   0.00109158 
       109.5      86.5487     0.999018   0.00120875    0.0010902 
       109.5      86.9295     0.999022   0.00120083   0.00108888 
       109.5      87.3112     0.999027   0.00119301   0.00108765 
       109.5      87.6937     0.999033    0.0011853    0.0010865 
       109.5      88.0771     0.999039   0.00117771   0.00108546 
       109.5      88.4613     0.999046   0.00117027   0.00108453 
       109.5      88.8463     0.999054   0.00116299   0.00108372 
       109.5      89.2322     0.999062   0.00115589   0.00108305 
       109.5      89.6189      0.99907   0.00114897   0.00108252 
       109.5      90.0064     0.999079   0.00114227   0.00108214 
       109.5      90.3948     0.999089   0.00113579   0.00108194 
       109.5       90.784     0.999099   0.00112955   0.00108191 
       109.5      91.1741     0.999109   0.00112358   0.00108208 
       109.5       91.565      0.99912   0.00111788   0.00108244 
       109.5      91.9567     0.999131   0.00111247   0.00108303 
       109.5      92.3492     0.999142   0.00110737   0.00108385 
       109.5      92.7426     0.999153   0.00110064   0.00108305 
       109.5      93.1369     0.999163   0.00109301   0.00108138 
       109.5      93.5319     0.999173   0.00108542   0.00107972 
       109.5      93.9278     0.999182   0.00107789   0.00107808 
       109.5      94.3246     0.999192   0.00107041   0.00107646 
       109.5      94.7221       0.9992   0.00106299   0.00107485 
       109.5      95.1206     0.999209   0.00105563   0.00107326 
       109.5      95.5198     0.999217   0.00104833   0.00107169 
       109.5      95.9199     0.999224    0.0010411   0.00107012 
       109.5      96.3208     0.999231   0.00103394   0.00106858 
       109.5      96.7226     0.999238   0.00102685   0.00106705 
       109.5      97.1251     0.999245   0.00101984   0.00106553 
       109.5      97.5286     0.999251    0.0010129   0.00106403 
       109.5      97.9328     0.999257   0.00100604   0.00106254 
       109.5      98.3379     0.999263   0.00099926   0.00106107 
       109.5      98.7439     0.999268  0.000992559   0.00105961 
       109.5      99.1506     0.999273  0.000985941   0.00105817 
       109.5      99.5583     0.999277  0.000979406   0.00105674 
       109.5      99.9667     0.999282  0.000972954   0.00105533 
       109.5      100.376     0.999285  0.000966586   0.00105393 
       109.5      100.786     0.999289  0.000960303   0.00105254 
       109.5      101.197     0.999292  0.000954105   0.00105117 
       109.5      101.609     0.999295  0.000947992   0.00104981 
       109.5      102.021     0.999298  0.000941963   0.00104847 
       109.5      102.435     0.999301  0.000936018   0.00104714 
       109.5      102.849     0.999303  0.000930157   0.00104583 
       109.5      103.264     0.999305  0.000924379   0.00104453 
       109.5       103.68     0.999306  0.000918682   0.00104324 
       109.5      104.097     0.999308  0.000913066   0.00104197 
       109.5      104.515     0.999309  0.000907529   0.00104072 
       109.5      104.933      0.99931  0.000902071   0.00103948 
       109.5      105.353     0.999311  0.000896688   0.00103825 
       109.5      105.773     0.999311   0.00089138   0.00103705 
       109.5      106.194     0.999311  0.000886144   0.00103585 
       109.5      106.616     0.999311  0.000880978   0.00103467 
       109.5      107.038     0.999311  0.000875881   0.00103351 
       109.5      107.462     0.999311  0.000870848   0.00103237 
       109.5      107.886      0.99931  0.000865879   0.00103124 
       109.5      108.311      0.99931   0.00086097   0.00103013 
       109.5      108.737     0.999309  0.000856118   0.00102904 
       109.5      109.164     0.999308  0.000851321   0.00102796 
       109.5      109.592     0.999307  0.000846575    0.0010269 
       109.5       110.02     0.999306  0.000841877   0.00102586 
       109.5       110.45     0.999304  0.000837223   0.00102484 
       109.5       110.88     0.999303  0.000832611   0.00102384 
       109.5      111.311     0.999301  0.000828036   0.00102286 
       109.5      111.743       0.9993  0.000823495    0.0010219 
       109.5      112.175     0.999298  0.000818985   0.00102096 
       109.5      112.609     0.999297  0.000814501   0.00102004 
       109.5      113.043     0.999295  0.000810039   0.00101915 
       109.5      113.478     0.999293  0.000805596   0.00101827 
       109.5      113.914     0.999291  0.000801167   0.00101742 
       109.5      114.351      0.99929  0.000796749    0.0010166 
       109.5      114.789     0.999288  0.000792337   0.00101579 
       109.5      115.228     0.999286  0.000787928   0.00101502 
       109.5      115.667     0.999284  0.000783516   0.00101427 
       109.5      116.107     0.999283  0.000779098   0.00101354 
       109.5      116.548     0.999281   0.00077467   0.00101284 
       109.5       116.99      0.99928  0.000770227   0.00101218 
       109.5      117.433     0.999278  0.000765765   0.00101154 
       109.5      117.876     0.999277   0.00076128   0.00101093 
       109.5      118.321     0.999276  0.000756768   0.00101035 
       109.5      118.766     0.999275  0.000752224    0.0010098 
       109.5      119.212     0.999274  0.000747645   0.00100929 
       109.5      119.659     0.999273  0.000743027    0.0010088 
       109.5      120.107     0.999272  0.000738365   0.00100836 
       109.5      120.555     0.999272  0.000733656   0.00100795 
       109.5      121.005     0.999272  0.000728896   0.00100757 
       109.5      121.455     0.999272  0.000724081   0.00100724 
       109.5      121.906     0.999272  0.000719208   0.00100694 
       109.5      122.358     0.999272  0.000714273   0.00100669 
       109.5      122.811     0.999273  0.000709274   0.00100647 
       109.5      123.264     0.999274  0.000704206    0.0010063 
       109.5      123.719     0.999275  0.000699067   0.00100617 
       109.5      124.174     0.999277  0.000693854   0.00100609 
       109.5       124.63     0.999279  0.000688565   0.00100605 
       109.5      125.087     0.999281  0.000683196   0.00100607 
       109.5      125.545     0.999283  0.000677747   0.00100613 
       109.5      126.003     0.999286  0.000672215   0.00100624 
       109.5      126.463     0.999289  0.000666598   0.00100641 
       109.5      126.923     0.999293  0.000660895   0.00100663 
       109.5      127.384     0.999297  0.000655105    0.0010069 
       109.5      127.846     0.999301  0.000649227   0.00100724 
       109.5      128.309     0.999306  0.000643261   0.00100763 
       109.5      128.773     0.999311  0.000637205   0.00100808 
       109.5      129.237     0.999316  0.000631994   0.00100828 
       109.5      129.702     0.999318  0.000628107   0.00100802 
       109.5      130.169     0.999322  0.000624221   0.00100772 
       109.5      130.636     0.999325  0.000620334   0.00100741 
       109.5      131.103      0.99933  0.000616441   0.00100706 
       109.5      131.572     0.999334  0.000612542    0.0010067 
       109.5      132.041      0.99934  0.000608634   0.00100631 
       109.5      132.512     0.999345  0.000604714   0.00100591 
       109.5      132.983     0.999352  0.000600781   0.00100549 
       109.5      133.455     0.999359  0.000596834   0.00100506 
       109.5      133.928     0.999366  0.000592871   0.00100462 
       109.5      134.401     0.999374  0.000588891   0.00100417 
       109.5      134.876     0.999383  0.000584893   0.00100372 
       109.5      135.351     0.999392  0.000580877   0.00100326 
       109.5      135.827     0.999402  0.000576843   0.00100281 
       109.5      136.304     0.999413  0.000572791   0.00100236 
       109.5      136.782     0.999425  0.000568722   0.00100191 
       109.5      137.261     0.999437  0.000564637   0.00100148 
       109.5       137.74      0.99945  0.000560538   0.00100105 
       109.5      138.221     0.999463  0.000556426   0.00100065 
       109.5      138.702     0.999477  0.000552304   0.00100026 
       109.5      139.184     0.999492  0.000548175  0.000999893 
       109.5      139.667     0.999508  0.000544042  0.000999553 
       109.5      140.151     0.999525  0.000539909  0.000999242 
       109.5      140.635     0.999542   0.00053578  0.000998964 
       109.5       141.12      0.99956   0.00053166  0.000998722 
       109.5      141.607     0.999578  0.000527556  0.000998521 
       109.5      142.094     0.999598  0.000523473  0.000998364 
       109.5      142.582     0.999618  0.000519418  0.000998255 
       109.5       143.07     0.999639  0.000515399  0.000998199 
       109.5       143.56     0.999661  0.000511423  0.000998199 
       109.5       144.05     0.999683  0.000507499  0.000998259 
       109.5      144.541     0.999706  0.000503638  0.000998384 
       109.5      145.033      0.99973   0.00049985  0.000998579 
       109.5      145.526     0.999754  0.000496145  0.000998847 
       109.5       146.02     0.999779  0.000492536  0.000999194 
       109.5      146.515     0.999805  0.000489035  0.000999623 
       109.5       147.01     0.999831  0.000485657   0.00100014 
       109.5      147.506     0.999858  0.000482415   0.00100075 
       109.5      148.003     0.999886  0.000479325   0.00100146 
       109.5      148.501     0.999914  0.000476404   0.00100227 
       109.5          149     0.999942  0.000473669   0.00100319 
       109.5        149.5     0.999971  0.000471139   0.00100422 
       109.5          150            1  0.000468832   0.00100537 
