Variables = x, y, u, v, p

Zone, I=600, F=POINT
         1.5        -0.75           -0           -0  -0.00461121 
         1.5     -0.74958 -2.75637e-05 -7.58238e-08  -0.00461125 
         1.5    -0.748319 -0.000110211 -2.48261e-07  -0.00461137 
         1.5    -0.746219 -0.000247482 -3.53627e-07  -0.00461156 
         1.5    -0.743278  -0.00043895 -1.26353e-07  -0.00461183 
         1.5    -0.739496 -0.000683811  7.92247e-07  -0.00461218 
         1.5    -0.734875 -0.000980873  2.83973e-06  -0.00461259 
         1.5    -0.729413  -0.00132892  6.51963e-06  -0.00461308 
         1.5     -0.72311  -0.00172627  1.23831e-05  -0.00461361 
         1.5    -0.715968  -0.00217079  2.10093e-05   -0.0046142 
         1.5    -0.707985  -0.00266018  3.29949e-05  -0.00461481 
         1.5    -0.699162  -0.00319153  4.89309e-05  -0.00461543 
         1.5    -0.689498  -0.00376153  6.93958e-05  -0.00461603 
         1.5    -0.678995  -0.00436619  9.49351e-05  -0.00461659 
         1.5    -0.667651  -0.00500107  0.000126069  -0.00461708 
         1.5    -0.655466    -0.005661  0.000163276  -0.00461745 
         1.5    -0.642442  -0.00633988  0.000206987  -0.00461767 
         1.5    -0.628577  -0.00703103  0.000257605   -0.0046177 
         1.5    -0.613872  -0.00772667  0.000315482  -0.00461753 
         1.5    -0.598326  -0.00841811  0.000380931  -0.00461712 
         1.5     -0.58194  -0.00909544  0.000454202  -0.00461647 
         1.5    -0.564714  -0.00974759  0.000535465   -0.0046156 
         1.5    -0.546648   -0.0103622  0.000624765  -0.00461457 
         1.5    -0.527741   -0.0109254  0.000721959  -0.00461346 
         1.5    -0.507994   -0.0114219  0.000826586  -0.00461243 
         1.5    -0.487407   -0.0118345  0.000937729  -0.00461169 
         1.5    -0.465979   -0.0121443   0.00105379  -0.00461156 
         1.5    -0.443711   -0.0123306   0.00117216  -0.00461244 
         1.5    -0.420603   -0.0123704   0.00128887  -0.00461488 
         1.5    -0.396654   -0.0122385   0.00139799  -0.00461959 
         1.5    -0.371866   -0.0118683   0.00149654   -0.0046255 
         1.5    -0.346236   -0.0110815   0.00161207  -0.00462022 
         1.5    -0.319767   -0.0101547   0.00170578   -0.0046166 
         1.5    -0.292457  -0.00899693   0.00177587   -0.0046147 
         1.5    -0.264307  -0.00750118   0.00181954  -0.00461446 
         1.5    -0.235317  -0.00554279   0.00183307  -0.00461571 
         1.5    -0.205486  -0.00297819   0.00181191  -0.00461814 
         1.5    -0.174816  0.000356117    0.0017511  -0.00462123 
         1.5    -0.143304   0.00464554   0.00164567  -0.00462425 
         1.5    -0.110953    0.0100974   0.00149147  -0.00462619 
         1.5    -0.077761    0.0169436    0.0012861  -0.00462574 
         1.5    -0.043729    0.0254404   0.00103032  -0.00462122 
         1.5    -0.008857    0.0358704  0.000729677  -0.00461053 
         1.5     0.026856     0.048733   0.00040385  -0.00461947 
         1.5     0.063409    0.0648796  7.36159e-05  -0.00462364 
         1.5     0.100802    0.0840218 -0.000221462  -0.00461974 
         1.5     0.139036     0.105691 -0.000463541  -0.00461415 
         1.5      0.17811     0.129322  -0.00065178  -0.00461166 
         1.5     0.218024     0.154264 -0.000787258  -0.00461505 
         1.5     0.258779     0.179748  -0.00087112  -0.00461998 
         1.5     0.300373     0.205187 -0.000976306  -0.00461281 
         1.5     0.342808     0.230748  -0.00107164  -0.00460882 
         1.5     0.386084     0.256429  -0.00116505  -0.00460687 
         1.5     0.430199     0.282227  -0.00126108  -0.00460592 
         1.5     0.475155     0.308148  -0.00136125  -0.00460504 
         1.5     0.520952     0.334196  -0.00146467  -0.00460348 
         1.5     0.567588     0.360377  -0.00156909  -0.00460069 
         1.5     0.615065     0.386702  -0.00167214   -0.0045964 
         1.5     0.663382     0.413182  -0.00177311  -0.00459065 
         1.5      0.71254     0.439833  -0.00187519  -0.00458386 
         1.5     0.762538     0.466655  -0.00198299  -0.00457749 
         1.5     0.813376     0.493474  -0.00208341  -0.00457241 
         1.5     0.865054      0.52022  -0.00218418  -0.00456627 
         1.5     0.917573     0.546837   -0.0022847  -0.00455905 
         1.5     0.970932     0.573269  -0.00238441  -0.00455076 
         1.5      1.02513     0.599453  -0.00248278  -0.00454141 
         1.5      1.08017     0.625327  -0.00257938  -0.00453101 
         1.5      1.13605     0.650823  -0.00267379  -0.00451957 
         1.5      1.19277     0.675869  -0.00276566  -0.00450712 
         1.5      1.25033      0.70039   -0.0028547  -0.00449369 
         1.5      1.30873     0.724307  -0.00294063  -0.00447931 
         1.5      1.36797     0.747536  -0.00302322  -0.00446403 
         1.5      1.42805     0.769992  -0.00310225  -0.00444788 
         1.5      1.48898     0.791581  -0.00317749  -0.00443091 
         1.5      1.55074     0.812209   -0.0032487  -0.00441321 
         1.5      1.61334     0.831774  -0.00331557  -0.00439481 
         1.5      1.67678     0.850172  -0.00337771  -0.00437582 
         1.5      1.74107     0.867291  -0.00343463   -0.0043563 
         1.5      1.80619     0.882616  -0.00348474  -0.00433424 
         1.5      1.87215     0.896822   -0.0035306  -0.00431121 
         1.5      1.93896     0.910005   -0.0035726  -0.00428757 
         1.5       2.0066     0.922174  -0.00361084  -0.00426335 
         1.5      2.07508      0.93334  -0.00364543  -0.00423858 
         1.5      2.14441     0.943519  -0.00367651  -0.00421329 
         1.5      2.21457     0.952731  -0.00370418  -0.00418752 
         1.5      2.28558     0.960999  -0.00372859  -0.00416129 
         1.5      2.35742      0.96835  -0.00374987  -0.00413465 
         1.5      2.43011     0.974817  -0.00376818  -0.00410762 
         1.5      2.50364     0.980436  -0.00378366  -0.00408024 
         1.5        2.578     0.985247  -0.00379647  -0.00405254 
         1.5      2.65321     0.989297   -0.0038068  -0.00402455 
         1.5      2.72926     0.992635  -0.00381482  -0.00399631 
         1.5      2.80614     0.995317  -0.00382071  -0.00396783 
         1.5      2.88387     0.997404  -0.00382469  -0.00393916 
         1.5      2.96244      0.99896  -0.00382697  -0.00391031 
         1.5      3.04185      1.00006  -0.00382778  -0.00388131 
         1.5       3.1221      1.00077  -0.00382735  -0.00385217 
         1.5      3.20318      1.00118  -0.00382596  -0.00382292 
         1.5      3.28511      1.00138  -0.00382389  -0.00379356 
         1.5      3.36788      1.00145  -0.00382144   -0.0037641 
         1.5      3.45149      1.00151  -0.00381895  -0.00373455 
         1.5      3.53594      1.00164  -0.00381677   -0.0037049 
         1.5      3.62123      1.00197  -0.00381529  -0.00367514 
         1.5      3.70736      1.00262  -0.00381494  -0.00364528 
         1.5      3.79433      1.00302  -0.00381158  -0.00361696 
         1.5      3.88215      1.00295  -0.00381072  -0.00358734 
         1.5       3.9708      1.00291  -0.00380667  -0.00355777 
         1.5      4.06029      1.00288  -0.00380336  -0.00352913 
         1.5      4.15062      1.00285  -0.00380198  -0.00349918 
         1.5      4.24179      1.00282  -0.00379774  -0.00346977 
         1.5      4.33381       1.0028  -0.00379484   -0.0034405 
         1.5      4.42666      1.00277  -0.00379191  -0.00341113 
         1.5      4.52035      1.00274  -0.00378872  -0.00338172 
         1.5      4.61489      1.00271  -0.00378528  -0.00335234 
         1.5      4.71026      1.00267   -0.0037817  -0.00332301 
         1.5      4.80647      1.00264  -0.00377814  -0.00329373 
         1.5      4.90353      1.00261  -0.00377456  -0.00326447 
         1.5      5.00142      1.00258  -0.00377082  -0.00323523 
         1.5      5.10016      1.00255  -0.00376715  -0.00320608 
         1.5      5.19974      1.00252  -0.00376356  -0.00317698 
         1.5      5.30015      1.00249  -0.00375953  -0.00314775 
         1.5      5.40141      1.00246  -0.00375538  -0.00311863 
         1.5       5.5035      1.00244  -0.00375121   -0.0030896 
         1.5      5.60644      1.00242  -0.00374706  -0.00306062 
         1.5      5.71022       1.0024  -0.00374289  -0.00303169 
         1.5      5.81483      1.00239  -0.00373868  -0.00300278 
         1.5      5.92029      1.00237  -0.00373436  -0.00297388 
         1.5      6.02659      1.00236  -0.00372987    -0.002945 
         1.5      6.13373      1.00234  -0.00372516  -0.00291614 
         1.5       6.2417      1.00232  -0.00372027  -0.00288741 
         1.5      6.35052       1.0023  -0.00371536  -0.00285889 
         1.5      6.46018      1.00227  -0.00371053  -0.00283043 
         1.5      6.57068      1.00225  -0.00370555  -0.00280184 
         1.5      6.68202      1.00222  -0.00370045  -0.00277333 
         1.5       6.7942      1.00219  -0.00369523   -0.0027449 
         1.5      6.90722      1.00216  -0.00368988  -0.00271653 
         1.5      7.02108      1.00213  -0.00368439  -0.00268822 
         1.5      7.13578       1.0021  -0.00367878  -0.00265997 
         1.5      7.25132      1.00206  -0.00367305  -0.00263177 
         1.5       7.3677      1.00202  -0.00366721  -0.00260362 
         1.5      7.48493      1.00198  -0.00366126  -0.00257553 
         1.5      7.60299      1.00195  -0.00365523  -0.00254749 
         1.5      7.72189      1.00191  -0.00364913  -0.00251951 
         1.5      7.84163      1.00187  -0.00364297   -0.0024916 
         1.5      7.96222      1.00184  -0.00363679  -0.00246376 
         1.5      8.08364       1.0018   -0.0036306  -0.00243601 
         1.5       8.2059      1.00177  -0.00362441  -0.00240837 
         1.5      8.32901      1.00175  -0.00361813  -0.00238097 
         1.5      8.45295      1.00173  -0.00361112  -0.00235365 
         1.5      8.57774       1.0017  -0.00360417  -0.00232634 
         1.5      8.70336      1.00168  -0.00359722  -0.00229908 
         1.5      8.82982      1.00166  -0.00359024  -0.00227187 
         1.5      8.95713      1.00164   -0.0035832  -0.00224474 
         1.5      9.08528      1.00162  -0.00357608  -0.00221771 
         1.5      9.21426       1.0016  -0.00356887  -0.00219078 
         1.5      9.34409      1.00159  -0.00356157  -0.00216396 
         1.5      9.47475      1.00157  -0.00355418  -0.00213726 
         1.5      9.60626      1.00155  -0.00354669  -0.00211066 
         1.5      9.73861      1.00153  -0.00353909  -0.00208417 
         1.5       9.8718      1.00152  -0.00353138  -0.00205776 
         1.5      10.0058       1.0015  -0.00352354  -0.00203142 
         1.5      10.1407      1.00148  -0.00351552  -0.00200512 
         1.5      10.2764      1.00146   -0.0035073  -0.00197884 
         1.5      10.4129      1.00143  -0.00349904  -0.00195271 
         1.5      10.5503       1.0014  -0.00349086   -0.0019268 
         1.5      10.6886      1.00136  -0.00348258  -0.00190097 
         1.5      10.8276      1.00133  -0.00347421  -0.00187521 
         1.5      10.9675       1.0013  -0.00346573  -0.00184953 
         1.5      11.1083      1.00128  -0.00345714  -0.00182395 
         1.5      11.2499      1.00125  -0.00344844  -0.00179846 
         1.5      11.3923      1.00122  -0.00343963  -0.00177308 
         1.5      11.5356      1.00119  -0.00343071  -0.00174781 
         1.5      11.6797      1.00117  -0.00342168  -0.00172266 
         1.5      11.8246      1.00114  -0.00341252  -0.00169764 
         1.5      11.9704      1.00111  -0.00340326  -0.00167274 
         1.5      12.1171      1.00109  -0.00339389  -0.00164798 
         1.5      12.2645      1.00106  -0.00338441  -0.00162335 
         1.5      12.4129      1.00104  -0.00337499   -0.0015987 
         1.5       12.562      1.00102  -0.00336548  -0.00157418 
         1.5       12.712      1.00099  -0.00335587  -0.00154977 
         1.5      12.8628      1.00097  -0.00334617  -0.00152548 
         1.5      13.0145      1.00095  -0.00333638  -0.00150131 
         1.5       13.167      1.00093   -0.0033265  -0.00147726 
         1.5      13.3204      1.00091  -0.00331654  -0.00145333 
         1.5      13.4746      1.00088  -0.00330648  -0.00142952 
         1.5      13.6296      1.00086  -0.00329635  -0.00140583 
         1.5      13.7855      1.00084  -0.00328613  -0.00138226 
         1.5      13.9422      1.00082  -0.00327583  -0.00135882 
         1.5      14.0998       1.0008  -0.00326546  -0.00133551 
         1.5      14.2582      1.00078  -0.00325502  -0.00131233 
         1.5      14.4174      1.00076  -0.00324444  -0.00128918 
         1.5      14.5775      1.00074  -0.00323378  -0.00126618 
         1.5      14.7384      1.00072  -0.00322307  -0.00124333 
         1.5      14.9001       1.0007   -0.0032123  -0.00122062 
         1.5      15.0627      1.00068  -0.00320147  -0.00119805 
         1.5      15.2262      1.00065  -0.00319059  -0.00117562 
         1.5      15.3905      1.00063  -0.00317964  -0.00115331 
         1.5      15.5556      1.00061  -0.00316863  -0.00113113 
         1.5      15.7215      1.00059  -0.00315755  -0.00110906 
         1.5      15.8883      1.00057  -0.00314639  -0.00108711 
         1.5       16.056      1.00055  -0.00313515  -0.00106527 
         1.5      16.2245      1.00053  -0.00312381  -0.00104353 
         1.5      16.3938      1.00051  -0.00311238  -0.00102188 
         1.5      16.5639      1.00049  -0.00310083  -0.00100033 
         1.5      16.7349      1.00047  -0.00308916 -0.000978876 
         1.5      16.9068      1.00045  -0.00307736 -0.000957504 
         1.5      17.0795      1.00043  -0.00306558  -0.00093638 
         1.5       17.253      1.00041  -0.00305387 -0.000915526 
         1.5      17.4273      1.00039  -0.00304211 -0.000894794 
         1.5      17.6025      1.00037  -0.00303029 -0.000874184 
         1.5      17.7786      1.00035  -0.00301841 -0.000853695 
         1.5      17.9555      1.00033  -0.00300648 -0.000833325 
         1.5      18.1332      1.00031  -0.00299449 -0.000813073 
         1.5      18.3118       1.0003  -0.00298243 -0.000792938 
         1.5      18.4912      1.00028  -0.00297032  -0.00077292 
         1.5      18.6714      1.00026  -0.00295814 -0.000753016 
         1.5      18.8525      1.00024  -0.00294589 -0.000733227 
         1.5      19.0344      1.00022  -0.00293357 -0.000713552 
         1.5      19.2172       1.0002  -0.00292118 -0.000693988 
         1.5      19.4008      1.00019  -0.00290871 -0.000674562 
         1.5      19.5852      1.00017   -0.0028962 -0.000655307 
         1.5      19.7705      1.00015  -0.00288365  -0.00063618 
         1.5      19.9566      1.00014  -0.00287106 -0.000617182 
         1.5      20.1436      1.00012  -0.00285842 -0.000598314 
         1.5      20.3314       1.0001  -0.00284575 -0.000579576 
         1.5      20.5201      1.00009  -0.00283303  -0.00056097 
         1.5      20.7095      1.00007  -0.00282026 -0.000542495 
         1.5      20.8999      1.00005  -0.00280745 -0.000524154 
         1.5       21.091      1.00004  -0.00279459 -0.000505945 
         1.5      21.2831      1.00002  -0.00278169  -0.00048787 
         1.5      21.4759            1  -0.00276875 -0.000469929 
         1.5      21.6696     0.999987  -0.00275576 -0.000452123 
         1.5      21.8641     0.999971  -0.00274273 -0.000434451 
         1.5      22.0595     0.999955  -0.00272967 -0.000416914 
         1.5      22.2557     0.999939  -0.00271657 -0.000399511 
         1.5      22.4527     0.999923  -0.00270343 -0.000382243 
         1.5      22.6506     0.999908  -0.00269027  -0.00036511 
         1.5      22.8494     0.999892  -0.00267707 -0.000348111 
         1.5      23.0489     0.999877  -0.00266385 -0.000331247 
         1.5      23.2493     0.999862   -0.0026506 -0.000314516 
         1.5      23.4506     0.999847  -0.00263732 -0.000297918 
         1.5      23.6527     0.999832  -0.00262403 -0.000281453 
         1.5      23.8556     0.999817  -0.00261071 -0.000265119 
         1.5      24.0594     0.999803  -0.00259737 -0.000248917 
         1.5       24.264     0.999789    -0.002584 -0.000232845 
         1.5      24.4695     0.999775  -0.00257062 -0.000216902 
         1.5      24.6758     0.999761   -0.0025572 -0.000201087 
         1.5      24.8829     0.999747  -0.00254376 -0.000185399 
         1.5      25.0909     0.999734  -0.00253029 -0.000169836 
         1.5      25.2997     0.999721  -0.00251673 -0.000154388 
         1.5      25.5093     0.999708  -0.00250315  -0.00013908 
         1.5      25.7198     0.999694  -0.00248956 -0.000123912 
         1.5      25.9312     0.999681  -0.00247596 -0.000108881 
         1.5      26.1433     0.999669  -0.00246235 -9.39853e-05 
         1.5      26.3564     0.999656  -0.00244873 -7.92218e-05 
         1.5      26.5702     0.999643  -0.00243511 -6.45879e-05 
         1.5      26.7849     0.999631  -0.00242149 -5.00805e-05 
         1.5      27.0004     0.999619  -0.00240788 -3.56968e-05 
         1.5      27.2168     0.999606  -0.00239427 -2.14331e-05 
         1.5       27.434     0.999595  -0.00238067 -7.28611e-06 
         1.5      27.6521     0.999583  -0.00236694   6.7179e-06 
         1.5       27.871     0.999571   -0.0023532  2.05927e-05 
         1.5      28.0907     0.999559  -0.00233945  3.43418e-05 
         1.5      28.3113     0.999547   -0.0023257  4.79655e-05 
         1.5      28.5327     0.999536  -0.00231195  6.14642e-05 
         1.5       28.755     0.999525   -0.0022982  7.48382e-05 
         1.5      28.9781     0.999514  -0.00228444   8.8088e-05 
         1.5       29.202     0.999503  -0.00227069  0.000101214 
         1.5      29.4268     0.999492  -0.00225693  0.000114216 
         1.5      29.6524     0.999481  -0.00224317  0.000127096 
         1.5      29.8789     0.999471  -0.00222941  0.000139852 
         1.5      30.1062      0.99946  -0.00221564  0.000152486 
         1.5      30.3343      0.99945  -0.00220188  0.000164998 
         1.5      30.5633      0.99944  -0.00218812  0.000177389 
         1.5      30.7931      0.99943  -0.00217436  0.000189658 
         1.5      31.0238      0.99942   -0.0021606  0.000201807 
         1.5      31.2553      0.99941  -0.00214685  0.000213835 
         1.5      31.4876     0.999401  -0.00213309  0.000225742 
         1.5      31.7208     0.999391  -0.00211934   0.00023753 
         1.5      31.9548     0.999382  -0.00210559  0.000249198 
         1.5      32.1897     0.999373  -0.00209185  0.000260747 
         1.5      32.4254     0.999364  -0.00207811  0.000272177 
         1.5       32.662     0.999355  -0.00206437  0.000283489 
         1.5      32.8993     0.999346  -0.00205064  0.000294682 
         1.5      33.1376     0.999338  -0.00203692  0.000305756 
         1.5      33.3766     0.999329  -0.00202321  0.000316713 
         1.5      33.6165     0.999321  -0.00200951  0.000327552 
         1.5      33.8573     0.999313  -0.00199581  0.000338273 
         1.5      34.0989     0.999304  -0.00198213  0.000348877 
         1.5      34.3413     0.999296  -0.00196846  0.000359363 
         1.5      34.5846     0.999289   -0.0019548  0.000369733 
         1.5      34.8287     0.999281  -0.00194116  0.000379984 
         1.5      35.0736     0.999273  -0.00192753  0.000390119 
         1.5      35.3194     0.999266  -0.00191393  0.000400136 
         1.5       35.566     0.999258  -0.00190034  0.000410036 
         1.5      35.8135     0.999251  -0.00188677  0.000419818 
         1.5      36.0618     0.999244  -0.00187322  0.000429483 
         1.5       36.311     0.999237   -0.0018597   0.00043903 
         1.5      36.5609      0.99923  -0.00184621  0.000448459 
         1.5      36.8118     0.999223  -0.00183274   0.00045777 
         1.5      37.0634     0.999217  -0.00181931  0.000466962 
         1.5       37.316      0.99921   -0.0018059  0.000476046 
         1.5      37.5693     0.999204  -0.00179246  0.000485121 
         1.5      37.8235     0.999197  -0.00177904  0.000494089 
         1.5      38.0785     0.999191  -0.00176564   0.00050295 
         1.5      38.3344     0.999185  -0.00175225  0.000511705 
         1.5      38.5911     0.999179  -0.00173887  0.000520352 
         1.5      38.8487     0.999173  -0.00172552  0.000528892 
         1.5       39.107     0.999167  -0.00171218  0.000537326 
         1.5      39.3663     0.999162  -0.00169886  0.000545652 
         1.5      39.6264     0.999156  -0.00168557  0.000553871 
         1.5      39.8873     0.999151  -0.00167229  0.000561982 
         1.5       40.149     0.999145  -0.00165905  0.000569986 
         1.5      40.4116      0.99914  -0.00164583  0.000577881 
         1.5       40.675     0.999135  -0.00163271  0.000585672 
         1.5      40.9393     0.999131  -0.00161962  0.000593362 
         1.5      41.2044     0.999126  -0.00160655  0.000600952 
         1.5      41.4704     0.999121   -0.0015935  0.000608441 
         1.5      41.7372     0.999117  -0.00158048  0.000615831 
         1.5      42.0048     0.999112  -0.00156748  0.000623123 
         1.5      42.2733     0.999108   -0.0015545  0.000630318 
         1.5      42.5426     0.999104  -0.00154156  0.000637416 
         1.5      42.8128       0.9991  -0.00152864  0.000644418 
         1.5      43.0838     0.999096  -0.00151576  0.000651326 
         1.5      43.3556     0.999092  -0.00150291  0.000658139 
         1.5      43.6283     0.999088   -0.0014901  0.000664858 
         1.5      43.9018     0.999084  -0.00147732  0.000671485 
         1.5      44.1761     0.999081  -0.00146457  0.000678021 
         1.5      44.4513     0.999077  -0.00145187  0.000684465 
         1.5      44.7274     0.999074  -0.00143921   0.00069082 
         1.5      45.0043      0.99907  -0.00142658  0.000697085 
         1.5       45.282     0.999067  -0.00141399  0.000703261 
         1.5      45.5605     0.999064  -0.00140145   0.00070935 
         1.5      45.8399     0.999061  -0.00138894  0.000715352 
         1.5      46.1202     0.999058  -0.00137648  0.000721268 
         1.5      46.4013     0.999055  -0.00136405  0.000727099 
         1.5      46.6832     0.999052  -0.00135167  0.000732845 
         1.5      46.9659      0.99905  -0.00133933  0.000738507 
         1.5      47.2495     0.999047  -0.00132703  0.000744087 
         1.5       47.534     0.999044  -0.00131477  0.000749584 
         1.5      47.8193     0.999042  -0.00130256     0.000755 
         1.5      48.1054      0.99904  -0.00129038  0.000760336 
         1.5      48.3923     0.999037  -0.00127824  0.000765591 
         1.5      48.6801     0.999035  -0.00126615  0.000770768 
         1.5      48.9688     0.999033  -0.00125409  0.000775865 
         1.5      49.2583     0.999031  -0.00124208  0.000780885 
         1.5      49.5486     0.999029   -0.0012301  0.000785828 
         1.5      49.8398     0.999028  -0.00121816  0.000790695 
         1.5      50.1318     0.999026  -0.00120626  0.000795485 
         1.5      50.4246     0.999024   -0.0011944  0.000800201 
         1.5      50.7183     0.999023  -0.00118257  0.000804842 
         1.5      51.0128     0.999021  -0.00117078  0.000809409 
         1.5      51.3082      0.99902  -0.00115903  0.000813903 
         1.5      51.6044     0.999019  -0.00114732  0.000818323 
         1.5      51.9014     0.999017  -0.00113564  0.000822672 
         1.5      52.1993     0.999016  -0.00112399  0.000826948 
         1.5       52.498     0.999015  -0.00111239  0.000831154 
         1.5      52.7976     0.999014  -0.00110082  0.000835288 
         1.5       53.098     0.999013  -0.00108929  0.000839352 
         1.5      53.3993     0.999012  -0.00107779  0.000843346 
         1.5      53.7014     0.999012  -0.00106633   0.00084727 
         1.5      54.0043     0.999011  -0.00105497   0.00085114 
         1.5       54.308      0.99901  -0.00104365  0.000854945 
         1.5      54.6127      0.99901  -0.00103237  0.000858683 
         1.5      54.9181     0.999009  -0.00102113  0.000862357 
         1.5      55.2244     0.999009  -0.00100993  0.000865965 
         1.5      55.5315     0.999009 -0.000998768   0.00086951 
         1.5      55.8395     0.999008 -0.000987651   0.00087299 
         1.5      56.1483     0.999008 -0.000976577  0.000876407 
         1.5       56.458     0.999008 -0.000965548  0.000879762 
         1.5      56.7684     0.999008 -0.000954566  0.000883055 
         1.5      57.0798     0.999008 -0.000943633  0.000886286 
         1.5      57.3919     0.999008 -0.000932751  0.000889456 
         1.5       57.705     0.999009 -0.000921924  0.000892565 
         1.5      58.0188     0.999009 -0.000911153  0.000895613 
         1.5      58.3335     0.999009 -0.000900443  0.000898603 
         1.5       58.649      0.99901 -0.000889798  0.000901532 
         1.5      58.9654      0.99901 -0.000879221  0.000904403 
         1.5      59.2826     0.999011 -0.000868717  0.000907214 
         1.5      59.6007     0.999012 -0.000858291  0.000909968 
         1.5      59.9196     0.999013 -0.000847948  0.000912663 
         1.5      60.2393     0.999014 -0.000837694  0.000915301 
         1.5      60.5599     0.999015 -0.000827537  0.000917881 
         1.5      60.8813     0.999017 -0.000817482  0.000920404 
         1.5      61.2035     0.999018 -0.000807594  0.000922702 
         1.5      61.5266     0.999019 -0.000797866  0.000924676 
         1.5      61.8506      0.99902 -0.000788187  0.000926605 
         1.5      62.1753     0.999022 -0.000778557  0.000928498 
         1.5       62.501     0.999023 -0.000768972  0.000930364 
         1.5      62.8274     0.999023  -0.00075864  0.000932433 
         1.5      63.1547     0.999023 -0.000747991  0.000934598 
         1.5      63.4828     0.999023 -0.000737492  0.000936726 
         1.5      63.8118     0.999023 -0.000727132  0.000938818 
         1.5      64.1416     0.999024 -0.000716903  0.000940872 
         1.5      64.4723     0.999024 -0.000706797  0.000942888 
         1.5      64.8038     0.999025 -0.000696804  0.000944866 
         1.5      65.1361     0.999026 -0.000686918  0.000946806 
         1.5      65.4693     0.999027  -0.00067713  0.000948706 
         1.5      65.8033     0.999029 -0.000667434  0.000950567 
         1.5      66.1382      0.99903 -0.000657824  0.000952388 
         1.5      66.4739     0.999032 -0.000648294  0.000954169 
         1.5      66.8104     0.999034 -0.000638838  0.000955909 
         1.5      67.1478     0.999035  -0.00062945  0.000957608 
         1.5       67.486     0.999037 -0.000620127  0.000959266 
         1.5      67.8251     0.999039 -0.000610864  0.000960883 
         1.5       68.165     0.999041 -0.000601657  0.000962458 
         1.5      68.5057     0.999044 -0.000592502  0.000963991 
         1.5      68.8473     0.999046 -0.000583397  0.000965481 
         1.5      69.1897     0.999048 -0.000574339   0.00096693 
         1.5       69.533      0.99905 -0.000565325  0.000968336 
         1.5      69.8771     0.999053 -0.000556353  0.000969699 
         1.5       70.222     0.999055 -0.000547422   0.00097102 
         1.5      70.5678     0.999057  -0.00053853  0.000972298 
         1.5      70.9145      0.99906 -0.000529677  0.000973532 
         1.5      71.2619     0.999062 -0.000520861  0.000974724 
         1.5      71.6102     0.999064 -0.000512083  0.000975874 
         1.5      71.9594     0.999067 -0.000503342   0.00097698 
         1.5      72.3093     0.999069 -0.000494638  0.000978044 
         1.5      72.6602     0.999072 -0.000485972  0.000979064 
         1.5      73.0118     0.999074 -0.000477345  0.000980043 
         1.5      73.3643     0.999077 -0.000468757  0.000980979 
         1.5      73.7177     0.999079  -0.00046021  0.000981872 
         1.5      74.0719     0.999081 -0.000451705  0.000982724 
         1.5      74.4269     0.999084 -0.000443244  0.000983534 
         1.5      74.7828     0.999086 -0.000434827  0.000984303 
         1.5      75.1395     0.999089 -0.000426457   0.00098503 
         1.5       75.497     0.999091 -0.000418136  0.000985717 
         1.5      75.8554     0.999094 -0.000409865  0.000986363 
         1.5      76.2146     0.999097 -0.000401647   0.00098697 
         1.5      76.5747     0.999099 -0.000393483  0.000987537 
         1.5      76.9356     0.999102 -0.000385376  0.000988065 
         1.5      77.2974     0.999104 -0.000377328  0.000988555 
         1.5      77.6599     0.999107 -0.000369341  0.000989007 
         1.5      78.0234      0.99911 -0.000361416  0.000989422 
         1.5      78.3876     0.999112 -0.000353556    0.0009898 
         1.5      78.7528     0.999115 -0.000345762  0.000990143 
         1.5      79.1187     0.999118 -0.000338035   0.00099045 
         1.5      79.4855     0.999121 -0.000330378  0.000990724 
         1.5      79.8531     0.999124 -0.000322792  0.000990964 
         1.5      80.2216     0.999127 -0.000315276  0.000991171 
         1.5      80.5909      0.99913 -0.000307833  0.000991348 
         1.5      80.9611     0.999133 -0.000300461  0.000991493 
         1.5      81.3321     0.999136 -0.000293162   0.00099161 
         1.5      81.7039     0.999139 -0.000285934  0.000991697 
         1.5      82.0766     0.999142 -0.000278777  0.000991758 
         1.5      82.4501     0.999145 -0.000271689  0.000991793 
         1.5      82.8244     0.999148 -0.000264669  0.000991802 
         1.5      83.1996     0.999152 -0.000257714  0.000991789 
         1.5      83.5757     0.999155 -0.000250821  0.000991753 
         1.5      83.9525     0.999158 -0.000243986  0.000991696 
         1.5      84.3302     0.999161 -0.000237205   0.00099162 
         1.5      84.7088     0.999165 -0.000230473  0.000991526 
         1.5      85.0882     0.999168 -0.000223783  0.000991415 
         1.5      85.4684     0.999171  -0.00021713   0.00099129 
         1.5      85.8495     0.999174 -0.000210506  0.000991153 
         1.5      86.2314     0.999178 -0.000203902  0.000991003 
         1.5      86.6142     0.999181 -0.000197308  0.000990845 
         1.5      86.9978     0.999184 -0.000190714  0.000990679 
         1.5      87.3822     0.999187 -0.000184108  0.000990507 
         1.5      87.7675      0.99919 -0.000177477  0.000990331 
         1.5      88.1536     0.999192 -0.000170808  0.000990154 
         1.5      88.5406     0.999195 -0.000164085  0.000989978 
         1.5      88.9284     0.999197 -0.000157291  0.000989804 
         1.5       89.317     0.999199 -0.000150409  0.000989634 
         1.5      89.7065     0.999201 -0.000143418  0.000989473 
         1.5      90.0968     0.999202 -0.000136298   0.00098932 
         1.5      90.4879     0.999203 -0.000129025   0.00098918 
         1.5      90.8799     0.999204 -0.000121577  0.000989055 
         1.5      91.2728     0.999205 -0.000113926  0.000988946 
         1.5      91.6665     0.999205 -0.000106046  0.000988857 
         1.5       92.061     0.999204 -9.79503e-05  0.000988801 
         1.5      92.4563     0.999201  -9.0812e-05  0.000989031 
         1.5      92.8525     0.999199 -8.35996e-05  0.000989354 
         1.5      93.2496     0.999196  -7.6269e-05  0.000989784 
         1.5      93.6475     0.999194 -6.87739e-05  0.000990337 
         1.5      94.0462     0.999192 -6.10658e-05  0.000991028 
         1.5      94.4458      0.99919  -5.3094e-05  0.000991873 
         1.5      94.8462     0.999189 -4.48052e-05  0.000992888 
         1.5      95.2474     0.999187 -3.61439e-05  0.000994091 
         1.5      95.6495     0.999189  -2.7745e-05  0.000995269 
         1.5      96.0524       0.9992 -2.28383e-05  0.000995386 
         1.5      96.4562      0.99921 -1.78205e-05  0.000995666 
         1.5      96.8608      0.99922 -1.26966e-05   0.00099611 
         1.5      97.2662     0.999229   -7.472e-06  0.000996715 
         1.5      97.6725     0.999237 -2.15183e-06  0.000997482 
         1.5      98.0796     0.999245  3.25868e-06  0.000998408 
         1.5      98.4876     0.999252  8.75438e-06  0.000999492 
         1.5      98.8964     0.999258  1.43301e-05   0.00100073 
         1.5       99.306     0.999264  1.99806e-05   0.00100213 
         1.5      99.7165     0.999269  2.53478e-05   0.00100249 
         1.5      100.128     0.999275  3.03477e-05    0.0010017 
         1.5       100.54     0.999281  3.53059e-05   0.00100091 
         1.5      100.953     0.999287  4.02241e-05   0.00100011 
         1.5      101.367     0.999292   4.5104e-05  0.000999314 
         1.5      101.782     0.999297  4.99476e-05  0.000998513 
         1.5      102.197     0.999302  5.47565e-05  0.000997712 
         1.5      102.613     0.999307  5.95325e-05  0.000996912 
         1.5      103.031     0.999312  6.42774e-05  0.000996112 
         1.5      103.449     0.999317  6.89928e-05  0.000995314 
         1.5      103.868     0.999321  7.36805e-05   0.00099452 
         1.5      104.287     0.999326  7.83423e-05  0.000993728 
         1.5      104.708      0.99933  8.29797e-05  0.000992942 
         1.5      105.129     0.999334  8.75945e-05   0.00099216 
         1.5      105.552     0.999338  9.21884e-05  0.000991384 
         1.5      105.975     0.999342  9.67629e-05  0.000990615 
         1.5      106.399     0.999346   0.00010132  0.000989854 
         1.5      106.823     0.999349   0.00010586  0.000989101 
         1.5      107.249     0.999352  0.000110386  0.000988356 
         1.5      107.675     0.999356  0.000114899  0.000987622 
         1.5      108.103     0.999359  0.000119401  0.000986897 
         1.5      108.531     0.999362  0.000123892  0.000986184 
         1.5       108.96     0.999364  0.000128375  0.000985482 
         1.5       109.39     0.999367  0.000132851  0.000984792 
         1.5       109.82     0.999369  0.000137322  0.000984116 
         1.5      110.252     0.999372  0.000141787  0.000983452 
         1.5      110.684     0.999374   0.00014625  0.000982803 
         1.5      111.117     0.999376  0.000150711  0.000982168 
         1.5      111.551     0.999378  0.000155172  0.000981549 
         1.5      111.986     0.999379  0.000159634  0.000980945 
         1.5      112.422     0.999381  0.000164097  0.000980357 
         1.5      112.858     0.999382  0.000168563  0.000979786 
         1.5      113.296     0.999384  0.000173034  0.000979232 
         1.5      113.734     0.999385   0.00017751  0.000978695 
         1.5      114.173     0.999386  0.000181992  0.000978176 
         1.5      114.613     0.999387  0.000186482  0.000977676 
         1.5      115.054     0.999387  0.000190979  0.000977194 
         1.5      115.495     0.999388  0.000195485  0.000976731 
         1.5      115.938     0.999388  0.000200002  0.000976287 
         1.5      116.381     0.999388  0.000204528  0.000975863 
         1.5      116.825     0.999388  0.000209066  0.000975459 
         1.5       117.27     0.999388  0.000213615  0.000975075 
         1.5      117.716     0.999388  0.000218177  0.000974711 
         1.5      118.162     0.999388  0.000222751  0.000974367 
         1.5       118.61     0.999388  0.000227339  0.000974044 
         1.5      119.058     0.999387  0.000231941  0.000973742 
         1.5      119.507     0.999386  0.000236556  0.000973461 
         1.5      119.957     0.999386  0.000241185    0.0009732 
         1.5      120.408     0.999385  0.000245828  0.000972961 
         1.5       120.86     0.999384  0.000250486  0.000972742 
         1.5      121.312     0.999383  0.000255158  0.000972545 
         1.5      121.766     0.999382  0.000259844  0.000972368 
         1.5       122.22     0.999381  0.000264543  0.000972212 
         1.5      122.675      0.99938  0.000269257  0.000972076 
         1.5      123.131     0.999378  0.000273984  0.000971961 
         1.5      123.587     0.999377  0.000278723  0.000971866 
         1.5      124.045     0.999376  0.000283475  0.000971792 
         1.5      124.503     0.999374  0.000288239  0.000971737 
         1.5      124.962     0.999373  0.000293013  0.000971701 
         1.5      125.423     0.999371  0.000297798  0.000971685 
         1.5      125.883      0.99937  0.000302591  0.000971688 
         1.5      126.345     0.999369  0.000307393  0.000971708 
         1.5      126.808     0.999368  0.000312202  0.000971747 
         1.5      127.271     0.999366  0.000317016  0.000971804 
         1.5      127.735     0.999365  0.000321834  0.000971877 
         1.5      128.201     0.999364  0.000326655  0.000971967 
         1.5      128.666     0.999363  0.000331477  0.000972072 
         1.5      129.133     0.999363  0.000336299  0.000972193 
         1.5      129.601     0.999362  0.000341117  0.000972327 
         1.5      130.069     0.999362  0.000345932  0.000972476 
         1.5      130.539     0.999362  0.000350739  0.000972638 
         1.5      131.009     0.999362  0.000355538  0.000972811 
         1.5       131.48     0.999362  0.000360325  0.000972996 
         1.5      131.952     0.999363  0.000365099  0.000973192 
         1.5      132.424     0.999364  0.000369855  0.000973396 
         1.5      132.898     0.999365  0.000374592  0.000973609 
         1.5      133.372     0.999367  0.000379307   0.00097383 
         1.5      133.847     0.999369  0.000383996  0.000974056 
         1.5      134.323     0.999371  0.000388657  0.000974288 
         1.5        134.8     0.999375  0.000393284  0.000974523 
         1.5      135.278     0.999378  0.000397876  0.000974762 
         1.5      135.757     0.999382  0.000402428  0.000975001 
         1.5      136.236     0.999387  0.000406936  0.000975241 
         1.5      136.716     0.999393  0.000411397  0.000975479 
         1.5      137.197     0.999399  0.000415805  0.000975714 
         1.5      137.679     0.999406  0.000420156  0.000975945 
         1.5      138.162     0.999413  0.000424446   0.00097617 
         1.5      138.645     0.999422  0.000428669  0.000976387 
         1.5       139.13     0.999431  0.000432822  0.000976596 
         1.5      139.615     0.999442  0.000436897  0.000976793 
         1.5      140.101     0.999453  0.000440891  0.000976978 
         1.5      140.588     0.999465  0.000444796  0.000977148 
         1.5      141.076     0.999479  0.000448609  0.000977301 
         1.5      141.565     0.999494  0.000452321  0.000977436 
         1.5      142.054      0.99951  0.000455927  0.000977551 
         1.5      142.544     0.999527  0.000459421  0.000977643 
         1.5      143.036     0.999546  0.000462795   0.00097771 
         1.5      143.528     0.999566  0.000466043   0.00097775 
         1.5       144.02     0.999588  0.000469158  0.000977761 
         1.5      144.514     0.999611  0.000472131  0.000977741 
         1.5      145.009     0.999636  0.000474956  0.000977686 
         1.5      145.504     0.999663  0.000477625  0.000977596 
         1.5          146     0.999692  0.000480128  0.000977466 
         1.5      146.497     0.999723  0.000482458  0.000977294 
         1.5      146.995     0.999755  0.000484607  0.000977079 
         1.5      147.494      0.99979  0.000486564  0.000976816 
         1.5      147.993     0.999827  0.000488321  0.000976503 
         1.5      148.494     0.999867  0.000489869  0.000976138 
         1.5      148.995     0.999909  0.000491196  0.000975717 
         1.5      149.497     0.999953  0.000492295  0.000975238 
         1.5          150            1  0.000493153  0.000974696 
