Variables = x, y, u, v, p

Zone, I=600, F=POINT
       176.5            0            0            0 -0.000757032 
       176.5     0.000418  0.000212257    1.201e-09 -0.000757031 
       176.5     0.001672   0.00084909  4.48054e-09 -0.000757027 
       176.5     0.003763   0.00191119  8.90891e-09  -0.00075702 
       176.5     0.006689   0.00339785   1.3055e-08  -0.00075701 
       176.5     0.010451   0.00531001  1.51758e-08 -0.000756997 
       176.5      0.01505   0.00764873  1.34291e-08 -0.000756979 
       176.5     0.020485    0.0104142   6.1242e-09 -0.000756958 
       176.5     0.026756    0.0136071 -8.03001e-09 -0.000756932 
       176.5     0.033863    0.0172285 -2.97066e-08 -0.000756904 
       176.5     0.041806    0.0212793 -5.87937e-08 -0.000756874 
       176.5     0.050585    0.0257607 -9.43009e-08 -0.000756845 
       176.5     0.060201    0.0306745 -1.34355e-07 -0.000756818 
       176.5     0.070652     0.036021  -1.7626e-07 -0.000756798 
       176.5      0.08194    0.0418026 -2.16675e-07 -0.000756786 
       176.5     0.094063      0.04802 -2.51756e-07 -0.000756787 
       176.5     0.107023    0.0546759 -2.77329e-07 -0.000756803 
       176.5     0.120819    0.0617715 -2.88871e-07 -0.000756836 
       176.5     0.135451    0.0693087 -2.81258e-07 -0.000756883 
       176.5     0.150919    0.0772895 -2.48031e-07 -0.000756939 
       176.5     0.167224    0.0857164 -1.79962e-07 -0.000756995 
       176.5     0.184364    0.0945907 -6.26359e-08 -0.000757032 
       176.5     0.202341     0.103915  1.27397e-07 -0.000757023 
       176.5     0.221153     0.113692  4.28207e-07 -0.000756925 
       176.5     0.240802     0.123924  9.00597e-07 -0.000756682 
       176.5     0.261287      0.13461  1.42654e-06 -0.000756594 
       176.5     0.282608     0.145756  2.02622e-06 -0.000756739 
       176.5     0.304765     0.157364  2.87456e-06 -0.000756858 
       176.5     0.327758     0.169433  3.99643e-06 -0.000756949 
       176.5     0.351588     0.181962  5.41842e-06  -0.00075701 
       176.5     0.376253     0.194947  7.16868e-06 -0.000757041 
       176.5     0.401755     0.208385  9.27738e-06 -0.000757043 
       176.5     0.428092     0.222272  1.17761e-05 -0.000757018 
       176.5     0.455266     0.236602  1.46983e-05 -0.000756968 
       176.5     0.483276     0.251368  1.80784e-05   -0.0007569 
       176.5     0.512122     0.266562  2.19517e-05  -0.00075682 
       176.5     0.541805     0.282175  2.63537e-05 -0.000756737 
       176.5     0.572323     0.298195  3.13181e-05 -0.000756662 
       176.5     0.603677     0.314608  3.68771e-05 -0.000756611 
       176.5     0.635868     0.331403  4.30587e-05 -0.000756601 
       176.5     0.668894      0.34856  4.98839e-05 -0.000756655 
       176.5     0.702757     0.366064  5.73659e-05 -0.000756799 
       176.5     0.737456     0.383893  6.55046e-05 -0.000757063 
       176.5     0.772991     0.402035  7.40438e-05 -0.000757008 
       176.5     0.809362     0.420428  8.30121e-05 -0.000756778 
       176.5      0.84657     0.439041  9.24846e-05 -0.000756609 
       176.5     0.884613     0.457851  0.000102414 -0.000756492 
       176.5     0.923492     0.476834  0.000112758 -0.000756418 
       176.5     0.963208     0.495969  0.000123477 -0.000756376 
       176.5      1.00376     0.515227  0.000134537 -0.000756358 
       176.5      1.04515     0.534582  0.000145912 -0.000756354 
       176.5      1.08737     0.554005  0.000157579 -0.000756353 
       176.5      1.13043     0.573465  0.000169524 -0.000756347 
       176.5      1.17433      0.59293  0.000181737 -0.000756328 
       176.5      1.21906     0.612367  0.000194214 -0.000756288 
       176.5      1.26463     0.631739  0.000206957 -0.000756223 
       176.5      1.31103     0.651008  0.000219966 -0.000756129 
       176.5      1.35827     0.670136  0.000233243 -0.000756006 
       176.5      1.40635     0.689079  0.000246787 -0.000755854 
       176.5      1.45526     0.707795  0.000260588  -0.00075568 
       176.5      1.50501     0.726236  0.000274621 -0.000755492 
       176.5       1.5556     0.744356  0.000288844 -0.000755305 
       176.5      1.60702     0.762102  0.000303188 -0.000755137 
       176.5      1.65928     0.779422  0.000317545 -0.000755013 
       176.5      1.71237     0.796261  0.000331765 -0.000754963 
       176.5       1.7663     0.812433  0.000346136 -0.000754913 
       176.5      1.82106     0.827694  0.000361224 -0.000754644 
       176.5      1.87667     0.842298  0.000375878 -0.000754375 
       176.5      1.93311     0.856234  0.000390081 -0.000754104 
       176.5      1.99038      0.86949  0.000403817 -0.000753831 
       176.5      2.04849     0.882057  0.000417072 -0.000753555 
       176.5      2.10744     0.893929  0.000429833 -0.000753276 
       176.5      2.16722     0.905101  0.000442088 -0.000752991 
       176.5      2.22784     0.915569  0.000453827 -0.000752702 
       176.5      2.28929     0.925335   0.00046504 -0.000752406 
       176.5      2.35158     0.934401   0.00047572 -0.000752102 
       176.5      2.41471     0.942771   0.00048586 -0.000751791 
       176.5      2.47867     0.950453  0.000495456 -0.000751471 
       176.5      2.54347     0.957458  0.000504506 -0.000751141 
       176.5      2.60911     0.963799  0.000513008 -0.000750801 
       176.5      2.67558     0.969492  0.000520963 -0.000750449 
       176.5      2.74288     0.974557  0.000528375 -0.000750087 
       176.5      2.81103     0.979017  0.000535248 -0.000749711 
       176.5      2.88001     0.982897  0.000541588 -0.000749324 
       176.5      2.94983     0.986226  0.000547405 -0.000748923 
       176.5      3.02048     0.989038  0.000552709 -0.000748509 
       176.5      3.09197      0.99137  0.000557514 -0.000748081 
       176.5      3.16429      0.99326  0.000561835 -0.000747641 
       176.5      3.23745     0.994755   0.00056569 -0.000747187 
       176.5      3.31145     0.995901  0.000569099  -0.00074672 
       176.5      3.38628     0.996751  0.000572083 -0.000746242 
       176.5      3.46195     0.997362  0.000574668 -0.000745752 
       176.5      3.53845     0.997794   0.00057688 -0.000745252 
       176.5      3.61579     0.998113  0.000578749 -0.000744743 
       176.5      3.69397     0.998388  0.000580306 -0.000744226 
       176.5      3.77298     0.998671  0.000582045 -0.000743731 
       176.5      3.85283     0.998911  0.000584518 -0.000743273 
       176.5      3.93352     0.999127  0.000586621 -0.000742776 
       176.5      4.01504     0.999321  0.000588471 -0.000742246 
       176.5       4.0974     0.999493  0.000590166 -0.000741689 
       176.5      4.18059     0.999644  0.000591778 -0.000741108 
       176.5      4.26462     0.999775  0.000593361 -0.000740508 
       176.5      4.34949     0.999886  0.000594949 -0.000739892 
       176.5      4.43519     0.999978  0.000596561 -0.000739262 
       176.5      4.52173      1.00005    0.0005982  -0.00073862 
       176.5       4.6091      1.00011  0.000599864 -0.000737965 
       176.5      4.69731      1.00015  0.000601541 -0.000737298 
       176.5      4.78636      1.00018  0.000603221 -0.000736618 
       176.5      4.87624       1.0002  0.000604898 -0.000735919 
       176.5      4.96696       1.0002   0.00060658 -0.000735199 
       176.5      5.05851       1.0002  0.000608358 -0.000734749 
       176.5       5.1509      1.00018  0.000610046 -0.000734285 
       176.5      5.24413      1.00016  0.000611675 -0.000733714 
       176.5       5.3382      1.00014  0.000613324 -0.000732961 
       176.5      5.43309      1.00012  0.000615118 -0.000731942 
       176.5      5.52883      1.00012   0.00061694 -0.000731214 
       176.5       5.6254      1.00011  0.000618668  -0.00073063 
       176.5      5.72281      1.00011  0.000620353 -0.000730031 
       176.5      5.82105      1.00011  0.000622015 -0.000729409 
       176.5      5.92013      1.00011  0.000623671 -0.000728759 
       176.5      6.02005      1.00011  0.000625339 -0.000728074 
       176.5       6.1208      1.00011  0.000627031 -0.000727351 
       176.5      6.22239      1.00012  0.000628759 -0.000726586 
       176.5      6.32482      1.00012  0.000630532 -0.000725776 
       176.5      6.42808      1.00012  0.000632354 -0.000724919 
       176.5      6.53217      1.00013  0.000634225 -0.000724016 
       176.5      6.63711      1.00013  0.000636141 -0.000723069 
       176.5      6.74287      1.00014   0.00063809 -0.000722079 
       176.5      6.84948      1.00014  0.000640058 -0.000721052 
       176.5      6.95692      1.00015  0.000642018 -0.000719994 
       176.5       7.0652      1.00015   0.00064394 -0.000718912 
       176.5      7.17431      1.00015  0.000645781 -0.000717817 
       176.5      7.28426      1.00015  0.000647634 -0.000716846 
       176.5      7.39505      1.00015  0.000649901  -0.00071633 
       176.5      7.50667      1.00015  0.000652047 -0.000715756 
       176.5      7.61913      1.00015  0.000654064 -0.000715111 
       176.5      7.73242      1.00014  0.000655946 -0.000714377 
       176.5      7.84655      1.00013  0.000657698 -0.000713532 
       176.5      7.96152      1.00013  0.000659334 -0.000712548 
       176.5      8.07732      1.00012  0.000660888 -0.000711393 
       176.5      8.19396      1.00011  0.000662413 -0.000710026 
       176.5      8.31143       1.0001  0.000663988 -0.000708404 
       176.5      8.42974       1.0001  0.000666006 -0.000707074 
       176.5      8.54889       1.0001  0.000668329 -0.000706282 
       176.5      8.66887      1.00011  0.000670571  -0.00070544 
       176.5      8.78969      1.00011  0.000672747 -0.000704552 
       176.5      8.91135      1.00012  0.000674871  -0.00070362 
       176.5      9.03384      1.00012  0.000676953 -0.000702647 
       176.5      9.15717      1.00012  0.000679006 -0.000701635 
       176.5      9.28133      1.00013  0.000681038 -0.000700587 
       176.5      9.40633      1.00013   0.00068306 -0.000699505 
       176.5      9.53216      1.00013  0.000685078 -0.000698392 
       176.5      9.65884      1.00013    0.0006871 -0.000697251 
       176.5      9.78634      1.00014  0.000689131 -0.000696082 
       176.5      9.91469      1.00014  0.000691176 -0.000694889 
       176.5      10.0439      1.00014  0.000693237 -0.000693672 
       176.5      10.1739      1.00014  0.000695318 -0.000692435 
       176.5      10.3047      1.00014   0.00069742 -0.000691177 
       176.5      10.4364      1.00014  0.000699543 -0.000689901 
       176.5      10.5689      1.00014  0.000701688 -0.000688607 
       176.5      10.7023      1.00014  0.000703852 -0.000687297 
       176.5      10.8365      1.00014  0.000706034 -0.000685971 
       176.5      10.9715      1.00014  0.000708232 -0.000684629 
       176.5      11.1074      1.00014  0.000710443 -0.000683271 
       176.5      11.2441      1.00014  0.000712662 -0.000681897 
       176.5      11.3817      1.00014  0.000714888 -0.000680506 
       176.5        11.52      1.00014  0.000717114 -0.000679098 
       176.5      11.6592      1.00014  0.000719338  -0.00067767 
       176.5      11.7993      1.00014  0.000721556 -0.000676223 
       176.5      11.9402      1.00013  0.000723765 -0.000674752 
       176.5      12.0819      1.00013  0.000725961 -0.000673256 
       176.5      12.2245      1.00013  0.000728142 -0.000671732 
       176.5      12.3679      1.00013  0.000730308 -0.000670177 
       176.5      12.5121      1.00013  0.000732459 -0.000668586 
       176.5      12.6572      1.00013  0.000734595 -0.000666955 
       176.5      12.8031      1.00013   0.00073672 -0.000665279 
       176.5      12.9498      1.00012   0.00073884 -0.000663552 
       176.5      13.0974      1.00012  0.000740963 -0.000661769 
       176.5      13.2458      1.00012  0.000743098 -0.000659922 
       176.5       13.395      1.00012   0.00074528  -0.00065807 
       176.5      13.5451      1.00012  0.000747628 -0.000656724 
       176.5       13.696      1.00012  0.000749935 -0.000655359 
       176.5      13.8478      1.00012  0.000752207 -0.000653971 
       176.5      14.0004      1.00011  0.000754457 -0.000652555 
       176.5      14.1538      1.00011  0.000756714 -0.000651108 
       176.5      14.3081      1.00012  0.000759014 -0.000649623 
       176.5      14.4632      1.00012  0.000761409 -0.000648097 
       176.5      14.6191      1.00012  0.000763569 -0.000646264 
       176.5      14.7759      1.00012  0.000765711 -0.000644391 
       176.5      14.9335      1.00012  0.000767881 -0.000642519 
       176.5      15.0919      1.00012  0.000770075 -0.000640646 
       176.5      15.2512      1.00012  0.000772289  -0.00063877 
       176.5      15.4113      1.00012  0.000774518  -0.00063689 
       176.5      15.5723      1.00012  0.000776761 -0.000635006 
       176.5      15.7341      1.00012  0.000779013 -0.000633116 
       176.5      15.8967      1.00012  0.000781272 -0.000631218 
       176.5      16.0602      1.00012  0.000783535 -0.000629311 
       176.5      16.2245      1.00012  0.000785801 -0.000627395 
       176.5      16.3896      1.00012  0.000788066 -0.000625468 
       176.5      16.5556      1.00012  0.000790329 -0.000623528 
       176.5      16.7224      1.00012   0.00079259 -0.000621575 
       176.5        16.89      1.00012  0.000794845 -0.000619608 
       176.5      17.0585      1.00011  0.000797096 -0.000617626 
       176.5      17.2278      1.00011   0.00079934 -0.000615628 
       176.5      17.3979      1.00011  0.000801572  -0.00061359 
       176.5      17.5689      1.00011  0.000803793 -0.000611517 
       176.5      17.7408      1.00011  0.000806009 -0.000609423 
       176.5      17.9134      1.00011  0.000808219 -0.000607309 
       176.5      18.0869      1.00011  0.000810424 -0.000605174 
       176.5      18.2612      1.00011  0.000812626 -0.000603019 
       176.5      18.4364      1.00011  0.000814824 -0.000600845 
       176.5      18.6124      1.00011   0.00081702 -0.000598651 
       176.5      18.7892      1.00011  0.000819214 -0.000596438 
       176.5      18.9669      1.00011  0.000821407 -0.000594206 
       176.5      19.1454      1.00011    0.0008236 -0.000591956 
       176.5      19.3248      1.00011  0.000825793 -0.000589688 
       176.5       19.505       1.0001  0.000827987 -0.000587404 
       176.5       19.686       1.0001   0.00083018 -0.000585103 
       176.5      19.8678       1.0001  0.000832374 -0.000582787 
       176.5      20.0505       1.0001  0.000834567 -0.000580455 
       176.5      20.2341       1.0001  0.000836759  -0.00057811 
       176.5      20.4184       1.0001  0.000838947 -0.000575752 
       176.5      20.6036       1.0001   0.00084113 -0.000573382 
       176.5      20.7897       1.0001  0.000843306 -0.000571002 
       176.5      20.9765       1.0001   0.00084547 -0.000568611 
       176.5      21.1642       1.0001  0.000847619 -0.000566213 
       176.5      21.3528       1.0001  0.000849748 -0.000563807 
       176.5      21.5422      1.00009  0.000851855 -0.000561382 
       176.5      21.7324      1.00009  0.000853964 -0.000558875 
       176.5      21.9234      1.00009  0.000856076 -0.000556354 
       176.5      22.1153      1.00009  0.000858187 -0.000553819 
       176.5       22.308      1.00009  0.000860297 -0.000551269 
       176.5      22.5016      1.00009  0.000862402 -0.000548704 
       176.5       22.696      1.00009  0.000864502 -0.000546123 
       176.5      22.8912      1.00009  0.000866594 -0.000543527 
       176.5      23.0873      1.00009  0.000868678 -0.000540914 
       176.5      23.2842      1.00009  0.000870753 -0.000538284 
       176.5       23.482      1.00009  0.000872816 -0.000535637 
       176.5      23.6805      1.00009  0.000874868 -0.000532972 
       176.5        23.88      1.00009  0.000876908 -0.000530289 
       176.5      24.0802      1.00008  0.000878935 -0.000527589 
       176.5      24.2813      1.00008  0.000880948 -0.000524869 
       176.5      24.4832      1.00008  0.000882949 -0.000522132 
       176.5       24.686      1.00008  0.000884935 -0.000519375 
       176.5      24.8896      1.00008  0.000886909   -0.0005166 
       176.5       25.094      1.00008  0.000888868 -0.000513806 
       176.5      25.2993      1.00008  0.000890815 -0.000510993 
       176.5      25.5054      1.00008  0.000892749 -0.000508161 
       176.5      25.7123      1.00008   0.00089467 -0.000505309 
       176.5      25.9201      1.00008   0.00089658  -0.00050244 
       176.5      26.1287      1.00008  0.000898478 -0.000499551 
       176.5      26.3381      1.00007  0.000900365 -0.000496644 
       176.5      26.5484      1.00007  0.000902242 -0.000493719 
       176.5      26.7595      1.00007  0.000904109 -0.000490776 
       176.5      26.9715      1.00007  0.000905968 -0.000487815 
       176.5      27.1843      1.00007  0.000907818 -0.000484838 
       176.5      27.3979      1.00007  0.000909661 -0.000481844 
       176.5      27.6124      1.00007  0.000911496 -0.000478833 
       176.5      27.8277      1.00007  0.000913325 -0.000475808 
       176.5      28.0438      1.00007  0.000915147 -0.000472767 
       176.5      28.2608      1.00007  0.000916959 -0.000469716 
       176.5      28.4786      1.00006  0.000918747 -0.000466658 
       176.5      28.6972      1.00006  0.000920522 -0.000463584 
       176.5      28.9167      1.00006  0.000922282 -0.000460492 
       176.5       29.137      1.00006  0.000924028 -0.000457383 
       176.5      29.3582      1.00006  0.000925759 -0.000454259 
       176.5      29.5802      1.00006  0.000927474 -0.000451118 
       176.5       29.803      1.00006  0.000929174 -0.000447962 
       176.5      30.0267      1.00006  0.000930858 -0.000444791 
       176.5      30.2512      1.00006  0.000932525 -0.000441605 
       176.5      30.4765      1.00006  0.000934175 -0.000438405 
       176.5      30.7027      1.00005  0.000935806 -0.000435191 
       176.5      30.9297      1.00005  0.000937419 -0.000431964 
       176.5      31.1575      1.00005  0.000939012 -0.000428725 
       176.5      31.3862      1.00005  0.000940585 -0.000425474 
       176.5      31.6157      1.00005  0.000942137 -0.000422212 
       176.5      31.8461      1.00005  0.000943665  -0.00041894 
       176.5      32.0773      1.00005   0.00094517 -0.000415659 
       176.5      32.3093      1.00005   0.00094665 -0.000412369 
       176.5      32.5421      1.00005  0.000948103 -0.000409072 
       176.5      32.7758      1.00005  0.000949528 -0.000405768 
       176.5      33.0104      1.00005  0.000950923 -0.000402459 
       176.5      33.2457      1.00004   0.00095224 -0.000399199 
       176.5      33.4819      1.00004  0.000953517  -0.00039594 
       176.5       33.719      1.00004  0.000954773 -0.000392661 
       176.5      33.9568      1.00004  0.000956013  -0.00038936 
       176.5      34.1956      1.00004  0.000957242 -0.000386036 
       176.5      34.4351      1.00004  0.000958466 -0.000382685 
       176.5      34.6755      1.00004  0.000959854 -0.000379143 
       176.5      34.9167      1.00004  0.000961215 -0.000375596 
       176.5      35.1588      1.00003  0.000962548 -0.000372043 
       176.5      35.4017      1.00003  0.000963855 -0.000368484 
       176.5      35.6454      1.00003  0.000965134  -0.00036492 
       176.5      35.8899      1.00003  0.000966385 -0.000361351 
       176.5      36.1354      1.00003   0.00096761 -0.000357776 
       176.5      36.3816      1.00003  0.000968808 -0.000354196 
       176.5      36.6287      1.00003   0.00096998  -0.00035061 
       176.5      36.8766      1.00003  0.000971125 -0.000347019 
       176.5      37.1253      1.00003  0.000972244 -0.000343422 
       176.5      37.3749      1.00003  0.000973337  -0.00033982 
       176.5      37.6253      1.00003  0.000974406 -0.000336213 
       176.5      37.8766      1.00002  0.000975449   -0.0003326 
       176.5      38.1287      1.00002  0.000976468 -0.000328983 
       176.5      38.3816      1.00002  0.000977464 -0.000325359 
       176.5      38.6353      1.00002  0.000978436 -0.000321731 
       176.5      38.8899      1.00002  0.000979385 -0.000318097 
       176.5      39.1454      1.00002  0.000980312 -0.000314458 
       176.5      39.4016      1.00002  0.000981218 -0.000310813 
       176.5      39.6588      1.00002  0.000982102 -0.000307163 
       176.5      39.9167      1.00002  0.000982965 -0.000303508 
       176.5      40.1755      1.00002  0.000983807 -0.000299847 
       176.5      40.4351      1.00001   0.00098463  -0.00029618 
       176.5      40.6955      1.00001  0.000985432 -0.000292508 
       176.5      40.9568      1.00001  0.000986215  -0.00028883 
       176.5      41.2189      1.00001  0.000986979 -0.000285147 
       176.5      41.4819      1.00001  0.000987723 -0.000281458 
       176.5      41.7457      1.00001  0.000988447 -0.000277763 
       176.5      42.0103      1.00001  0.000989152 -0.000274062 
       176.5      42.2758      1.00001  0.000989837 -0.000270356 
       176.5      42.5421      1.00001  0.000990502 -0.000266643 
       176.5      42.8092      1.00001  0.000991146 -0.000262924 
       176.5      43.0772      1.00001  0.000991768 -0.000259199 
       176.5       43.346            1  0.000992368 -0.000255467 
       176.5      43.6157            1  0.000992944 -0.000251729 
       176.5      43.8862            1  0.000993495 -0.000247985 
       176.5      44.1575            1   0.00099402 -0.000244233 
       176.5      44.4296            1  0.000994517 -0.000240475 
       176.5      44.7026            1  0.000994983  -0.00023671 
       176.5      44.9765            1  0.000995417 -0.000232938 
       176.5      45.2511     0.999999  0.000995815 -0.000229158 
       176.5      45.5266     0.999998  0.000996175 -0.000225371 
       176.5       45.803     0.999997  0.000996494 -0.000221576 
       176.5      46.0801     0.999996  0.000996768 -0.000217773 
       176.5      46.3581     0.999995  0.000996993 -0.000213963 
       176.5       46.637     0.999993  0.000997164 -0.000210144 
       176.5      46.9167     0.999992  0.000997277 -0.000206316 
       176.5      47.1972     0.999991  0.000997327  -0.00020248 
       176.5      47.4785     0.999989  0.000997308 -0.000198635 
       176.5      47.7607     0.999987  0.000997213 -0.000194781 
       176.5      48.0438     0.999985  0.000997036 -0.000190917 
       176.5      48.3276     0.999983   0.00099677 -0.000187044 
       176.5      48.6123     0.999983  0.000997166 -0.000183294 
       176.5      48.8979     0.999982  0.000997722 -0.000179559 
       176.5      49.1842     0.999982  0.000998181 -0.000175798 
       176.5      49.4714     0.999982  0.000998553 -0.000172015 
       176.5      49.7595     0.999982  0.000998844  -0.00016822 
       176.5      50.0484     0.999981  0.000999058 -0.000164417 
       176.5      50.3381     0.999981    0.0009992 -0.000160614 
       176.5      50.6286     0.999981  0.000999274 -0.000156819 
       176.5        50.92     0.999981  0.000999282 -0.000153037 
       176.5      51.2122     0.999981  0.000999227 -0.000149277 
       176.5      51.5053     0.999981   0.00099911 -0.000145545 
       176.5      51.7992     0.999981  0.000998931 -0.000141848 
       176.5      52.0939     0.999981  0.000998689 -0.000138194 
       176.5      52.3895     0.999981  0.000998337 -0.000134538 
       176.5      52.6859     0.999981  0.000997768 -0.000130695 
       176.5      52.9831     0.999982  0.000997154 -0.000126809 
       176.5      53.2812     0.999982  0.000996511 -0.000122889 
       176.5      53.5801     0.999982  0.000995849 -0.000118942 
       176.5      53.8799     0.999982  0.000995181 -0.000114974 
       176.5      54.1805     0.999982  0.000994515 -0.000110994 
       176.5      54.4819     0.999981  0.000993861 -0.000107006 
       176.5      54.7841     0.999981  0.000993224 -0.000103018 
       176.5      55.0872     0.999981  0.000992612 -9.90352e-05 
       176.5      55.3912      0.99998  0.000992027  -9.5063e-05 
       176.5      55.6959     0.999979  0.000991474 -9.11065e-05 
       176.5      56.0015     0.999978  0.000990953 -8.71705e-05 
       176.5       56.308     0.999977  0.000990466 -8.32593e-05 
       176.5      56.6152     0.999976  0.000990011 -7.93766e-05 
       176.5      56.9233     0.999975  0.000989586  -7.5526e-05 
       176.5      57.2323     0.999973  0.000989189 -7.17104e-05 
       176.5      57.5421     0.999971  0.000988814 -6.79325e-05 
       176.5      57.8527     0.999969  0.000988455 -6.41942e-05 
       176.5      58.1641     0.999967  0.000988106 -6.04973e-05 
       176.5      58.4764     0.999965  0.000987759 -5.68428e-05 
       176.5      58.7896     0.999963  0.000987404 -5.32313e-05 
       176.5      59.1035     0.999961  0.000987032  -4.9663e-05 
       176.5      59.4183     0.999959   0.00098663 -4.61373e-05 
       176.5      59.7339     0.999956  0.000986187 -4.26533e-05 
       176.5      60.0504     0.999954  0.000985688 -3.92095e-05 
       176.5      60.3677     0.999952   0.00098512 -3.58037e-05 
       176.5      60.6859      0.99995  0.000984468 -3.24332e-05 
       176.5      61.0048     0.999948  0.000983715 -2.90946e-05 
       176.5      61.3247     0.999947  0.000982844 -2.57841e-05 
       176.5      61.6453     0.999945  0.000981837  -2.2497e-05 
       176.5      61.9668     0.999944  0.000980677 -1.92281e-05 
       176.5      62.2891     0.999944  0.000979343 -1.59715e-05 
       176.5      62.6123     0.999944  0.000977816 -1.27205e-05 
       176.5      62.9363     0.999945  0.000976076 -9.46804e-06 
       176.5      63.2611     0.999946  0.000974101 -6.20595e-06 
       176.5      63.5868     0.999948   0.00097187 -2.92554e-06 
       176.5      63.9133     0.999951  0.000969361  3.82665e-07 
       176.5      64.2406     0.999956  0.000967163  3.99881e-06 
       176.5      64.5688     0.999959  0.000966231  8.16715e-06 
       176.5      64.8978     0.999963  0.000965335  1.22506e-05 
       176.5      65.2277     0.999966  0.000964463  1.62523e-05 
       176.5      65.5583     0.999968  0.000963603  2.01756e-05 
       176.5      65.8899      0.99997  0.000962746  2.40239e-05 
       176.5      66.2222     0.999972  0.000961881  2.78004e-05 
       176.5      66.5554     0.999973  0.000960998  3.15088e-05 
       176.5      66.8894     0.999974  0.000960091  3.51523e-05 
       176.5      67.2243     0.999974  0.000959151  3.87344e-05 
       176.5        67.56     0.999974   0.00095817  4.22588e-05 
       176.5      67.8966     0.999974  0.000957144  4.57291e-05 
       176.5      68.2339     0.999974  0.000956067  4.91487e-05 
       176.5      68.5721     0.999974  0.000954935  5.25213e-05 
       176.5      68.9112     0.999973  0.000953742  5.58507e-05 
       176.5      69.2511     0.999973  0.000952488  5.91407e-05 
       176.5      69.5918     0.999972  0.000951169  6.23948e-05 
       176.5      69.9333     0.999971  0.000949785  6.56171e-05 
       176.5      70.2757      0.99997  0.000948335  6.88112e-05 
       176.5      70.6189     0.999969  0.000946819  7.19812e-05 
       176.5       70.963     0.999968   0.00094524  7.51309e-05 
       176.5      71.3079     0.999967  0.000943598  7.82643e-05 
       176.5      71.6536     0.999965  0.000941897  8.13853e-05 
       176.5      72.0002     0.999964  0.000940141  8.44982e-05 
       176.5      72.3476     0.999963  0.000938334  8.76068e-05 
       176.5      72.6959     0.999961  0.000936483  9.07154e-05 
       176.5      73.0449      0.99996  0.000934594   9.3828e-05 
       176.5      73.3949     0.999958  0.000932674  9.69489e-05 
       176.5      73.7456     0.999957  0.000930732  0.000100082 
       176.5      74.0972     0.999955  0.000928777  0.000103233 
       176.5      74.4496     0.999953   0.00092682  0.000106404 
       176.5      74.8029     0.999952   0.00092487    0.0001096 
       176.5       75.157      0.99995  0.000922942  0.000112827 
       176.5      75.5119     0.999948  0.000921047  0.000116087 
       176.5      75.8677     0.999946  0.000919008  0.000119438 
       176.5      76.2243     0.999945  0.000916847  0.000122822 
       176.5      76.5817     0.999943  0.000914757  0.000126169 
       176.5        76.94     0.999941  0.000912729  0.000129479 
       176.5      77.2991     0.999939  0.000910754  0.000132753 
       176.5      77.6591     0.999938  0.000908823  0.000135994 
       176.5      78.0198     0.999936  0.000906927  0.000139202 
       176.5      78.3815     0.999935  0.000905059  0.000142378 
       176.5      78.7439     0.999933   0.00090321  0.000145523 
       176.5      79.1072     0.999932  0.000901372   0.00014864 
       176.5      79.4714     0.999931  0.000899539  0.000151728 
       176.5      79.8363     0.999929  0.000897703  0.000154789 
       176.5      80.2021     0.999928  0.000895859  0.000157825 
       176.5      80.5688     0.999928  0.000893999  0.000160835 
       176.5      80.9362     0.999927   0.00089212  0.000163822 
       176.5      81.3045     0.999926  0.000890214  0.000166786 
       176.5      81.6737     0.999926  0.000888278  0.000169728 
       176.5      82.0437     0.999926  0.000886308   0.00017265 
       176.5      82.4145     0.999926  0.000884299  0.000175551 
       176.5      82.7861     0.999927  0.000882248  0.000178433 
       176.5      83.1586     0.999927  0.000880152  0.000181297 
       176.5       83.532     0.999928  0.000878008  0.000184143 
       176.5      83.9061     0.999929  0.000875816  0.000186973 
       176.5      84.2811      0.99993  0.000873573  0.000189787 
       176.5       84.657     0.999932  0.000871278  0.000192585 
       176.5      85.0336     0.999934  0.000868932  0.000195369 
       176.5      85.4111     0.999936  0.000866534  0.000198139 
       176.5      85.7895     0.999938  0.000864085  0.000200895 
       176.5      86.1687     0.999941  0.000861586  0.000203639 
       176.5      86.5487     0.999944   0.00085904   0.00020637 
       176.5      86.9295     0.999947  0.000856449  0.000209089 
       176.5      87.3112      0.99995  0.000853816  0.000211796 
       176.5      87.6937     0.999954  0.000851146  0.000214493 
       176.5      88.0771     0.999958  0.000848441  0.000217178 
       176.5      88.4613     0.999962  0.000845708  0.000219853 
       176.5      88.8463     0.999966  0.000842952  0.000222517 
       176.5      89.2322      0.99997   0.00084018   0.00022517 
       176.5      89.6189     0.999975  0.000837399  0.000227814 
       176.5      90.0064      0.99998  0.000834617  0.000230447 
       176.5      90.3948     0.999985  0.000831841   0.00023307 
       176.5       90.784      0.99999  0.000829083  0.000235682 
       176.5      91.1741     0.999995  0.000826351  0.000238284 
       176.5       91.565            1  0.000823656  0.000240876 
       176.5      91.9567      1.00001   0.00082101  0.000243456 
       176.5      92.3492      1.00001  0.000818426  0.000246025 
       176.5      92.7426      1.00002  0.000815917  0.000248583 
       176.5      93.1369      1.00002  0.000813496  0.000251128 
       176.5      93.5319      1.00002  0.000811311  0.000253035 
       176.5      93.9278      1.00002   0.00080909  0.000254929 
       176.5      94.3246      1.00002  0.000806826  0.000256844 
       176.5      94.7221      1.00002  0.000804521  0.000258779 
       176.5      95.1206      1.00002   0.00080218  0.000260732 
       176.5      95.5198      1.00002  0.000799804  0.000262702 
       176.5      95.9199      1.00002  0.000797397  0.000264687 
       176.5      96.3208      1.00002  0.000794961  0.000266686 
       176.5      96.7226      1.00002    0.0007925  0.000268699 
       176.5      97.1251      1.00002  0.000790014  0.000270722 
       176.5      97.5286      1.00002  0.000787507  0.000272756 
       176.5      97.9328      1.00002   0.00078498  0.000274798 
       176.5      98.3379      1.00002  0.000782436  0.000276848 
       176.5      98.7439      1.00001  0.000779877  0.000278904 
       176.5      99.1506      1.00001  0.000777304  0.000280965 
       176.5      99.5583      1.00001  0.000774719  0.000283029 
       176.5      99.9667      1.00001  0.000772123  0.000285096 
       176.5      100.376      1.00001  0.000769518  0.000287163 
       176.5      100.786      1.00001  0.000766906   0.00028923 
       176.5      101.197      1.00001  0.000764286  0.000291296 
       176.5      101.609      1.00001  0.000761661  0.000293358 
       176.5      102.021      1.00001  0.000759031  0.000295417 
       176.5      102.435      1.00001  0.000756396  0.000297469 
       176.5      102.849      1.00001  0.000753759  0.000299515 
       176.5      103.264      1.00001  0.000751118  0.000301554 
       176.5       103.68      1.00001  0.000748475  0.000303583 
       176.5      104.097      1.00001  0.000745829  0.000305601 
       176.5      104.515      1.00001  0.000743182  0.000307608 
       176.5      104.933      1.00001  0.000740533  0.000309602 
       176.5      105.353            1  0.000737882  0.000311583 
       176.5      105.773            1  0.000735229  0.000313548 
       176.5      106.194            1  0.000732574  0.000315497 
       176.5      106.616     0.999999  0.000729916  0.000317428 
       176.5      107.038     0.999997  0.000727256  0.000319341 
       176.5      107.462     0.999995  0.000724592  0.000321235 
       176.5      107.886     0.999994  0.000721924  0.000323107 
       176.5      108.311     0.999991  0.000719251  0.000324958 
       176.5      108.737     0.999989  0.000716573  0.000326786 
       176.5      109.164     0.999987  0.000713889   0.00032859 
       176.5      109.592     0.999985  0.000711198  0.000330369 
       176.5       110.02     0.999983  0.000708498  0.000332121 
       176.5       110.45      0.99998  0.000705789  0.000333847 
       176.5       110.88     0.999978   0.00070307  0.000335545 
       176.5      111.311     0.999975  0.000700339  0.000337214 
       176.5      111.743     0.999973  0.000697596  0.000338853 
       176.5      112.175      0.99997  0.000694839  0.000340461 
       176.5      112.609     0.999968  0.000692066  0.000342037 
       176.5      113.043     0.999966  0.000689276  0.000343581 
       176.5      113.478     0.999963  0.000686468  0.000345092 
       176.5      113.914     0.999961   0.00068364  0.000346567 
       176.5      114.351     0.999958  0.000680792  0.000348008 
       176.5      114.789     0.999956   0.00067792  0.000349413 
       176.5      115.228     0.999954  0.000675024  0.000350781 
       176.5      115.667     0.999952  0.000672102  0.000352112 
       176.5      116.107      0.99995  0.000669153  0.000353404 
       176.5      116.548     0.999948  0.000666175  0.000354658 
       176.5       116.99     0.999946  0.000663167  0.000355872 
       176.5      117.433     0.999944  0.000660126  0.000357045 
       176.5      117.876     0.999943  0.000657052  0.000358178 
       176.5      118.321     0.999942  0.000653942   0.00035927 
       176.5      118.766     0.999941  0.000650796  0.000360319 
       176.5      119.212      0.99994  0.000647612  0.000361326 
       176.5      119.659     0.999939  0.000644388  0.000362289 
       176.5      120.107     0.999938  0.000641123   0.00036321 
       176.5      120.555     0.999938  0.000637816  0.000364086 
       176.5      121.005     0.999938  0.000634465  0.000364917 
       176.5      121.455     0.999938  0.000631069  0.000365704 
       176.5      121.906     0.999939  0.000627628  0.000366446 
       176.5      122.358      0.99994   0.00062414  0.000367142 
       176.5      122.811     0.999941  0.000620604  0.000367792 
       176.5      123.264     0.999942   0.00061702  0.000368397 
       176.5      123.719     0.999944  0.000613386  0.000368955 
       176.5      124.174     0.999946  0.000609702  0.000369466 
       176.5       124.63     0.999948  0.000605968  0.000369931 
       176.5      125.087     0.999951  0.000602183  0.000370349 
       176.5      125.545     0.999954  0.000598348   0.00037072 
       176.5      126.003     0.999957  0.000594461  0.000371045 
       176.5      126.463     0.999961  0.000590524  0.000371322 
       176.5      126.923     0.999965  0.000586536  0.000371553 
       176.5      127.384      0.99997  0.000582498  0.000371737 
       176.5      127.846     0.999975  0.000578411  0.000371874 
       176.5      128.309      0.99998  0.000574276  0.000371965 
       176.5      128.773     0.999985  0.000570094  0.000372009 
       176.5      129.237     0.999991  0.000565865  0.000372007 
       176.5      129.702     0.999998  0.000561593   0.00037196 
       176.5      130.169            1  0.000557278  0.000371867 
       176.5      130.636      1.00001  0.000552923  0.000371729 
       176.5      131.103      1.00002   0.00054853  0.000371546 
       176.5      131.572      1.00003  0.000544103  0.000371319 
       176.5      132.041      1.00003  0.000539643  0.000371049 
       176.5      132.512      1.00004  0.000535154  0.000370735 
       176.5      132.983      1.00005   0.00053065  0.000370466 
       176.5      133.455      1.00006  0.000526352    0.0003716 
       176.5      133.928      1.00006  0.000522141  0.000372715 
       176.5      134.401      1.00006  0.000518021  0.000373809 
       176.5      134.876      1.00007  0.000513997  0.000374883 
       176.5      135.351      1.00007  0.000510073  0.000375935 
       176.5      135.827      1.00008  0.000506255  0.000376964 
       176.5      136.304      1.00008  0.000502547   0.00037797 
       176.5      136.782      1.00008  0.000498953  0.000378953 
       176.5      137.261      1.00009  0.000495476  0.000379912 
       176.5       137.74      1.00009  0.000492122  0.000380846 
       176.5      138.221      1.00009  0.000488893  0.000381754 
       176.5      138.702       1.0001  0.000485794  0.000382637 
       176.5      139.184       1.0001  0.000482827  0.000383493 
       176.5      139.667       1.0001  0.000479997  0.000384323 
       176.5      140.151       1.0001  0.000477306  0.000385125 
       176.5      140.635       1.0001  0.000474757  0.000385899 
       176.5       141.12       1.0001  0.000472353  0.000386646 
       176.5      141.607       1.0001  0.000470097  0.000387364 
       176.5      142.094       1.0001   0.00046799  0.000388052 
       176.5      142.582       1.0001  0.000466035  0.000388712 
       176.5       143.07       1.0001  0.000464233  0.000389342 
       176.5       143.56       1.0001  0.000462586  0.000389943 
       176.5       144.05       1.0001  0.000461095  0.000390513 
       176.5      144.541       1.0001  0.000459762  0.000391053 
       176.5      145.033      1.00009  0.000458586  0.000391562 
       176.5      145.526      1.00009  0.000457568  0.000392041 
       176.5       146.02      1.00008  0.000456709  0.000392489 
       176.5      146.515      1.00008  0.000456008  0.000392905 
       176.5       147.01      1.00007  0.000455465  0.000393291 
       176.5      147.506      1.00006  0.000455078  0.000393646 
       176.5      148.003      1.00005  0.000454847  0.000393969 
       176.5      148.501      1.00004   0.00045477  0.000394261 
       176.5          149      1.00003  0.000454844  0.000394522 
       176.5        149.5      1.00001  0.000455068  0.000394752 
       176.5          150            1  0.000455439  0.000394951 
