Variables = x, y, u, v, p

Zone, I=600, F=POINT
       156.5            0            0            0  -0.00127924 
       156.5     0.000418  0.000210984  1.73487e-09  -0.00127924 
       156.5     0.001672  0.000844051  6.43788e-09  -0.00127923 
       156.5     0.003763   0.00190005  1.26693e-08  -0.00127923 
       156.5     0.006689   0.00337853  1.82222e-08  -0.00127921 
       156.5     0.010451   0.00528081  2.04261e-08  -0.00127919 
       156.5      0.01505    0.0076084  1.64949e-08  -0.00127917 
       156.5     0.020485     0.010362  3.93833e-09  -0.00127914 
       156.5     0.026756    0.0135432 -1.90261e-08  -0.00127911 
       156.5     0.033863    0.0171536 -5.31002e-08  -0.00127907 
       156.5     0.041806     0.021195 -9.76057e-08  -0.00127903 
       156.5     0.050585    0.0256697 -1.50293e-07  -0.00127899 
       156.5     0.060201    0.0305803  -2.0728e-07  -0.00127895 
       156.5     0.070652    0.0359285 -2.63092e-07  -0.00127892 
       156.5      0.08194    0.0417179 -3.10862e-07   -0.0012789 
       156.5     0.094063    0.0479503 -3.42498e-07   -0.0012789 
       156.5     0.107023      0.05463 -3.48863e-07  -0.00127892 
       156.5     0.120819    0.0617597 -3.19696e-07  -0.00127897 
       156.5     0.135451    0.0693428  -2.4314e-07  -0.00127903 
       156.5     0.150919    0.0773828 -1.04551e-07  -0.00127911 
       156.5     0.167224     0.085884  1.15781e-07  -0.00127919 
       156.5     0.184364    0.0948494  4.46371e-07  -0.00127924 
       156.5     0.202341     0.104284  9.30562e-07  -0.00127923 
       156.5     0.221153     0.114191  1.63508e-06  -0.00127909 
       156.5     0.240802     0.124575  2.66258e-06  -0.00127874 
       156.5     0.261287     0.135441  3.86118e-06  -0.00127863 
       156.5     0.282608     0.146792   5.2496e-06  -0.00127885 
       156.5     0.304765     0.158629  7.08893e-06  -0.00127902 
       156.5     0.327758     0.170949  9.43031e-06  -0.00127913 
       156.5     0.351588     0.183751  1.23246e-05   -0.0012792 
       156.5     0.376253     0.197029  1.58209e-05  -0.00127921 
       156.5     0.401755     0.210781   1.9967e-05  -0.00127919 
       156.5     0.428092     0.224998   2.4807e-05  -0.00127913 
       156.5     0.455266     0.239672  3.03824e-05  -0.00127905 
       156.5     0.483276     0.254792  3.67297e-05  -0.00127895 
       156.5     0.512122     0.270347  4.38812e-05  -0.00127884 
       156.5     0.541805     0.286322  5.18644e-05  -0.00127874 
       156.5     0.572323     0.302699  6.07011e-05  -0.00127866 
       156.5     0.603677      0.31946  7.04094e-05  -0.00127861 
       156.5     0.635868     0.336583  8.10041e-05   -0.0012786 
       156.5     0.668894     0.354043  9.24961e-05  -0.00127864 
       156.5     0.702757     0.371812  0.000104898  -0.00127874 
       156.5     0.737456      0.38986  0.000118223  -0.00127892 
       156.5     0.772991     0.408119  0.000131797  -0.00127881 
       156.5     0.809362     0.426586  0.000145553  -0.00127855 
       156.5      0.84657     0.445265  0.000159753  -0.00127834 
       156.5     0.884613     0.464131  0.000174353  -0.00127816 
       156.5     0.923492     0.483162  0.000189315  -0.00127801 
       156.5     0.963208     0.502335  0.000204604  -0.00127788 
       156.5      1.00376     0.521624   0.00022019  -0.00127776 
       156.5      1.04515     0.541001  0.000236048  -0.00127764 
       156.5      1.08737     0.560437  0.000252159  -0.00127752 
       156.5      1.13043     0.579904  0.000268512  -0.00127738 
       156.5      1.17433     0.599368  0.000285099  -0.00127721 
       156.5      1.21906     0.618797  0.000301919  -0.00127702 
       156.5      1.26463     0.638156  0.000318975  -0.00127679 
       156.5      1.31103     0.657407  0.000336272  -0.00127652 
       156.5      1.35827     0.676512  0.000353818  -0.00127622 
       156.5      1.40635      0.69543  0.000371615  -0.00127587 
       156.5      1.45526     0.714119  0.000389664  -0.00127548 
       156.5      1.50501     0.732533  0.000407954  -0.00127506 
       156.5       1.5556     0.750626  0.000426459  -0.00127461 
       156.5      1.60702     0.768348  0.000445135  -0.00127415 
       156.5      1.65928     0.785649  0.000463906  -0.00127369 
       156.5      1.71237     0.802475  0.000482663  -0.00127327 
       156.5       1.7663      0.81857  0.000501537  -0.00127284 
       156.5      1.82106     0.833588  0.000520594  -0.00127228 
       156.5      1.87667     0.847947  0.000539039  -0.00127168 
       156.5      1.93311     0.861637  0.000556862  -0.00127105 
       156.5      1.99038     0.874646  0.000574055  -0.00127037 
       156.5      2.04849     0.886966  0.000590611  -0.00126967 
       156.5      2.10744     0.898591   0.00060652  -0.00126893 
       156.5      2.16722     0.909516  0.000621778  -0.00126815 
       156.5      2.22784      0.91974  0.000636377  -0.00126735 
       156.5      2.28929     0.929263  0.000650312  -0.00126651 
       156.5      2.35158     0.938088  0.000663581  -0.00126565 
       156.5      2.41471     0.946221  0.000676178  -0.00126476 
       156.5      2.47867     0.953669  0.000688103  -0.00126385 
       156.5      2.54347     0.960445  0.000699356  -0.00126291 
       156.5      2.60911     0.966562  0.000709936  -0.00126194 
       156.5      2.67558     0.972037  0.000719848  -0.00126095 
       156.5      2.74288     0.976891  0.000729098  -0.00125994 
       156.5      2.81103     0.981146  0.000737692   -0.0012589 
       156.5      2.88001      0.98483  0.000745642  -0.00125784 
       156.5      2.94983     0.987973  0.000752964  -0.00125675 
       156.5      3.02048     0.990609  0.000759675  -0.00125563 
       156.5      3.09197     0.992775    0.0007658  -0.00125448 
       156.5      3.16429     0.994512  0.000771368   -0.0012533 
       156.5      3.23745     0.995866  0.000776414  -0.00125209 
       156.5      3.31145     0.996887  0.000780981  -0.00125084 
       156.5      3.38628     0.997627   0.00078512  -0.00124954 
       156.5      3.46195     0.998144   0.00078889   -0.0012482 
       156.5      3.53845     0.998501  0.000792362   -0.0012468 
       156.5      3.61579     0.998764  0.000795619  -0.00124534 
       156.5      3.69397     0.999004  0.000798755  -0.00124382 
       156.5      3.77298     0.999271  0.000801949  -0.00124249 
       156.5      3.85283     0.999493  0.000805142  -0.00124173 
       156.5      3.93352     0.999694  0.000808149  -0.00124082 
       156.5      4.01504     0.999875  0.000811083  -0.00123975 
       156.5       4.0974      1.00004  0.000813841  -0.00123827 
       156.5      4.18059      1.00018  0.000816454  -0.00123644 
       156.5      4.26462       1.0003  0.000819182  -0.00123467 
       156.5      4.34949      1.00041  0.000822031  -0.00123295 
       156.5      4.43519      1.00049  0.000824989  -0.00123129 
       156.5      4.52173      1.00056   0.00082803  -0.00122967 
       156.5       4.6091      1.00062  0.000831117   -0.0012281 
       156.5      4.69731      1.00066  0.000834208  -0.00122655 
       156.5      4.78636      1.00068  0.000837263  -0.00122502 
       156.5      4.87624       1.0007  0.000840244  -0.00122349 
       156.5      4.96696       1.0007  0.000843129  -0.00122192 
       156.5      5.05851       1.0007  0.000845918   -0.0012203 
       156.5       5.1509      1.00068  0.000848639  -0.00121858 
       156.5      5.24413      1.00066  0.000851363  -0.00121673 
       156.5       5.3382      1.00064  0.000854347  -0.00121468 
       156.5      5.43309       1.0006   0.00085784  -0.00121263 
       156.5      5.52883      1.00058   0.00086089  -0.00121074 
       156.5       5.6254      1.00056  0.000863691  -0.00120897 
       156.5      5.72281      1.00055  0.000866402  -0.00120726 
       156.5      5.82105      1.00055  0.000869153  -0.00120557 
       156.5      5.92013      1.00055  0.000872037  -0.00120387 
       156.5      6.02005      1.00056  0.000875117  -0.00120212 
       156.5       6.1208      1.00057  0.000878421  -0.00120029 
       156.5      6.22239      1.00059  0.000881948  -0.00119837 
       156.5      6.32482       1.0006  0.000885661  -0.00119633 
       156.5      6.42808      1.00062  0.000889496  -0.00119418 
       156.5      6.53217      1.00063   0.00089336  -0.00119192 
       156.5      6.63711      1.00064   0.00089713  -0.00118956 
       156.5      6.74287      1.00064  0.000900663  -0.00118712 
       156.5      6.84948      1.00064  0.000903791  -0.00118464 
       156.5      6.95692      1.00063  0.000905862  -0.00118282 
       156.5       7.0652      1.00061  0.000907252   -0.0011813 
       156.5      7.17431      1.00059  0.000908455  -0.00117972 
       156.5      7.28426      1.00058  0.000911668  -0.00117717 
       156.5      7.39505      1.00058  0.000916447   -0.0011743 
       156.5      7.50667      1.00058  0.000921002  -0.00117191 
       156.5      7.61913      1.00058  0.000924881  -0.00116949 
       156.5      7.73242      1.00058  0.000928584  -0.00116699 
       156.5      7.84655      1.00058  0.000932141  -0.00116444 
       156.5      7.96152      1.00058  0.000935578  -0.00116185 
       156.5      8.07732      1.00057  0.000938922  -0.00115923 
       156.5      8.19396      1.00057  0.000942199  -0.00115661 
       156.5      8.31143      1.00056  0.000945432  -0.00115399 
       156.5      8.42974      1.00056  0.000948646  -0.00115139 
       156.5      8.54889      1.00056  0.000951859   -0.0011488 
       156.5      8.66887      1.00056   0.00095509  -0.00114623 
       156.5      8.78969      1.00055  0.000958354  -0.00114369 
       156.5      8.91135      1.00055  0.000961664  -0.00114117 
       156.5      9.03384      1.00055  0.000965028  -0.00113867 
       156.5      9.15717      1.00055   0.00096845  -0.00113618 
       156.5      9.28133      1.00055  0.000971932  -0.00113368 
       156.5      9.40633      1.00055  0.000975469  -0.00113116 
       156.5      9.53216      1.00055   0.00097905   -0.0011286 
       156.5      9.65884      1.00055  0.000982659  -0.00112598 
       156.5      9.78634      1.00056  0.000986275  -0.00112326 
       156.5      9.91469      1.00056  0.000989867   -0.0011204 
       156.5      10.0439      1.00056  0.000993399  -0.00111738 
       156.5      10.1739      1.00057  0.000996823  -0.00111414 
       156.5      10.3047      1.00056   0.00100019  -0.00111109 
       156.5      10.4364      1.00056   0.00100362  -0.00110803 
       156.5      10.5689      1.00056    0.0010071  -0.00110497 
       156.5      10.7023      1.00056   0.00101062  -0.00110189 
       156.5      10.8365      1.00056   0.00101417  -0.00109881 
       156.5      10.9715      1.00055   0.00101774   -0.0010957 
       156.5      11.1074      1.00055   0.00102132  -0.00109257 
       156.5      11.2441      1.00055    0.0010249  -0.00108943 
       156.5      11.3817      1.00055   0.00102849  -0.00108625 
       156.5        11.52      1.00054   0.00103206  -0.00108305 
       156.5      11.6592      1.00054   0.00103562  -0.00107982 
       156.5      11.7993      1.00054   0.00103918  -0.00107656 
       156.5      11.9402      1.00053   0.00104272  -0.00107326 
       156.5      12.0819      1.00053   0.00104624  -0.00106993 
       156.5      12.2245      1.00053   0.00104976  -0.00106657 
       156.5      12.3679      1.00052   0.00105326  -0.00106316 
       156.5      12.5121      1.00052   0.00105676  -0.00105972 
       156.5      12.6572      1.00051   0.00106025  -0.00105624 
       156.5      12.8031      1.00051   0.00106374  -0.00105272 
       156.5      12.9498      1.00051   0.00106724  -0.00104916 
       156.5      13.0974       1.0005   0.00107074  -0.00104557 
       156.5      13.2458       1.0005   0.00107425  -0.00104194 
       156.5       13.395       1.0005   0.00107778  -0.00103827 
       156.5      13.5451      1.00049   0.00108132  -0.00103457 
       156.5       13.696      1.00049   0.00108487  -0.00103084 
       156.5      13.8478      1.00049   0.00108845  -0.00102709 
       156.5      14.0004      1.00048   0.00109205  -0.00102331 
       156.5      14.1538      1.00048   0.00109566  -0.00101951 
       156.5      14.3081      1.00048   0.00109924   -0.0010157 
       156.5      14.4632      1.00048    0.0011027  -0.00101186 
       156.5      14.6191      1.00048   0.00110612  -0.00100795 
       156.5      14.7759      1.00048    0.0011095  -0.00100397 
       156.5      14.9335      1.00047   0.00111284 -0.000999906 
       156.5      15.0919      1.00047   0.00111616 -0.000995768 
       156.5      15.2512      1.00047   0.00111945 -0.000991556 
       156.5      15.4113      1.00047   0.00112303 -0.000987499 
       156.5      15.5723      1.00047   0.00112656 -0.000983422 
       156.5      15.7341      1.00046   0.00113003  -0.00097931 
       156.5      15.8967      1.00046   0.00113345 -0.000975163 
       156.5      16.0602      1.00046   0.00113684 -0.000970982 
       156.5      16.2245      1.00046   0.00114019 -0.000966767 
       156.5      16.3896      1.00045   0.00114352 -0.000962519 
       156.5      16.5556      1.00045   0.00114684 -0.000958239 
       156.5      16.7224      1.00045   0.00115016 -0.000953926 
       156.5        16.89      1.00044   0.00115348 -0.000949574 
       156.5      17.0585      1.00044   0.00115681 -0.000945176 
       156.5      17.2278      1.00044   0.00116014  -0.00094075 
       156.5      17.3979      1.00044   0.00116346 -0.000936296 
       156.5      17.5689      1.00043   0.00116677 -0.000931814 
       156.5      17.7408      1.00043   0.00117006 -0.000927304 
       156.5      17.9134      1.00043   0.00117334 -0.000922767 
       156.5      18.0869      1.00042   0.00117661 -0.000918201 
       156.5      18.2612      1.00042   0.00117985 -0.000913608 
       156.5      18.4364      1.00042   0.00118308 -0.000908986 
       156.5      18.6124      1.00041   0.00118629 -0.000904337 
       156.5      18.7892      1.00041   0.00118947 -0.000899658 
       156.5      18.9669      1.00041   0.00119263 -0.000894951 
       156.5      19.1454       1.0004   0.00119576 -0.000890213 
       156.5      19.3248       1.0004   0.00119887 -0.000885445 
       156.5       19.505       1.0004   0.00120195 -0.000880646 
       156.5       19.686      1.00039     0.001205 -0.000875815 
       156.5      19.8678      1.00039   0.00120803 -0.000870951 
       156.5      20.0505      1.00039   0.00121103 -0.000866052 
       156.5      20.2341      1.00038     0.001214 -0.000861117 
       156.5      20.4184      1.00038   0.00121695 -0.000856145 
       156.5      20.6036      1.00038   0.00121988 -0.000851135 
       156.5      20.7897      1.00037   0.00122279 -0.000846084 
       156.5      20.9765      1.00037   0.00122568  -0.00084099 
       156.5      21.1642      1.00037    0.0012286 -0.000835921 
       156.5      21.3528      1.00036   0.00123152 -0.000830855 
       156.5      21.5422      1.00036   0.00123441 -0.000825757 
       156.5      21.7324      1.00036   0.00123726 -0.000820626 
       156.5      21.9234      1.00035   0.00124008 -0.000815462 
       156.5      22.1153      1.00035   0.00124288 -0.000810267 
       156.5       22.308      1.00035   0.00124565  -0.00080504 
       156.5      22.5016      1.00034   0.00124839 -0.000799783 
       156.5       22.696      1.00034   0.00125111 -0.000794495 
       156.5      22.8912      1.00033    0.0012538 -0.000789177 
       156.5      23.0873      1.00033   0.00125647  -0.00078383 
       156.5      23.2842      1.00033   0.00125904  -0.00077847 
       156.5       23.482      1.00032   0.00126157 -0.000773091 
       156.5      23.6805      1.00032   0.00126409 -0.000767687 
       156.5        23.88      1.00032    0.0012666  -0.00076226 
       156.5      24.0802      1.00031   0.00126909  -0.00075681 
       156.5      24.2813      1.00031   0.00127157 -0.000751336 
       156.5      24.4832      1.00031   0.00127403  -0.00074584 
       156.5       24.686       1.0003   0.00127647 -0.000740321 
       156.5      24.8896       1.0003   0.00127888 -0.000734781 
       156.5       25.094      1.00029   0.00128126 -0.000729219 
       156.5      25.2993      1.00029   0.00128361 -0.000723635 
       156.5      25.5054      1.00029   0.00128593 -0.000718029 
       156.5      25.7123      1.00028   0.00128821 -0.000712403 
       156.5      25.9201      1.00028   0.00129045 -0.000706756 
       156.5      26.1287      1.00028   0.00129265 -0.000701087 
       156.5      26.3381      1.00027   0.00129481 -0.000695398 
       156.5      26.5484      1.00027   0.00129692 -0.000689688 
       156.5      26.7595      1.00027     0.001299 -0.000683957 
       156.5      26.9715      1.00026   0.00130105 -0.000678206 
       156.5      27.1843      1.00026   0.00130306 -0.000672433 
       156.5      27.3979      1.00025   0.00130505 -0.000666639 
       156.5      27.6124      1.00025   0.00130702 -0.000660824 
       156.5      27.8277      1.00025   0.00130899 -0.000654988 
       156.5      28.0438      1.00024   0.00131096  -0.00064913 
       156.5      28.2608      1.00024   0.00131295  -0.00064325 
       156.5      28.4786      1.00023   0.00131471 -0.000637389 
       156.5      28.6972      1.00023   0.00131644 -0.000631509 
       156.5      28.9167      1.00023   0.00131815  -0.00062561 
       156.5       29.137      1.00022   0.00131982 -0.000619694 
       156.5      29.3582      1.00022   0.00132147 -0.000613759 
       156.5      29.5802      1.00022   0.00132308 -0.000607808 
       156.5       29.803      1.00021   0.00132467  -0.00060184 
       156.5      30.0267      1.00021   0.00132622 -0.000595856 
       156.5      30.2512       1.0002   0.00132774 -0.000589857 
       156.5      30.4765       1.0002   0.00132923 -0.000583843 
       156.5      30.7027       1.0002   0.00133068 -0.000577815 
       156.5      30.9297      1.00019   0.00133209 -0.000571773 
       156.5      31.1575      1.00019   0.00133348 -0.000565719 
       156.5      31.3862      1.00019   0.00133482 -0.000559652 
       156.5      31.6157      1.00018   0.00133613 -0.000553574 
       156.5      31.8461      1.00018    0.0013374 -0.000547485 
       156.5      32.0773      1.00017   0.00133864 -0.000541386 
       156.5      32.3093      1.00017   0.00133984 -0.000535278 
       156.5      32.5421      1.00017   0.00134099 -0.000529161 
       156.5      32.7758      1.00016   0.00134211 -0.000523037 
       156.5      33.0104      1.00016   0.00134319 -0.000516905 
       156.5      33.2457      1.00016   0.00134423 -0.000510768 
       156.5      33.4819      1.00015   0.00134523 -0.000504625 
       156.5       33.719      1.00015   0.00134618 -0.000498478 
       156.5      33.9568      1.00014   0.00134709 -0.000492327 
       156.5      34.1956      1.00014   0.00134796 -0.000486174 
       156.5      34.4351      1.00014   0.00134879  -0.00048002 
       156.5      34.6755      1.00013   0.00134957 -0.000473864 
       156.5      34.9167      1.00013    0.0013503 -0.000467709 
       156.5      35.1588      1.00013   0.00135099 -0.000461556 
       156.5      35.4017      1.00012   0.00135162 -0.000455404 
       156.5      35.6454      1.00012   0.00135221 -0.000449257 
       156.5      35.8899      1.00011   0.00135275 -0.000443114 
       156.5      36.1354      1.00011   0.00135323 -0.000436976 
       156.5      36.3816      1.00011   0.00135377  -0.00043072 
       156.5      36.6287       1.0001    0.0013543 -0.000424447 
       156.5      36.8766       1.0001   0.00135479 -0.000418177 
       156.5      37.1253       1.0001   0.00135525  -0.00041191 
       156.5      37.3749      1.00009   0.00135568 -0.000405647 
       156.5      37.6253      1.00009   0.00135607 -0.000399388 
       156.5      37.8766      1.00008   0.00135642 -0.000393133 
       156.5      38.1287      1.00008   0.00135672 -0.000386884 
       156.5      38.3816      1.00008   0.00135699 -0.000380641 
       156.5      38.6353      1.00007   0.00135721 -0.000374403 
       156.5      38.8899      1.00007   0.00135739 -0.000368172 
       156.5      39.1454      1.00007   0.00135752 -0.000361947 
       156.5      39.4016      1.00006    0.0013576 -0.000355729 
       156.5      39.6588      1.00006   0.00135763 -0.000349519 
       156.5      39.9167      1.00006   0.00135761 -0.000343316 
       156.5      40.1755      1.00005   0.00135755  -0.00033712 
       156.5      40.4351      1.00005   0.00135743 -0.000330932 
       156.5      40.6955      1.00004   0.00135725 -0.000324753 
       156.5      40.9568      1.00004   0.00135703 -0.000318581 
       156.5      41.2189      1.00004   0.00135675 -0.000312417 
       156.5      41.4819      1.00003   0.00135642 -0.000306261 
       156.5      41.7457      1.00003   0.00135603 -0.000300114 
       156.5      42.0103      1.00003   0.00135559 -0.000293974 
       156.5      42.2758      1.00002   0.00135509 -0.000287842 
       156.5      42.5421      1.00002   0.00135453 -0.000281717 
       156.5      42.8092      1.00002   0.00135392   -0.0002756 
       156.5      43.0772      1.00002   0.00135325  -0.00026949 
       156.5       43.346      1.00001   0.00135252 -0.000263387 
       156.5      43.6157      1.00001   0.00135174  -0.00025729 
       156.5      43.8862      1.00001    0.0013509 -0.000251199 
       156.5      44.1575            1      0.00135 -0.000245114 
       156.5      44.4296            1   0.00134928 -0.000238982 
       156.5      44.7026     0.999997   0.00134862 -0.000232846 
       156.5      44.9765     0.999994   0.00134791 -0.000226738 
       156.5      45.2511     0.999991   0.00134714 -0.000220655 
       156.5      45.5266     0.999987   0.00134632 -0.000214597 
       156.5       45.803     0.999984   0.00134544 -0.000208563 
       156.5      46.0801     0.999981   0.00134452 -0.000202552 
       156.5      46.3581     0.999978   0.00134355 -0.000196561 
       156.5       46.637     0.999975   0.00134254 -0.000190591 
       156.5      46.9167     0.999972   0.00134148 -0.000184641 
       156.5      47.1972     0.999969   0.00134038 -0.000178708 
       156.5      47.4785     0.999966   0.00133924 -0.000172794 
       156.5      47.7607     0.999964   0.00133805 -0.000166896 
       156.5      48.0438     0.999961   0.00133683 -0.000161013 
       156.5      48.3276     0.999958   0.00133557 -0.000155147 
       156.5      48.6123     0.999955   0.00133427 -0.000149295 
       156.5      48.8979     0.999952   0.00133294 -0.000143457 
       156.5      49.1842     0.999949   0.00133156 -0.000137633 
       156.5      49.4714     0.999946   0.00133015 -0.000131822 
       156.5      49.7595     0.999943    0.0013287 -0.000126024 
       156.5      50.0484      0.99994   0.00132722 -0.000120239 
       156.5      50.3381     0.999937    0.0013257 -0.000114467 
       156.5      50.6286     0.999934   0.00132413 -0.000108708 
       156.5        50.92     0.999931   0.00132253 -0.000102962 
       156.5      51.2122     0.999928    0.0013209 -9.72279e-05 
       156.5      51.5053     0.999925   0.00131922 -9.15075e-05 
       156.5      51.7992     0.999922    0.0013175 -8.58006e-05 
       156.5      52.0939      0.99992   0.00131574 -8.01077e-05 
       156.5      52.3895     0.999917   0.00131395 -7.44294e-05 
       156.5      52.6859     0.999915   0.00131211 -6.87662e-05 
       156.5      52.9831     0.999912   0.00131023 -6.31191e-05 
       156.5      53.2812      0.99991    0.0013083 -5.74889e-05 
       156.5      53.5801     0.999908   0.00130634 -5.18765e-05 
       156.5      53.8799     0.999905   0.00130433 -4.62832e-05 
       156.5      54.1805     0.999903   0.00130228 -4.07101e-05 
       156.5      54.4819     0.999901   0.00130019 -3.51587e-05 
       156.5      54.7841       0.9999   0.00129806 -2.96305e-05 
       156.5      55.0872     0.999898   0.00129588 -2.41271e-05 
       156.5      55.3912     0.999896   0.00129367 -1.86503e-05 
       156.5      55.6959     0.999895   0.00129141 -1.32019e-05 
       156.5      56.0015     0.999893   0.00128911 -7.78418e-06 
       156.5       56.308     0.999892   0.00128677 -2.39919e-06 
       156.5      56.6152     0.999891    0.0012844   2.9507e-06 
       156.5      56.9233     0.999889   0.00128199  8.26293e-06 
       156.5      57.2323     0.999888   0.00127955  1.35349e-05 
       156.5      57.5421     0.999887   0.00127708  1.87637e-05 
       156.5      57.8527     0.999886   0.00127459  2.39464e-05 
       156.5      58.1641     0.999884   0.00127207  2.90799e-05 
       156.5      58.4764     0.999883   0.00126952  3.41608e-05 
       156.5      58.7896     0.999881   0.00126697  3.91879e-05 
       156.5      59.1035     0.999879   0.00126441  4.44622e-05 
       156.5      59.4183     0.999876   0.00126191    4.972e-05 
       156.5      59.7339     0.999873   0.00125948  5.49659e-05 
       156.5      60.0504     0.999869   0.00125713  6.02043e-05 
       156.5      60.3677     0.999865   0.00125487  6.54398e-05 
       156.5      60.6859     0.999861   0.00125269  7.06771e-05 
       156.5      61.0048     0.999857   0.00125062  7.59208e-05 
       156.5      61.3247     0.999852   0.00124865  8.11757e-05 
       156.5      61.6453     0.999847   0.00124679  8.64465e-05 
       156.5      61.9668     0.999841   0.00124505  9.17382e-05 
       156.5      62.2891     0.999835   0.00124344  9.70554e-05 
       156.5      62.6123     0.999828   0.00124197  0.000102403 
       156.5      62.9363     0.999825   0.00123987  0.000107277 
       156.5      63.2611     0.999827   0.00123674  0.000111495 
       156.5      63.5868     0.999829   0.00123358  0.000115736 
       156.5      63.9133      0.99983   0.00123038  0.000119996 
       156.5      64.2406     0.999831   0.00122714  0.000124274 
       156.5      64.5688     0.999831   0.00122387  0.000128567 
       156.5      64.8978     0.999832   0.00122057  0.000132874 
       156.5      65.2277     0.999832   0.00121725  0.000137191 
       156.5      65.5583     0.999832    0.0012139  0.000141518 
       156.5      65.8899     0.999832   0.00121053  0.000145851 
       156.5      66.2222     0.999832   0.00120713  0.000150189 
       156.5      66.5554     0.999832   0.00120372   0.00015453 
       156.5      66.8894     0.999832    0.0012003  0.000158872 
       156.5      67.2243     0.999832   0.00119687  0.000163212 
       156.5        67.56     0.999831   0.00119342  0.000167548 
       156.5      67.8966     0.999831   0.00118997  0.000171879 
       156.5      68.2339     0.999831   0.00118651  0.000176202 
       156.5      68.5721     0.999831   0.00118305  0.000180516 
       156.5      68.9112      0.99983   0.00117959  0.000184819 
       156.5      69.2511      0.99983   0.00117613  0.000189108 
       156.5      69.5918      0.99983   0.00117267  0.000193382 
       156.5      69.9333     0.999829   0.00116922  0.000197638 
       156.5      70.2757     0.999829   0.00116577  0.000201875 
       156.5      70.6189     0.999829   0.00116233  0.000206092 
       156.5       70.963     0.999829   0.00115891  0.000210285 
       156.5      71.3079     0.999828   0.00115549  0.000214454 
       156.5      71.6536     0.999828   0.00115209  0.000218597 
       156.5      72.0002     0.999828    0.0011487  0.000222712 
       156.5      72.3476     0.999828   0.00114532  0.000226797 
       156.5      72.6959     0.999827   0.00114197   0.00023085 
       156.5      73.0449     0.999827   0.00113862   0.00023487 
       156.5      73.3949     0.999827    0.0011353  0.000238856 
       156.5      73.7456     0.999826   0.00113199  0.000242805 
       156.5      74.0972     0.999826    0.0011287  0.000246717 
       156.5      74.4496     0.999825   0.00112543  0.000250589 
       156.5      74.8029     0.999825   0.00112218  0.000254421 
       156.5       75.157     0.999824   0.00111894   0.00025821 
       156.5      75.5119     0.999823   0.00111572  0.000261956 
       156.5      75.8677     0.999822   0.00111252  0.000265657 
       156.5      76.2243     0.999821   0.00110933  0.000269312 
       156.5      76.5817      0.99982   0.00110615   0.00027292 
       156.5        76.94     0.999818   0.00110299  0.000276479 
       156.5      77.2991     0.999817   0.00109983  0.000279989 
       156.5      77.6591     0.999815   0.00109669  0.000283447 
       156.5      78.0198     0.999813   0.00109355  0.000286854 
       156.5      78.3815     0.999811   0.00109041  0.000290208 
       156.5      78.7439     0.999809   0.00108727  0.000293508 
       156.5      79.1072     0.999807   0.00108412  0.000296754 
       156.5      79.4714     0.999804   0.00108097  0.000299944 
       156.5      79.8363     0.999801   0.00107781  0.000303078 
       156.5      80.2021     0.999798   0.00107463  0.000306156 
       156.5      80.5688     0.999795   0.00107142  0.000309175 
       156.5      80.9362     0.999792    0.0010682  0.000312137 
       156.5      81.3045     0.999789   0.00106494   0.00031504 
       156.5      81.6737     0.999785   0.00106164  0.000317884 
       156.5      82.0437     0.999782   0.00105829  0.000320669 
       156.5      82.4145     0.999778    0.0010549  0.000323393 
       156.5      82.7861     0.999775   0.00105144  0.000326058 
       156.5      83.1586     0.999771   0.00104792  0.000328663 
       156.5       83.532     0.999768   0.00104432  0.000331207 
       156.5      83.9061     0.999764   0.00104064  0.000333691 
       156.5      84.2811     0.999761   0.00103686  0.000336115 
       156.5       84.657     0.999758   0.00103298  0.000338479 
       156.5      85.0336     0.999755   0.00102899  0.000340783 
       156.5      85.4111     0.999753   0.00102486  0.000343027 
       156.5      85.7895     0.999751    0.0010206  0.000345213 
       156.5      86.1687     0.999749    0.0010162  0.000347339 
       156.5      86.5487      0.99975   0.00101106  0.000349934 
       156.5      86.9295     0.999753   0.00100526  0.000353265 
       156.5      87.3112     0.999757  0.000999565  0.000356731 
       156.5      87.6937     0.999761  0.000993976  0.000360331 
       156.5      88.0771     0.999766  0.000988498  0.000364065 
       156.5      88.4613     0.999772  0.000983129  0.000367932 
       156.5      88.8463     0.999779  0.000977866  0.000371931 
       156.5      89.2322     0.999786  0.000972704  0.000376062 
       156.5      89.6189     0.999794  0.000967633  0.000380322 
       156.5      90.0064     0.999803  0.000962643  0.000384711 
       156.5      90.3948     0.999814  0.000957716  0.000389227 
       156.5       90.784     0.999825  0.000952835  0.000393869 
       156.5      91.1741     0.999838  0.000947978  0.000398634 
       156.5       91.565     0.999852  0.000943118  0.000403522 
       156.5      91.9567     0.999868  0.000938225   0.00040853 
       156.5      92.3492     0.999885  0.000933265  0.000413656 
       156.5      92.7426     0.999893  0.000929909    0.0004171 
       156.5      93.1369     0.999889  0.000928198  0.000418702 
       156.5      93.5319     0.999885  0.000926342  0.000420314 
       156.5      93.9278     0.999882  0.000924349  0.000421938 
       156.5      94.3246     0.999879  0.000922223  0.000423572 
       156.5      94.7221     0.999877  0.000919969  0.000425216 
       156.5      95.1206     0.999875  0.000917595  0.000426869 
       156.5      95.5198     0.999873  0.000915105  0.000428531 
       156.5      95.9199     0.999871  0.000912504  0.000430201 
       156.5      96.3208      0.99987  0.000909797  0.000431879 
       156.5      96.7226     0.999868  0.000906991  0.000433564 
       156.5      97.1251     0.999867  0.000904088  0.000435255 
       156.5      97.5286     0.999866  0.000901095  0.000436953 
       156.5      97.9328     0.999865  0.000898015  0.000438657 
       156.5      98.3379     0.999865  0.000894853  0.000440365 
       156.5      98.7439     0.999864  0.000891614  0.000442078 
       156.5      99.1506     0.999864  0.000888302  0.000443796 
       156.5      99.5583     0.999863   0.00088492  0.000445517 
       156.5      99.9667     0.999862  0.000881473  0.000447241 
       156.5      100.376     0.999862  0.000877964  0.000448967 
       156.5      100.786     0.999861  0.000874397  0.000450696 
       156.5      101.197     0.999861  0.000870775  0.000452427 
       156.5      101.609      0.99986  0.000867102  0.000454159 
       156.5      102.021      0.99986  0.000863381  0.000455891 
       156.5      102.435     0.999859  0.000859614  0.000457624 
       156.5      102.849     0.999859  0.000855806  0.000459357 
       156.5      103.264     0.999858  0.000851958  0.000461089 
       156.5       103.68     0.999857  0.000848074   0.00046282 
       156.5      104.097     0.999856  0.000844155  0.000464549 
       156.5      104.515     0.999855  0.000840205  0.000466276 
       156.5      104.933     0.999854  0.000836225  0.000468001 
       156.5      105.353     0.999853  0.000832218  0.000469724 
       156.5      105.773     0.999851  0.000828185  0.000471443 
       156.5      106.194      0.99985  0.000824129  0.000473158 
       156.5      106.616     0.999848  0.000820051  0.000474869 
       156.5      107.038     0.999847  0.000815953  0.000476576 
       156.5      107.462     0.999845  0.000811836  0.000478278 
       156.5      107.886     0.999843  0.000807702  0.000479975 
       156.5      108.311     0.999841  0.000803552  0.000481666 
       156.5      108.737     0.999839  0.000799387  0.000483352 
       156.5      109.164     0.999837  0.000795209  0.000485031 
       156.5      109.592     0.999834  0.000791018  0.000486703 
       156.5       110.02     0.999832  0.000786815  0.000488369 
       156.5       110.45     0.999829    0.0007826  0.000490027 
       156.5       110.88     0.999827  0.000778375  0.000491677 
       156.5      111.311     0.999824   0.00077414   0.00049332 
       156.5      111.743     0.999821  0.000769895  0.000494954 
       156.5      112.175     0.999819  0.000765641   0.00049658 
       156.5      112.609     0.999816  0.000761378  0.000498197 
       156.5      113.043     0.999813  0.000757107  0.000499805 
       156.5      113.478      0.99981  0.000752826  0.000501404 
       156.5      113.914     0.999807  0.000748537  0.000502993 
       156.5      114.351     0.999804  0.000744239  0.000504573 
       156.5      114.789     0.999801  0.000739932  0.000506142 
       156.5      115.228     0.999798  0.000735616  0.000507701 
       156.5      115.667     0.999795  0.000731291   0.00050925 
       156.5      116.107     0.999792  0.000726956  0.000510788 
       156.5      116.548     0.999789  0.000722611  0.000512315 
       156.5       116.99     0.999786  0.000718256  0.000513832 
       156.5      117.433     0.999784   0.00071389  0.000515337 
       156.5      117.876     0.999781  0.000709513  0.000516831 
       156.5      118.321     0.999778  0.000705124  0.000518314 
       156.5      118.766     0.999776  0.000700723  0.000519785 
       156.5      119.212     0.999774   0.00069631  0.000521245 
       156.5      119.659     0.999771  0.000691882  0.000522693 
       156.5      120.107     0.999769  0.000687441  0.000524129 
       156.5      120.555     0.999768  0.000682986  0.000525554 
       156.5      121.005     0.999766  0.000678515  0.000526966 
       156.5      121.455     0.999765  0.000674029  0.000528367 
       156.5      121.906     0.999763  0.000669527  0.000529757 
       156.5      122.358     0.999762  0.000665008  0.000531134 
       156.5      122.811     0.999762  0.000660473    0.0005325 
       156.5      123.264     0.999761   0.00065592  0.000533854 
       156.5      123.719     0.999761  0.000651349  0.000535196 
       156.5      124.174     0.999761   0.00064676  0.000536527 
       156.5       124.63     0.999762  0.000642153  0.000537846 
       156.5      125.087     0.999763  0.000637527  0.000539154 
       156.5      125.545     0.999764  0.000632882  0.000540451 
       156.5      126.003     0.999765  0.000628219  0.000541737 
       156.5      126.463     0.999767  0.000623538  0.000543011 
       156.5      126.923     0.999769  0.000618838  0.000544276 
       156.5      127.384     0.999772   0.00061412  0.000545529 
       156.5      127.846     0.999775  0.000609384  0.000546773 
       156.5      128.309     0.999778  0.000604632  0.000548006 
       156.5      128.773     0.999782  0.000599863  0.000549229 
       156.5      129.237     0.999786  0.000595079  0.000550444 
       156.5      129.702      0.99979  0.000590281  0.000551649 
       156.5      130.169     0.999795  0.000585469  0.000552845 
       156.5      130.636     0.999801  0.000580646  0.000554033 
       156.5      131.103     0.999807  0.000575812  0.000555212 
       156.5      131.572     0.999813   0.00057097  0.000556384 
       156.5      132.041      0.99982  0.000566122  0.000557549 
       156.5      132.512     0.999827   0.00056127  0.000558707 
       156.5      132.983     0.999834  0.000556416  0.000559859 
       156.5      133.455     0.999842  0.000551563  0.000561005 
       156.5      133.928      0.99985  0.000546715  0.000562145 
       156.5      134.401     0.999859  0.000541874  0.000563281 
       156.5      134.876     0.999868  0.000537044  0.000564412 
       156.5      135.351     0.999878  0.000532229   0.00056554 
       156.5      135.827     0.999887  0.000527433  0.000566665 
       156.5      136.304     0.999898  0.000522661  0.000567787 
       156.5      136.782     0.999908  0.000517918  0.000568908 
       156.5      137.261     0.999919  0.000513208  0.000570028 
       156.5       137.74      0.99993  0.000508538  0.000571148 
       156.5      138.221     0.999941  0.000503914  0.000572268 
       156.5      138.702     0.999953  0.000499342  0.000573389 
       156.5      139.184     0.999965  0.000494828  0.000574512 
       156.5      139.667     0.999975   0.00049166  0.000576195 
       156.5      140.151     0.999983   0.00048978  0.000578296 
       156.5      140.635     0.999992  0.000487823  0.000580178 
       156.5       141.12            1  0.000485801  0.000581845 
       156.5      141.607      1.00001  0.000483728  0.000583297 
       156.5      142.094      1.00002  0.000481619  0.000584538 
       156.5      142.582      1.00002  0.000479489  0.000585569 
       156.5       143.07      1.00003  0.000477355  0.000586392 
       156.5       143.56      1.00004  0.000475235  0.000587012 
       156.5       144.05      1.00004  0.000473148  0.000587428 
       156.5      144.541      1.00005  0.000471113  0.000587646 
       156.5      145.033      1.00005  0.000469154  0.000587666 
       156.5      145.526      1.00005  0.000467291  0.000587493 
       156.5       146.02      1.00005   0.00046555  0.000587128 
       156.5      146.515      1.00005  0.000463956  0.000586575 
       156.5       147.01      1.00005  0.000462534  0.000585837 
       156.5      147.506      1.00005  0.000461314  0.000584917 
       156.5      148.003      1.00004  0.000460325  0.000583819 
       156.5      148.501      1.00004  0.000459597  0.000582545 
       156.5          149      1.00003  0.000459163  0.000581099 
       156.5        149.5      1.00001  0.000459058  0.000579485 
       156.5          150            1  0.000459316  0.000577707 
