Variables = x, y, u, v, p

Zone, I=600, F=POINT
       105.5            0   6.5589e-18  1.76519e-22  -0.00341992 
       105.5     0.000418  0.000197563  5.31286e-09  -0.00341992 
       105.5     0.001672  0.000790357  2.12264e-08   -0.0034199 
       105.5     0.003763   0.00177917  4.78388e-08  -0.00341987 
       105.5     0.006689   0.00316358  8.57854e-08  -0.00341982 
       105.5     0.010451   0.00494478  1.37036e-07  -0.00341976 
       105.5      0.01505    0.0071242  2.05759e-07  -0.00341969 
       105.5     0.020485   0.00970248  2.99277e-07  -0.00341959 
       105.5     0.026756     0.012681  4.29045e-07  -0.00341948 
       105.5     0.033863    0.0160612  6.11434e-07  -0.00341936 
       105.5     0.041806    0.0198449  8.68245e-07  -0.00341923 
       105.5     0.050585    0.0240339  1.22687e-06  -0.00341909 
       105.5     0.060201    0.0286309  1.72007e-06  -0.00341897 
       105.5     0.070652    0.0336371   2.3851e-06  -0.00341887 
       105.5      0.08194     0.039056  3.26306e-06  -0.00341881 
       105.5     0.094063    0.0448891  4.39716e-06  -0.00341879 
       105.5     0.107023    0.0511401  5.83231e-06  -0.00341884 
       105.5     0.120819    0.0578115  7.61401e-06  -0.00341895 
       105.5     0.135451    0.0649063  9.78942e-06  -0.00341912 
       105.5     0.150919    0.0724275  1.24101e-05  -0.00341932 
       105.5     0.167224     0.080379  1.55381e-05  -0.00341952 
       105.5     0.184364    0.0887631  1.92558e-05  -0.00341964 
       105.5     0.202341    0.0975842  2.36838e-05  -0.00341956 
       105.5     0.221153     0.106845  2.90043e-05  -0.00341912 
       105.5     0.240802      0.11655  3.54988e-05  -0.00341807 
       105.5     0.261287     0.126694  4.25689e-05  -0.00341756 
       105.5     0.282608     0.137286  5.04088e-05  -0.00341802 
       105.5     0.304765     0.148334  5.98308e-05  -0.00341846 
       105.5     0.327758     0.159836   7.0877e-05  -0.00341885 
       105.5     0.351588     0.171793  8.36021e-05  -0.00341915 
       105.5     0.376253     0.184203  9.80757e-05  -0.00341933 
       105.5     0.401755     0.197062  0.000114389  -0.00341938 
       105.5     0.428092     0.210367  0.000132655  -0.00341927 
       105.5     0.455266     0.224113  0.000153008  -0.00341899 
       105.5     0.483276     0.238292  0.000175604  -0.00341856 
       105.5     0.512122     0.252897  0.000200611  -0.00341799 
       105.5     0.541805     0.267917  0.000228205  -0.00341733 
       105.5     0.572323     0.283341  0.000258547  -0.00341666 
       105.5     0.603677     0.299156  0.000291767  -0.00341607 
       105.5     0.635868     0.315346  0.000327938  -0.00341573 
       105.5     0.668894     0.331892  0.000367026  -0.00341582 
       105.5     0.702757     0.348777  0.000408857  -0.00341659 
       105.5     0.737456     0.365978  0.000453042  -0.00341836 
       105.5     0.772991      0.38354  0.000499994   -0.0034179 
       105.5     0.809362     0.401341  0.000550207  -0.00341605 
       105.5      0.84657     0.419308  0.000603074  -0.00341457 
       105.5     0.884613     0.437419  0.000658253  -0.00341339 
       105.5     0.923492     0.455656  0.000715428  -0.00341246 
       105.5     0.963208     0.473998  0.000774306  -0.00341172 
       105.5      1.00376     0.492423  0.000834625   -0.0034111 
       105.5      1.04515     0.510909  0.000896157  -0.00341054 
       105.5      1.08737     0.529433  0.000958711  -0.00340998 
       105.5      1.13043      0.54797   0.00102214  -0.00340937 
       105.5      1.17433     0.566497   0.00108632  -0.00340863 
       105.5      1.21906     0.584988   0.00115117  -0.00340774 
       105.5      1.26463     0.603418   0.00121664  -0.00340663 
       105.5      1.31103     0.621759   0.00128267  -0.00340529 
       105.5      1.35827     0.639983   0.00134922   -0.0034037 
       105.5      1.40635     0.658062   0.00141621  -0.00340184 
       105.5      1.45526     0.675967   0.00148352  -0.00339974 
       105.5      1.50501     0.693665   0.00155095  -0.00339743 
       105.5       1.5556     0.711126   0.00161817  -0.00339497 
       105.5      1.60702     0.728316   0.00168469  -0.00339245 
       105.5      1.65928     0.745201   0.00174981  -0.00338998 
       105.5      1.71237     0.761746   0.00181251  -0.00338774 
       105.5       1.7663     0.778057   0.00187553  -0.00338557 
       105.5      1.82106     0.794193   0.00194534  -0.00338263 
       105.5      1.87667     0.809745   0.00201351  -0.00337947 
       105.5      1.93311     0.824698   0.00208004  -0.00337608 
       105.5      1.99038     0.839036   0.00214488  -0.00337248 
       105.5      2.04849     0.852749   0.00220803  -0.00336868 
       105.5      2.10744     0.865825   0.00226945  -0.00336468 
       105.5      2.16722     0.878255    0.0023291  -0.00336049 
       105.5      2.22784     0.890032   0.00238696  -0.00335611 
       105.5      2.28929     0.901151   0.00244296  -0.00335156 
       105.5      2.35158      0.91161   0.00249707  -0.00334684 
       105.5      2.41471     0.921407   0.00254923  -0.00334196 
       105.5      2.47867     0.930543   0.00259939  -0.00333693 
       105.5      2.54347     0.939024   0.00264748  -0.00333174 
       105.5      2.60911     0.946853   0.00269343  -0.00332642 
       105.5      2.67558     0.954042   0.00273719  -0.00332095 
       105.5      2.74288       0.9606   0.00277869  -0.00331535 
       105.5      2.81103     0.966541   0.00281787  -0.00330961 
       105.5      2.88001     0.971883   0.00285467  -0.00330373 
       105.5      2.94983     0.976645   0.00288903  -0.00329771 
       105.5      3.02048     0.980848   0.00292092  -0.00329155 
       105.5      3.09197     0.984518    0.0029503  -0.00328523 
       105.5      3.16429     0.987684   0.00297717  -0.00327876 
       105.5      3.23745     0.990376   0.00300154  -0.00327211 
       105.5      3.31145      0.99263   0.00302343  -0.00326527 
       105.5      3.38628     0.994482   0.00304292  -0.00325822 
       105.5      3.46195     0.995975   0.00306012  -0.00325093 
       105.5      3.53845     0.997151   0.00307518  -0.00324339 
       105.5      3.61579     0.998059   0.00308829  -0.00323556 
       105.5      3.69397     0.998749   0.00309973  -0.00322739 
       105.5      3.77298     0.999285   0.00311177  -0.00321938 
       105.5      3.85283     0.999763   0.00312685  -0.00321222 
       105.5      3.93352      1.00019   0.00314014  -0.00320467 
       105.5      4.01504      1.00057   0.00315201  -0.00319679 
       105.5       4.0974      1.00089   0.00316278  -0.00318864 
       105.5      4.18059      1.00118   0.00317276  -0.00318025 
       105.5      4.26462      1.00142   0.00318219  -0.00317169 
       105.5      4.34949      1.00162   0.00319127  -0.00316299 
       105.5      4.43519      1.00179   0.00320017  -0.00315419 
       105.5      4.52173      1.00192     0.003209  -0.00314532 
       105.5       4.6091      1.00202   0.00321786  -0.00313642 
       105.5      4.69731      1.00209   0.00322679   -0.0031275 
       105.5      4.78636      1.00214   0.00323582  -0.00311857 
       105.5      4.87624      1.00217   0.00324494  -0.00310965 
       105.5      4.96696      1.00218   0.00325413  -0.00310072 
       105.5      5.05851      1.00218   0.00326334  -0.00309177 
       105.5       5.1509      1.00217   0.00327255  -0.00308278 
       105.5      5.24413      1.00215    0.0032817  -0.00307371 
       105.5       5.3382      1.00213   0.00329079  -0.00306451 
       105.5      5.43309      1.00212   0.00329985  -0.00305496 
       105.5      5.52883      1.00211   0.00330943  -0.00304397 
       105.5       5.6254      1.00212   0.00331934  -0.00303314 
       105.5      5.72281      1.00214   0.00332956  -0.00302254 
       105.5      5.82105      1.00214   0.00333824  -0.00301197 
       105.5      5.92013      1.00212   0.00334666  -0.00300126 
       105.5      6.02005       1.0021   0.00335532  -0.00299041 
       105.5       6.1208      1.00208   0.00336397  -0.00297971 
       105.5      6.22239      1.00207   0.00337247  -0.00296929 
       105.5      6.32482      1.00206   0.00338113  -0.00295869 
       105.5      6.42808      1.00205   0.00338993  -0.00294792 
       105.5      6.53217      1.00204   0.00339883  -0.00293698 
       105.5      6.63711      1.00202   0.00340783  -0.00292588 
       105.5      6.74287      1.00201   0.00341689  -0.00291462 
       105.5      6.84948        1.002   0.00342601  -0.00290321 
       105.5      6.95692      1.00199   0.00343516  -0.00289165 
       105.5       7.0652      1.00198   0.00344432  -0.00287994 
       105.5      7.17431      1.00196   0.00345347  -0.00286809 
       105.5      7.28426      1.00195    0.0034626  -0.00285611 
       105.5      7.39505      1.00194   0.00347168  -0.00284399 
       105.5      7.50667      1.00193   0.00348071  -0.00283175 
       105.5      7.61913      1.00192   0.00348965  -0.00281938 
       105.5      7.73242       1.0019    0.0034985   -0.0028069 
       105.5      7.84655      1.00189   0.00350724   -0.0027943 
       105.5      7.96152      1.00188   0.00351585   -0.0027816 
       105.5      8.07732      1.00186   0.00352432   -0.0027688 
       105.5      8.19396      1.00185   0.00353264   -0.0027559 
       105.5      8.31143      1.00184   0.00354097  -0.00274288 
       105.5      8.42974      1.00183   0.00354981  -0.00272966 
       105.5      8.54889      1.00182   0.00355853  -0.00271634 
       105.5      8.66887      1.00181   0.00356719  -0.00270292 
       105.5      8.78969      1.00179   0.00357581  -0.00268942 
       105.5      8.91135      1.00178   0.00358446  -0.00267584 
       105.5      9.03384      1.00177   0.00359315  -0.00266219 
       105.5      9.15717      1.00176   0.00360192  -0.00264847 
       105.5      9.28133      1.00175   0.00361077  -0.00263468 
       105.5      9.40633      1.00174   0.00361888  -0.00262067 
       105.5      9.53216      1.00173   0.00362674   -0.0026065 
       105.5      9.65884      1.00172   0.00363459  -0.00259222 
       105.5      9.78634      1.00171   0.00364244  -0.00257783 
       105.5      9.91469       1.0017   0.00365031  -0.00256332 
       105.5      10.0439      1.00169    0.0036582  -0.00254872 
       105.5      10.1739      1.00168   0.00366611  -0.00253401 
       105.5      10.3047      1.00167   0.00367402  -0.00251921 
       105.5      10.4364      1.00166   0.00368192  -0.00250432 
       105.5      10.5689      1.00165   0.00368979  -0.00248933 
       105.5      10.7023      1.00164    0.0036976  -0.00247425 
       105.5      10.8365      1.00163   0.00370533  -0.00245907 
       105.5      10.9715      1.00162   0.00371294   -0.0024438 
       105.5      11.1074       1.0016   0.00372041  -0.00242843 
       105.5      11.2441      1.00159   0.00372771  -0.00241296 
       105.5      11.3817      1.00157   0.00373482  -0.00239738 
       105.5        11.52      1.00155   0.00374172  -0.00238169 
       105.5      11.6592      1.00153   0.00374875  -0.00236589 
       105.5      11.7993      1.00151   0.00375589     -0.00235 
       105.5      11.9402       1.0015   0.00376291  -0.00233402 
       105.5      12.0819      1.00148   0.00376981  -0.00231794 
       105.5      12.2245      1.00146   0.00377659  -0.00230177 
       105.5      12.3679      1.00145   0.00378324  -0.00228551 
       105.5      12.5121      1.00143   0.00378979  -0.00226916 
       105.5      12.6572      1.00142   0.00379621  -0.00225272 
       105.5      12.8031       1.0014   0.00380252  -0.00223619 
       105.5      12.9498      1.00139   0.00380872  -0.00221957 
       105.5      13.0974      1.00137   0.00381482  -0.00220287 
       105.5      13.2458      1.00135   0.00382081  -0.00218609 
       105.5       13.395      1.00134    0.0038267  -0.00216922 
       105.5      13.5451      1.00132    0.0038325  -0.00215228 
       105.5       13.696      1.00131    0.0038382  -0.00213526 
       105.5      13.8478      1.00129   0.00384381  -0.00211817 
       105.5      14.0004      1.00128   0.00384934  -0.00210101 
       105.5      14.1538      1.00126   0.00385477  -0.00208378 
       105.5      14.3081      1.00125   0.00386011  -0.00206648 
       105.5      14.4632      1.00123   0.00386536  -0.00204912 
       105.5      14.6191      1.00122    0.0038705  -0.00203171 
       105.5      14.7759       1.0012    0.0038754  -0.00201419 
       105.5      14.9335      1.00119   0.00388021  -0.00199663 
       105.5      15.0919      1.00118   0.00388492  -0.00197903 
       105.5      15.2512      1.00116   0.00388953   -0.0019614 
       105.5      15.4113      1.00115   0.00389389  -0.00194366 
       105.5      15.5723      1.00113   0.00389812  -0.00192584 
       105.5      15.7341      1.00112   0.00390226  -0.00190797 
       105.5      15.8967       1.0011   0.00390631  -0.00189006 
       105.5      16.0602      1.00109   0.00391025   -0.0018721 
       105.5      16.2245      1.00107   0.00391407   -0.0018541 
       105.5      16.3896      1.00106   0.00391777  -0.00183606 
       105.5      16.5556      1.00104   0.00392133  -0.00181798 
       105.5      16.7224      1.00103   0.00392476  -0.00179986 
       105.5        16.89      1.00101   0.00392805  -0.00178169 
       105.5      17.0585      1.00099    0.0039312   -0.0017635 
       105.5      17.2278      1.00098    0.0039342  -0.00174526 
       105.5      17.3979      1.00096   0.00393706  -0.00172699 
       105.5      17.5689      1.00094   0.00393977  -0.00170868 
       105.5      17.7408      1.00093   0.00394234  -0.00169035 
       105.5      17.9134      1.00091   0.00394477  -0.00167198 
       105.5      18.0869      1.00089   0.00394706  -0.00165359 
       105.5      18.2612      1.00088   0.00394921  -0.00163517 
       105.5      18.4364      1.00086   0.00395123  -0.00161672 
       105.5      18.6124      1.00084   0.00395311  -0.00159825 
       105.5      18.7892      1.00083   0.00395486  -0.00157976 
       105.5      18.9669      1.00081   0.00395647  -0.00156126 
       105.5      19.1454      1.00079   0.00395795  -0.00154274 
       105.5      19.3248      1.00078   0.00395929  -0.00152421 
       105.5       19.505      1.00076   0.00396048  -0.00150566 
       105.5       19.686      1.00074   0.00396154  -0.00148711 
       105.5      19.8678      1.00073   0.00396247  -0.00146856 
       105.5      20.0505      1.00071   0.00396325  -0.00145001 
       105.5      20.2341       1.0007   0.00396391  -0.00143148 
       105.5      20.4184      1.00068   0.00396442  -0.00141296 
       105.5      20.6036      1.00067   0.00396479  -0.00139446 
       105.5      20.7897      1.00065   0.00396498  -0.00137593 
       105.5      20.9765      1.00063     0.003965  -0.00135739 
       105.5      21.1642      1.00062   0.00396489  -0.00133887 
       105.5      21.3528       1.0006   0.00396464  -0.00132036 
       105.5      21.5422      1.00058   0.00396426  -0.00130186 
       105.5      21.7324      1.00057   0.00396374  -0.00128339 
       105.5      21.9234      1.00055   0.00396309  -0.00126493 
       105.5      22.1153      1.00054    0.0039623   -0.0012465 
       105.5       22.308      1.00052   0.00396136  -0.00122809 
       105.5      22.5016       1.0005   0.00396029  -0.00120971 
       105.5       22.696      1.00049   0.00395908  -0.00119136 
       105.5      22.8912      1.00047   0.00395772  -0.00117303 
       105.5      23.0873      1.00046   0.00395623  -0.00115474 
       105.5      23.2842      1.00044   0.00395459  -0.00113648 
       105.5       23.482      1.00043   0.00395281  -0.00111825 
       105.5      23.6805      1.00041   0.00395089  -0.00110006 
       105.5        23.88       1.0004   0.00394883  -0.00108191 
       105.5      24.0802      1.00038   0.00394664   -0.0010638 
       105.5      24.2813      1.00036    0.0039443  -0.00104574 
       105.5      24.4832      1.00035   0.00394182  -0.00102771 
       105.5       24.686      1.00033   0.00393921  -0.00100974 
       105.5      24.8896      1.00032   0.00393646 -0.000991809 
       105.5       25.094       1.0003   0.00393357  -0.00097393 
       105.5      25.2993      1.00029   0.00393055 -0.000956102 
       105.5      25.5054      1.00027    0.0039274 -0.000938327 
       105.5      25.7123      1.00026   0.00392412 -0.000920607 
       105.5      25.9201      1.00024    0.0039207 -0.000902944 
       105.5      26.1287      1.00023   0.00391716 -0.000885339 
       105.5      26.3381      1.00021   0.00391348 -0.000867795 
       105.5      26.5484       1.0002   0.00390969 -0.000850312 
       105.5      26.7595      1.00019   0.00390576 -0.000832894 
       105.5      26.9715      1.00017   0.00390171  -0.00081554 
       105.5      27.1843      1.00016   0.00389755 -0.000798254 
       105.5      27.3979      1.00014   0.00389326 -0.000781038 
       105.5      27.6124      1.00013   0.00388885 -0.000763891 
       105.5      27.8277      1.00011   0.00388432 -0.000746817 
       105.5      28.0438       1.0001   0.00387968 -0.000729817 
       105.5      28.2608      1.00009   0.00387492 -0.000712893 
       105.5      28.4786      1.00007   0.00387005 -0.000696046 
       105.5      28.6972      1.00006   0.00386506 -0.000679278 
       105.5      28.9167      1.00005   0.00385996  -0.00066259 
       105.5       29.137      1.00003   0.00385475 -0.000645985 
       105.5      29.3582      1.00002   0.00384943 -0.000629463 
       105.5      29.5802      1.00001   0.00384397 -0.000613021 
       105.5       29.803     0.999992   0.00383836 -0.000596654 
       105.5      30.0267     0.999979   0.00383265 -0.000580372 
       105.5      30.2512     0.999966   0.00382683 -0.000564176 
       105.5      30.4765     0.999953   0.00382091 -0.000548068 
       105.5      30.7027      0.99994   0.00381489 -0.000532049 
       105.5      30.9297     0.999927   0.00380877  -0.00051612 
       105.5      31.1575     0.999914    0.0038026 -0.000500302 
       105.5      31.3862     0.999902   0.00379634 -0.000484583 
       105.5      31.6157     0.999889   0.00378998 -0.000468954 
       105.5      31.8461     0.999877    0.0037835 -0.000453417 
       105.5      32.0773     0.999865   0.00377692 -0.000437973 
       105.5      32.3093     0.999853   0.00377023 -0.000422623 
       105.5      32.5421     0.999841   0.00376345 -0.000407369 
       105.5      32.7758     0.999829   0.00375658  -0.00039221 
       105.5      33.0104     0.999818   0.00374961 -0.000377148 
       105.5      33.2457     0.999806   0.00374256 -0.000362188 
       105.5      33.4819     0.999795   0.00373544 -0.000347333 
       105.5       33.719     0.999783   0.00372823 -0.000332579 
       105.5      33.9568     0.999772   0.00372094 -0.000317929 
       105.5      34.1956     0.999761   0.00371356 -0.000303382 
       105.5      34.4351      0.99975   0.00370611 -0.000288939 
       105.5      34.6755      0.99974   0.00369856 -0.000274602 
       105.5      34.9167     0.999729   0.00369094  -0.00026037 
       105.5      35.1588     0.999718   0.00368325 -0.000246244 
       105.5      35.4017     0.999708   0.00367547 -0.000232224 
       105.5      35.6454     0.999697   0.00366762 -0.000218312 
       105.5      35.8899     0.999687    0.0036597 -0.000204507 
       105.5      36.1354     0.999677    0.0036517 -0.000190811 
       105.5      36.3816     0.999667   0.00364364 -0.000177223 
       105.5      36.6287     0.999657   0.00363551 -0.000163744 
       105.5      36.8766     0.999648   0.00362731 -0.000150374 
       105.5      37.1253     0.999638   0.00361905 -0.000137114 
       105.5      37.3749     0.999629   0.00361072 -0.000123965 
       105.5      37.6253     0.999619   0.00360233 -0.000110925 
       105.5      37.8766      0.99961   0.00359389 -9.79965e-05 
       105.5      38.1287     0.999601   0.00358539 -8.51786e-05 
       105.5      38.3816     0.999592   0.00357683 -7.24717e-05 
       105.5      38.6353     0.999583   0.00356822  -5.9876e-05 
       105.5      38.8899     0.999574   0.00355955 -4.73917e-05 
       105.5      39.1454     0.999566   0.00355084 -3.50189e-05 
       105.5      39.4016     0.999557   0.00354208 -2.27575e-05 
       105.5      39.6588     0.999549   0.00353327 -1.06077e-05 
       105.5      39.9167     0.999541   0.00352441  1.43067e-06 
       105.5      40.1755     0.999533   0.00351551  1.33575e-05 
       105.5      40.4351     0.999525   0.00350657   2.5173e-05 
       105.5      40.6955     0.999517   0.00349759  3.68772e-05 
       105.5      40.9568     0.999509   0.00348856  4.84702e-05 
       105.5      41.2189     0.999501    0.0034795  5.99524e-05 
       105.5      41.4819     0.999494    0.0034704   7.1324e-05 
       105.5      41.7457     0.999487   0.00346126  8.25851e-05 
       105.5      42.0103     0.999479   0.00345209  9.37362e-05 
       105.5      42.2758     0.999472   0.00344288  0.000104778 
       105.5      42.5421     0.999465   0.00343363   0.00011571 
       105.5      42.8092     0.999458   0.00342435  0.000126533 
       105.5      43.0772     0.999452   0.00341504  0.000137248 
       105.5       43.346     0.999445   0.00340569  0.000147856 
       105.5      43.6157     0.999438    0.0033963   0.00015835 
       105.5      43.8862     0.999432    0.0033869  0.000168674 
       105.5      44.1575     0.999427   0.00337749  0.000178905 
       105.5      44.4296     0.999421   0.00336807  0.000189041 
       105.5      44.7026     0.999415   0.00335864  0.000199081 
       105.5      44.9765     0.999409    0.0033492  0.000209021 
       105.5      45.2511     0.999404   0.00333974   0.00021886 
       105.5      45.5266     0.999398   0.00333027  0.000228598 
       105.5       45.803     0.999393   0.00332078  0.000238231 
       105.5      46.0801     0.999388   0.00331127  0.000247759 
       105.5      46.3581     0.999382   0.00330174  0.000257181 
       105.5       46.637     0.999377    0.0032922  0.000266496 
       105.5      46.9167     0.999372   0.00328264  0.000275702 
       105.5      47.1972     0.999367   0.00327305  0.000284799 
       105.5      47.4785     0.999362   0.00326345  0.000293786 
       105.5      47.7607     0.999358   0.00325383  0.000302663 
       105.5      48.0438     0.999353   0.00324419   0.00031143 
       105.5      48.3276     0.999349   0.00323453  0.000320087 
       105.5      48.6123     0.999344   0.00322486  0.000328634 
       105.5      48.8979      0.99934   0.00321517  0.000337071 
       105.5      49.1842     0.999336   0.00320548  0.000345399 
       105.5      49.4714     0.999332   0.00319578  0.000353618 
       105.5      49.7595     0.999328   0.00318607   0.00036173 
       105.5      50.0484     0.999324   0.00317636  0.000369735 
       105.5      50.3381     0.999321   0.00316666  0.000377636 
       105.5      50.6286     0.999317   0.00315696  0.000385433 
       105.5        50.92     0.999314   0.00314728   0.00039313 
       105.5      51.2122      0.99931   0.00313765  0.000400748 
       105.5      51.5053     0.999307   0.00312811  0.000408327 
       105.5      51.7992     0.999304   0.00311858  0.000415808 
       105.5      52.0939     0.999301   0.00310904  0.000423191 
       105.5      52.3895     0.999298   0.00309952  0.000430477 
       105.5      52.6859     0.999296   0.00308999  0.000437666 
       105.5      52.9831     0.999293   0.00308047  0.000444758 
       105.5      53.2812      0.99929   0.00307095  0.000451754 
       105.5      53.5801     0.999288   0.00306143  0.000458655 
       105.5      53.8799     0.999286   0.00305191  0.000465461 
       105.5      54.1805     0.999284    0.0030424  0.000472172 
       105.5      54.4819     0.999281   0.00303289  0.000478788 
       105.5      54.7841      0.99928   0.00302338   0.00048531 
       105.5      55.0872     0.999278   0.00301387  0.000491739 
       105.5      55.3912     0.999276   0.00300437  0.000498074 
       105.5      55.6959     0.999274   0.00299487  0.000504316 
       105.5      56.0015     0.999273   0.00298539  0.000510466 
       105.5       56.308     0.999272   0.00297591  0.000516523 
       105.5      56.6152      0.99927   0.00296644  0.000522487 
       105.5      56.9233     0.999269   0.00295698   0.00052836 
       105.5      57.2323     0.999268   0.00294754  0.000534141 
       105.5      57.5421     0.999268   0.00293812  0.000539831 
       105.5      57.8527     0.999267   0.00292872   0.00054543 
       105.5      58.1641     0.999267   0.00291934  0.000550937 
       105.5      58.4764     0.999266      0.00291  0.000556354 
       105.5      58.7896     0.999266   0.00290068   0.00056168 
       105.5      59.1035     0.999266   0.00289153  0.000567094 
       105.5      59.4183     0.999265    0.0028825  0.000572608 
       105.5      59.7339     0.999264   0.00287345   0.00057802 
       105.5      60.0504     0.999263   0.00286439  0.000583333 
       105.5      60.3677     0.999262   0.00285533  0.000588549 
       105.5      60.6859     0.999261   0.00284628  0.000593671 
       105.5      61.0048      0.99926   0.00283723  0.000598699 
       105.5      61.3247      0.99926   0.00282819  0.000603638 
       105.5      61.6453     0.999259   0.00281917  0.000608488 
       105.5      61.9668     0.999259   0.00281017  0.000613253 
       105.5      62.2891     0.999258   0.00280119  0.000617933 
       105.5      62.6123     0.999258   0.00279224  0.000622531 
       105.5      62.9363     0.999258   0.00278332  0.000627049 
       105.5      63.2611     0.999258   0.00277443  0.000631488 
       105.5      63.5868     0.999258   0.00276557  0.000635851 
       105.5      63.9133     0.999258   0.00275674  0.000640139 
       105.5      64.2406     0.999258   0.00274795  0.000644354 
       105.5      64.5688     0.999258   0.00273919  0.000648497 
       105.5      64.8978     0.999259   0.00273046   0.00065257 
       105.5      65.2277     0.999259   0.00272177  0.000656574 
       105.5      65.5583      0.99926   0.00271312  0.000660511 
       105.5      65.8899      0.99926    0.0027045  0.000664382 
       105.5      66.2222     0.999261   0.00269591  0.000668188 
       105.5      66.5554     0.999262   0.00268736   0.00067193 
       105.5      66.8894     0.999263   0.00267884  0.000675609 
       105.5      67.2243     0.999264   0.00267035  0.000679227 
       105.5        67.56     0.999265   0.00266188  0.000682783 
       105.5      67.8966     0.999267   0.00265345  0.000686279 
       105.5      68.2339     0.999268   0.00264505  0.000689716 
       105.5      68.5721      0.99927   0.00263667  0.000693093 
       105.5      68.9112     0.999272   0.00262831  0.000696412 
       105.5      69.2511     0.999273   0.00261998  0.000699672 
       105.5      69.5918     0.999275   0.00261168  0.000702874 
       105.5      69.9333     0.999278    0.0026034  0.000706018 
       105.5      70.2757      0.99928   0.00259514  0.000709104 
       105.5      70.6189     0.999282    0.0025869  0.000712132 
       105.5       70.963     0.999285   0.00257869  0.000715102 
       105.5      71.3079     0.999287    0.0025705  0.000718012 
       105.5      71.6536      0.99929   0.00256233  0.000720863 
       105.5      72.0002     0.999293   0.00255419  0.000723655 
       105.5      72.3476     0.999296   0.00254608  0.000726385 
       105.5      72.6959     0.999299     0.002538  0.000729054 
       105.5      73.0449     0.999301   0.00252991  0.000732031 
       105.5      73.3949     0.999304   0.00252187  0.000735095 
       105.5      73.7456     0.999306   0.00251392  0.000738067 
       105.5      74.0972     0.999309   0.00250605   0.00074095 
       105.5      74.4496     0.999311   0.00249824  0.000743746 
       105.5      74.8029     0.999314   0.00249051  0.000746459 
       105.5       75.157     0.999316   0.00248283  0.000749092 
       105.5      75.5119     0.999319   0.00247522  0.000751647 
       105.5      75.8677     0.999321   0.00246765  0.000754127 
       105.5      76.2243     0.999324   0.00246014  0.000756536 
       105.5      76.5817     0.999326   0.00245267  0.000758876 
       105.5        76.94     0.999328   0.00244524  0.000761149 
       105.5      77.2991     0.999331   0.00243785   0.00076336 
       105.5      77.6591     0.999333    0.0024305   0.00076551 
       105.5      78.0198     0.999336   0.00242318  0.000767603 
       105.5      78.3815     0.999338   0.00241589  0.000769641 
       105.5      78.7439     0.999341   0.00240863  0.000771628 
       105.5      79.1072     0.999343    0.0024014  0.000773566 
       105.5      79.4714     0.999346    0.0023942  0.000775457 
       105.5      79.8363     0.999348   0.00238702  0.000777306 
       105.5      80.2021     0.999351   0.00237987  0.000779113 
       105.5      80.5688     0.999353   0.00237275  0.000780884 
       105.5      80.9362     0.999356   0.00236565  0.000782619 
       105.5      81.3045     0.999358   0.00235857  0.000784322 
       105.5      81.6737     0.999361   0.00235152  0.000785995 
       105.5      82.0437     0.999363    0.0023445  0.000787641 
       105.5      82.4145     0.999366    0.0023375  0.000789264 
       105.5      82.7861     0.999368   0.00233054  0.000790864 
       105.5      83.1586     0.999371    0.0023236  0.000792446 
       105.5       83.532     0.999373    0.0023167  0.000794011 
       105.5      83.9061     0.999376   0.00230983  0.000795563 
       105.5      84.2811     0.999378     0.002303  0.000797103 
       105.5       84.657     0.999381   0.00229621  0.000798635 
       105.5      85.0336     0.999383   0.00228946  0.000800161 
       105.5      85.4111     0.999385   0.00228276  0.000801682 
       105.5      85.7895     0.999388   0.00227611  0.000803202 
       105.5      86.1687      0.99939   0.00226951  0.000804724 
       105.5      86.5487     0.999393   0.00226296  0.000806248 
       105.5      86.9295     0.999395   0.00225648  0.000807778 
       105.5      87.3112     0.999397   0.00225006  0.000809317 
       105.5      87.6937     0.999399   0.00224371  0.000810865 
       105.5      88.0771     0.999402   0.00223732  0.000812452 
       105.5      88.4613     0.999405   0.00223085   0.00081405 
       105.5      88.8463     0.999408   0.00222447  0.000815603 
       105.5      89.2322     0.999412   0.00221817  0.000817111 
       105.5      89.6189     0.999415   0.00221195  0.000818575 
       105.5      90.0064     0.999418   0.00220579  0.000819994 
       105.5      90.3948     0.999422   0.00219968   0.00082137 
       105.5       90.784     0.999425   0.00219362  0.000822702 
       105.5      91.1741     0.999429   0.00218759  0.000823992 
       105.5       91.565     0.999432    0.0021816   0.00082524 
       105.5      91.9567     0.999435   0.00217563  0.000826446 
       105.5      92.3492     0.999439   0.00216967  0.000827612 
       105.5      92.7426     0.999442   0.00216372  0.000828738 
       105.5      93.1369     0.999446   0.00215778  0.000829827 
       105.5      93.5319     0.999449   0.00215183  0.000830878 
       105.5      93.9278     0.999452   0.00214587  0.000831894 
       105.5      94.3246     0.999455    0.0021399  0.000832876 
       105.5      94.7221     0.999459   0.00213391  0.000833824 
       105.5      95.1206     0.999462   0.00212791  0.000834742 
       105.5      95.5198     0.999465   0.00212188  0.000835631 
       105.5      95.9199     0.999468   0.00211583  0.000836493 
       105.5      96.3208      0.99947   0.00210975   0.00083733 
       105.5      96.7226     0.999473   0.00210366  0.000838144 
       105.5      97.1251     0.999476   0.00209754  0.000838937 
       105.5      97.5286     0.999478    0.0020914  0.000839712 
       105.5      97.9328     0.999481   0.00208525  0.000840472 
       105.5      98.3379     0.999483   0.00207909  0.000841219 
       105.5      98.7439     0.999485   0.00207293  0.000841956 
       105.5      99.1506     0.999488   0.00206677  0.000842687 
       105.5      99.5583     0.999495   0.00206124  0.000843556 
       105.5      99.9667     0.999504   0.00205587   0.00084447 
       105.5      100.376     0.999513   0.00205047  0.000845388 
       105.5      100.786     0.999521   0.00204506  0.000846309 
       105.5      101.197      0.99953   0.00203963  0.000847234 
       105.5      101.609     0.999538    0.0020342  0.000848162 
       105.5      102.021     0.999546   0.00202876  0.000849092 
       105.5      102.435     0.999554   0.00202332  0.000850024 
       105.5      102.849     0.999562   0.00201789  0.000850958 
       105.5      103.264      0.99957   0.00201247  0.000851893 
       105.5       103.68     0.999577   0.00200706  0.000852829 
       105.5      104.097     0.999584   0.00200167  0.000853765 
       105.5      104.515     0.999591   0.00199629    0.0008547 
       105.5      104.933     0.999597   0.00199094  0.000855635 
       105.5      105.353     0.999603   0.00198561  0.000856569 
       105.5      105.773     0.999609   0.00198031  0.000857502 
       105.5      106.194     0.999615   0.00197503  0.000858433 
       105.5      106.616      0.99962   0.00196979  0.000859361 
       105.5      107.038     0.999625   0.00196458  0.000860287 
       105.5      107.462      0.99963    0.0019594   0.00086121 
       105.5      107.886     0.999634   0.00195427  0.000862129 
       105.5      108.311     0.999638   0.00194916  0.000863045 
       105.5      108.737     0.999642    0.0019441  0.000863957 
       105.5      109.164     0.999646   0.00193907  0.000864864 
       105.5      109.592     0.999649   0.00193409  0.000865766 
       105.5       110.02     0.999652   0.00192914  0.000866664 
       105.5       110.45     0.999654   0.00192424  0.000867555 
       105.5       110.88     0.999657   0.00191937  0.000868441 
       105.5      111.311     0.999659   0.00191455  0.000869321 
       105.5      111.743      0.99966   0.00190976  0.000870195 
       105.5      112.175     0.999662   0.00190501  0.000871061 
       105.5      112.609     0.999663    0.0019003  0.000871921 
       105.5      113.043     0.999664   0.00189563  0.000872773 
       105.5      113.478     0.999665     0.001891  0.000873618 
       105.5      113.914     0.999665    0.0018864  0.000874456 
       105.5      114.351     0.999665   0.00188184  0.000875285 
       105.5      114.789     0.999665   0.00187731  0.000876106 
       105.5      115.228     0.999665    0.0018728  0.000876918 
       105.5      115.667     0.999665   0.00186833  0.000877721 
       105.5      116.107     0.999664   0.00186389  0.000878516 
       105.5      116.548     0.999664   0.00185947  0.000879302 
       105.5       116.99     0.999663   0.00185507  0.000880078 
       105.5      117.433     0.999662    0.0018507  0.000880845 
       105.5      117.876     0.999661   0.00184634  0.000881602 
       105.5      118.321      0.99966     0.001842   0.00088235 
       105.5      118.766     0.999659   0.00183767  0.000883088 
       105.5      119.212     0.999658   0.00183335  0.000883815 
       105.5      119.659     0.999657   0.00182904  0.000884533 
       105.5      120.107     0.999656   0.00182474   0.00088524 
       105.5      120.555     0.999655   0.00182043  0.000885937 
       105.5      121.005     0.999654   0.00181613  0.000886624 
       105.5      121.455     0.999654   0.00181182    0.0008873 
       105.5      121.906     0.999653    0.0018075  0.000887966 
       105.5      122.358     0.999652   0.00180317  0.000888622 
       105.5      122.811     0.999652   0.00179883  0.000889267 
       105.5      123.264     0.999651   0.00179447  0.000889902 
       105.5      123.719     0.999651   0.00179009  0.000890526 
       105.5      124.174     0.999651   0.00178569   0.00089114 
       105.5       124.63     0.999652   0.00178126  0.000891744 
       105.5      125.087     0.999652   0.00177679  0.000892337 
       105.5      125.545     0.999653    0.0017723   0.00089292 
       105.5      126.003     0.999654   0.00176777  0.000893493 
       105.5      126.463     0.999656   0.00176319  0.000894057 
       105.5      126.923     0.999658   0.00175858   0.00089461 
       105.5      127.384      0.99966   0.00175392  0.000895154 
       105.5      127.846     0.999662    0.0017492  0.000895689 
       105.5      128.309     0.999665   0.00174444  0.000896214 
       105.5      128.773     0.999669   0.00173962   0.00089673 
       105.5      129.237     0.999672   0.00173474  0.000897238 
       105.5      129.702     0.999677   0.00172981  0.000897737 
       105.5      130.169     0.999682    0.0017248  0.000898227 
       105.5      130.636     0.999687   0.00171974   0.00089871 
       105.5      131.103     0.999693    0.0017146  0.000899185 
       105.5      131.572     0.999699    0.0017094  0.000899653 
       105.5      132.041     0.999706   0.00170413  0.000900114 
       105.5      132.512     0.999713   0.00169878  0.000900568 
       105.5      132.983     0.999721   0.00169336  0.000901016 
       105.5      133.455      0.99973   0.00168786  0.000901458 
       105.5      133.928     0.999739   0.00168229  0.000901895 
       105.5      134.401     0.999749   0.00167664  0.000902328 
       105.5      134.876     0.999759   0.00167091  0.000902755 
       105.5      135.351      0.99977    0.0016651  0.000903179 
       105.5      135.827     0.999782   0.00165922    0.0009036 
       105.5      136.304     0.999794   0.00165326  0.000904018 
       105.5      136.782     0.999803   0.00164804  0.000904901 
       105.5      137.261     0.999808   0.00164359   0.00090621 
       105.5       137.74     0.999814    0.0016392  0.000907517 
       105.5      138.221     0.999821   0.00163488  0.000908825 
       105.5      138.702     0.999827   0.00163064  0.000910136 
       105.5      139.184     0.999834   0.00162649  0.000911451 
       105.5      139.667     0.999841   0.00162241  0.000912775 
       105.5      140.151     0.999849   0.00161843  0.000914109 
       105.5      140.635     0.999856   0.00161455  0.000915456 
       105.5       141.12     0.999864   0.00161078  0.000916818 
       105.5      141.607     0.999872   0.00160712  0.000918198 
       105.5      142.094     0.999881   0.00160357  0.000919599 
       105.5      142.582     0.999889   0.00160015  0.000921024 
       105.5       143.07     0.999898   0.00159687  0.000922475 
       105.5       143.56     0.999906   0.00159372  0.000923956 
       105.5       144.05     0.999915   0.00159072  0.000925468 
       105.5      144.541     0.999923   0.00158788  0.000927016 
       105.5      145.033     0.999932    0.0015852  0.000928601 
       105.5      145.526      0.99994    0.0015827  0.000930228 
       105.5       146.02     0.999948   0.00158038  0.000931898 
       105.5      146.515     0.999956   0.00157824  0.000933616 
       105.5       147.01     0.999964   0.00157631  0.000935384 
       105.5      147.506     0.999971   0.00157459  0.000937206 
       105.5      148.003     0.999978   0.00157308  0.000939085 
       105.5      148.501     0.999984   0.00157181  0.000941024 
       105.5          149      0.99999   0.00157077  0.000943026 
       105.5        149.5     0.999996   0.00156998  0.000945095 
       105.5          150            1   0.00156946  0.000947235 
