Variables = x, y, u, v, p

Zone, I=600, F=POINT
       513.5            0  1.77503e-07  -1.2636e-09 -5.23389e-05 
       513.5     0.000418  0.000150594 -1.21442e-09 -5.23387e-05 
       513.5     0.001672  0.000601843 -8.46218e-10 -5.23383e-05 
       513.5     0.003763   0.00135429  5.03964e-10 -5.23377e-05 
       513.5     0.006689   0.00240721  3.93869e-09 -5.23368e-05 
       513.5     0.010451   0.00376097   1.1004e-08 -5.23356e-05 
       513.5      0.01505   0.00541594  2.36911e-08 -5.23343e-05 
       513.5     0.020485   0.00737176    4.443e-08 -5.23329e-05 
       513.5     0.026756   0.00962843  7.60957e-08 -5.23313e-05 
       513.5     0.033863     0.012186  1.22008e-07 -5.23296e-05 
       513.5     0.041806    0.0150443  1.85932e-07 -5.23278e-05 
       513.5     0.050585    0.0182036  2.72079e-07  -5.2326e-05 
       513.5     0.060201     0.021664  3.85121e-07 -5.23242e-05 
       513.5     0.070652     0.025425  5.30144e-07 -5.23224e-05 
       513.5      0.08194    0.0294871  7.12734e-07 -5.23206e-05 
       513.5     0.094063    0.0338497  9.38871e-07 -5.23187e-05 
       513.5     0.107023    0.0385135  1.21506e-06 -5.23167e-05 
       513.5     0.120819     0.043478   1.5482e-06 -5.23146e-05 
       513.5     0.135451    0.0487432  1.94567e-06 -5.23121e-05 
       513.5     0.150919     0.054309  2.41532e-06 -5.23092e-05 
       513.5     0.167224    0.0601759  2.96547e-06 -5.23056e-05 
       513.5     0.184364    0.0663428  3.60483e-06 -5.23012e-05 
       513.5     0.202341    0.0728106  4.34271e-06 -5.22956e-05 
       513.5     0.221153    0.0795783  5.18872e-06 -5.22885e-05 
       513.5     0.240802    0.0866465  6.15314e-06 -5.22794e-05 
       513.5     0.261287    0.0940156  7.24252e-06 -5.22686e-05 
       513.5     0.282608     0.101682   8.4727e-06   -5.228e-05 
       513.5     0.304765     0.109648  9.85282e-06 -5.22872e-05 
       513.5     0.327758     0.117913  1.13945e-05 -5.22899e-05 
       513.5     0.351588     0.126477  1.31097e-05 -5.22885e-05 
       513.5     0.376253     0.135339  1.50107e-05 -5.22832e-05 
       513.5     0.401755     0.144498  1.71105e-05 -5.22742e-05 
       513.5     0.428092     0.153953  1.94221e-05 -5.22621e-05 
       513.5     0.455266     0.163703  2.19593e-05 -5.22475e-05 
       513.5     0.483276     0.173747  2.47359e-05 -5.22314e-05 
       513.5     0.512122     0.184083  2.77663e-05 -5.22146e-05 
       513.5     0.541805      0.19471  3.10653e-05 -5.21984e-05 
       513.5     0.572323     0.205626  3.46479e-05 -5.21843e-05 
       513.5     0.603677     0.216828  3.85297e-05 -5.21738e-05 
       513.5     0.635868     0.228316  4.27266e-05 -5.21688e-05 
       513.5     0.668894     0.240085  4.72547e-05 -5.21716e-05 
       513.5     0.702757     0.252135  5.21308e-05 -5.21845e-05 
       513.5     0.737456     0.264461  5.73716e-05 -5.22102e-05 
       513.5     0.772991     0.277063  6.30389e-05 -5.21573e-05 
       513.5     0.809362     0.289921  6.89803e-05 -5.21781e-05 
       513.5      0.84657     0.303043  7.53477e-05 -5.21924e-05 
       513.5     0.884613     0.316424  8.21534e-05 -5.22004e-05 
       513.5     0.923492     0.330058  8.94099e-05 -5.22022e-05 
       513.5     0.963208     0.343936  9.71293e-05  -5.2198e-05 
       513.5      1.00376     0.358052  0.000105322 -5.21881e-05 
       513.5      1.04515     0.372396     0.000114 -5.21729e-05 
       513.5      1.08737     0.386959  0.000123171 -5.21526e-05 
       513.5      1.13043     0.401731  0.000132845  -5.2128e-05 
       513.5      1.17433     0.416701  0.000143031 -5.20995e-05 
       513.5      1.21906     0.431857  0.000153735 -5.20679e-05 
       513.5      1.26463     0.447188  0.000164965 -5.20339e-05 
       513.5      1.31103      0.46268  0.000176725 -5.19985e-05 
       513.5      1.35827     0.478318   0.00018902 -5.19627e-05 
       513.5      1.40635     0.494088  0.000201852 -5.19275e-05 
       513.5      1.45526     0.509972  0.000215225 -5.18942e-05 
       513.5      1.50501     0.525955  0.000229139 -5.18642e-05 
       513.5       1.5556     0.542017  0.000243592 -5.18389e-05 
       513.5      1.60702     0.558139  0.000258584 -5.18199e-05 
       513.5      1.65928     0.574301  0.000274111 -5.18091e-05 
       513.5      1.71237     0.590481  0.000290168 -5.18082e-05 
       513.5       1.7663     0.605955  0.000305134 -5.26251e-05 
       513.5      1.82106     0.622429  0.000322849 -5.23967e-05 
       513.5      1.87667     0.638748  0.000340881 -5.21967e-05 
       513.5      1.93311     0.654894  0.000359212 -5.20245e-05 
       513.5      1.99038      0.67085  0.000377819 -5.18793e-05 
       513.5      2.04849     0.686599  0.000396681   -5.176e-05 
       513.5      2.10744     0.702123  0.000415771 -5.16655e-05 
       513.5      2.16722     0.717405  0.000435061 -5.15944e-05 
       513.5      2.22784     0.732427  0.000454524  -5.1545e-05 
       513.5      2.28929     0.747171  0.000474126 -5.15156e-05 
       513.5      2.35158     0.761618  0.000493834 -5.15042e-05 
       513.5      2.41471     0.775752   0.00051361 -5.15086e-05 
       513.5      2.47867     0.789554  0.000533416 -5.15262e-05 
       513.5      2.54347     0.803004  0.000553209 -5.15544e-05 
       513.5      2.60911     0.816086  0.000572946 -5.15904e-05 
       513.5      2.67558      0.82878  0.000592579 -5.16307e-05 
       513.5      2.74288     0.841068  0.000612058 -5.16721e-05 
       513.5      2.81103     0.852931  0.000631331 -5.17108e-05 
       513.5      2.88001      0.86435   0.00065034 -5.17428e-05 
       513.5      2.94983     0.875307  0.000669027 -5.17637e-05 
       513.5      3.02048     0.885782   0.00068733 -5.17691e-05 
       513.5      3.09197     0.895757  0.000705183  -5.1754e-05 
       513.5      3.16429     0.905213  0.000722517 -5.17132e-05 
       513.5      3.23745      0.91413   0.00073926 -5.16411e-05 
       513.5      3.31145      0.92249  0.000755335  -5.1532e-05 
       513.5      3.38628     0.930274  0.000770664 -5.13796e-05 
       513.5      3.46195     0.937461  0.000785162 -5.11773e-05 
       513.5      3.53845     0.944034  0.000798743 -5.09183e-05 
       513.5      3.61579     0.949973  0.000811315 -5.05953e-05 
       513.5      3.69397     0.955258  0.000822784 -5.02005e-05 
       513.5      3.77298     0.962426   0.00083868 -4.98821e-05 
       513.5      3.85283     0.966242  0.000847892 -4.99323e-05 
       513.5      3.93352     0.969831  0.000856583 -4.99781e-05 
       513.5      4.01504     0.973195  0.000864753 -5.00199e-05 
       513.5       4.0974     0.976333  0.000872407 -5.00579e-05 
       513.5      4.18059      0.97925  0.000879547 -5.00926e-05 
       513.5      4.26462     0.981947   0.00088618 -5.01243e-05 
       513.5      4.34949     0.984428  0.000892311 -5.01535e-05 
       513.5      4.43519     0.986696  0.000897948 -5.01805e-05 
       513.5      4.52173     0.988757    0.0009031 -5.02059e-05 
       513.5       4.6091     0.990614  0.000907777 -5.02303e-05 
       513.5      4.69731     0.992275  0.000911992  -5.0254e-05 
       513.5      4.78636     0.993744  0.000915756 -5.02778e-05 
       513.5      4.87624     0.995029  0.000919085 -5.03021e-05 
       513.5      4.96696     0.996137  0.000921994 -5.03277e-05 
       513.5      5.05851     0.997077  0.000924501 -5.03553e-05 
       513.5       5.1509     0.997858  0.000926624 -5.03855e-05 
       513.5      5.24413     0.998489  0.000928385 -5.04191e-05 
       513.5       5.3382      0.99898  0.000929804 -5.04569e-05 
       513.5      5.43309     0.999343  0.000930906 -5.04997e-05 
       513.5      5.52883      0.99959  0.000931717 -5.05484e-05 
       513.5       5.6254     0.999734  0.000932263 -5.06039e-05 
       513.5      5.72281     0.999787  0.000932574 -5.06671e-05 
       513.5      5.82105     0.999764  0.000932681 -5.07391e-05 
       513.5      5.92013     0.999681  0.000932615 -5.08209e-05 
       513.5      6.02005     0.999553  0.000932411 -5.09135e-05 
       513.5       6.1208     0.999397  0.000932107 -5.10181e-05 
       513.5      6.22239     0.999231  0.000931739 -5.11359e-05 
       513.5      6.32482     0.999074   0.00093135  -5.1268e-05 
       513.5      6.42808      1.00012  0.000934673 -4.97421e-05 
       513.5      6.53217      1.00011  0.000934453 -4.96639e-05 
       513.5      6.63711      1.00007  0.000934202 -4.95678e-05 
       513.5      6.74287      1.00002  0.000933942 -4.94541e-05 
       513.5      6.84948     0.999958  0.000933697 -4.93233e-05 
       513.5      6.95692     0.999892  0.000933491  -4.9176e-05 
       513.5       7.0652     0.999829   0.00093335 -4.90128e-05 
       513.5      7.17431     0.999779  0.000933303 -4.88343e-05 
       513.5      7.28426     0.999748  0.000933377 -4.86412e-05 
       513.5      7.39505     0.999746  0.000933602 -4.84341e-05 
       513.5      7.50667     0.999781  0.000934009 -4.82138e-05 
       513.5      7.61913     0.999863   0.00093463 -4.79812e-05 
       513.5      7.73242     0.999799  0.000935691  -4.8918e-05 
       513.5      7.84655     0.999794  0.000935446 -4.88334e-05 
       513.5      7.96152      0.99979  0.000935231 -4.87496e-05 
       513.5      8.07732     0.999787  0.000935047 -4.86666e-05 
       513.5      8.19396     0.999785  0.000934891 -4.85843e-05 
       513.5      8.31143     0.999784  0.000934764 -4.85027e-05 
       513.5      8.42974     0.999783  0.000934664 -4.84217e-05 
       513.5      8.54889     0.999783  0.000934591 -4.83413e-05 
       513.5      8.66887     0.999783  0.000934543 -4.82614e-05 
       513.5      8.78969     0.999784  0.000934518 -4.81819e-05 
       513.5      8.91135     0.999785  0.000934517 -4.81029e-05 
       513.5      9.03384     0.999787  0.000934537 -4.80241e-05 
       513.5      9.15717      0.99979  0.000934578 -4.79456e-05 
       513.5      9.28133     0.999792  0.000934637 -4.78672e-05 
       513.5      9.40633     0.999795  0.000934714 -4.77889e-05 
       513.5      9.53216     0.999799  0.000934806 -4.77106e-05 
       513.5      9.65884     0.999802  0.000934913 -4.76322e-05 
       513.5      9.78634     0.999806  0.000935032 -4.75536e-05 
       513.5      9.91469      0.99981  0.000935162 -4.74747e-05 
       513.5      10.0439     0.999814    0.0009353 -4.73955e-05 
       513.5      10.1739     0.999794  0.000934996 -4.76785e-05 
       513.5      10.3047     0.999795  0.000935033 -4.75433e-05 
       513.5      10.4364     0.999797  0.000935063 -4.74094e-05 
       513.5      10.5689     0.999798  0.000935087 -4.72783e-05 
       513.5      10.7023     0.999799  0.000935104 -4.71513e-05 
       513.5      10.8365       0.9998  0.000935113 -4.70301e-05 
       513.5      10.9715     0.999801  0.000935115  -4.6916e-05 
       513.5      11.1074     0.999802  0.000935109 -4.68109e-05 
       513.5      11.2441     0.999803  0.000935095 -4.67163e-05 
       513.5      11.3817     0.999804  0.000935073 -4.66339e-05 
       513.5        11.52     0.999805  0.000935043 -4.65657e-05 
       513.5      11.6592     0.999806  0.000935004 -4.65133e-05 
       513.5      11.7993     0.999807  0.000934956 -4.64787e-05 
       513.5      11.9402     0.999808  0.000934898 -4.64639e-05 
       513.5      12.0819     0.999808  0.000934832  -4.6471e-05 
       513.5      12.2245     0.999809  0.000934755 -4.65019e-05 
       513.5      12.3679     0.999809  0.000934669 -4.65588e-05 
       513.5      12.5121      0.99981  0.000934572  -4.6644e-05 
       513.5      12.6572     0.999811  0.000934732 -4.63633e-05 
       513.5      12.8031     0.999811  0.000934708 -4.63227e-05 
       513.5      12.9498     0.999811   0.00093469 -4.62805e-05 
       513.5      13.0974     0.999811  0.000934679 -4.62362e-05 
       513.5      13.2458     0.999811  0.000934674  -4.6189e-05 
       513.5       13.395     0.999811  0.000934675 -4.61383e-05 
       513.5      13.5451     0.999811  0.000934682 -4.60833e-05 
       513.5       13.696     0.999811  0.000934694 -4.60232e-05 
       513.5      13.8478     0.999811  0.000934551 -4.59791e-05 
       513.5      14.0004     0.999812  0.000934572 -4.58275e-05 
       513.5      14.1538     0.999813  0.000934591  -4.5683e-05 
       513.5      14.3081     0.999814  0.000934609 -4.55453e-05 
       513.5      14.4632     0.999814  0.000934625  -4.5414e-05 
       513.5      14.6191     0.999815   0.00093464 -4.52887e-05 
       513.5      14.7759     0.999816  0.000934654  -4.5169e-05 
       513.5      14.9335     0.999816  0.000934667 -4.50547e-05 
       513.5      15.0919     0.999817  0.000934679 -4.49452e-05 
       513.5      15.2512     0.999818   0.00093469 -4.48401e-05 
       513.5      15.4113     0.999818  0.000934701  -4.4739e-05 
       513.5      15.5723     0.999819  0.000934711 -4.46414e-05 
       513.5      15.7341     0.999819  0.000934721 -4.45469e-05 
       513.5      15.8967      0.99982  0.000934731 -4.44549e-05 
       513.5      16.0602      0.99982  0.000934741  -4.4365e-05 
       513.5      16.2245      0.99982  0.000934751 -4.42767e-05 
       513.5      16.3896     0.999821  0.000934762 -4.41894e-05 
       513.5      16.5556     0.999821  0.000934773 -4.41025e-05 
       513.5      16.7224     0.999822  0.000934785 -4.40154e-05 
       513.5        16.89     0.999822  0.000934798 -4.39277e-05 
       513.5      17.0585     0.999823  0.000934812 -4.38386e-05 
       513.5      17.2278     0.999823  0.000934827 -4.37476e-05 
       513.5      17.3979     0.999823  0.000934844 -4.36539e-05 
       513.5      17.5689     0.999824  0.000934863  -4.3557e-05 
       513.5      17.7408     0.999824  0.000934884 -4.34562e-05 
       513.5      17.9134     0.999825  0.000934907 -4.33506e-05 
       513.5      18.0869     0.999825  0.000934933 -4.32397e-05 
       513.5      18.2612     0.999826  0.000934962 -4.31227e-05 
       513.5      18.4364     0.999826  0.000934993 -4.29988e-05 
       513.5      18.6124     0.999828  0.000934992 -4.29863e-05 
       513.5      18.7892     0.999828   0.00093501 -4.28925e-05 
       513.5      18.9669     0.999829  0.000935026 -4.27966e-05 
       513.5      19.1454     0.999829   0.00093504 -4.26988e-05 
       513.5      19.3248      0.99983  0.000935053 -4.25991e-05 
       513.5       19.505      0.99983  0.000935065 -4.24975e-05 
       513.5       19.686     0.999831  0.000935075 -4.23941e-05 
       513.5      19.8678     0.999832  0.000935084 -4.22892e-05 
       513.5      20.0505     0.999832  0.000935092 -4.21826e-05 
       513.5      20.2341     0.999833  0.000935099 -4.20746e-05 
       513.5      20.4184     0.999833  0.000935105 -4.19651e-05 
       513.5      20.6036     0.999834   0.00093511 -4.18544e-05 
       513.5      20.7897     0.999835  0.000935115 -4.17426e-05 
       513.5      20.9765     0.999835  0.000935119 -4.16296e-05 
       513.5      21.1642     0.999836  0.000935122 -4.15157e-05 
       513.5      21.3528     0.999836  0.000935124 -4.14009e-05 
       513.5      21.5422     0.999837  0.000935127 -4.12854e-05 
       513.5      21.7324     0.999837  0.000935129 -4.11693e-05 
       513.5      21.9234     0.999838  0.000935131 -4.10527e-05 
       513.5      22.1153     0.999839  0.000935133 -4.09357e-05 
       513.5       22.308     0.999839  0.000935135 -4.08184e-05 
       513.5      22.5016      0.99984  0.000935137  -4.0701e-05 
       513.5       22.696      0.99984  0.000935139 -4.05837e-05 
       513.5      22.8912     0.999841  0.000935142 -4.04664e-05 
       513.5      23.0873     0.999842  0.000935145 -4.03495e-05 
       513.5      23.2842     0.999842   0.00093515  -4.0233e-05 
       513.5       23.482     0.999843  0.000935155 -4.01171e-05 
       513.5      23.6805     0.999844  0.000935161  -4.0002e-05 
       513.5        23.88     0.999844  0.000935168 -3.98877e-05 
       513.5      24.0802     0.999845  0.000935176 -3.97745e-05 
       513.5      24.2813     0.999845  0.000935186 -3.96625e-05 
       513.5      24.4832     0.999846  0.000935268 -3.95806e-05 
       513.5       24.686     0.999847  0.000935272 -3.94659e-05 
       513.5      24.8896     0.999848  0.000935276  -3.9351e-05 
       513.5       25.094     0.999848   0.00093528 -3.92358e-05 
       513.5      25.2993     0.999849  0.000935284 -3.91203e-05 
       513.5      25.5054      0.99985  0.000935287 -3.90045e-05 
       513.5      25.7123      0.99985  0.000935291 -3.88883e-05 
       513.5      25.9201     0.999851  0.000935294 -3.87717e-05 
       513.5      26.1287     0.999852  0.000935297 -3.86548e-05 
       513.5      26.3381     0.999852    0.0009353 -3.85374e-05 
       513.5      26.5484     0.999853  0.000935302 -3.84195e-05 
       513.5      26.7595     0.999854  0.000935304 -3.83012e-05 
       513.5      26.9715     0.999854  0.000935306 -3.81823e-05 
       513.5      27.1843     0.999855  0.000935308 -3.80629e-05 
       513.5      27.3979     0.999856   0.00093535 -3.79383e-05 
       513.5      27.6124     0.999856  0.000935357 -3.78187e-05 
       513.5      27.8277     0.999857  0.000935365 -3.76985e-05 
       513.5      28.0438     0.999858  0.000935373 -3.75779e-05 
       513.5      28.2608     0.999858  0.000935381 -3.74567e-05 
       513.5      28.4786     0.999859  0.000935388 -3.73351e-05 
       513.5      28.6972      0.99986  0.000935396 -3.72129e-05 
       513.5      28.9167      0.99986  0.000935404 -3.70903e-05 
       513.5       29.137     0.999861  0.000935412 -3.69672e-05 
       513.5      29.3582     0.999862   0.00093542 -3.68435e-05 
       513.5      29.5802     0.999863  0.000935428 -3.67194e-05 
       513.5       29.803     0.999863  0.000935436 -3.65948e-05 
       513.5      30.0267     0.999864  0.000935444 -3.64697e-05 
       513.5      30.2512     0.999865  0.000935451 -3.63442e-05 
       513.5      30.4765     0.999865  0.000935459 -3.62181e-05 
       513.5      30.7027     0.999866  0.000935467 -3.60916e-05 
       513.5      30.9297     0.999867  0.000935475 -3.59646e-05 
       513.5      31.1575     0.999868  0.000935483 -3.58371e-05 
       513.5      31.3862     0.999868   0.00093549  -3.5706e-05 
       513.5      31.6157     0.999869  0.000935498 -3.55775e-05 
       513.5      31.8461      0.99987  0.000935506 -3.54484e-05 
       513.5      32.0773     0.999871  0.000935514 -3.53189e-05 
       513.5      32.3093     0.999871  0.000935522 -3.51889e-05 
       513.5      32.5421     0.999872   0.00093553 -3.50585e-05 
       513.5      32.7758     0.999873  0.000935538 -3.49275e-05 
       513.5      33.0104     0.999874  0.000935545 -3.47961e-05 
       513.5      33.2457     0.999874  0.000935553 -3.46643e-05 
       513.5      33.4819     0.999875   0.00093556 -3.45319e-05 
       513.5       33.719     0.999876  0.000935568 -3.43992e-05 
       513.5      33.9568     0.999877  0.000935576 -3.42659e-05 
       513.5      34.1956     0.999877  0.000935583 -3.41322e-05 
       513.5      34.4351     0.999878   0.00093559  -3.3998e-05 
       513.5      34.6755     0.999879  0.000935598 -3.38633e-05 
       513.5      34.9167      0.99988  0.000935605 -3.37282e-05 
       513.5      35.1588     0.999881  0.000935612 -3.35926e-05 
       513.5      35.4017     0.999881   0.00093562 -3.34566e-05 
       513.5      35.6454     0.999882  0.000935627 -3.33201e-05 
       513.5      35.8899     0.999883  0.000935634 -3.31831e-05 
       513.5      36.1354     0.999884  0.000935641 -3.30457e-05 
       513.5      36.3816     0.999884  0.000935648 -3.29078e-05 
       513.5      36.6287     0.999885  0.000935655 -3.27694e-05 
       513.5      36.8766     0.999886  0.000935662 -3.26307e-05 
       513.5      37.1253     0.999887  0.000935669 -3.24914e-05 
       513.5      37.3749     0.999888  0.000935676 -3.23517e-05 
       513.5      37.6253     0.999888  0.000935683 -3.22115e-05 
       513.5      37.8766     0.999889  0.000935689 -3.20709e-05 
       513.5      38.1287      0.99989  0.000935696 -3.19299e-05 
       513.5      38.3816     0.999891  0.000935703 -3.17884e-05 
       513.5      38.6353     0.999892   0.00093571 -3.16464e-05 
       513.5      38.8899     0.999893  0.000935716  -3.1504e-05 
       513.5      39.1454     0.999893  0.000935723 -3.13612e-05 
       513.5      39.4016     0.999894  0.000935729 -3.12179e-05 
       513.5      39.6588     0.999895  0.000935736 -3.10741e-05 
       513.5      39.9167     0.999896  0.000935742 -3.09299e-05 
       513.5      40.1755     0.999897  0.000935749 -3.07853e-05 
       513.5      40.4351     0.999897  0.000935755 -3.06402e-05 
       513.5      40.6955     0.999898  0.000935761 -3.04947e-05 
       513.5      40.9568     0.999899  0.000935767 -3.03488e-05 
       513.5      41.2189       0.9999  0.000935774 -3.02024e-05 
       513.5      41.4819     0.999901   0.00093578 -3.00555e-05 
       513.5      41.7457     0.999902  0.000935786 -2.99083e-05 
       513.5      42.0103     0.999903  0.000935792 -2.97606e-05 
       513.5      42.2758     0.999903  0.000935798 -2.96125e-05 
       513.5      42.5421     0.999904  0.000935804 -2.94639e-05 
       513.5      42.8092     0.999905  0.000935809 -2.93142e-05 
       513.5      43.0772     0.999906  0.000935816 -2.91639e-05 
       513.5       43.346     0.999907  0.000935822 -2.90132e-05 
       513.5      43.6157     0.999908  0.000935828 -2.88619e-05 
       513.5      43.8862     0.999909  0.000935834 -2.87102e-05 
       513.5      44.1575     0.999909   0.00093584 -2.85581e-05 
       513.5      44.4296      0.99991  0.000935846 -2.84055e-05 
       513.5      44.7026     0.999911  0.000935852 -2.82525e-05 
       513.5      44.9765     0.999912  0.000935858  -2.8099e-05 
       513.5      45.2511     0.999913  0.000935864  -2.7945e-05 
       513.5      45.5266     0.999914   0.00093587 -2.77906e-05 
       513.5       45.803     0.999915  0.000935875 -2.76357e-05 
       513.5      46.0801     0.999916  0.000935881 -2.74803e-05 
       513.5      46.3581     0.999916  0.000935886 -2.73245e-05 
       513.5       46.637     0.999917  0.000935892 -2.71683e-05 
       513.5      46.9167     0.999918  0.000935897 -2.70116e-05 
       513.5      47.1972     0.999919  0.000935903 -2.68544e-05 
       513.5      47.4785      0.99992  0.000935908 -2.66967e-05 
       513.5      47.7607     0.999921  0.000935913 -2.65386e-05 
       513.5      48.0438     0.999922  0.000935919 -2.63801e-05 
       513.5      48.3276     0.999923  0.000935924 -2.62211e-05 
       513.5      48.6123     0.999924  0.000935929 -2.60616e-05 
       513.5      48.8979     0.999924  0.000935934 -2.59016e-05 
       513.5      49.1842     0.999925  0.000935939 -2.57412e-05 
       513.5      49.4714     0.999926  0.000935943 -2.55804e-05 
       513.5      49.7595     0.999927  0.000935948  -2.5419e-05 
       513.5      50.0484     0.999928  0.000935953 -2.52572e-05 
       513.5      50.3381     0.999929  0.000935957  -2.5095e-05 
       513.5      50.6286      0.99993  0.000935962 -2.49323e-05 
       513.5        50.92     0.999931  0.000935966 -2.47691e-05 
       513.5      51.2122     0.999932  0.000935971 -2.46054e-05 
       513.5      51.5053     0.999933  0.000935975 -2.44413e-05 
       513.5      51.7992     0.999934  0.000935979 -2.42767e-05 
       513.5      52.0939     0.999935  0.000935983 -2.41117e-05 
       513.5      52.3895     0.999936  0.000935987 -2.39462e-05 
       513.5      52.6859     0.999936  0.000935991 -2.37802e-05 
       513.5      52.9831     0.999937  0.000935995 -2.36137e-05 
       513.5      53.2812     0.999938  0.000935999 -2.34468e-05 
       513.5      53.5801     0.999939  0.000936002 -2.32794e-05 
       513.5      53.8799      0.99994  0.000936006 -2.31116e-05 
       513.5      54.1805     0.999941  0.000936009 -2.29433e-05 
       513.5      54.4819     0.999942  0.000936013 -2.27745e-05 
       513.5      54.7841     0.999943  0.000936016 -2.26052e-05 
       513.5      55.0872     0.999944  0.000936019 -2.24355e-05 
       513.5      55.3912     0.999945  0.000936022 -2.22653e-05 
       513.5      55.6959     0.999946  0.000936025 -2.20946e-05 
       513.5      56.0015     0.999947  0.000936028 -2.19235e-05 
       513.5       56.308     0.999948  0.000936031 -2.17519e-05 
       513.5      56.6152     0.999949  0.000936034 -2.15798e-05 
       513.5      56.9233      0.99995  0.000936036 -2.14072e-05 
       513.5      57.2323     0.999951  0.000936038 -2.12342e-05 
       513.5      57.5421     0.999952  0.000936041 -2.10607e-05 
       513.5      57.8527     0.999953  0.000936043 -2.08867e-05 
       513.5      58.1641     0.999954  0.000936039 -2.07114e-05 
       513.5      58.4764     0.999955   0.00093604 -2.05364e-05 
       513.5      58.7896     0.999956  0.000936042  -2.0361e-05 
       513.5      59.1035     0.999956  0.000936044 -2.01851e-05 
       513.5      59.4183     0.999957  0.000936046 -2.00088e-05 
       513.5      59.7339     0.999958  0.000936048 -1.98319e-05 
       513.5      60.0504     0.999959  0.000936049 -1.96546e-05 
       513.5      60.3677      0.99996  0.000936051 -1.94768e-05 
       513.5      60.6859     0.999961  0.000936053 -1.92985e-05 
       513.5      61.0048     0.999962  0.000936055 -1.91197e-05 
       513.5      61.3247     0.999963  0.000936058 -1.89404e-05 
       513.5      61.6453     0.999964  0.000936061 -1.87625e-05 
       513.5      61.9668     0.999965  0.000936063 -1.85795e-05 
       513.5      62.2891     0.999966  0.000936064  -1.8396e-05 
       513.5      62.6123     0.999967  0.000936065 -1.82121e-05 
       513.5      62.9363     0.999968  0.000936066 -1.80278e-05 
       513.5      63.2611     0.999969  0.000936054 -1.78694e-05 
       513.5      63.5868      0.99997  0.000936055 -1.76847e-05 
       513.5      63.9133     0.999971  0.000936056 -1.74997e-05 
       513.5      64.2406     0.999972  0.000936057 -1.73143e-05 
       513.5      64.5688     0.999973  0.000936058 -1.71287e-05 
       513.5      64.8978     0.999974  0.000936059 -1.69428e-05 
       513.5      65.2277     0.999975   0.00093606 -1.67565e-05 
       513.5      65.5583     0.999976   0.00093606   -1.657e-05 
       513.5      65.8899     0.999977   0.00093606 -1.63831e-05 
       513.5      66.2222     0.999978  0.000936061 -1.61959e-05 
       513.5      66.5554     0.999979  0.000936061 -1.60084e-05 
       513.5      66.8894      0.99998  0.000936061 -1.58206e-05 
       513.5      67.2243     0.999981  0.000936061 -1.56324e-05 
       513.5        67.56     0.999982   0.00093606 -1.54439e-05 
       513.5      67.8966     0.999983   0.00093606 -1.52551e-05 
       513.5      68.2339     0.999984  0.000936059 -1.50659e-05 
       513.5      68.5721     0.999985  0.000936059 -1.48764e-05 
       513.5      68.9112     0.999986  0.000936058 -1.46865e-05 
       513.5      69.2511     0.999987  0.000936057 -1.44962e-05 
       513.5      69.5918     0.999988  0.000936056 -1.43056e-05 
       513.5      69.9333     0.999989  0.000936054 -1.41146e-05 
       513.5      70.2757      0.99999  0.000936053 -1.39233e-05 
       513.5      70.6189     0.999992  0.000936051 -1.37316e-05 
       513.5       70.963     0.999993  0.000936049 -1.35395e-05 
       513.5      71.3079     0.999994  0.000936047  -1.3347e-05 
       513.5      71.6536     0.999995  0.000936045 -1.31541e-05 
       513.5      72.0002     0.999996  0.000936043 -1.29608e-05 
       513.5      72.3476     0.999997  0.000936041 -1.27671e-05 
       513.5      72.6959     0.999998  0.000936038  -1.2573e-05 
       513.5      73.0449     0.999999  0.000936035 -1.23785e-05 
       513.5      73.3949            1  0.000936032 -1.21836e-05 
       513.5      73.7456            1  0.000936029 -1.19883e-05 
       513.5      74.0972            1  0.000936026 -1.17925e-05 
       513.5      74.4496            1  0.000936022 -1.15963e-05 
       513.5      74.8029            1  0.000936019 -1.13996e-05 
       513.5       75.157      1.00001  0.000936015 -1.12025e-05 
       513.5      75.5119      1.00001  0.000936011  -1.1005e-05 
       513.5      75.8677      1.00001  0.000936007  -1.0807e-05 
       513.5      76.2243      1.00001  0.000936002 -1.06085e-05 
       513.5      76.5817      1.00001  0.000935998 -1.04095e-05 
       513.5        76.94      1.00001  0.000935993 -1.02101e-05 
       513.5      77.2991      1.00001  0.000935988 -1.00102e-05 
       513.5      77.6591      1.00001  0.000935983  -9.8098e-06 
       513.5      78.0198      1.00001  0.000935978  -9.6089e-06 
       513.5      78.3815      1.00001  0.000935972  -9.4075e-06 
       513.5      78.7439      1.00002  0.000935966 -9.20558e-06 
       513.5      79.1072      1.00002   0.00093596 -9.00315e-06 
       513.5      79.4714      1.00002  0.000935954  -8.8002e-06 
       513.5      79.8363      1.00002  0.000935948 -8.59671e-06 
       513.5      80.2021      1.00002  0.000935941 -8.39268e-06 
       513.5      80.5688      1.00002  0.000935934 -8.18811e-06 
       513.5      80.9362      1.00002  0.000935927 -7.98298e-06 
       513.5      81.3045      1.00002   0.00093592 -7.77729e-06 
       513.5      81.6737      1.00002  0.000935913 -7.57103e-06 
       513.5      82.0437      1.00003  0.000935905 -7.36419e-06 
       513.5      82.4145      1.00003  0.000935897 -7.15678e-06 
       513.5      82.7861      1.00003  0.000935889 -6.94876e-06 
       513.5      83.1586      1.00003   0.00093588 -6.74015e-06 
       513.5       83.532      1.00003  0.000935872 -6.53093e-06 
       513.5      83.9061      1.00003  0.000935863  -6.3211e-06 
       513.5      84.2811      1.00003  0.000935854 -6.11064e-06 
       513.5       84.657      1.00003  0.000935845 -5.89954e-06 
       513.5      85.0336      1.00003  0.000935835 -5.68781e-06 
       513.5      85.4111      1.00003  0.000935825 -5.47543e-06 
       513.5      85.7895      1.00004  0.000935815 -5.26238e-06 
       513.5      86.1687      1.00004  0.000935805 -5.04867e-06 
       513.5      86.5487      1.00004  0.000935794 -4.83429e-06 
       513.5      86.9295      1.00004  0.000935783 -4.61922e-06 
       513.5      87.3112      1.00004  0.000935772 -4.40345e-06 
       513.5      87.6937      1.00004  0.000935761 -4.18699e-06 
       513.5      88.0771      1.00004  0.000935749 -3.96981e-06 
       513.5      88.4613      1.00004  0.000935738 -3.75191e-06 
       513.5      88.8463      1.00004  0.000935725 -3.53327e-06 
       513.5      89.2322      1.00005  0.000935713  -3.3139e-06 
       513.5      89.6189      1.00005    0.0009357 -3.09378e-06 
       513.5      90.0064      1.00005  0.000935747 -2.87701e-06 
       513.5      90.3948      1.00005  0.000935753 -2.66862e-06 
       513.5       90.784      1.00005  0.000935757 -2.45923e-06 
       513.5      91.1741      1.00005   0.00093576 -2.24883e-06 
       513.5       91.565      1.00005  0.000935761 -2.03743e-06 
       513.5      91.9567      1.00005  0.000935761 -1.82503e-06 
       513.5      92.3492      1.00005   0.00093576 -1.61165e-06 
       513.5      92.7426      1.00006  0.000935757 -1.39728e-06 
       513.5      93.1369      1.00006  0.000935753 -1.18194e-06 
       513.5      93.5319      1.00006  0.000935747  -9.6562e-07 
       513.5      93.9278      1.00006   0.00093574 -7.48335e-07 
       513.5      94.3246      1.00006  0.000935732 -5.30089e-07 
       513.5      94.7221      1.00006  0.000935723 -3.10888e-07 
       513.5      95.1206      1.00006  0.000935713 -9.07365e-08 
       513.5      95.5198      1.00006  0.000935702  1.30359e-07 
       513.5      95.9199      1.00006  0.000935689  3.52391e-07 
       513.5      96.3208      1.00007  0.000935676  5.75356e-07 
       513.5      96.7226      1.00007  0.000935661  7.99245e-07 
       513.5      97.1251      1.00007  0.000935646  1.02405e-06 
       513.5      97.5286      1.00007  0.000935629  1.24977e-06 
       513.5      97.9328      1.00007  0.000935612   1.4764e-06 
       513.5      98.3379      1.00007  0.000935594  1.70392e-06 
       513.5      98.7439      1.00007  0.000935576  1.93234e-06 
       513.5      99.1506      1.00007  0.000935556  2.16164e-06 
       513.5      99.5583      1.00007  0.000935536  2.39182e-06 
       513.5      99.9667      1.00008  0.000935516  2.62287e-06 
       513.5      100.376      1.00008  0.000935494  2.85478e-06 
       513.5      100.786      1.00008  0.000935473  3.08755e-06 
       513.5      101.197      1.00008   0.00093545  3.32116e-06 
       513.5      101.609      1.00008  0.000935428  3.55562e-06 
       513.5      102.021      1.00008  0.000935404  3.79091e-06 
       513.5      102.435      1.00008  0.000935381  4.02702e-06 
       513.5      102.849      1.00008  0.000935357  4.26395e-06 
       513.5      103.264      1.00008  0.000935333  4.50169e-06 
       513.5       103.68      1.00009  0.000935309  4.74023e-06 
       513.5      104.097      1.00009  0.000935285  4.97956e-06 
       513.5      104.515      1.00009  0.000935261  5.21967e-06 
       513.5      104.933      1.00009  0.000935236  5.46056e-06 
       513.5      105.353      1.00009  0.000935212  5.70221e-06 
       513.5      105.773      1.00009  0.000935188  5.94462e-06 
       513.5      106.194      1.00009  0.000935164  6.18778e-06 
       513.5      106.616      1.00009   0.00093514  6.43168e-06 
       513.5      107.038      1.00009  0.000935116  6.67631e-06 
       513.5      107.462       1.0001  0.000935093  6.92166e-06 
       513.5      107.886       1.0001   0.00093507  7.16771e-06 
       513.5      108.311       1.0001  0.000935048  7.41447e-06 
       513.5      108.737       1.0001  0.000935026  7.66192e-06 
       513.5      109.164       1.0001  0.000935004  7.91006e-06 
       513.5      109.592       1.0001  0.000934984  8.15886e-06 
       513.5       110.02       1.0001  0.000934964  8.40832e-06 
       513.5       110.45       1.0001  0.000934944  8.65844e-06 
       513.5       110.88       1.0001  0.000934926   8.9092e-06 
       513.5      111.311      1.00011  0.000934908  9.16058e-06 
       513.5      111.743      1.00011  0.000934891  9.41259e-06 
       513.5      112.175      1.00011  0.000934875   9.6652e-06 
       513.5      112.609      1.00011  0.000934861  9.91841e-06 
       513.5      113.043      1.00011  0.000934847  1.01722e-05 
       513.5      113.478      1.00011  0.000935012  1.03371e-05 
       513.5      113.914      1.00011   0.00093502   1.0581e-05 
       513.5      114.351      1.00011  0.000935025  1.08233e-05 
       513.5      114.789      1.00012  0.000935029  1.10639e-05 
       513.5      115.228      1.00012   0.00093503  1.13027e-05 
       513.5      115.667      1.00015  0.000934296  1.15805e-05 
       513.5      116.107      1.00015  0.000934136  1.18452e-05 
       513.5      116.548      1.00025  0.000934443  1.14913e-05 
       513.5       116.99      1.00023  0.000934463  1.18104e-05 
       513.5      117.433      1.00022  0.000934481  1.21254e-05 
       513.5      117.876      1.00021  0.000934495  1.24364e-05 
       513.5      118.321      1.00019  0.000934507  1.27434e-05 
       513.5      118.766      1.00018  0.000934516  1.30466e-05 
       513.5      119.212      1.00017  0.000934523  1.33461e-05 
       513.5      119.659      1.00016  0.000934527   1.3642e-05 
       513.5      120.107      1.00015  0.000934528  1.39343e-05 
       513.5      120.555      1.00015  0.000934526  1.42232e-05 
       513.5      121.005      1.00014  0.000934522  1.45087e-05 
       513.5      121.455      1.00013  0.000934516  1.47911e-05 
       513.5      121.906      1.00013  0.000934507  1.50704e-05 
       513.5      122.358      1.00012  0.000934497  1.53466e-05 
       513.5      122.811      1.00012  0.000934483    1.562e-05 
       513.5      123.264      1.00012  0.000934468  1.58906e-05 
       513.5      123.719      1.00012  0.000934451  1.61585e-05 
       513.5      124.174      1.00011  0.000934431  1.64239e-05 
       513.5       124.63      1.00011   0.00093441  1.66868e-05 
       513.5      125.087      1.00011  0.000934387  1.69475e-05 
       513.5      125.545      1.00011  0.000934362  1.72059e-05 
       513.5      126.003      1.00011  0.000934335  1.74623e-05 
       513.5      126.463      1.00012  0.000934306  1.77167e-05 
       513.5      126.923      1.00012  0.000934276  1.79693e-05 
       513.5      127.384      1.00012  0.000934245  1.82202e-05 
       513.5      127.846      1.00012  0.000934212  1.84695e-05 
       513.5      128.309      1.00013  0.000934177  1.87173e-05 
       513.5      128.773      1.00013  0.000934142  1.89638e-05 
       513.5      129.237      1.00013  0.000934105  1.92092e-05 
       513.5      129.702      1.00014  0.000934067  1.94535e-05 
       513.5      130.169      1.00014  0.000934028  1.96968e-05 
       513.5      130.636      1.00015  0.000933988  1.99394e-05 
       513.5      131.103      1.00015  0.000933947  2.01813e-05 
       513.5      131.572      1.00015  0.000933905  2.04227e-05 
       513.5      132.041      1.00016  0.000933862  2.06637e-05 
       513.5      132.512      1.00016  0.000933819  2.09045e-05 
       513.5      132.983      1.00017  0.000933775  2.11452e-05 
       513.5      133.455      1.00017  0.000933731  2.13859e-05 
       513.5      133.928      1.00018  0.000933686  2.16269e-05 
       513.5      134.401      1.00018  0.000933642  2.18682e-05 
       513.5      134.876      1.00019  0.000933596  2.21099e-05 
       513.5      135.351      1.00019  0.000933551  2.23524e-05 
       513.5      135.827       1.0002  0.000933506  2.25956e-05 
       513.5      136.304       1.0002   0.00093346  2.28398e-05 
       513.5      136.782      1.00021  0.000933415  2.30851e-05 
       513.5      137.261      1.00021   0.00093337  2.33316e-05 
       513.5       137.74      1.00021  0.000933326  2.35796e-05 
       513.5      138.221      1.00022  0.000933282  2.38292e-05 
       513.5      138.702      1.00022  0.000933238  2.40805e-05 
       513.5      139.184      1.00022  0.000933195  2.43337e-05 
       513.5      139.667      1.00022  0.000933153   2.4589e-05 
       513.5      140.151      1.00022  0.000933111  2.48466e-05 
       513.5      140.635      1.00022  0.000933071  2.51065e-05 
       513.5       141.12      1.00022  0.000933031   2.5369e-05 
       513.5      141.607      1.00022  0.000932993  2.56343e-05 
       513.5      142.094      1.00022  0.000932956  2.59025e-05 
       513.5      142.582      1.00022   0.00093292  2.61738e-05 
       513.5       143.07      1.00021  0.000932885  2.64484e-05 
       513.5       143.56      1.00021  0.000932852  2.67265e-05 
       513.5       144.05       1.0002  0.000932821  2.70081e-05 
       513.5      144.541       1.0002  0.000932792  2.72936e-05 
       513.5      145.033      1.00019  0.000932764  2.75831e-05 
       513.5      145.526      1.00018  0.000932738  2.78768e-05 
       513.5       146.02      1.00017  0.000932715  2.81749e-05 
       513.5      146.515      1.00016  0.000932693  2.84775e-05 
       513.5       147.01      1.00015  0.000932674  2.87849e-05 
       513.5      147.506      1.00014  0.000932658  2.90973e-05 
       513.5      148.003      1.00012  0.000932643  2.94148e-05 
       513.5      148.501      1.00011  0.000932632  2.97376e-05 
       513.5          149      1.00009  0.000932623  3.00659e-05 
       513.5        149.5      1.00007  0.000932617     3.04e-05 
       513.5          150      1.00005  0.000932615  3.07401e-05 
