Variables = x, y, u, v, p

Zone, I=600, F=POINT
       413.5            0  2.28156e-07 -3.08734e-10 -5.96276e-05 
       413.5     0.000418  0.000160377 -2.79215e-10 -5.96275e-05 
       413.5     0.001672  0.000640826   7.7522e-11 -5.96271e-05 
       413.5     0.003763   0.00144196  1.56702e-09 -5.96265e-05 
       413.5     0.006689   0.00256301  5.52903e-09 -5.96257e-05 
       413.5     0.010451   0.00400438  1.38414e-08 -5.96247e-05 
       413.5      0.01505   0.00576644  2.89221e-08 -5.96234e-05 
       413.5     0.020485   0.00784882  5.37204e-08 -5.96219e-05 
       413.5     0.026756    0.0102515  9.17246e-08 -5.96202e-05 
       413.5     0.033863    0.0129746  1.46959e-07 -5.96183e-05 
       413.5     0.041806    0.0160179  2.23987e-07 -5.96163e-05 
       413.5     0.050585    0.0193816  3.27906e-07 -5.96141e-05 
       413.5     0.060201    0.0230661  4.64369e-07 -5.96117e-05 
       413.5     0.070652    0.0270704  6.39522e-07 -5.96091e-05 
       413.5      0.08194    0.0313954  8.60112e-07 -5.96064e-05 
       413.5     0.094063    0.0360404  1.13335e-06 -5.96035e-05 
       413.5     0.107023    0.0410059  1.46707e-06 -5.96004e-05 
       413.5     0.120819    0.0462917  1.86958e-06 -5.95971e-05 
       413.5     0.135451    0.0518976  2.34975e-06 -5.95935e-05 
       413.5     0.150919    0.0578236  2.91698e-06 -5.95896e-05 
       413.5     0.167224    0.0640699  3.58126e-06 -5.95854e-05 
       413.5     0.184364    0.0706358  4.35301e-06 -5.95808e-05 
       413.5     0.202341    0.0775218  5.24333e-06 -5.95757e-05 
       413.5     0.221153    0.0847271  6.26371e-06   -5.957e-05 
       413.5     0.240802    0.0922522  7.42635e-06 -5.95635e-05 
       413.5     0.261287     0.100098  8.73811e-06 -5.95516e-05 
       413.5     0.282608     0.108259   1.0225e-05 -5.95536e-05 
       413.5     0.304765     0.116739  1.18925e-05 -5.95535e-05 
       413.5     0.327758     0.125537  1.37547e-05 -5.95513e-05 
       413.5     0.351588     0.134653  1.58259e-05 -5.95471e-05 
       413.5     0.376253     0.144085   1.8121e-05  -5.9541e-05 
       413.5     0.401755     0.153833  2.06554e-05  -5.9533e-05 
       413.5     0.428092     0.163895  2.34449e-05 -5.95235e-05 
       413.5     0.455266      0.17427   2.6506e-05 -5.95127e-05 
       413.5     0.483276     0.184956  2.98554e-05 -5.95008e-05 
       413.5     0.512122     0.195951  3.35102e-05 -5.94884e-05 
       413.5     0.541805     0.207254  3.74885e-05  -5.9476e-05 
       413.5     0.572323     0.218862   4.1808e-05  -5.9464e-05 
       413.5     0.603677     0.230771  4.64875e-05 -5.94533e-05 
       413.5     0.635868     0.242981  5.15463e-05 -5.94445e-05 
       413.5     0.668894     0.255488  5.70034e-05 -5.94386e-05 
       413.5     0.702757     0.268287  6.28792e-05 -5.94366e-05 
       413.5     0.737456     0.281377  6.91938e-05 -5.94397e-05 
       413.5     0.772991     0.294756  7.60174e-05 -5.94159e-05 
       413.5     0.809362     0.308395  8.31793e-05 -5.94259e-05 
       413.5      0.84657     0.322308  9.08484e-05 -5.94311e-05 
       413.5     0.884613     0.336487  9.90383e-05 -5.94319e-05 
       413.5     0.923492     0.350924  0.000107762 -5.94281e-05 
       413.5     0.963208     0.365609  0.000117034 -5.94201e-05 
       413.5      1.00376     0.380534  0.000126863 -5.94081e-05 
       413.5      1.04515     0.395687  0.000137262 -5.93923e-05 
       413.5      1.08737     0.411056   0.00014824 -5.93731e-05 
       413.5      1.13043     0.426629  0.000159805 -5.93509e-05 
       413.5      1.17433     0.442392  0.000171965 -5.93263e-05 
       413.5      1.21906     0.458331  0.000184726 -5.92997e-05 
       413.5      1.26463     0.474431  0.000198093 -5.92717e-05 
       413.5      1.31103     0.490673  0.000212069 -5.92432e-05 
       413.5      1.35827     0.507042  0.000226657 -5.92149e-05 
       413.5      1.40635     0.523517  0.000241856 -5.91876e-05 
       413.5      1.45526     0.540078  0.000257665 -5.91624e-05 
       413.5      1.50501     0.556705  0.000274082 -5.91403e-05 
       413.5       1.5556     0.573373    0.0002911 -5.91224e-05 
       413.5      1.60702      0.59006  0.000308714   -5.911e-05 
       413.5      1.65928     0.606739  0.000326914 -5.91045e-05 
       413.5      1.71237     0.623384   0.00034569 -5.91073e-05 
       413.5       1.7663     0.639114  0.000363091 -5.92927e-05 
       413.5      1.82106     0.655997  0.000383762 -5.92276e-05 
       413.5      1.87667     0.672639  0.000404667 -5.91675e-05 
       413.5      1.93311     0.689023  0.000425783 -5.91121e-05 
       413.5      1.99038     0.705129  0.000447081 -5.90613e-05 
       413.5      2.04849     0.720942  0.000468533 -5.90148e-05 
       413.5      2.10744     0.736442  0.000490109 -5.89725e-05 
       413.5      2.16722     0.751613  0.000511773 -5.89339e-05 
       413.5      2.22784     0.766437  0.000533492 -5.88989e-05 
       413.5      2.28929     0.780896  0.000555226 -5.88671e-05 
       413.5      2.35158     0.794974  0.000576935  -5.8838e-05 
       413.5      2.41471     0.808654  0.000598577 -5.88112e-05 
       413.5      2.47867     0.821919  0.000620105 -5.87862e-05 
       413.5      2.54347     0.834754  0.000641472 -5.87625e-05 
       413.5      2.60911      0.84714  0.000662626 -5.87394e-05 
       413.5      2.67558     0.859064  0.000683514 -5.87165e-05 
       413.5      2.74288     0.870509  0.000704079 -5.86929e-05 
       413.5      2.81103     0.881459  0.000724262  -5.8668e-05 
       413.5      2.88001     0.891901  0.000743999 -5.86409e-05 
       413.5      2.94983     0.901819  0.000763224 -5.86108e-05 
       413.5      3.02048       0.9112  0.000781868 -5.85768e-05 
       413.5      3.09197     0.920028   0.00079986  -5.8538e-05 
       413.5      3.16429     0.928292  0.000817121 -5.84933e-05 
       413.5      3.23745     0.935977  0.000833574 -5.84416e-05 
       413.5      3.31145     0.943072  0.000849135 -5.83818e-05 
       413.5      3.38628     0.949563  0.000863716 -5.83127e-05 
       413.5      3.46195      0.95544  0.000877228  -5.8233e-05 
       413.5      3.53845     0.960692  0.000889575 -5.81412e-05 
       413.5      3.61579     0.965307  0.000900659 -5.80361e-05 
       413.5      3.69397     0.969276  0.000910378 -5.79161e-05 
       413.5      3.77298     0.974234  0.000922336 -5.76128e-05 
       413.5      3.85283     0.977454  0.000930894 -5.77104e-05 
       413.5      3.93352     0.980411  0.000938813 -5.77913e-05 
       413.5      4.01504     0.983108  0.000946102 -5.78557e-05 
       413.5       4.0974     0.985552  0.000952773 -5.79041e-05 
       413.5      4.18059      0.98775   0.00095884 -5.79365e-05 
       413.5      4.26462     0.989708   0.00096432 -5.79535e-05 
       413.5      4.34949     0.991201  0.000968443 -5.80827e-05 
       413.5      4.43519     0.992473  0.000972175 -5.80175e-05 
       413.5      4.52173     0.993625  0.000975585 -5.79511e-05 
       413.5       4.6091     0.994659  0.000978682 -5.78835e-05 
       413.5      4.69731     0.995579  0.000981472 -5.78146e-05 
       413.5      4.78636      0.99639  0.000983967 -5.77444e-05 
       413.5      4.87624     0.997096  0.000986176 -5.76729e-05 
       413.5      4.96696     0.997703  0.000988111 -5.76002e-05 
       413.5      5.05851     0.998216  0.000989784 -5.75262e-05 
       413.5       5.1509     0.998641  0.000991209 -5.74509e-05 
       413.5      5.24413     0.998984  0.000992401 -5.73744e-05 
       413.5       5.3382     0.999253  0.000993374 -5.72966e-05 
       413.5      5.43309     0.999454  0.000994147 -5.72175e-05 
       413.5      5.52883     0.999596  0.000994738 -5.71371e-05 
       413.5       5.6254     0.999687  0.000995165 -5.70555e-05 
       413.5      5.72281     0.999736  0.000995449 -5.69726e-05 
       413.5      5.82105     0.999752  0.000995612 -5.68884e-05 
       413.5      5.92013     0.999744  0.000995677  -5.6803e-05 
       413.5      6.02005     0.999725  0.000995669 -5.67163e-05 
       413.5       6.1208     0.999704  0.000995612 -5.66284e-05 
       413.5      6.22239     0.999693  0.000995536 -5.65392e-05 
       413.5      6.32482     0.999704  0.000995466 -5.64488e-05 
       413.5      6.42808      0.99975  0.000995435 -5.63572e-05 
       413.5      6.53217     0.999803  0.000995936 -5.63627e-05 
       413.5      6.63711     0.999802  0.000995872  -5.6237e-05 
       413.5      6.74287       0.9998  0.000995814 -5.61174e-05 
       413.5      6.84948     0.999799  0.000995761 -5.60037e-05 
       413.5      6.95692     0.999799  0.000995713 -5.58957e-05 
       413.5       7.0652     0.999798   0.00099567 -5.57933e-05 
       413.5      7.17431     0.999797  0.000995632 -5.56961e-05 
       413.5      7.28426     0.999797    0.0009956 -5.56039e-05 
       413.5      7.39505     0.999797  0.000995571 -5.55165e-05 
       413.5      7.50667     0.999797  0.000995547 -5.54335e-05 
       413.5      7.61913     0.999797  0.000995528 -5.53548e-05 
       413.5      7.73242     0.999797  0.000995512 -5.52799e-05 
       413.5      7.84655     0.999797    0.0009955 -5.52085e-05 
       413.5      7.96152     0.999798  0.000995492 -5.51403e-05 
       413.5      8.07732     0.999798  0.000995487  -5.5075e-05 
       413.5      8.19396     0.999799  0.000995485  -5.5012e-05 
       413.5      8.31143     0.999799  0.000995486  -5.4951e-05 
       413.5      8.42974       0.9998  0.000995489 -5.48917e-05 
       413.5      8.54889     0.999801  0.000995494 -5.48334e-05 
       413.5      8.66887     0.999801  0.000995501 -5.47758e-05 
       413.5      8.78969     0.999802  0.000995509 -5.47183e-05 
       413.5      8.91135     0.999803  0.000995519 -5.46606e-05 
       413.5      9.03384     0.999804  0.000995529 -5.46019e-05 
       413.5      9.15717     0.999805  0.000995539 -5.45418e-05 
       413.5      9.28133     0.999806   0.00099555 -5.44796e-05 
       413.5      9.40633     0.999807  0.000995559 -5.44148e-05 
       413.5      9.53216     0.999808  0.000995568 -5.43468e-05 
       413.5      9.65884     0.999809  0.000995575 -5.42749e-05 
       413.5      9.78634     0.999809   0.00099558 -5.41984e-05 
       413.5      9.91469      0.99981  0.000995583 -5.41167e-05 
       413.5      10.0439      0.99981  0.000995583 -5.40289e-05 
       413.5      10.1739     0.999811  0.000995579 -5.39344e-05 
       413.5      10.3047     0.999807  0.000995569 -5.35205e-05 
       413.5      10.4364     0.999808  0.000995539 -5.34311e-05 
       413.5      10.5689     0.999809  0.000995508 -5.33454e-05 
       413.5      10.7023     0.999809  0.000995477 -5.32642e-05 
       413.5      10.8365     0.999809  0.000995446 -5.31883e-05 
       413.5      10.9715     0.999809  0.000995417 -5.31187e-05 
       413.5      11.1074     0.999808   0.00099539 -5.30561e-05 
       413.5      11.2441     0.999811  0.000995802 -5.31747e-05 
       413.5      11.3817     0.999811  0.000995821  -5.3064e-05 
       413.5        11.52     0.999812  0.000995836 -5.29511e-05 
       413.5      11.6592     0.999812  0.000995868 -5.28418e-05 
       413.5      11.7993     0.999812  0.000995871 -5.27426e-05 
       413.5      11.9402     0.999813  0.000995875 -5.26429e-05 
       413.5      12.0819     0.999813  0.000995879 -5.25427e-05 
       413.5      12.2245     0.999814  0.000995884 -5.24422e-05 
       413.5      12.3679     0.999814  0.000995889 -5.23412e-05 
       413.5      12.5121     0.999814  0.000995895 -5.22398e-05 
       413.5      12.6572     0.999815  0.000995902  -5.2138e-05 
       413.5      12.8031     0.999815  0.000995909 -5.20357e-05 
       413.5      12.9498     0.999816  0.000995917 -5.19331e-05 
       413.5      13.0974     0.999816  0.000995925   -5.183e-05 
       413.5      13.2458     0.999817  0.000995934 -5.17264e-05 
       413.5       13.395     0.999817  0.000995943 -5.16225e-05 
       413.5      13.5451     0.999818  0.000995953 -5.15182e-05 
       413.5       13.696     0.999818  0.000995963 -5.14134e-05 
       413.5      13.8478     0.999819  0.000995974 -5.13082e-05 
       413.5      14.0004     0.999819  0.000995985 -5.12026e-05 
       413.5      14.1538      0.99982  0.000995996 -5.10966e-05 
       413.5      14.3081      0.99982  0.000996008 -5.09902e-05 
       413.5      14.4632      0.99982   0.00099602 -5.08834e-05 
       413.5      14.6191     0.999821  0.000996032 -5.07761e-05 
       413.5      14.7759     0.999821  0.000996045 -5.06685e-05 
       413.5      14.9335     0.999822  0.000996058 -5.05604e-05 
       413.5      15.0919     0.999822  0.000996071 -5.04519e-05 
       413.5      15.2512     0.999823  0.000996085 -5.03431e-05 
       413.5      15.4113     0.999823  0.000996098 -5.02338e-05 
       413.5      15.5723     0.999824  0.000996112 -5.01241e-05 
       413.5      15.7341     0.999824  0.000996126  -5.0014e-05 
       413.5      15.8967     0.999825   0.00099614 -4.99035e-05 
       413.5      16.0602     0.999825  0.000996154 -4.97926e-05 
       413.5      16.2245     0.999826  0.000996168 -4.96813e-05 
       413.5      16.3896     0.999826  0.000996182 -4.95696e-05 
       413.5      16.5556     0.999827  0.000996196 -4.94575e-05 
       413.5      16.7224     0.999827   0.00099621  -4.9345e-05 
       413.5        16.89     0.999828  0.000996224  -4.9232e-05 
       413.5      17.0585     0.999828  0.000996238 -4.91187e-05 
       413.5      17.2278     0.999829  0.000996251  -4.9005e-05 
       413.5      17.3979     0.999829  0.000996264 -4.88908e-05 
       413.5      17.5689      0.99983  0.000996277 -4.87763e-05 
       413.5      17.7408     0.999831   0.00099629 -4.86614e-05 
       413.5      17.9134     0.999831  0.000996302  -4.8546e-05 
       413.5      18.0869     0.999832  0.000996314 -4.84303e-05 
       413.5      18.2612     0.999832  0.000996325 -4.83141e-05 
       413.5      18.4364     0.999833  0.000996336 -4.81976e-05 
       413.5      18.6124     0.999833  0.000996346 -4.80806e-05 
       413.5      18.7892     0.999834  0.000996356 -4.79633e-05 
       413.5      18.9669     0.999834  0.000996364 -4.78455e-05 
       413.5      19.1454     0.999835  0.000996372 -4.77273e-05 
       413.5      19.3248     0.999835   0.00099638 -4.76087e-05 
       413.5       19.505     0.999836  0.000996386 -4.74898e-05 
       413.5       19.686     0.999836  0.000996392 -4.73704e-05 
       413.5      19.8678     0.999837  0.000996397 -4.72505e-05 
       413.5      20.0505     0.999837    0.0009964 -4.71303e-05 
       413.5      20.2341     0.999838  0.000996403 -4.70097e-05 
       413.5      20.4184     0.999839  0.000996448 -4.68817e-05 
       413.5      20.6036     0.999839  0.000996459 -4.67546e-05 
       413.5      20.7897      0.99984  0.000996471 -4.66269e-05 
       413.5      20.9765      0.99984  0.000996482 -4.64987e-05 
       413.5      21.1642     0.999841  0.000996494   -4.637e-05 
       413.5      21.3528     0.999841  0.000996505  -4.6241e-05 
       413.5      21.5422     0.999842  0.000996517 -4.61116e-05 
       413.5      21.7324     0.999843  0.000996529 -4.59818e-05 
       413.5      21.9234     0.999843   0.00099654 -4.58518e-05 
       413.5      22.1153     0.999844  0.000996552 -4.57216e-05 
       413.5       22.308     0.999844  0.000996564 -4.55912e-05 
       413.5      22.5016     0.999845  0.000996576 -4.54607e-05 
       413.5       22.696     0.999846  0.000996588 -4.53301e-05 
       413.5      22.8912     0.999846    0.0009966 -4.51995e-05 
       413.5      23.0873     0.999847  0.000996613  -4.5069e-05 
       413.5      23.2842     0.999847  0.000996621 -4.49285e-05 
       413.5       23.482     0.999848  0.000996632 -4.47955e-05 
       413.5      23.6805     0.999849  0.000996644 -4.46618e-05 
       413.5        23.88     0.999849  0.000996655 -4.45274e-05 
       413.5      24.0802      0.99985  0.000996667 -4.43924e-05 
       413.5      24.2813      0.99985  0.000996678 -4.42567e-05 
       413.5      24.4832     0.999851   0.00099669 -4.41204e-05 
       413.5       24.686     0.999852  0.000996701 -4.39834e-05 
       413.5      24.8896     0.999852  0.000996713 -4.38457e-05 
       413.5       25.094     0.999853  0.000996724 -4.37074e-05 
       413.5      25.2993     0.999854  0.000996736 -4.35684e-05 
       413.5      25.5054     0.999854  0.000996747 -4.34288e-05 
       413.5      25.7123     0.999855  0.000996759 -4.32885e-05 
       413.5      25.9201     0.999855   0.00099677 -4.31476e-05 
       413.5      26.1287     0.999856  0.000996782 -4.30061e-05 
       413.5      26.3381     0.999857  0.000996794 -4.28639e-05 
       413.5      26.5484     0.999857  0.000996805 -4.27211e-05 
       413.5      26.7595     0.999858  0.000996817 -4.25776e-05 
       413.5      26.9715     0.999859  0.000996828 -4.24336e-05 
       413.5      27.1843     0.999859  0.000996839 -4.22889e-05 
       413.5      27.3979      0.99986  0.000996851 -4.21436e-05 
       413.5      27.6124     0.999861  0.000996862 -4.19976e-05 
       413.5      27.8277     0.999861  0.000996874 -4.18511e-05 
       413.5      28.0438     0.999862  0.000996885 -4.17039e-05 
       413.5      28.2608     0.999863  0.000996897 -4.15562e-05 
       413.5      28.4786     0.999863  0.000996908 -4.14078e-05 
       413.5      28.6972     0.999864  0.000996919 -4.12588e-05 
       413.5      28.9167     0.999865  0.000996931 -4.11093e-05 
       413.5       29.137     0.999865  0.000996942 -4.09591e-05 
       413.5      29.3582     0.999866  0.000996953 -4.08084e-05 
       413.5      29.5802     0.999867  0.000996965 -4.06571e-05 
       413.5       29.803     0.999868  0.000996976 -4.05052e-05 
       413.5      30.0267     0.999868  0.000996987 -4.03528e-05 
       413.5      30.2512     0.999869  0.000996998 -4.01998e-05 
       413.5      30.4765      0.99987  0.000997009 -4.00462e-05 
       413.5      30.7027      0.99987   0.00099702  -3.9892e-05 
       413.5      30.9297     0.999871  0.000997032 -3.97373e-05 
       413.5      31.1575     0.999872  0.000997043 -3.95821e-05 
       413.5      31.3862     0.999872  0.000997053 -3.94263e-05 
       413.5      31.6157     0.999873  0.000997064   -3.927e-05 
       413.5      31.8461     0.999874  0.000997075 -3.91132e-05 
       413.5      32.0773     0.999875  0.000997086 -3.89558e-05 
       413.5      32.3093     0.999875  0.000997097 -3.87979e-05 
       413.5      32.5421     0.999876  0.000997108 -3.86395e-05 
       413.5      32.7758     0.999877  0.000997118 -3.84806e-05 
       413.5      33.0104     0.999877  0.000997129 -3.83212e-05 
       413.5      33.2457     0.999878  0.000997139 -3.81613e-05 
       413.5      33.4819     0.999879   0.00099715 -3.80009e-05 
       413.5       33.719      0.99988   0.00099716   -3.784e-05 
       413.5      33.9568      0.99988  0.000997171 -3.76787e-05 
       413.5      34.1956     0.999881  0.000997181 -3.75169e-05 
       413.5      34.4351     0.999882  0.000997192 -3.73596e-05 
       413.5      34.6755     0.999883  0.000997202 -3.71962e-05 
       413.5      34.9167     0.999883  0.000997212 -3.70323e-05 
       413.5      35.1588     0.999884  0.000997222 -3.68678e-05 
       413.5      35.4017     0.999885  0.000997232 -3.67027e-05 
       413.5      35.6454     0.999886  0.000997241 -3.65371e-05 
       413.5      35.8899     0.999886  0.000997251 -3.63709e-05 
       413.5      36.1354     0.999887   0.00099726 -3.62042e-05 
       413.5      36.3816     0.999888   0.00099727  -3.6037e-05 
       413.5      36.6287     0.999889  0.000997283 -3.58663e-05 
       413.5      36.8766     0.999889  0.000997293 -3.56979e-05 
       413.5      37.1253      0.99989  0.000997303 -3.55288e-05 
       413.5      37.3749     0.999891  0.000997315 -3.53603e-05 
       413.5      37.6253     0.999892  0.000997325 -3.51897e-05 
       413.5      37.8766     0.999892  0.000997334 -3.50185e-05 
       413.5      38.1287     0.999893  0.000997343 -3.48468e-05 
       413.5      38.3816     0.999894  0.000997353 -3.46744e-05 
       413.5      38.6353     0.999895  0.000997362 -3.45015e-05 
       413.5      38.8899     0.999896  0.000997371  -3.4328e-05 
       413.5      39.1454     0.999896  0.000997381  -3.4154e-05 
       413.5      39.4016     0.999897   0.00099739 -3.39794e-05 
       413.5      39.6588     0.999898  0.000997399 -3.38042e-05 
       413.5      39.9167     0.999899  0.000997408 -3.36285e-05 
       413.5      40.1755       0.9999  0.000997417 -3.34521e-05 
       413.5      40.4351       0.9999  0.000997426 -3.32753e-05 
       413.5      40.6955     0.999901  0.000997435 -3.30978e-05 
       413.5      40.9568     0.999902  0.000997444 -3.29198e-05 
       413.5      41.2189     0.999903  0.000997452 -3.27412e-05 
       413.5      41.4819     0.999904  0.000997461  -3.2562e-05 
       413.5      41.7457     0.999904   0.00099747 -3.23822e-05 
       413.5      42.0103     0.999905  0.000997478 -3.22019e-05 
       413.5      42.2758     0.999906  0.000997487  -3.2021e-05 
       413.5      42.5421     0.999907  0.000997495 -3.18396e-05 
       413.5      42.8092     0.999908  0.000997504 -3.16576e-05 
       413.5      43.0772     0.999909  0.000997512  -3.1475e-05 
       413.5       43.346     0.999909   0.00099752 -3.12918e-05 
       413.5      43.6157      0.99991  0.000997528  -3.1108e-05 
       413.5      43.8862     0.999911  0.000997536 -3.09237e-05 
       413.5      44.1575     0.999912  0.000997544 -3.07388e-05 
       413.5      44.4296     0.999913  0.000997552 -3.05534e-05 
       413.5      44.7026     0.999914   0.00099756 -3.03673e-05 
       413.5      44.9765     0.999914  0.000997568 -3.01807e-05 
       413.5      45.2511     0.999915  0.000997576 -2.99935e-05 
       413.5      45.5266     0.999916  0.000997583 -2.98058e-05 
       413.5       45.803     0.999917  0.000997591 -2.96174e-05 
       413.5      46.0801     0.999918  0.000997598 -2.94285e-05 
       413.5      46.3581     0.999919  0.000997605 -2.92391e-05 
       413.5       46.637     0.999919  0.000997613  -2.9049e-05 
       413.5      46.9167      0.99992   0.00099762 -2.88584e-05 
       413.5      47.1972     0.999921  0.000997627 -2.86672e-05 
       413.5      47.4785     0.999922  0.000997634 -2.84754e-05 
       413.5      47.7607     0.999923  0.000997641  -2.8283e-05 
       413.5      48.0438     0.999924  0.000997647 -2.80901e-05 
       413.5      48.3276     0.999925  0.000997654 -2.78966e-05 
       413.5      48.6123     0.999926  0.000997661 -2.77025e-05 
       413.5      48.8979     0.999926  0.000997667 -2.75079e-05 
       413.5      49.1842     0.999927  0.000997673 -2.73126e-05 
       413.5      49.4714     0.999928   0.00099768 -2.71168e-05 
       413.5      49.7595     0.999929  0.000997686 -2.69204e-05 
       413.5      50.0484      0.99993  0.000997692 -2.67235e-05 
       413.5      50.3381     0.999931  0.000997698 -2.65259e-05 
       413.5      50.6286     0.999932  0.000997704 -2.63278e-05 
       413.5        50.92     0.999933  0.000997709 -2.61291e-05 
       413.5      51.2122     0.999933  0.000997715 -2.59298e-05 
       413.5      51.5053     0.999934   0.00099772   -2.573e-05 
       413.5      51.7992     0.999935  0.000997726 -2.55295e-05 
       413.5      52.0939     0.999936  0.000997731 -2.53285e-05 
       413.5      52.3895     0.999937  0.000997736 -2.51269e-05 
       413.5      52.6859     0.999938  0.000997741 -2.49248e-05 
       413.5      52.9831     0.999939  0.000997746  -2.4722e-05 
       413.5      53.2812      0.99994   0.00099775 -2.45187e-05 
       413.5      53.5801     0.999941  0.000997755 -2.43147e-05 
       413.5      53.8799     0.999941  0.000997759 -2.41102e-05 
       413.5      54.1805     0.999942  0.000997764 -2.39052e-05 
       413.5      54.4819     0.999943  0.000997768 -2.36995e-05 
       413.5      54.7841     0.999944  0.000997772 -2.34933e-05 
       413.5      55.0872     0.999945  0.000997776 -2.32864e-05 
       413.5      55.3912     0.999946   0.00099778  -2.3079e-05 
       413.5      55.6959     0.999947  0.000997783  -2.2871e-05 
       413.5      56.0015     0.999948  0.000997787 -2.26624e-05 
       413.5       56.308     0.999949   0.00099779 -2.24533e-05 
       413.5      56.6152      0.99995  0.000997793 -2.22435e-05 
       413.5      56.9233     0.999951  0.000997796 -2.20332e-05 
       413.5      57.2323     0.999952  0.000997799 -2.18223e-05 
       413.5      57.5421     0.999952  0.000997802 -2.16108e-05 
       413.5      57.8527     0.999953  0.000997816 -2.13979e-05 
       413.5      58.1641     0.999954  0.000997817 -2.11853e-05 
       413.5      58.4764     0.999955  0.000997818 -2.09722e-05 
       413.5      58.7896     0.999956  0.000997818 -2.07585e-05 
       413.5      59.1035     0.999957  0.000997819 -2.05442e-05 
       413.5      59.4183     0.999958   0.00099782 -2.03294e-05 
       413.5      59.7339     0.999959  0.000997821 -2.01139e-05 
       413.5      60.0504      0.99996  0.000997822 -1.98979e-05 
       413.5      60.3677     0.999961  0.000997822 -1.96813e-05 
       413.5      60.6859     0.999962  0.000997823 -1.94642e-05 
       413.5      61.0048     0.999963  0.000997824 -1.92464e-05 
       413.5      61.3247     0.999964  0.000997824 -1.90281e-05 
       413.5      61.6453     0.999965  0.000997824 -1.88092e-05 
       413.5      61.9668     0.999966  0.000997825 -1.85898e-05 
       413.5      62.2891     0.999967  0.000997825 -1.83698e-05 
       413.5      62.6123     0.999968  0.000997825 -1.81492e-05 
       413.5      62.9363     0.999968  0.000997825  -1.7928e-05 
       413.5      63.2611     0.999969  0.000997825 -1.77063e-05 
       413.5      63.5868      0.99997  0.000997825  -1.7484e-05 
       413.5      63.9133     0.999971  0.000997824 -1.72612e-05 
       413.5      64.2406     0.999972  0.000997824 -1.70378e-05 
       413.5      64.5688     0.999973  0.000997823 -1.68138e-05 
       413.5      64.8978     0.999974  0.000997823 -1.65892e-05 
       413.5      65.2277     0.999975  0.000997822 -1.63641e-05 
       413.5      65.5583     0.999976  0.000997821 -1.61384e-05 
       413.5      65.8899     0.999977   0.00099782 -1.59122e-05 
       413.5      66.2222     0.999978  0.000997819 -1.56854e-05 
       413.5      66.5554     0.999979  0.000997817  -1.5458e-05 
       413.5      66.8894      0.99998  0.000997816 -1.52301e-05 
       413.5      67.2243     0.999981  0.000997814 -1.50017e-05 
       413.5        67.56     0.999982  0.000997812 -1.47726e-05 
       413.5      67.8966     0.999983   0.00099781  -1.4543e-05 
       413.5      68.2339     0.999984  0.000997808 -1.43129e-05 
       413.5      68.5721     0.999985  0.000997805 -1.40822e-05 
       413.5      68.9112     0.999986  0.000997803  -1.3851e-05 
       413.5      69.2511     0.999987    0.0009978 -1.36191e-05 
       413.5      69.5918     0.999988  0.000997797 -1.33868e-05 
       413.5      69.9333     0.999989  0.000997794 -1.31539e-05 
       413.5      70.2757      0.99999  0.000997791 -1.29197e-05 
       413.5      70.6189     0.999991  0.000997791 -1.26865e-05 
       413.5       70.963     0.999992   0.00099779 -1.24527e-05 
       413.5      71.3079     0.999993  0.000997789 -1.22181e-05 
       413.5      71.6536     0.999994  0.000997789  -1.1983e-05 
       413.5      72.0002     0.999995  0.000997787 -1.17471e-05 
       413.5      72.3476     0.999996  0.000997786 -1.15106e-05 
       413.5      72.6959     0.999997  0.000997784 -1.12734e-05 
       413.5      73.0449     0.999998  0.000997782 -1.10356e-05 
       413.5      73.3949     0.999999   0.00099778 -1.07971e-05 
       413.5      73.7456            1  0.000997778  -1.0558e-05 
       413.5      74.0972            1  0.000997776 -1.03182e-05 
       413.5      74.4496            1  0.000997773 -1.00778e-05 
       413.5      74.8029            1   0.00099777 -9.83683e-06 
       413.5       75.157            1  0.000997766 -9.59521e-06 
       413.5      75.5119            1  0.000997763 -9.35297e-06 
       413.5      75.8677      1.00001  0.000997759 -9.11012e-06 
       413.5      76.2243      1.00001  0.000997754 -8.86667e-06 
       413.5      76.5817      1.00001   0.00099775 -8.62262e-06 
       413.5        76.94      1.00001  0.000997745 -8.37799e-06 
       413.5      77.2991      1.00001   0.00099774 -8.13277e-06 
       413.5      77.6591      1.00001  0.000997734 -7.88698e-06 
       413.5      78.0198      1.00001  0.000997728 -7.64062e-06 
       413.5      78.3815      1.00001  0.000997722 -7.39369e-06 
       413.5      78.7439      1.00001  0.000997716 -7.14621e-06 
       413.5      79.1072      1.00001  0.000997709 -6.89817e-06 
       413.5      79.4714      1.00002  0.000997702  -6.6496e-06 
       413.5      79.8363      1.00002  0.000997694 -6.40048e-06 
       413.5      80.2021      1.00002  0.000997686 -6.15084e-06 
       413.5      80.5688      1.00002  0.000997677 -5.90067e-06 
       413.5      80.9362      1.00002  0.000997669 -5.64999e-06 
       413.5      81.3045      1.00002  0.000997659  -5.3988e-06 
       413.5      81.6737      1.00002   0.00099765 -5.14712e-06 
       413.5      82.0437      1.00002   0.00099764 -4.89493e-06 
       413.5      82.4145      1.00002  0.000997629 -4.64226e-06 
       413.5      82.7861      1.00003  0.000997618 -4.38912e-06 
       413.5      83.1586      1.00003  0.000997607  -4.1355e-06 
       413.5       83.532      1.00003  0.000997595 -3.88142e-06 
       413.5      83.9061      1.00003  0.000997583 -3.62689e-06 
       413.5      84.2811      1.00003   0.00099757 -3.37191e-06 
       413.5       84.657      1.00003  0.000997556 -3.11649e-06 
       413.5      85.0336      1.00003  0.000997542 -2.86064e-06 
       413.5      85.4111      1.00003  0.000997528 -2.60437e-06 
       413.5      85.7895      1.00003  0.000997513 -2.34769e-06 
       413.5      86.1687      1.00003  0.000997498  -2.0906e-06 
       413.5      86.5487      1.00004  0.000997482 -1.83312e-06 
       413.5      86.9295      1.00004  0.000997465 -1.57525e-06 
       413.5      87.3112      1.00004  0.000997448   -1.317e-06 
       413.5      87.6937      1.00004   0.00099743 -1.05838e-06 
       413.5      88.0771      1.00004  0.000997412 -7.99397e-07 
       413.5      88.4613      1.00004  0.000997393 -5.40066e-07 
       413.5      88.8463      1.00004  0.000997374 -2.80393e-07 
       413.5      89.2322      1.00004  0.000997354 -2.03868e-08 
       413.5      89.6189      1.00004  0.000997333  2.39942e-07 
       413.5      90.0064      1.00004  0.000997312  5.00585e-07 
       413.5      90.3948      1.00005   0.00099729  7.61531e-07 
       413.5       90.784      1.00005   0.00099731  1.13765e-06 
       413.5      91.1741      1.00005  0.000997278  1.39193e-06 
       413.5       91.565      1.00005  0.000997247  1.64702e-06 
       413.5      91.9567      1.00005  0.000997216  1.90294e-06 
       413.5      92.3492      1.00005  0.000997186  2.15966e-06 
       413.5      92.7426      1.00005  0.000997156   2.4172e-06 
       413.5      93.1369      1.00005  0.000997126  2.67555e-06 
       413.5      93.5319      1.00005  0.000997097   2.9347e-06 
       413.5      93.9278      1.00005  0.000997068  3.19466e-06 
       413.5      94.3246      1.00006  0.000997039  3.45543e-06 
       413.5      94.7221      1.00006  0.000997011  3.71699e-06 
       413.5      95.1206      1.00006  0.000996983  3.97935e-06 
       413.5      95.5198      1.00006  0.000996955  4.24251e-06 
       413.5      95.9199      1.00006  0.000996928  4.50645e-06 
       413.5      96.3208      1.00006  0.000996901  4.77119e-06 
       413.5      96.7226      1.00006  0.000996874  5.03671e-06 
       413.5      97.1251      1.00006  0.000996847  5.30302e-06 
       413.5      97.5286      1.00006  0.000996821   5.5701e-06 
       413.5      97.9328      1.00007  0.000996795  5.83797e-06 
       413.5      98.3379      1.00007  0.000996769  6.10661e-06 
       413.5      98.7439      1.00007  0.000996743  6.37602e-06 
       413.5      99.1506      1.00007  0.000996718   6.6462e-06 
       413.5      99.5583      1.00007  0.000996692  6.91715e-06 
       413.5      99.9667      1.00007  0.000996667  7.18886e-06 
       413.5      100.376      1.00007  0.000996642  7.46132e-06 
       413.5      100.786      1.00007  0.000996617  7.73455e-06 
       413.5      101.197      1.00007  0.000996593  8.00852e-06 
       413.5      101.609      1.00008  0.000996568  8.28325e-06 
       413.5      102.021      1.00008  0.000996544  8.55872e-06 
       413.5      102.435      1.00008  0.000996519  8.83493e-06 
       413.5      102.849      1.00008  0.000996495  9.11188e-06 
       413.5      103.264      1.00008  0.000996471  9.38957e-06 
       413.5       103.68      1.00008  0.000996447  9.66799e-06 
       413.5      104.097      1.00008  0.000996423  9.94713e-06 
       413.5      104.515      1.00008  0.000996398   1.0227e-05 
       413.5      104.933      1.00008  0.000996374  1.05076e-05 
       413.5      105.353      1.00008   0.00099635  1.07889e-05 
       413.5      105.773      1.00009  0.000996326  1.10709e-05 
       413.5      106.194      1.00009  0.000996302  1.13536e-05 
       413.5      106.616      1.00009  0.000996278  1.16371e-05 
       413.5      107.038      1.00009  0.000996253  1.19212e-05 
       413.5      107.462      1.00009  0.000996229   1.2206e-05 
       413.5      107.886      1.00009  0.000996205  1.24915e-05 
       413.5      108.311      1.00009   0.00099618  1.27777e-05 
       413.5      108.737      1.00009  0.000996155  1.30646e-05 
       413.5      109.164       1.0001   0.00099613  1.33522e-05 
       413.5      109.592       1.0001  0.000996105  1.36404e-05 
       413.5       110.02       1.0001   0.00099608  1.39293e-05 
       413.5       110.45       1.0001  0.000996055  1.42189e-05 
       413.5       110.88       1.0001  0.000996029  1.45091e-05 
       413.5      111.311       1.0001  0.000996003     1.48e-05 
       413.5      111.743       1.0001  0.000995977  1.50916e-05 
       413.5      112.175       1.0001  0.000995951  1.53837e-05 
       413.5      112.609       1.0001  0.000995924  1.56766e-05 
       413.5      113.043      1.00011  0.000995897    1.597e-05 
       413.5      113.478      1.00011   0.00099587  1.62641e-05 
       413.5      113.914      1.00011  0.000995842  1.65588e-05 
       413.5      114.351      1.00011  0.000995814  1.68542e-05 
       413.5      114.789      1.00011  0.000995785  1.71501e-05 
       413.5      115.228      1.00011  0.000995757  1.74467e-05 
       413.5      115.667      1.00011  0.000995727  1.77439e-05 
       413.5      116.107      1.00011  0.000995698  1.80416e-05 
       413.5      116.548      1.00012  0.000995668    1.834e-05 
       413.5       116.99      1.00012  0.000995637  1.86389e-05 
       413.5      117.433      1.00012  0.000995606  1.89385e-05 
       413.5      117.876      1.00012  0.000995574  1.92386e-05 
       413.5      118.321      1.00012  0.000995542  1.95393e-05 
       413.5      118.766      1.00012  0.000995509  1.98405e-05 
       413.5      119.212      1.00012  0.000995476  2.01423e-05 
       413.5      119.659      1.00013  0.000995442  2.04447e-05 
       413.5      120.107      1.00013  0.000995407  2.07476e-05 
       413.5      120.555      1.00013  0.000995372   2.1051e-05 
       413.5      121.005      1.00013  0.000995336   2.1355e-05 
       413.5      121.455      1.00013    0.0009953  2.16595e-05 
       413.5      121.906      1.00013  0.000995263  2.19646e-05 
       413.5      122.358      1.00013  0.000995224  2.22701e-05 
       413.5      122.811      1.00014  0.000995186  2.25762e-05 
       413.5      123.264      1.00014  0.000995146  2.28828e-05 
       413.5      123.719      1.00014  0.000995106  2.31898e-05 
       413.5      124.174      1.00014  0.000995064  2.34974e-05 
       413.5       124.63      1.00014  0.000995022  2.38054e-05 
       413.5      125.087      1.00014  0.000994979   2.4114e-05 
       413.5      125.545      1.00015  0.000994936   2.4423e-05 
       413.5      126.003      1.00015  0.000994891  2.47324e-05 
       413.5      126.463      1.00015  0.000994845  2.50423e-05 
       413.5      126.923      1.00014   0.00099518  2.52359e-05 
       413.5      127.384      1.00015  0.000995098  2.55459e-05 
       413.5      127.846      1.00015  0.000995017   2.5857e-05 
       413.5      128.309      1.00015  0.000994937  2.61693e-05 
       413.5      128.773      1.00015  0.000994858  2.64828e-05 
       413.5      129.237      1.00015  0.000994781  2.67974e-05 
       413.5      129.702      1.00015  0.000994705  2.71133e-05 
       413.5      130.169      1.00015   0.00099463  2.74304e-05 
       413.5      130.636      1.00015  0.000994558  2.77487e-05 
       413.5      131.103      1.00015  0.000994487  2.80682e-05 
       413.5      131.572      1.00016  0.000994419   2.8389e-05 
       413.5      132.041      1.00016  0.000994352   2.8711e-05 
       413.5      132.512      1.00016  0.000994288  2.90343e-05 
       413.5      132.983      1.00016  0.000994227  2.93588e-05 
       413.5      133.455      1.00016  0.000994167  2.96847e-05 
       413.5      133.928      1.00016  0.000994111  3.00118e-05 
       413.5      134.401      1.00016  0.000994057  3.03402e-05 
       413.5      134.876      1.00016  0.000994007  3.06699e-05 
       413.5      135.351      1.00016  0.000993959  3.10009e-05 
       413.5      135.827      1.00016  0.000993915  3.13333e-05 
       413.5      136.304      1.00017  0.000993874   3.1667e-05 
       413.5      136.782      1.00017  0.000993837  3.20021e-05 
       413.5      137.261      1.00017  0.000993803  3.23385e-05 
       413.5       137.74      1.00017  0.000993773  3.26762e-05 
       413.5      138.221      1.00017  0.000993748  3.30154e-05 
       413.5      138.702      1.00017  0.000993726  3.33559e-05 
       413.5      139.184      1.00017  0.000993709  3.36979e-05 
       413.5      139.667      1.00017  0.000993696  3.40413e-05 
       413.5      140.151      1.00017  0.000993687   3.4386e-05 
       413.5      140.635      1.00017  0.000993684  3.47323e-05 
       413.5       141.12      1.00017  0.000993685  3.50799e-05 
       413.5      141.607      1.00017  0.000993692   3.5429e-05 
       413.5      142.094      1.00017  0.000993704  3.57796e-05 
       413.5      142.582      1.00019  0.000993294  3.56394e-05 
       413.5       143.07      1.00019  0.000993179  3.60233e-05 
       413.5       143.56      1.00019   0.00099307  3.64075e-05 
       413.5       144.05      1.00018  0.000992968  3.67923e-05 
       413.5      144.541      1.00018  0.000992872  3.71779e-05 
       413.5      145.033      1.00017  0.000992784  3.75643e-05 
       413.5      145.526      1.00017  0.000992703  3.79519e-05 
       413.5       146.02      1.00016  0.000992629  3.83408e-05 
       413.5      146.515      1.00015  0.000992562  3.87312e-05 
       413.5       147.01      1.00015  0.000992503  3.91233e-05 
       413.5      147.506      1.00014  0.000992451  3.95174e-05 
       413.5      148.003      1.00013  0.000992407  3.99135e-05 
       413.5      148.501      1.00011  0.000992371   4.0312e-05 
       413.5          149       1.0001  0.000992343   4.0713e-05 
       413.5        149.5      1.00009  0.000992323  4.11167e-05 
       413.5          150      1.00007   0.00099231  4.15234e-05 
