Variables = x, y, u, v, p

Zone, I=600, F=POINT
       973.5            0  6.98333e-08  1.51854e-08 -4.47004e-05 
       973.5     0.000418  0.000121309  1.48066e-08  -4.4701e-05 
       973.5     0.001672  0.000485026  1.38044e-08 -4.47026e-05 
       973.5     0.003763   0.00109151  1.25796e-08 -4.47052e-05 
       973.5     0.006689   0.00194018  1.17996e-08 -4.47085e-05 
       973.5     0.010451   0.00303133  1.23905e-08 -4.47122e-05 
       973.5      0.01505   0.00436525  1.55345e-08  -4.4716e-05 
       973.5     0.020485   0.00594164  2.26609e-08 -4.47196e-05 
       973.5     0.026756    0.0077605  3.54366e-08 -4.47224e-05 
       973.5     0.033863   0.00982184  5.57559e-08 -4.47241e-05 
       973.5     0.041806    0.0121256  8.57277e-08 -4.47243e-05 
       973.5     0.050585    0.0146719  1.27661e-07 -4.47228e-05 
       973.5     0.060201    0.0174609  1.84057e-07 -4.47192e-05 
       973.5     0.070652    0.0204921  2.57565e-07 -4.47135e-05 
       973.5      0.08194     0.023766  3.51008e-07 -4.47058e-05 
       973.5     0.094063     0.027282  4.67305e-07 -4.46965e-05 
       973.5     0.107023    0.0310407  6.09517e-07 -4.46862e-05 
       973.5     0.120819    0.0350418  7.80754e-07 -4.46758e-05 
       973.5     0.135451    0.0392852  9.84193e-07 -4.46666e-05 
       973.5     0.150919    0.0437709  1.22304e-06 -4.46605e-05 
       973.5     0.167224    0.0484993   1.5005e-06 -4.46598e-05 
       973.5     0.184364    0.0534695  1.81971e-06 -4.46674e-05 
       973.5     0.202341    0.0586823  2.18382e-06 -4.46868e-05 
       973.5     0.221153    0.0641369  2.59578e-06 -4.47224e-05 
       973.5     0.240802    0.0698338  3.05849e-06 -4.47793e-05 
       973.5     0.261287    0.0757733  3.69394e-06 -4.49638e-05 
       973.5     0.282608    0.0819532  4.25224e-06 -4.46813e-05 
       973.5     0.304765    0.0883751  4.90004e-06 -4.44701e-05 
       973.5     0.327758    0.0950387  5.64349e-06 -4.43304e-05 
       973.5     0.351588     0.101944  6.48872e-06 -4.42604e-05 
       973.5     0.376253      0.10909  7.44162e-06 -4.42567e-05 
       973.5     0.401755     0.116477   8.5081e-06 -4.43134e-05 
       973.5     0.428092     0.124104  9.69372e-06 -4.44224e-05 
       973.5     0.455266     0.131971   1.1004e-05 -4.45729e-05 
       973.5     0.483276     0.140078   1.2444e-05 -4.47513e-05 
       973.5     0.512122     0.148423  1.40186e-05  -4.4941e-05 
       973.5     0.541805     0.157006  1.57324e-05 -4.51221e-05 
       973.5     0.572323     0.165827  1.75894e-05 -4.52711e-05 
       973.5     0.603677     0.174883  1.95934e-05 -4.53608e-05 
       973.5     0.635868     0.184176  2.17476e-05 -4.53598e-05 
       973.5     0.668894     0.193702  2.40545e-05 -4.52324e-05 
       973.5     0.702757     0.203462  2.65166e-05 -4.49385e-05 
       973.5     0.737456     0.213454  2.91351e-05 -4.44329e-05 
       973.5     0.772991     0.223676  3.23488e-05 -4.52359e-05 
       973.5     0.809362     0.234121   3.5188e-05 -4.44648e-05 
       973.5      0.84657     0.244795  3.82757e-05 -4.38638e-05 
       973.5     0.884613     0.255693  4.16207e-05 -4.34297e-05 
       973.5     0.923492     0.266814  4.52323e-05 -4.31574e-05 
       973.5     0.963208     0.278154  4.91192e-05 -4.30398e-05 
       973.5      1.00376     0.289709    5.329e-05 -4.30678e-05 
       973.5      1.04515     0.301476  5.77531e-05 -4.32299e-05 
       973.5      1.08737      0.31345  6.25165e-05 -4.35123e-05 
       973.5      1.13043     0.325626  6.75881e-05 -4.38988e-05 
       973.5      1.17433        0.338  7.29752e-05 -4.43703e-05 
       973.5      1.21906     0.350566  7.86851e-05 -4.49051e-05 
       973.5      1.26463     0.363319  8.47246e-05 -4.54788e-05 
       973.5      1.31103     0.376251  9.10998e-05 -4.60635e-05 
       973.5      1.35827     0.389357  9.78168e-05 -4.66286e-05 
       973.5      1.40635     0.402629  0.000104881 -4.71397e-05 
       973.5      1.45526      0.41606  0.000112297 -4.75593e-05 
       973.5      1.50501     0.429642   0.00012007  -4.7846e-05 
       973.5       1.5556     0.443365  0.000128203 -4.79547e-05 
       973.5      1.60702     0.457222  0.000136699 -4.78363e-05 
       973.5      1.65928     0.471202  0.000145562 -4.74378e-05 
       973.5      1.71237     0.485296  0.000154793 -4.67017e-05 
       973.5       1.7663      0.49918  0.000166982 -3.02049e-05 
       973.5      1.82106     0.513636  0.000174688 -3.41481e-05 
       973.5      1.87667      0.52813  0.000183037  -3.7598e-05 
       973.5      1.93311     0.542648  0.000192018 -4.05633e-05 
       973.5      1.99038      0.55718  0.000201619 -4.30556e-05 
       973.5      2.04849     0.571712  0.000211823 -4.50889e-05 
       973.5      2.10744     0.586232  0.000222614 -4.66805e-05 
       973.5      2.16722     0.600727  0.000233968 -4.78505e-05 
       973.5      2.22784     0.615182  0.000245862 -4.86222e-05 
       973.5      2.28929     0.629584  0.000258268 -4.90221e-05 
       973.5      2.35158     0.643917  0.000271154 -4.90804e-05 
       973.5      2.41471     0.658167  0.000284486 -4.88303e-05 
       973.5      2.47867     0.672317  0.000298225 -4.83092e-05 
       973.5      2.54347     0.686352   0.00031233 -4.75578e-05 
       973.5      2.60911     0.700254  0.000326753 -4.66209e-05 
       973.5      2.67558     0.714007  0.000341444 -4.55474e-05 
       973.5      2.74288     0.727592   0.00035635 -4.43902e-05 
       973.5      2.81103      0.74099  0.000371412 -4.32067e-05 
       973.5      2.88001     0.754184  0.000386566 -4.20585e-05 
       973.5      2.94983     0.767152  0.000401746 -4.10119e-05 
       973.5      3.02048     0.779875  0.000416877  -4.0138e-05 
       973.5      3.09197     0.792332  0.000431884 -3.95125e-05 
       973.5      3.16429     0.804501  0.000446684 -3.92163e-05 
       973.5      3.23745     0.816361   0.00046119 -3.93354e-05 
       973.5      3.31145     0.827887  0.000475308  -3.9961e-05 
       973.5      3.38628     0.839058  0.000488941 -4.11899e-05 
       973.5      3.46195     0.849847  0.000501986 -4.31242e-05 
       973.5      3.53845     0.860232  0.000514332 -4.58721e-05 
       973.5      3.61579     0.870185  0.000525864 -4.95474e-05 
       973.5      3.69397      0.87968  0.000536461 -5.42701e-05 
       973.5      3.77298     0.892797  0.000567207 -5.20508e-05 
       973.5      3.85283      0.90016  0.000579424 -5.09113e-05 
       973.5      3.93352     0.907255  0.000591126 -4.98828e-05 
       973.5      4.01504     0.914081  0.000602309 -4.89655e-05 
       973.5       4.0974     0.920633  0.000612969  -4.8159e-05 
       973.5      4.18059     0.926911  0.000623103 -4.74629e-05 
       973.5      4.26462     0.932913  0.000632709 -4.68765e-05 
       973.5      4.34949     0.938636  0.000641787  -4.6399e-05 
       973.5      4.43519      0.95023  0.000645305 -3.09488e-05 
       973.5      4.52173     0.953832  0.000650268 -3.28308e-05 
       973.5       4.6091     0.957295  0.000655155 -3.45838e-05 
       973.5      4.69731     0.960619  0.000659963 -3.62082e-05 
       973.5      4.78636     0.963804   0.00066469 -3.77047e-05 
       973.5      4.87624     0.966848  0.000669331 -3.90743e-05 
       973.5      4.96696     0.969752  0.000673883  -4.0318e-05 
       973.5      5.05851     0.972516  0.000678342 -4.14374e-05 
       973.5       5.1509     0.975139  0.000682705 -4.24342e-05 
       973.5      5.24413     0.977623  0.000686969 -4.33102e-05 
       973.5       5.3382     0.979967  0.000691128 -4.40677e-05 
       973.5      5.43309     0.982173   0.00069518 -4.47092e-05 
       973.5      5.52883     0.984242  0.000699122 -4.52374e-05 
       973.5       5.6254     0.986175  0.000702948 -4.56555e-05 
       973.5      5.72281     0.987973  0.000706656 -4.59667e-05 
       973.5      5.82105      0.98964  0.000710242 -4.61748e-05 
       973.5      5.92013     0.991176  0.000713701 -4.62838e-05 
       973.5      6.02005     0.992584  0.000717031 -4.62978e-05 
       973.5       6.1208     0.993866  0.000720226 -4.62216e-05 
       973.5      6.22239     0.995027  0.000723284 -4.60601e-05 
       973.5      6.32482     0.996068    0.0007262 -4.58186e-05 
       973.5      6.42808     0.996994   0.00072897 -4.55027e-05 
       973.5      6.53217     0.997808   0.00073159 -4.51185e-05 
       973.5      6.63711     0.998514  0.000734056 -4.46723e-05 
       973.5      6.74287     0.999118  0.000736365 -4.41708e-05 
       973.5      6.84948     0.999623  0.000738512 -4.36211e-05 
       973.5      6.95692      1.00003  0.000740492 -4.30308e-05 
       973.5       7.0652      1.00036  0.000742303 -4.24077e-05 
       973.5      7.17431       1.0006  0.000743939 -4.17602e-05 
       973.5      7.28426      1.00077  0.000745396 -4.10969e-05 
       973.5      7.39505      1.00086  0.000746671 -4.04269e-05 
       973.5      7.50667       1.0009  0.000747759 -3.97598e-05 
       973.5      7.61913      1.00088  0.000748656 -3.91056e-05 
       973.5      7.73242      1.00081  0.000749357 -3.84747e-05 
       973.5      7.84655       1.0007  0.000749858  -3.7878e-05 
       973.5      7.96152      1.00056  0.000750155 -3.73267e-05 
       973.5      8.07732       1.0004  0.000750244 -3.68327e-05 
       973.5      8.19396      1.00022   0.00075012 -3.64083e-05 
       973.5      8.31143      1.00004  0.000749778 -3.60662e-05 
       973.5      8.42974     0.999866  0.000749214 -3.58196e-05 
       973.5      8.54889     0.999709  0.000748425 -3.56823e-05 
       973.5      8.66887      0.99958  0.000747404 -3.56686e-05 
       973.5      8.78969      0.99949  0.000746148 -3.57932e-05 
       973.5      8.91135      0.99945  0.000744653 -3.60714e-05 
       973.5      9.03384     0.999473  0.000742913 -3.65191e-05 
       973.5      9.15717     0.999573  0.000740924 -3.71526e-05 
       973.5      9.28133     0.999761  0.000738682 -3.79889e-05 
       973.5      9.40633      1.00005  0.000736181 -3.90455e-05 
       973.5      9.53216     0.999095  0.000728388 -4.68626e-05 
       973.5      9.65884     0.999158  0.000730066 -4.73598e-05 
       973.5      9.78634     0.999222  0.000731743 -4.77298e-05 
       973.5      9.91469     0.999288  0.000733409 -4.79649e-05 
       973.5      10.0439     0.999354  0.000735055 -4.80574e-05 
       973.5      10.1739      0.99942  0.000736671  -4.7999e-05 
       973.5      10.3047     0.999485  0.000738248 -4.77817e-05 
       973.5      10.4364     0.999549  0.000739775 -4.73967e-05 
       973.5      10.5689     0.999611  0.000741241 -4.68354e-05 
       973.5      10.7023      0.99967  0.000742635 -4.60889e-05 
       973.5      10.8365     0.999726  0.000743946 -4.51478e-05 
       973.5      10.9715     0.999777  0.000745161 -4.40028e-05 
       973.5      11.1074     0.999824  0.000746269 -4.26441e-05 
       973.5      11.2441     0.999865  0.000747256 -4.10618e-05 
       973.5      11.3817     0.999899  0.000748111 -3.92458e-05 
       973.5        11.52     0.999926  0.000748818 -3.71856e-05 
       973.5      11.6592     0.999944  0.000749365 -3.48704e-05 
       973.5      11.7993     0.999953  0.000749736 -3.22894e-05 
       973.5      11.9402     0.999953  0.000749918 -2.94312e-05 
       973.5      12.0819     0.999708  0.000733764 -2.53013e-05 
       973.5      12.2245     0.999713   0.00073597 -2.47327e-05 
       973.5      12.3679     0.999718  0.000737871 -2.44169e-05 
       973.5      12.5121     0.999723  0.000739482 -2.43378e-05 
       973.5      12.6572     0.999728  0.000740824 -2.44791e-05 
       973.5      12.8031     0.999733  0.000741915 -2.48234e-05 
       973.5      12.9498     0.999739  0.000742775 -2.53529e-05 
       973.5      13.0974     0.999744  0.000743424 -2.60489e-05 
       973.5      13.2458     0.999749  0.000743885 -2.68921e-05 
       973.5       13.395     0.999755   0.00074418 -2.78623e-05 
       973.5      13.5451     0.999761  0.000744332 -2.89386e-05 
       973.5       13.696     0.999767  0.000744365 -3.00996e-05 
       973.5      13.8478     0.999773  0.000744304 -3.13227e-05 
       973.5      14.0004     0.999779  0.000744176 -3.25849e-05 
       973.5      14.1538     0.999785  0.000744007 -3.38621e-05 
       973.5      14.3081     0.999792  0.000743824 -3.51296e-05 
       973.5      14.4632     0.999798  0.000743657 -3.63619e-05 
       973.5      14.6191     0.999805  0.000743535 -3.75325e-05 
       973.5      14.7759     0.999813  0.000743488 -3.86143e-05 
       973.5      14.9335      0.99982  0.000743549 -3.95791e-05 
       973.5      15.0919     0.999828  0.000743749  -4.0398e-05 
       973.5      15.2512     0.999836  0.000744122 -4.10412e-05 
       973.5      15.4113     0.999844  0.000744702 -4.14781e-05 
       973.5      15.5723     0.999853  0.000745526 -4.16769e-05 
       973.5      15.7341     0.999862  0.000746628 -4.16054e-05 
       973.5      15.8967     0.999872  0.000748048 -4.12301e-05 
       973.5      16.0602     0.999881  0.000749824 -4.05166e-05 
       973.5      16.2245     0.999892  0.000751994 -3.94297e-05 
       973.5      16.3896     0.999784  0.000748127 -3.21431e-05 
       973.5      16.5556     0.999789  0.000748077 -3.33824e-05 
       973.5      16.7224     0.999793  0.000747956 -3.44425e-05 
       973.5        16.89     0.999797  0.000747767 -3.53311e-05 
       973.5      17.0585     0.999801  0.000747518 -3.60559e-05 
       973.5      17.2278     0.999805  0.000747213 -3.66252e-05 
       973.5      17.3979     0.999808  0.000746859 -3.70475e-05 
       973.5      17.5689     0.999811  0.000746461 -3.73316e-05 
       973.5      17.7408     0.999813  0.000746027 -3.74866e-05 
       973.5      17.9134     0.999816  0.000745562  -3.7522e-05 
       973.5      18.0869     0.999818  0.000745074 -3.74476e-05 
       973.5      18.2612      0.99982  0.000744569 -3.72734e-05 
       973.5      18.4364     0.999821  0.000744054 -3.70098e-05 
       973.5      18.6124     0.999823  0.000743537 -3.66677e-05 
       973.5      18.7892     0.999824  0.000743025 -3.62581e-05 
       973.5      18.9669     0.999825  0.000742527 -3.57924e-05 
       973.5      19.1454     0.999825  0.000742049 -3.52825e-05 
       973.5      19.3248     0.999825  0.000741602 -3.47405e-05 
       973.5       19.505     0.999825  0.000741191 -3.41789e-05 
       973.5       19.686     0.999825  0.000740828 -3.36105e-05 
       973.5      19.8678     0.999824   0.00074052 -3.30485e-05 
       973.5      20.0505     0.999824  0.000740276 -3.25066e-05 
       973.5      20.2341     0.999822  0.000740106 -3.19986e-05 
       973.5      20.4184     0.999821   0.00074002  -3.1539e-05 
       973.5      20.6036     0.999819  0.000740027 -3.11424e-05 
       973.5      20.7897     0.999817  0.000740138 -3.08239e-05 
       973.5      20.9765     0.999815  0.000740362  -3.0599e-05 
       973.5      21.1642     0.999812  0.000740711 -3.04836e-05 
       973.5      21.3528      0.99981  0.000741195  -3.0494e-05 
       973.5      21.5422     0.999806  0.000741826 -3.06468e-05 
       973.5      21.7324     0.999803  0.000742614 -3.09591e-05 
       973.5      21.9234     0.999799  0.000743571 -3.14485e-05 
       973.5      22.1153     0.999828  0.000741143 -3.14552e-05 
       973.5       22.308     0.999829  0.000741238 -3.15186e-05 
       973.5      22.5016      0.99983  0.000741355 -3.15715e-05 
       973.5       22.696     0.999831  0.000741491 -3.16134e-05 
       973.5      22.8912     0.999832  0.000741644  -3.1644e-05 
       973.5      23.0873     0.999832  0.000741814 -3.16627e-05 
       973.5      23.2842     0.999833  0.000741998  -3.1669e-05 
       973.5       23.482     0.999834  0.000742193 -3.16625e-05 
       973.5      23.6805     0.999835  0.000742398 -3.16427e-05 
       973.5        23.88     0.999835  0.000742611 -3.16091e-05 
       973.5      24.0802     0.999836  0.000742829 -3.15612e-05 
       973.5      24.2813     0.999836  0.000743051 -3.14984e-05 
       973.5      24.4832     0.999836  0.000743273 -3.14202e-05 
       973.5       24.686     0.999837  0.000742397 -3.06278e-05 
       973.5      24.8896     0.999838  0.000742129 -3.04357e-05 
       973.5       25.094     0.999839  0.000741887 -3.02537e-05 
       973.5      25.2993     0.999839  0.000741668 -3.00812e-05 
       973.5      25.5054      0.99984  0.000741473 -2.99178e-05 
       973.5      25.7123     0.999841  0.000741301 -2.97631e-05 
       973.5      25.9201     0.999841  0.000741151 -2.96168e-05 
       973.5      26.1287     0.999842  0.000741022 -2.94782e-05 
       973.5      26.3381     0.999843  0.000740914 -2.93471e-05 
       973.5      26.5484     0.999843  0.000740826 -2.92229e-05 
       973.5      26.7595     0.999844  0.000740757 -2.91051e-05 
       973.5      26.9715     0.999845  0.000740706 -2.89932e-05 
       973.5      27.1843     0.999845  0.000740672 -2.88868e-05 
       973.5      27.3979     0.999846  0.000740654 -2.87853e-05 
       973.5      27.6124     0.999847  0.000740652 -2.86881e-05 
       973.5      27.8277     0.999847  0.000740665 -2.85947e-05 
       973.5      28.0438     0.999848  0.000740692 -2.85046e-05 
       973.5      28.2608     0.999849  0.000740731 -2.84171e-05 
       973.5      28.4786      0.99985  0.000740781 -2.83318e-05 
       973.5      28.6972      0.99985  0.000740843 -2.82478e-05 
       973.5      28.9167     0.999851  0.000740913 -2.81647e-05 
       973.5       29.137     0.999852  0.000740993 -2.80818e-05 
       973.5      29.3582     0.999853  0.000741079 -2.79985e-05 
       973.5      29.5802     0.999853  0.000741172  -2.7914e-05 
       973.5       29.803     0.999854   0.00074127 -2.78278e-05 
       973.5      30.0267     0.999855  0.000741372  -2.7739e-05 
       973.5      30.2512     0.999855  0.000741476  -2.7647e-05 
       973.5      30.4765     0.999856  0.000741582 -2.75511e-05 
       973.5      30.7027     0.999857  0.000741688 -2.74504e-05 
       973.5      30.9297     0.999858  0.000741793 -2.73444e-05 
       973.5      31.1575     0.999858  0.000741895 -2.72321e-05 
       973.5      31.3862     0.999859  0.000741993 -2.71128e-05 
       973.5      31.6157      0.99986  0.000742086 -2.69856e-05 
       973.5      31.8461     0.999861  0.000742172 -2.68498e-05 
       973.5      32.0773     0.999861   0.00074225 -2.67045e-05 
       973.5      32.3093     0.999862  0.000742318 -2.65488e-05 
       973.5      32.5421     0.999863  0.000742375  -2.6382e-05 
       973.5      32.7758     0.999864   0.00074242  -2.6203e-05 
       973.5      33.0104     0.999864  0.000742449 -2.60109e-05 
       973.5      33.2457     0.999865  0.000742463 -2.58049e-05 
       973.5      33.4819     0.999866   0.00074246  -2.5584e-05 
       973.5       33.719     0.999867  0.000742437 -2.53472e-05 
       973.5      33.9568     0.999867  0.000742393 -2.50936e-05 
       973.5      34.1956     0.999868  0.000742327 -2.48222e-05 
       973.5      34.4351     0.999868  0.000742651 -2.48092e-05 
       973.5      34.6755     0.999869  0.000742691 -2.47165e-05 
       973.5      34.9167     0.999869  0.000742736 -2.46247e-05 
       973.5      35.1588      0.99987  0.000742786 -2.45342e-05 
       973.5      35.4017     0.999871  0.000742841 -2.44447e-05 
       973.5      35.6454     0.999872  0.000742902 -2.43565e-05 
       973.5      35.8899     0.999873  0.000742968 -2.42695e-05 
       973.5      36.1354     0.999874  0.000743039 -2.41837e-05 
       973.5      36.3816     0.999875  0.000743116 -2.40993e-05 
       973.5      36.6287     0.999876  0.000743199 -2.40163e-05 
       973.5      36.8766     0.999876  0.000743007 -2.39024e-05 
       973.5      37.1253     0.999877  0.000743034 -2.37484e-05 
       973.5      37.3749     0.999877  0.000743064 -2.35965e-05 
       973.5      37.6253     0.999878  0.000743095 -2.34466e-05 
       973.5      37.8766     0.999879  0.000743127 -2.32988e-05 
       973.5      38.1287      0.99988  0.000743162  -2.3153e-05 
       973.5      38.3816     0.999881  0.000743197 -2.30091e-05 
       973.5      38.6353     0.999882  0.000743234 -2.28672e-05 
       973.5      38.8899     0.999882  0.000743273 -2.27271e-05 
       973.5      39.1454     0.999883  0.000743313 -2.25887e-05 
       973.5      39.4016     0.999884  0.000743354 -2.24522e-05 
       973.5      39.6588     0.999885  0.000743397 -2.23173e-05 
       973.5      39.9167     0.999886   0.00074344 -2.21841e-05 
       973.5      40.1755     0.999887  0.000743485 -2.20526e-05 
       973.5      40.4351     0.999888  0.000743531 -2.19225e-05 
       973.5      40.6955     0.999888  0.000743578  -2.1794e-05 
       973.5      40.9568     0.999889  0.000743626 -2.16668e-05 
       973.5      41.2189      0.99989  0.000743675 -2.15411e-05 
       973.5      41.4819     0.999891  0.000743725 -2.14167e-05 
       973.5      41.7457     0.999892  0.000743776 -2.12935e-05 
       973.5      42.0103     0.999893  0.000743827 -2.11715e-05 
       973.5      42.2758     0.999894   0.00074388 -2.10507e-05 
       973.5      42.5421     0.999894  0.000743932 -2.09309e-05 
       973.5      42.8092     0.999895  0.000743986 -2.08121e-05 
       973.5      43.0772     0.999896   0.00074404 -2.06943e-05 
       973.5       43.346     0.999897  0.000744094 -2.05773e-05 
       973.5      43.6157     0.999898  0.000744148  -2.0461e-05 
       973.5      43.8862     0.999899  0.000744203 -2.03455e-05 
       973.5      44.1575       0.9999  0.000744259 -2.02307e-05 
       973.5      44.4296     0.999901  0.000744314 -2.01163e-05 
       973.5      44.7026     0.999902  0.000744369 -2.00025e-05 
       973.5      44.9765     0.999903  0.000744424 -1.98891e-05 
       973.5      45.2511     0.999903   0.00074448  -1.9776e-05 
       973.5      45.5266     0.999904  0.000744535 -1.96632e-05 
       973.5       45.803     0.999905   0.00074459 -1.95505e-05 
       973.5      46.0801     0.999906  0.000744644 -1.94378e-05 
       973.5      46.3581     0.999907  0.000744698 -1.93252e-05 
       973.5       46.637     0.999908  0.000744752 -1.92125e-05 
       973.5      46.9167     0.999909  0.000744805 -1.90995e-05 
       973.5      47.1972      0.99991  0.000744857 -1.89863e-05 
       973.5      47.4785     0.999911  0.000744909 -1.88727e-05 
       973.5      47.7607     0.999912   0.00074496 -1.87586e-05 
       973.5      48.0438     0.999913  0.000745009 -1.86439e-05 
       973.5      48.3276     0.999914  0.000745058 -1.85286e-05 
       973.5      48.6123     0.999915  0.000745106 -1.84125e-05 
       973.5      48.8979     0.999916  0.000745152 -1.82955e-05 
       973.5      49.1842     0.999917  0.000745181 -1.81506e-05 
       973.5      49.4714     0.999918  0.000745232 -1.80333e-05 
       973.5      49.7595     0.999918  0.000745283 -1.79162e-05 
       973.5      50.0484     0.999919  0.000745334 -1.77993e-05 
       973.5      50.3381      0.99992  0.000745386 -1.76827e-05 
       973.5      50.6286     0.999921  0.000745439 -1.75663e-05 
       973.5        50.92     0.999922  0.000745492 -1.74503e-05 
       973.5      51.2122     0.999923  0.000745545 -1.73345e-05 
       973.5      51.5053     0.999924  0.000745599  -1.7219e-05 
       973.5      51.7992     0.999925  0.000745653 -1.71038e-05 
       973.5      52.0939     0.999926  0.000745707 -1.69888e-05 
       973.5      52.3895     0.999927  0.000745762 -1.68743e-05 
       973.5      52.6859     0.999928  0.000745818   -1.676e-05 
       973.5      52.9831     0.999929  0.000745873 -1.66461e-05 
       973.5      53.2812      0.99993  0.000745929 -1.65325e-05 
       973.5      53.5801     0.999931  0.000745986 -1.64192e-05 
       973.5      53.8799     0.999932  0.000746019 -1.63009e-05 
       973.5      54.1805     0.999933  0.000746072 -1.61862e-05 
       973.5      54.4819     0.999934  0.000746125 -1.60719e-05 
       973.5      54.7841     0.999935  0.000746179 -1.59579e-05 
       973.5      55.0872     0.999936  0.000746232 -1.58443e-05 
       973.5      55.3912     0.999937  0.000746286  -1.5731e-05 
       973.5      55.6959     0.999938   0.00074634 -1.56181e-05 
       973.5      56.0015     0.999939  0.000746394 -1.55054e-05 
       973.5       56.308      0.99994  0.000746449 -1.53931e-05 
       973.5      56.6152     0.999941  0.000746503 -1.52811e-05 
       973.5      56.9233     0.999942  0.000746558 -1.51693e-05 
       973.5      57.2323     0.999943  0.000746612 -1.50579e-05 
       973.5      57.5421     0.999944  0.000746667 -1.49468e-05 
       973.5      57.8527     0.999945  0.000746722 -1.48359e-05 
       973.5      58.1641     0.999946  0.000746776 -1.47253e-05 
       973.5      58.4764     0.999947  0.000746831 -1.46149e-05 
       973.5      58.7896     0.999948  0.000746886 -1.45048e-05 
       973.5      59.1035     0.999949   0.00074694 -1.43949e-05 
       973.5      59.4183      0.99995  0.000746995 -1.42852e-05 
       973.5      59.7339     0.999951  0.000747049 -1.41758e-05 
       973.5      60.0504     0.999953  0.000747104 -1.40665e-05 
       973.5      60.3677     0.999954  0.000747158 -1.39575e-05 
       973.5      60.6859     0.999955  0.000747212 -1.38486e-05 
       973.5      61.0048     0.999956  0.000747265 -1.37399e-05 
       973.5      61.3247     0.999957  0.000747319 -1.36313e-05 
       973.5      61.6453     0.999958  0.000747372 -1.35229e-05 
       973.5      61.9668     0.999959  0.000747425 -1.34147e-05 
       973.5      62.2891      0.99996  0.000747478 -1.33066e-05 
       973.5      62.6123     0.999961   0.00074753 -1.31985e-05 
       973.5      62.9363     0.999962  0.000747582 -1.30906e-05 
       973.5      63.2611     0.999963  0.000747634 -1.29828e-05 
       973.5      63.5868     0.999964  0.000747685  -1.2875e-05 
       973.5      63.9133     0.999965  0.000747736 -1.27673e-05 
       973.5      64.2406     0.999966  0.000747787 -1.26597e-05 
       973.5      64.5688     0.999967  0.000747836 -1.25521e-05 
       973.5      64.8978     0.999969  0.000747886 -1.24445e-05 
       973.5      65.2277      0.99997  0.000747935 -1.23369e-05 
       973.5      65.5583     0.999971  0.000747983 -1.22293e-05 
       973.5      65.8899     0.999972   0.00074803 -1.21217e-05 
       973.5      66.2222     0.999973  0.000748106 -1.20141e-05 
       973.5      66.5554     0.999974  0.000748155 -1.19084e-05 
       973.5      66.8894     0.999975  0.000748204  -1.1803e-05 
       973.5      67.2243     0.999976  0.000748253 -1.16978e-05 
       973.5        67.56     0.999977  0.000748302 -1.15928e-05 
       973.5      67.8966     0.999978  0.000748351 -1.14882e-05 
       973.5      68.2339     0.999979    0.0007484 -1.13838e-05 
       973.5      68.5721     0.999981   0.00074845 -1.12797e-05 
       973.5      68.9112     0.999982    0.0007485 -1.11759e-05 
       973.5      69.2511     0.999983  0.000748549 -1.10724e-05 
       973.5      69.5918     0.999984  0.000748599 -1.09692e-05 
       973.5      69.9333     0.999985  0.000748649 -1.08664e-05 
       973.5      70.2757     0.999986  0.000748699 -1.07639e-05 
       973.5      70.6189     0.999987  0.000748749 -1.06618e-05 
       973.5       70.963     0.999988  0.000748799   -1.056e-05 
       973.5      71.3079     0.999989  0.000748849 -1.04585e-05 
       973.5      71.6536     0.999991  0.000748899 -1.03575e-05 
       973.5      72.0002     0.999992   0.00074895 -1.02568e-05 
       973.5      72.3476     0.999993     0.000749 -1.01565e-05 
       973.5      72.6959     0.999994   0.00074905 -1.00567e-05 
       973.5      73.0449     0.999995    0.0007491 -9.95721e-06 
       973.5      73.3949     0.999996   0.00074915 -9.85818e-06 
       973.5      73.7456     0.999997    0.0007492 -9.75958e-06 
       973.5      74.0972     0.999998   0.00074925 -9.66143e-06 
       973.5      74.4496            1    0.0007493 -9.56373e-06 
       973.5      74.8029            1  0.000749349  -9.4665e-06 
       973.5       75.157            1  0.000749399 -9.36974e-06 
       973.5      75.5119            1  0.000749449 -9.27347e-06 
       973.5      75.8677            1  0.000749498  -9.1777e-06 
       973.5      76.2243      1.00001  0.000749498 -9.08461e-06 
       973.5      76.5817      1.00001  0.000749558 -8.97808e-06 
       973.5        76.94      1.00001  0.000749617 -8.87224e-06 
       973.5      77.2991      1.00001  0.000749674 -8.76708e-06 
       973.5      77.6591      1.00001   0.00074973 -8.66259e-06 
       973.5      78.0198      1.00001  0.000749784 -8.55875e-06 
       973.5      78.3815      1.00001  0.000749837 -8.45555e-06 
       973.5      78.7439      1.00001  0.000749889 -8.35299e-06 
       973.5      79.1072      1.00001  0.000749938 -8.25104e-06 
       973.5      79.4714      1.00002  0.000749987  -8.1497e-06 
       973.5      79.8363      1.00002  0.000750034 -8.04896e-06 
       973.5      80.2021      1.00002  0.000750079  -7.9488e-06 
       973.5      80.5688      1.00002  0.000750123  -7.8492e-06 
       973.5      80.9362      1.00002  0.000750165 -7.75016e-06 
       973.5      81.3045      1.00002  0.000750206 -7.65167e-06 
       973.5      81.6737      1.00002  0.000750245  -7.5537e-06 
       973.5      82.0437      1.00002  0.000750282 -7.45624e-06 
       973.5      82.4145      1.00003  0.000750318 -7.35928e-06 
       973.5      82.7861      1.00003  0.000750352  -7.2628e-06 
       973.5      83.1586      1.00003  0.000750385  -7.1668e-06 
       973.5       83.532      1.00003  0.000750416 -7.07125e-06 
       973.5      83.9061      1.00003  0.000750446 -6.97613e-06 
       973.5      84.2811      1.00003  0.000750473 -6.88145e-06 
       973.5       84.657      1.00003    0.0007505 -6.78716e-06 
       973.5      85.0336      1.00003  0.000750524 -6.69327e-06 
       973.5      85.4111      1.00004  0.000750547 -6.59976e-06 
       973.5      85.7895      1.00004  0.000750568  -6.5066e-06 
       973.5      86.1687      1.00004  0.000750712 -6.49427e-06 
       973.5      86.5487      1.00004  0.000750744 -6.38944e-06 
       973.5      86.9295      1.00004  0.000750776   -6.285e-06 
       973.5      87.3112      1.00004  0.000750808 -6.18097e-06 
       973.5      87.6937      1.00004  0.000750841 -6.07733e-06 
       973.5      88.0771      1.00004  0.000750873 -5.97411e-06 
       973.5      88.4613      1.00004  0.000750906 -5.87129e-06 
       973.5      88.8463      1.00004  0.000750939 -5.76889e-06 
       973.5      89.2322      1.00005  0.000750972  -5.6669e-06 
       973.5      89.6189      1.00005  0.000751005 -5.56533e-06 
       973.5      90.0064      1.00005  0.000751038 -5.46419e-06 
       973.5      90.3948      1.00005  0.000751071 -5.36348e-06 
       973.5       90.784      1.00005  0.000751104 -5.26319e-06 
       973.5      91.1741      1.00005  0.000751137 -5.16335e-06 
       973.5       91.565      1.00005   0.00075117 -5.06394e-06 
       973.5      91.9567      1.00005  0.000751202 -4.96497e-06 
       973.5      92.3492      1.00006  0.000751234 -4.86645e-06 
       973.5      92.7426      1.00006  0.000751266 -4.76838e-06 
       973.5      93.1369      1.00006  0.000751298 -4.67076e-06 
       973.5      93.5319      1.00006   0.00075133 -4.57361e-06 
       973.5      93.9278      1.00006  0.000751361 -4.47691e-06 
       973.5      94.3246      1.00006  0.000751391 -4.38067e-06 
       973.5      94.7221      1.00006  0.000751421 -4.28491e-06 
       973.5      95.1206      1.00007  0.000751451 -4.18961e-06 
       973.5      95.5198      1.00007   0.00075148 -4.09479e-06 
       973.5      95.9199      1.00007  0.000751508 -4.00045e-06 
       973.5      96.3208      1.00007  0.000751536 -3.90659e-06 
       973.5      96.7226      1.00007  0.000751563 -3.81322e-06 
       973.5      97.1251      1.00007   0.00075159 -3.72034e-06 
       973.5      97.5286      1.00007  0.000751615 -3.62795e-06 
       973.5      97.9328      1.00007   0.00075164 -3.53606e-06 
       973.5      98.3379      1.00008  0.000751664 -3.44467e-06 
       973.5      98.7439      1.00008  0.000751687 -3.35378e-06 
       973.5      99.1506      1.00008  0.000751709  -3.2634e-06 
       973.5      99.5583      1.00008   0.00075173 -3.17354e-06 
       973.5      99.9667      1.00008   0.00075175 -3.08419e-06 
       973.5      100.376      1.00008  0.000751768 -2.99535e-06 
       973.5      100.786      1.00008  0.000751786 -2.90705e-06 
       973.5      101.197      1.00009  0.000751802 -2.81926e-06 
       973.5      101.609      1.00009  0.000751804 -2.82184e-06 
       973.5      102.021      1.00009  0.000751776 -2.74675e-06 
       973.5      102.435      1.00009  0.000751752 -2.66978e-06 
       973.5      102.849      1.00009  0.000751733 -2.59082e-06 
       973.5      103.264      1.00009  0.000751717 -2.50977e-06 
       973.5       103.68      1.00009  0.000751705 -2.42652e-06 
       973.5      104.097      1.00009  0.000751697 -2.34097e-06 
       973.5      104.515      1.00009  0.000751693 -2.25302e-06 
       973.5      104.933      1.00009  0.000751693 -2.16256e-06 
       973.5      105.353       1.0001  0.000751697 -2.06947e-06 
       973.5      105.773       1.0001  0.000751706 -1.97366e-06 
       973.5      106.194       1.0001  0.000751718   -1.875e-06 
       973.5      106.616       1.0001  0.000751735  -1.7734e-06 
       973.5      107.038       1.0001  0.000751756 -1.66873e-06 
       973.5      107.462       1.0001  0.000751781 -1.56089e-06 
       973.5      107.886       1.0001  0.000751811 -1.44975e-06 
       973.5      108.311       1.0001  0.000751845 -1.33521e-06 
       973.5      108.737       1.0001  0.000751884 -1.21713e-06 
       973.5      109.164      1.00011  0.000751927 -1.09542e-06 
       973.5      109.592      1.00012  0.000752613 -7.08161e-07 
       973.5       110.02      1.00012   0.00075258 -6.27035e-07 
       973.5       110.45      1.00012  0.000752546 -5.45442e-07 
       973.5       110.88      1.00012  0.000752512 -4.63375e-07 
       973.5      111.311      1.00012  0.000752478 -3.80829e-07 
       973.5      111.743      1.00012  0.000752443 -2.97797e-07 
       973.5      112.175      1.00012  0.000752408 -2.14274e-07 
       973.5      112.609      1.00012  0.000752372 -1.30253e-07 
       973.5      113.043      1.00012  0.000752336 -4.57282e-08 
       973.5      113.478      1.00012    0.0007523  3.93075e-08 
       973.5      113.914      1.00012  0.000752264   1.2486e-07 
       973.5      114.351      1.00012  0.000752227  2.10936e-07 
       973.5      114.789      1.00012  0.000752189  2.97541e-07 
       973.5      115.228      1.00012  0.000752151  3.84683e-07 
       973.5      115.667      1.00012  0.000752113  4.72367e-07 
       973.5      116.107      1.00018   0.00075175  7.68092e-07 
       973.5      116.548      1.00017  0.000751824  8.35288e-07 
       973.5       116.99      1.00016  0.000751896  9.03282e-07 
       973.5      117.433      1.00016  0.000751966  9.72108e-07 
       973.5      117.876      1.00015  0.000752033   1.0418e-06 
       973.5      118.321      1.00014  0.000752098  1.11239e-06 
       973.5      118.766      1.00014  0.000752161  1.18392e-06 
       973.5      119.212      1.00013  0.000752221  1.25642e-06 
       973.5      119.659      1.00013  0.000752279  1.32993e-06 
       973.5      120.107      1.00013  0.000752334  1.40448e-06 
       973.5      120.555      1.00013  0.000752387  1.48011e-06 
       973.5      121.005      1.00012  0.000752438  1.55686e-06 
       973.5      121.455      1.00012  0.000752486  1.63476e-06 
       973.5      121.906      1.00012  0.000752532  1.71386e-06 
       973.5      122.358      1.00012  0.000752576  1.79418e-06 
       973.5      122.811      1.00012  0.000752617  1.87577e-06 
       973.5      123.264      1.00012  0.000752656  1.95867e-06 
       973.5      123.719      1.00012  0.000752692  2.04291e-06 
       973.5      124.174      1.00013  0.000752726  2.12854e-06 
       973.5       124.63      1.00013  0.000752757   2.2156e-06 
       973.5      125.087      1.00013  0.000752787  2.30412e-06 
       973.5      125.545      1.00013  0.000752813  2.39414e-06 
       973.5      126.003      1.00014  0.000752838  2.48571e-06 
       973.5      126.463      1.00014   0.00075286  2.57887e-06 
       973.5      126.923      1.00014   0.00075288  2.67366e-06 
       973.5      127.384      1.00015  0.000752897  2.77013e-06 
       973.5      127.846      1.00015  0.000752912   2.8683e-06 
       973.5      128.309      1.00015  0.000752925  2.96824e-06 
       973.5      128.773      1.00016  0.000752935  3.06997e-06 
       973.5      129.237      1.00016  0.000752943  3.17355e-06 
       973.5      129.702      1.00017  0.000752949  3.27902e-06 
       973.5      130.169      1.00017  0.000752952  3.38642e-06 
       973.5      130.636      1.00018  0.000752953   3.4958e-06 
       973.5      131.103      1.00018  0.000752952  3.60721e-06 
       973.5      131.572      1.00019  0.000752948  3.72068e-06 
       973.5      132.041      1.00019  0.000752942  3.83626e-06 
       973.5      132.512       1.0002  0.000752934  3.95401e-06 
       973.5      132.983       1.0002  0.000752923  4.07397e-06 
       973.5      133.455       1.0002   0.00075291  4.19618e-06 
       973.5      133.928      1.00021  0.000752895  4.32069e-06 
       973.5      134.401      1.00021  0.000752878  4.44756e-06 
       973.5      134.876      1.00022  0.000752858  4.57682e-06 
       973.5      135.351      1.00022  0.000752836  4.70854e-06 
       973.5      135.827      1.00022  0.000752811  4.84275e-06 
       973.5      136.304      1.00023  0.000752785  4.97951e-06 
       973.5      136.782      1.00023  0.000752756  5.11886e-06 
       973.5      137.261      1.00023  0.000752725  5.26087e-06 
       973.5       137.74      1.00024  0.000752691  5.40558e-06 
       973.5      138.221      1.00024  0.000752655  5.55303e-06 
       973.5      138.702      1.00024  0.000752617  5.70329e-06 
       973.5      139.184      1.00024  0.000752577  5.85641e-06 
       973.5      139.667      1.00024  0.000752535  6.01243e-06 
       973.5      140.151      1.00024   0.00075249  6.17142e-06 
       973.5      140.635      1.00024  0.000752443  6.33341e-06 
       973.5       141.12      1.00024  0.000752394  6.49848e-06 
       973.5      141.607      1.00024  0.000752343  6.66667e-06 
       973.5      142.094      1.00023   0.00075229  6.83804e-06 
       973.5      142.582      1.00023  0.000752234  7.01264e-06 
       973.5       143.07      1.00023  0.000752176  7.19054e-06 
       973.5       143.56      1.00022  0.000752116  7.37177e-06 
       973.5       144.05      1.00022  0.000752054  7.55641e-06 
       973.5      144.541      1.00021   0.00075199  7.74451e-06 
       973.5      145.033       1.0002  0.000751924  7.93613e-06 
       973.5      145.526      1.00019  0.000751855  8.13132e-06 
       973.5       146.02      1.00018  0.000751785  8.33014e-06 
       973.5      146.515      1.00017  0.000751712  8.53266e-06 
       973.5       147.01      1.00016  0.000751637  8.73893e-06 
       973.5      147.506      1.00015   0.00075156  8.94901e-06 
       973.5      148.003      1.00014  0.000751481  9.16296e-06 
       973.5      148.501      1.00012    0.0007514  9.38084e-06 
       973.5          149       1.0001  0.000751317  9.60272e-06 
       973.5        149.5      1.00009  0.000751232  9.82865e-06 
       973.5          150      1.00007  0.000751145  1.00587e-05 
