Variables = x, y, u, v

Zone, I=600, F=POINT
       -26.5            0           -0           -0 
       -26.5     0.000418  0.000271158 -2.85493e-10 
       -26.5     0.001672   0.00108451 -2.58814e-09 
       -26.5     0.003763   0.00244032 -1.12271e-08 
       -26.5     0.006689   0.00433667 -3.33016e-08 
       -26.5     0.010451   0.00677333 -7.85906e-08 
       -26.5      0.01505   0.00974982 -1.59391e-07 
       -26.5     0.020485    0.0132641 -2.90258e-07 
       -26.5     0.026756    0.0173146 -4.87786e-07 
       -26.5     0.033863    0.0218995   -7.703e-07 
       -26.5     0.041806    0.0270166 -1.15753e-06 
       -26.5     0.050585    0.0326636 -1.67023e-06 
       -26.5     0.060201    0.0388387 -2.32988e-06 
       -26.5     0.070652    0.0455377 -3.15794e-06 
       -26.5      0.08194     0.052759 -4.17592e-06 
       -26.5     0.094063     0.060498 -5.40422e-06 
       -26.5     0.107023    0.0687526 -6.86237e-06 
       -26.5     0.120819    0.0775186 -8.56769e-06 
       -26.5     0.135451    0.0867922 -1.05351e-05 
       -26.5     0.150919    0.0965692 -1.27764e-05 
       -26.5     0.167224     0.106846 -1.52994e-05 
       -26.5     0.184364     0.117618 -1.81066e-05 
       -26.5     0.202341      0.12888 -2.11952e-05 
       -26.5     0.221153     0.140628 -2.45542e-05 
       -26.5     0.240802     0.152858 -2.81652e-05 
       -26.5     0.261287     0.165563 -3.20332e-05 
       -26.5     0.282608      0.17874 -3.61333e-05 
       -26.5     0.304765     0.192382 -4.04167e-05 
       -26.5     0.327758     0.206485 -4.48551e-05 
       -26.5     0.351588     0.221041 -4.94132e-05 
       -26.5     0.376253     0.236044 -5.40479e-05 
       -26.5     0.401755     0.251485  -5.8708e-05 
       -26.5     0.428092     0.267358  -6.3333e-05 
       -26.5     0.455266     0.283655 -6.78528e-05 
       -26.5     0.483276     0.300367 -7.21887e-05 
       -26.5     0.512122     0.317482 -7.63322e-05 
       -26.5     0.541805     0.334989 -8.01492e-05 
       -26.5     0.572323     0.352874 -8.35765e-05 
       -26.5     0.603677      0.37112 -8.65483e-05 
       -26.5     0.635868     0.389713 -8.89949e-05 
       -26.5     0.668894      0.40863  -9.0842e-05 
       -26.5     0.702757     0.427855   -9.201e-05 
       -26.5     0.737456     0.447365 -9.24122e-05 
       -26.5     0.772991     0.467137 -9.19545e-05 
       -26.5     0.809362     0.487139 -9.06699e-05 
       -26.5      0.84657     0.507335 -8.84064e-05 
       -26.5     0.884613      0.52769 -8.51297e-05 
       -26.5     0.923492     0.548168 -8.08082e-05 
       -26.5     0.963208     0.568729 -7.54135e-05 
       -26.5      1.00376      0.58933 -6.89211e-05 
       -26.5      1.04515     0.609926 -6.13098e-05 
       -26.5      1.08737     0.630467 -5.25621e-05 
       -26.5      1.13043     0.650902 -4.26639e-05 
       -26.5      1.17433     0.671184 -3.17301e-05 
       -26.5      1.21906     0.691227 -1.97078e-05 
       -26.5      1.26463      0.71098 -6.67873e-06 
       -26.5      1.31103      0.73039  7.26845e-06 
       -26.5      1.35827     0.749404   2.2051e-05 
       -26.5      1.40635     0.767965  3.75821e-05 
       -26.5      1.45526     0.786014  5.37626e-05 
       -26.5      1.50501     0.803491  7.04668e-05 
       -26.5       1.5556     0.820331  8.75271e-05 
       -26.5      1.60702     0.836487  0.000104803 
       -26.5      1.65928     0.851917  0.000122221 
       -26.5      1.71237     0.866563  0.000139503 
       -26.5       1.7663     0.880404  0.000156502 
       -26.5      1.82106     0.893424  0.000173081 
       -26.5      1.87667     0.905607  0.000189107 
       -26.5      1.93311     0.916941  0.000204448 
       -26.5      1.99038     0.927416  0.000218962 
       -26.5      2.04849     0.937022  0.000232493 
       -26.5      2.10744     0.945756  0.000244854 
       -26.5      2.16722     0.953615  0.000255932 
       -26.5      2.22784     0.960671  0.000265933 
       -26.5      2.28929     0.966994  0.000274469 
       -26.5      2.35158     0.972611  0.000281607 
       -26.5      2.41471     0.977553  0.000287393 
       -26.5      2.47867     0.981857  0.000291852 
       -26.5      2.54347     0.985565  0.000295003 
       -26.5      2.60911     0.988723  0.000296864 
       -26.5      2.67558     0.991383  0.000297468 
       -26.5      2.74288     0.993601  0.000296875 
       -26.5      2.81103     0.995442  0.000295193 
       -26.5      2.88001     0.996949  0.000292575 
       -26.5      2.94983     0.998149  0.000289017 
       -26.5      3.02048     0.999155  0.000284639 
       -26.5      3.09197      0.99998  0.000279561 
       -26.5      3.16429      1.00064  0.000273876 
       -26.5      3.23745      1.00116  0.000267654 
       -26.5      3.31145      1.00155   0.00026095 
       -26.5      3.38628      1.00183  0.000253812 
       -26.5      3.46195      1.00202  0.000246293 
       -26.5      3.53845      1.00215  0.000238463 
       -26.5      3.61579      1.00225  0.000230422 
       -26.5      3.69397      1.00234   0.00022232 
       -26.5      3.77298      1.00241  0.000214166 
       -26.5      3.85283      1.00243   0.00020557 
       -26.5      3.93352      1.00244  0.000196895 
       -26.5      4.01504      1.00245  0.000188137 
       -26.5       4.0974      1.00246  0.000179298 
       -26.5      4.18059      1.00246  0.000170376 
       -26.5      4.26462      1.00247   0.00016137 
       -26.5      4.34949      1.00247  0.000152283 
       -26.5      4.43519      1.00248  0.000143129 
       -26.5      4.52173      1.00248  0.000133936 
       -26.5       4.6091      1.00248  0.000124683 
       -26.5      4.69731      1.00248  0.000115372 
       -26.5      4.78636      1.00248  0.000106003 
       -26.5      4.87624      1.00248  9.65797e-05 
       -26.5      4.96696      1.00247  8.71023e-05 
       -26.5      5.05851      1.00247  7.75725e-05 
       -26.5       5.1509      1.00246  6.79919e-05 
       -26.5      5.24413      1.00246  5.83622e-05 
       -26.5       5.3382      1.00245   4.8685e-05 
       -26.5      5.43309      1.00244   3.8962e-05 
       -26.5      5.52883      1.00243  2.91944e-05 
       -26.5       5.6254      1.00243  1.93839e-05 
       -26.5      5.72281      1.00242  9.53178e-06 
       -26.5      5.82105      1.00241 -3.60831e-07 
       -26.5      5.92013       1.0024 -1.02929e-05 
       -26.5      6.02005      1.00239 -2.02636e-05 
       -26.5       6.1208      1.00238 -3.02724e-05 
       -26.5      6.22239      1.00237 -4.03193e-05 
       -26.5      6.32482      1.00237 -5.04042e-05 
       -26.5      6.42808      1.00236 -6.05279e-05 
       -26.5      6.53217      1.00235 -7.06912e-05 
       -26.5      6.63711      1.00234  -8.0896e-05 
       -26.5      6.74287      1.00234 -9.11443e-05 
       -26.5      6.84948      1.00234 -0.000101439 
       -26.5      6.95692      1.00233 -0.000111784 
       -26.5       7.0652      1.00233 -0.000122043 
       -26.5      7.17431      1.00232 -0.000132278 
       -26.5      7.28426      1.00231  -0.00014255 
       -26.5      7.39505      1.00231 -0.000152857 
       -26.5      7.50667       1.0023   -0.0001632 
       -26.5      7.61913      1.00229 -0.000173575 
       -26.5      7.73242      1.00228 -0.000183983 
       -26.5      7.84655      1.00227 -0.000194419 
       -26.5      7.96152      1.00227  -0.00020488 
       -26.5      8.07732      1.00226 -0.000215363 
       -26.5      8.19396      1.00225 -0.000225864 
       -26.5      8.31143      1.00224 -0.000236378 
       -26.5      8.42974      1.00223 -0.000246901 
       -26.5      8.54889      1.00222 -0.000257429 
       -26.5      8.66887      1.00221 -0.000267956 
       -26.5      8.78969      1.00221 -0.000278478 
       -26.5      8.91135       1.0022 -0.000288991 
       -26.5      9.03384      1.00219 -0.000299492 
       -26.5      9.15717      1.00218 -0.000309978 
       -26.5      9.28133      1.00217 -0.000320447 
       -26.5      9.40633      1.00216 -0.000330897 
       -26.5      9.53216      1.00215 -0.000341329 
       -26.5      9.65884      1.00214 -0.000351745 
       -26.5      9.78634      1.00213 -0.000362159 
       -26.5      9.91469      1.00212 -0.000372625 
       -26.5      10.0439      1.00212 -0.000383094 
       -26.5      10.1739      1.00211  -0.00039357 
       -26.5      10.3047       1.0021  -0.00040402 
       -26.5      10.4364      1.00209 -0.000414437 
       -26.5      10.5689      1.00208 -0.000424824 
       -26.5      10.7023      1.00207 -0.000435182 
       -26.5      10.8365      1.00206 -0.000445513 
       -26.5      10.9715      1.00205 -0.000455816 
       -26.5      11.1074      1.00204 -0.000466093 
       -26.5      11.2441      1.00203 -0.000476342 
       -26.5      11.3817      1.00201 -0.000486555 
       -26.5        11.52        1.002 -0.000496737 
       -26.5      11.6592      1.00199 -0.000506888 
       -26.5      11.7993      1.00198 -0.000517007 
       -26.5      11.9402      1.00197 -0.000527091 
       -26.5      12.0819      1.00196 -0.000537139 
       -26.5      12.2245      1.00195  -0.00054715 
       -26.5      12.3679      1.00194  -0.00055712 
       -26.5      12.5121      1.00193 -0.000567048 
       -26.5      12.6572      1.00192 -0.000576932 
       -26.5      12.8031       1.0019 -0.000586771 
       -26.5      12.9498      1.00189 -0.000596561 
       -26.5      13.0974      1.00188 -0.000606302 
       -26.5      13.2458      1.00187 -0.000615994 
       -26.5       13.395      1.00186 -0.000625635 
       -26.5      13.5451      1.00185 -0.000635226 
       -26.5       13.696      1.00183 -0.000644769 
       -26.5      13.8478      1.00182 -0.000654265 
       -26.5      14.0004      1.00181 -0.000663696 
       -26.5      14.1538       1.0018 -0.000673027 
       -26.5      14.3081      1.00179 -0.000682291 
       -26.5      14.4632      1.00177 -0.000691492 
       -26.5      14.6191      1.00176 -0.000700675 
       -26.5      14.7759      1.00175 -0.000709792 
       -26.5      14.9335      1.00174 -0.000718841 
       -26.5      15.0919      1.00172 -0.000727819 
       -26.5      15.2512      1.00171 -0.000736726 
       -26.5      15.4113       1.0017 -0.000745559 
       -26.5      15.5723      1.00169 -0.000754318 
       -26.5      15.7341      1.00167 -0.000763001 
       -26.5      15.8967      1.00166 -0.000771606 
       -26.5      16.0602      1.00165 -0.000780133 
       -26.5      16.2245      1.00163 -0.000788581 
       -26.5      16.3896      1.00162 -0.000796949 
       -26.5      16.5556      1.00161 -0.000805235 
       -26.5      16.7224      1.00159 -0.000813439 
       -26.5        16.89      1.00158 -0.000821559 
       -26.5      17.0585      1.00157 -0.000829596 
       -26.5      17.2278      1.00155 -0.000837548 
       -26.5      17.3979      1.00154 -0.000845413 
       -26.5      17.5689      1.00153 -0.000853192 
       -26.5      17.7408      1.00151 -0.000860882 
       -26.5      17.9134       1.0015 -0.000868483 
       -26.5      18.0869      1.00149 -0.000875994 
       -26.5      18.2612      1.00147 -0.000883412 
       -26.5      18.4364      1.00146 -0.000890736 
       -26.5      18.6124      1.00145 -0.000897965 
       -26.5      18.7892      1.00143 -0.000905096 
       -26.5      18.9669      1.00142 -0.000912126 
       -26.5      19.1454       1.0014 -0.000919053 
       -26.5      19.3248      1.00139 -0.000925874 
       -26.5       19.505      1.00137 -0.000932585 
       -26.5       19.686      1.00136 -0.000939183 
       -26.5      19.8678      1.00135 -0.000945662 
       -26.5      20.0505      1.00133 -0.000952053 
       -26.5      20.2341      1.00132  -0.00095838 
       -26.5      20.4184       1.0013 -0.000964611 
       -26.5      20.6036      1.00129 -0.000970744 
       -26.5      20.7897      1.00128 -0.000976774 
       -26.5      20.9765      1.00126 -0.000982698 
       -26.5      21.1642      1.00125 -0.000988512 
       -26.5      21.3528      1.00123 -0.000994213 
       -26.5      21.5422      1.00122 -0.000999797 
       -26.5      21.7324       1.0012  -0.00100526 
       -26.5      21.9234      1.00119   -0.0010106 
       -26.5      22.1153      1.00117  -0.00101578 
       -26.5       22.308      1.00116  -0.00102086 
       -26.5      22.5016      1.00114  -0.00102583 
       -26.5       22.696      1.00113  -0.00103071 
       -26.5      22.8912      1.00112  -0.00103549 
       -26.5      23.0873       1.0011  -0.00104016 
       -26.5      23.2842      1.00109  -0.00104472 
       -26.5       23.482      1.00107  -0.00104918 
       -26.5      23.6805      1.00106  -0.00105352 
       -26.5        23.88      1.00104  -0.00105775 
       -26.5      24.0802      1.00103  -0.00106187 
       -26.5      24.2813      1.00101  -0.00106587 
       -26.5      24.4832        1.001  -0.00106975 
       -26.5       24.686      1.00098  -0.00107351 
       -26.5      24.8896      1.00097  -0.00107715 
       -26.5       25.094      1.00095  -0.00108067 
       -26.5      25.2993      1.00094  -0.00108407 
       -26.5      25.5054      1.00092  -0.00108734 
       -26.5      25.7123      1.00091  -0.00109048 
       -26.5      25.9201      1.00089   -0.0010935 
       -26.5      26.1287      1.00088  -0.00109639 
       -26.5      26.3381      1.00087  -0.00109916 
       -26.5      26.5484      1.00085   -0.0011018 
       -26.5      26.7595      1.00084  -0.00110432 
       -26.5      26.9715      1.00082  -0.00110672 
       -26.5      27.1843      1.00081  -0.00110899 
       -26.5      27.3979      1.00079  -0.00111115 
       -26.5      27.6124      1.00078  -0.00111319 
       -26.5      27.8277      1.00076  -0.00111512 
       -26.5      28.0438      1.00075  -0.00111694 
       -26.5      28.2608      1.00073  -0.00111866 
       -26.5      28.4786      1.00072  -0.00112027 
       -26.5      28.6972      1.00071   -0.0011218 
       -26.5      28.9167      1.00069  -0.00112323 
       -26.5       29.137      1.00068  -0.00112459 
       -26.5      29.3582      1.00066  -0.00112579 
       -26.5      29.5802      1.00065  -0.00112679 
       -26.5       29.803      1.00063  -0.00112764 
       -26.5      30.0267      1.00062  -0.00112835 
       -26.5      30.2512       1.0006  -0.00112893 
       -26.5      30.4765      1.00059  -0.00112937 
       -26.5      30.7027      1.00058  -0.00112969 
       -26.5      30.9297      1.00056  -0.00112989 
       -26.5      31.1575      1.00055  -0.00112997 
       -26.5      31.3862      1.00053  -0.00112993 
       -26.5      31.6157      1.00052   -0.0011298 
       -26.5      31.8461       1.0005  -0.00112956 
       -26.5      32.0773      1.00049  -0.00112922 
       -26.5      32.3093      1.00048  -0.00112881 
       -26.5      32.5421      1.00046  -0.00112831 
       -26.5      32.7758      1.00045  -0.00112775 
       -26.5      33.0104      1.00043  -0.00112712 
       -26.5      33.2457      1.00042  -0.00112645 
       -26.5      33.4819      1.00041  -0.00112573 
       -26.5       33.719      1.00039  -0.00112473 
       -26.5      33.9568      1.00038  -0.00112338 
       -26.5      34.1956      1.00037  -0.00112196 
       -26.5      34.4351      1.00035  -0.00112044 
       -26.5      34.6755      1.00034  -0.00111883 
       -26.5      34.9167      1.00033  -0.00111712 
       -26.5      35.1588      1.00031  -0.00111531 
       -26.5      35.4017       1.0003  -0.00111339 
       -26.5      35.6454      1.00029  -0.00111137 
       -26.5      35.8899      1.00028  -0.00110925 
       -26.5      36.1354      1.00026  -0.00110702 
       -26.5      36.3816      1.00025  -0.00110468 
       -26.5      36.6287      1.00024  -0.00110224 
       -26.5      36.8766      1.00022   -0.0010997 
       -26.5      37.1253      1.00021  -0.00109706 
       -26.5      37.3749       1.0002  -0.00109432 
       -26.5      37.6253      1.00019  -0.00109149 
       -26.5      37.8766      1.00017  -0.00108857 
       -26.5      38.1287      1.00016  -0.00108556 
       -26.5      38.3816      1.00015  -0.00108246 
       -26.5      38.6353      1.00014  -0.00107927 
       -26.5      38.8899      1.00012  -0.00107599 
       -26.5      39.1454      1.00011  -0.00107263 
       -26.5      39.4016       1.0001  -0.00106917 
       -26.5      39.6588      1.00008  -0.00106563 
       -26.5      39.9167      1.00007  -0.00106198 
       -26.5      40.1755      1.00006  -0.00105823 
       -26.5      40.4351      1.00005  -0.00105437 
       -26.5      40.6955      1.00004  -0.00105039 
       -26.5      40.9568      1.00002  -0.00104627 
       -26.5      41.2189      1.00001  -0.00104201 
       -26.5      41.4819     0.999999  -0.00103757 
       -26.5      41.7457     0.999987  -0.00103294 
       -26.5      42.0103     0.999975  -0.00102809 
       -26.5      42.2758     0.999963    -0.001023 
       -26.5      42.5421     0.999952  -0.00101764 
       -26.5      42.8092      0.99994  -0.00101204 
       -26.5      43.0772      0.99993   -0.0010079 
       -26.5       43.346     0.999921  -0.00100361 
       -26.5      43.6157     0.999911 -0.000999184 
       -26.5      43.8862     0.999901 -0.000994609 
       -26.5      44.1575     0.999891 -0.000989883 
       -26.5      44.4296     0.999882 -0.000985007 
       -26.5      44.7026     0.999872 -0.000979979 
       -26.5      44.9765     0.999862 -0.000974799 
       -26.5      45.2511     0.999853 -0.000969466 
       -26.5      45.5266     0.999843 -0.000963981 
       -26.5       45.803     0.999833 -0.000958346 
       -26.5      46.0801     0.999823 -0.000952562 
       -26.5      46.3581     0.999813 -0.000946631 
       -26.5       46.637     0.999803 -0.000940556 
       -26.5      46.9167     0.999793 -0.000934339 
       -26.5      47.1972     0.999783 -0.000927985 
       -26.5      47.4785     0.999772 -0.000921497 
       -26.5      47.7607     0.999762 -0.000914879 
       -26.5      48.0438     0.999751 -0.000908135 
       -26.5      48.3276      0.99974 -0.000901269 
       -26.5      48.6123     0.999729 -0.000894287 
       -26.5      48.8979     0.999719 -0.000887608 
       -26.5      49.1842     0.999711 -0.000881672 
       -26.5      49.4714     0.999703 -0.000875523 
       -26.5      49.7595     0.999695 -0.000869176 
       -26.5      50.0484     0.999686 -0.000862646 
       -26.5      50.3381     0.999677 -0.000855947 
       -26.5      50.6286     0.999668 -0.000849097 
       -26.5        50.92     0.999659 -0.000842108 
       -26.5      51.2122      0.99965 -0.000834998 
       -26.5      51.5053      0.99964  -0.00082778 
       -26.5      51.7992     0.999631 -0.000820469 
       -26.5      52.0939     0.999622 -0.000813079 
       -26.5      52.3895     0.999613 -0.000805623 
       -26.5      52.6859     0.999604 -0.000798115 
       -26.5      52.9831     0.999595 -0.000790565 
       -26.5      53.2812     0.999587 -0.000782984 
       -26.5      53.5801     0.999579 -0.000775383 
       -26.5      53.8799     0.999571 -0.000767769 
       -26.5      54.1805     0.999563 -0.000760148 
       -26.5      54.4819     0.999556 -0.000752526 
       -26.5      54.7841     0.999549 -0.000744905 
       -26.5      55.0872     0.999543 -0.000737288 
       -26.5      55.3912     0.999537 -0.000729672 
       -26.5      55.6959     0.999531 -0.000722053 
       -26.5      56.0015     0.999526 -0.000714427 
       -26.5       56.308     0.999521 -0.000706784 
       -26.5      56.6152     0.999513 -0.000699113 
       -26.5      56.9233     0.999505 -0.000691308 
       -26.5      57.2323     0.999497 -0.000683373 
       -26.5      57.5421      0.99949 -0.000675322 
       -26.5      57.8527     0.999483 -0.000667166 
       -26.5      58.1641     0.999475 -0.000658915 
       -26.5      58.4764     0.999469  -0.00065058 
       -26.5      58.7896     0.999462  -0.00064217 
       -26.5      59.1035     0.999455 -0.000633692 
       -26.5      59.4183     0.999449 -0.000625154 
       -26.5      59.7339     0.999443 -0.000616561 
       -26.5      60.0504     0.999437 -0.000607919 
       -26.5      60.3677     0.999431 -0.000599234 
       -26.5      60.6859     0.999425 -0.000590508 
       -26.5      61.0048     0.999419 -0.000581745 
       -26.5      61.3247     0.999413 -0.000572948 
       -26.5      61.6453     0.999408 -0.000564118 
       -26.5      61.9668     0.999402 -0.000555258 
       -26.5      62.2891     0.999397 -0.000546368 
       -26.5      62.6123     0.999391 -0.000537448 
       -26.5      62.9363     0.999386 -0.000528498 
       -26.5      63.2611     0.999381 -0.000519519 
       -26.5      63.5868     0.999376 -0.000510508 
       -26.5      63.9133     0.999371 -0.000501467 
       -26.5      64.2406     0.999366 -0.000492392 
       -26.5      64.5688     0.999361 -0.000483284 
       -26.5      64.8978     0.999356  -0.00047414 
       -26.5      65.2277     0.999351 -0.000464959 
       -26.5      65.5583     0.999346 -0.000455741 
       -26.5      65.8899     0.999341 -0.000446484 
       -26.5      66.2222     0.999337 -0.000437186 
       -26.5      66.5554     0.999332 -0.000427848 
       -26.5      66.8894     0.999327 -0.000418469 
       -26.5      67.2243     0.999323  -0.00040905 
       -26.5        67.56     0.999319 -0.000399591 
       -26.5      67.8966     0.999314 -0.000390093 
       -26.5      68.2339      0.99931 -0.000380559 
       -26.5      68.5721     0.999306 -0.000370992 
       -26.5      68.9112     0.999302 -0.000361396 
       -26.5      69.2511     0.999298 -0.000351776 
       -26.5      69.5918     0.999294 -0.000342137 
       -26.5      69.9333     0.999291 -0.000332488 
       -26.5      70.2757     0.999287 -0.000322837 
       -26.5      70.6189     0.999284 -0.000313194 
       -26.5       70.963     0.999281  -0.00030357 
       -26.5      71.3079     0.999277  -0.00029383 
       -26.5      71.6536     0.999273 -0.000283425 
       -26.5      72.0002     0.999268 -0.000273035 
       -26.5      72.3476     0.999264 -0.000262666 
       -26.5      72.6959      0.99926 -0.000252323 
       -26.5      73.0449     0.999256 -0.000242013 
       -26.5      73.3949     0.999252 -0.000231741 
       -26.5      73.7456     0.999249 -0.000221513 
       -26.5      74.0972     0.999246 -0.000211337 
       -26.5      74.4496     0.999243  -0.00020122 
       -26.5      74.8029      0.99924 -0.000191169 
       -26.5       75.157     0.999238 -0.000181193 
       -26.5      75.5119     0.999236 -0.000171301 
       -26.5      75.8677     0.999234 -0.000161502 
       -26.5      76.2243     0.999233 -0.000151807 
       -26.5      76.5817     0.999232 -0.000142227 
       -26.5        76.94      0.99923 -0.000133289 
       -26.5      77.2991     0.999229 -0.000124875 
       -26.5      77.6591     0.999227 -0.000116913 
       -26.5      78.0198     0.999225 -0.000109382 
       -26.5      78.3815     0.999223 -0.000102257 
       -26.5      78.7439     0.999222 -9.55132e-05 
       -26.5      79.1072     0.999219 -8.65124e-05 
       -26.5      79.4714     0.999215 -7.52519e-05 
       -26.5      79.8363     0.999212 -6.39623e-05 
       -26.5      80.2021     0.999209 -5.26516e-05 
       -26.5      80.5688     0.999206 -4.13276e-05 
       -26.5      80.9362     0.999204 -2.99977e-05 
       -26.5      81.3045     0.999201 -1.86691e-05 
       -26.5      81.6737     0.999199 -7.34903e-06 
       -26.5      82.0437     0.999197  3.95582e-06 
       -26.5      82.4145     0.999195  1.52387e-05 
       -26.5      82.7861     0.999193  2.64932e-05 
       -26.5      83.1586     0.999192  3.77129e-05 
       -26.5       83.532      0.99919  4.88918e-05 
       -26.5      83.9061     0.999186   5.9742e-05 
       -26.5      84.2811     0.999182  7.03448e-05 
       -26.5       84.657     0.999178  8.07319e-05 
       -26.5      85.0336     0.999176  9.09316e-05 
       -26.5      85.4111     0.999173  0.000100971 
       -26.5      85.7895     0.999171  0.000110875 
       -26.5      86.1687     0.999169  0.000120667 
       -26.5      86.5487     0.999168   0.00013037 
       -26.5      86.9295     0.999166  0.000140006 
       -26.5      87.3112     0.999165  0.000149592 
       -26.5      87.6937     0.999165  0.000159147 
       -26.5      88.0771     0.999164  0.000168687 
       -26.5      88.4613     0.999164  0.000178228 
       -26.5      88.8463     0.999164  0.000187783 
       -26.5      89.2322     0.999164  0.000197364 
       -26.5      89.6189     0.999164  0.000206983 
       -26.5      90.0064     0.999164  0.000216647 
       -26.5      90.3948     0.999165  0.000226367 
       -26.5       90.784     0.999165  0.000236148 
       -26.5      91.1741     0.999166  0.000245996 
       -26.5       91.565     0.999166  0.000255916 
       -26.5      91.9567     0.999167  0.000265909 
       -26.5      92.3492     0.999168  0.000275979 
       -26.5      92.7426     0.999168  0.000286126 
       -26.5      93.1369     0.999169   0.00029635 
       -26.5      93.5319      0.99917  0.000306648 
       -26.5      93.9278     0.999171  0.000317018 
       -26.5      94.3246     0.999172  0.000327456 
       -26.5      94.7221     0.999172  0.000337959 
       -26.5      95.1206     0.999173  0.000348519 
       -26.5      95.5198     0.999174  0.000359131 
       -26.5      95.9199     0.999175  0.000369786 
       -26.5      96.3208     0.999175  0.000380478 
       -26.5      96.7226     0.999176  0.000391196 
       -26.5      97.1251     0.999177  0.000401931 
       -26.5      97.5286     0.999177  0.000412673 
       -26.5      97.9328     0.999178   0.00042341 
       -26.5      98.3379     0.999178   0.00043413 
       -26.5      98.7439     0.999179  0.000444822 
       -26.5      99.1506     0.999179  0.000455474 
       -26.5      99.5583      0.99918  0.000466071 
       -26.5      99.9667      0.99918    0.0004766 
       -26.5      100.376     0.999181  0.000487049 
       -26.5      100.786     0.999181  0.000497402 
       -26.5      101.197     0.999182  0.000507647 
       -26.5      101.609     0.999182  0.000517769 
       -26.5      102.021     0.999183  0.000527755 
       -26.5      102.435     0.999183  0.000537589 
       -26.5      102.849     0.999184   0.00054726 
       -26.5      103.264     0.999185  0.000556752 
       -26.5       103.68     0.999185  0.000566054 
       -26.5      104.097     0.999186  0.000575152 
       -26.5      104.515     0.999187  0.000584034 
       -26.5      104.933     0.999187  0.000592688 
       -26.5      105.353     0.999183  0.000604518 
       -26.5      105.773     0.999179  0.000616087 
       -26.5      106.194     0.999176  0.000627349 
       -26.5      106.616     0.999174  0.000638326 
       -26.5      107.038     0.999172   0.00064904 
       -26.5      107.462     0.999171  0.000659513 
       -26.5      107.886     0.999171  0.000669765 
       -26.5      108.311     0.999171  0.000679816 
       -26.5      108.737     0.999172  0.000689686 
       -26.5      109.164     0.999172  0.000699395 
       -26.5      109.592     0.999174   0.00070896 
       -26.5       110.02     0.999175    0.0007184 
       -26.5       110.45     0.999177  0.000727732 
       -26.5       110.88     0.999179  0.000736973 
       -26.5      111.311     0.999181  0.000746139 
       -26.5      111.743     0.999183  0.000755246 
       -26.5      112.175     0.999186  0.000764308 
       -26.5      112.609     0.999188  0.000773341 
       -26.5      113.043      0.99919  0.000782358 
       -26.5      113.478     0.999193  0.000791373 
       -26.5      113.914     0.999195  0.000800397 
       -26.5      114.351     0.999197  0.000809444 
       -26.5      114.789     0.999199  0.000818523 
       -26.5      115.228     0.999201  0.000827647 
       -26.5      115.667     0.999203  0.000836825 
       -26.5      116.107     0.999204  0.000846066 
       -26.5      116.548     0.999206   0.00085538 
       -26.5       116.99     0.999207  0.000864775 
       -26.5      117.433     0.999208  0.000874257 
       -26.5      117.876     0.999209  0.000883834 
       -26.5      118.321     0.999209  0.000893513 
       -26.5      118.766     0.999209  0.000903298 
       -26.5      119.212     0.999209  0.000913194 
       -26.5      119.659     0.999209  0.000923206 
       -26.5      120.107     0.999208  0.000933337 
       -26.5      120.555     0.999207   0.00094359 
       -26.5      121.005     0.999206  0.000953966 
       -26.5      121.455     0.999204  0.000964469 
       -26.5      121.906     0.999202  0.000975097 
       -26.5      122.358       0.9992  0.000985852 
       -26.5      122.811     0.999198  0.000996733 
       -26.5      123.264     0.999196   0.00100774 
       -26.5      123.719     0.999193   0.00101886 
       -26.5      124.174      0.99919   0.00103011 
       -26.5       124.63     0.999187   0.00104148 
       -26.5      125.087     0.999184   0.00105295 
       -26.5      125.545      0.99918   0.00106453 
       -26.5      126.003     0.999177   0.00107622 
       -26.5      126.463     0.999173     0.001088 
       -26.5      126.923     0.999169   0.00109987 
       -26.5      127.384     0.999165   0.00111182 
       -26.5      127.846     0.999162   0.00112385 
       -26.5      128.309     0.999158   0.00113593 
       -26.5      128.773     0.999154   0.00114808 
       -26.5      129.237     0.999151   0.00116027 
       -26.5      129.702     0.999147   0.00117249 
       -26.5      130.169     0.999144   0.00118473 
       -26.5      130.636     0.999141   0.00119698 
       -26.5      131.103     0.999138   0.00120923 
       -26.5      131.572     0.999135   0.00122145 
       -26.5      132.041     0.999133   0.00123365 
       -26.5      132.512     0.999131    0.0012458 
       -26.5      132.983      0.99913   0.00125789 
       -26.5      133.455     0.999129   0.00126989 
       -26.5      133.928     0.999128    0.0012818 
       -26.5      134.401     0.999128   0.00129359 
       -26.5      134.876     0.999129   0.00130525 
       -26.5      135.351      0.99913   0.00131676 
       -26.5      135.827     0.999132    0.0013281 
       -26.5      136.304     0.999135   0.00133924 
       -26.5      136.782     0.999139   0.00135017 
       -26.5      137.261     0.999143   0.00136123 
       -26.5       137.74     0.999146   0.00137283 
       -26.5      138.221     0.999151   0.00138427 
       -26.5      138.702     0.999157   0.00139551 
       -26.5      139.184     0.999165   0.00140655 
       -26.5      139.667     0.999174   0.00141734 
       -26.5      140.151     0.999185   0.00142787 
       -26.5      140.635     0.999198   0.00143812 
       -26.5       141.12     0.999213   0.00144806 
       -26.5      141.607      0.99923   0.00145767 
       -26.5      142.094      0.99925   0.00146691 
       -26.5      142.582     0.999272   0.00147577 
       -26.5       143.07     0.999296   0.00148421 
       -26.5       143.56     0.999323   0.00149221 
       -26.5       144.05     0.999353   0.00149974 
       -26.5      144.541     0.999386   0.00150677 
       -26.5      145.033     0.999422   0.00151327 
       -26.5      145.526     0.999461   0.00151921 
       -26.5       146.02     0.999505   0.00152456 
       -26.5      146.515     0.999551   0.00152929 
       -26.5       147.01     0.999602   0.00153337 
       -26.5      147.506     0.999657   0.00153677 
       -26.5      148.003     0.999716   0.00153945 
       -26.5      148.501      0.99978   0.00154137 
       -26.5          149     0.999848   0.00154251 
       -26.5        149.5     0.999921   0.00154284 
       -26.5          150            1    0.0015423 
