Variables = x, y, u, v, p

Zone, I=600, F=POINT
        33.5            0  4.13514e-06  5.93625e-08 -3.90392e-05 
        33.5     0.000418  0.000247078  5.80542e-08 -3.90376e-05 
        33.5     0.001672  0.000975886  5.79147e-08  -3.9033e-05 
        33.5     0.003763   0.00219107  7.02847e-08 -3.90252e-05 
        33.5     0.006689   0.00389137  1.13952e-07 -3.90145e-05 
        33.5     0.010451   0.00607719  2.15051e-07  -3.9001e-05 
        33.5      0.01505   0.00874889  4.06912e-07 -3.89847e-05 
        33.5     0.020485    0.0119056  7.29722e-07 -3.89659e-05 
        33.5     0.026756     0.015547  1.23031e-06 -3.89446e-05 
        33.5     0.033863    0.0196725  1.96178e-06 -3.89212e-05 
        33.5     0.041806    0.0242817  2.98315e-06 -3.88956e-05 
        33.5     0.050585    0.0293738  4.35884e-06 -3.88682e-05 
        33.5     0.060201    0.0349487  6.15845e-06 -3.88388e-05 
        33.5     0.070652    0.0410041  8.45538e-06 -3.88076e-05 
        33.5      0.08194    0.0475401  1.13276e-05 -3.87745e-05 
        33.5     0.094063    0.0545541  1.48553e-05 -3.87394e-05 
        33.5     0.107023    0.0620458  1.91222e-05  -3.8702e-05 
        33.5     0.120819    0.0700127  2.42128e-05  -3.8662e-05 
        33.5     0.135451    0.0784526  3.02126e-05 -3.86188e-05 
        33.5     0.150919    0.0873632  3.72073e-05 -3.85716e-05 
        33.5     0.167224    0.0967421  4.52819e-05 -3.85195e-05 
        33.5     0.184364     0.106585  5.45182e-05 -3.84613e-05 
        33.5     0.202341      0.11689   6.4997e-05 -3.83956e-05 
        33.5     0.221153      0.12765  7.67928e-05 -3.83207e-05 
        33.5     0.240802     0.138864  8.99775e-05 -3.82344e-05 
        33.5     0.261287       0.1505  0.000104235 -3.82644e-05 
        33.5     0.282608     0.162624  0.000120661 -3.82454e-05 
        33.5     0.304765     0.175169  0.000138464  -3.8205e-05 
        33.5     0.327758     0.188129  0.000157656 -3.81427e-05 
        33.5     0.351588     0.201495  0.000178238 -3.80582e-05 
        33.5     0.376253     0.215259  0.000200196 -3.79518e-05 
        33.5     0.401755     0.229413  0.000223501 -3.78239e-05 
        33.5     0.428092     0.243948  0.000248105 -3.76757e-05 
        33.5     0.455266     0.258854  0.000273942 -3.75087e-05 
        33.5     0.483276      0.27412  0.000300926 -3.73248e-05 
        33.5     0.512122     0.289737  0.000328945 -3.71269e-05 
        33.5     0.541805     0.305693  0.000357868  -3.6918e-05 
        33.5     0.572323     0.321974  0.000387531 -3.67023e-05 
        33.5     0.603677      0.33857  0.000417747 -3.64843e-05 
        33.5     0.635868     0.355467  0.000448297 -3.62697e-05 
        33.5     0.668894     0.372649   0.00047893 -3.60645e-05 
        33.5     0.702757     0.390104  0.000509361 -3.58762e-05 
        33.5     0.737456     0.407815  0.000539268 -3.57127e-05 
        33.5     0.772991     0.425993  0.000570561 -3.57056e-05 
        33.5     0.809362     0.444277  0.000603358 -3.52984e-05 
        33.5      0.84657     0.462827  0.000637191  -3.4856e-05 
        33.5     0.884613     0.481618  0.000672054  -3.4377e-05 
        33.5     0.923492     0.500623  0.000707941 -3.38604e-05 
        33.5     0.963208     0.519814  0.000744844 -3.33049e-05 
        33.5      1.00376      0.53916  0.000782749 -3.27094e-05 
        33.5      1.04515     0.558629   0.00082164 -3.20728e-05 
        33.5      1.08737     0.578183  0.000861499 -3.13941e-05 
        33.5      1.13043     0.597785  0.000902302 -3.06724e-05 
        33.5      1.17433     0.617394  0.000944024 -2.99067e-05 
        33.5      1.21906     0.636966  0.000986634 -2.90961e-05 
        33.5      1.26463     0.656454    0.0010301 -2.82399e-05 
        33.5      1.31103     0.675808   0.00107438 -2.73374e-05 
        33.5      1.35827     0.694975   0.00111943 -2.63879e-05 
        33.5      1.40635     0.713898    0.0011652 -2.53909e-05 
        33.5      1.45526     0.732517   0.00121164 -2.43459e-05 
        33.5      1.50501     0.750769   0.00125869 -2.32525e-05 
        33.5       1.5556     0.768586   0.00130629 -2.21105e-05 
        33.5      1.60702     0.785897   0.00135437 -2.09197e-05 
        33.5      1.65928     0.802628   0.00140284 -1.96799e-05 
        33.5      1.71237     0.818698   0.00145164 -1.83913e-05 
        33.5       1.7663     0.833881   0.00150004 -1.67925e-05 
        33.5      1.82106     0.848476   0.00154475 -1.52907e-05 
        33.5      1.87667     0.862356   0.00158769 -1.37341e-05 
        33.5      1.93311     0.875511   0.00162881 -1.21233e-05 
        33.5      1.99038     0.887935   0.00166807 -1.04589e-05 
        33.5      2.04849     0.899621   0.00170544 -8.74174e-06 
        33.5      2.10744     0.910567   0.00174087 -6.97293e-06 
        33.5      2.16722     0.920772   0.00177435 -5.15373e-06 
        33.5      2.22784     0.930241   0.00180585 -3.28548e-06 
        33.5      2.28929     0.938976   0.00183535 -1.36985e-06 
        33.5      2.35158     0.946988   0.00186284  5.91411e-07 
        33.5      2.41471     0.954288   0.00188831  2.59626e-06 
        33.5      2.47867     0.960891   0.00191177  4.64247e-06 
        33.5      2.54347     0.966814   0.00193322  6.72759e-06 
        33.5      2.60911     0.972079   0.00195266  8.84893e-06 
        33.5      2.67558     0.976712   0.00197014  1.10036e-05 
        33.5      2.74288     0.980742   0.00198566  1.31884e-05 
        33.5      2.81103       0.9842   0.00199926  1.53999e-05 
        33.5      2.88001     0.987125   0.00201098  1.76345e-05 
        33.5      2.94983     0.989556   0.00202088  1.98881e-05 
        33.5      3.02048     0.991539   0.00202901  2.21566e-05 
        33.5      3.09197     0.993123   0.00203544  2.44354e-05 
        33.5      3.16429     0.994363   0.00204024  2.67197e-05 
        33.5      3.23745     0.995316   0.00204349  2.90044e-05 
        33.5      3.31145     0.996048    0.0020453  3.12841e-05 
        33.5      3.38628     0.996625   0.00204575   3.3553e-05 
        33.5      3.46195     0.997122   0.00204496  3.58051e-05 
        33.5      3.53845     0.997617   0.00204306  3.80339e-05 
        33.5      3.61579     0.998195   0.00204017  4.02326e-05 
        33.5      3.69397     0.998944   0.00203644  4.23941e-05 
        33.5      3.77298     0.999137   0.00204267  4.44507e-05 
        33.5      3.85283     0.999261   0.00203994  4.70351e-05 
        33.5      3.93352     0.999367   0.00203723  4.95069e-05 
        33.5      4.01504     0.999455   0.00203452  5.18791e-05 
        33.5       4.0974     0.999527   0.00203181   5.4166e-05 
        33.5      4.18059     0.999584   0.00202909  5.63828e-05 
        33.5      4.26462     0.999627   0.00202635  5.85461e-05 
        33.5      4.34949     0.999657   0.00202357  6.06733e-05 
        33.5      4.43519     0.999677   0.00202076   6.2783e-05 
        33.5      4.52173     0.999688   0.00201789  6.48953e-05 
        33.5       4.6091     0.999691   0.00201496  6.70311e-05 
        33.5      4.69731     0.999688   0.00201195  6.92128e-05 
        33.5      4.78636     0.999681   0.00200885  7.14641e-05 
        33.5      4.87624     0.999673   0.00200564  7.38098e-05 
        33.5      4.96696     0.999664   0.00200232  7.62762e-05 
        33.5      5.05851     0.999658   0.00199918  7.80982e-05 
        33.5       5.1509     0.999655    0.0019958  8.02956e-05 
        33.5      5.24413     0.999658   0.00199236  8.25363e-05 
        33.5       5.3382      0.99966   0.00198912  8.45419e-05 
        33.5      5.43309     0.999661   0.00198581  8.66001e-05 
        33.5      5.52883     0.999661   0.00198247  8.86431e-05 
        33.5       5.6254     0.999661   0.00197909  9.06698e-05 
        33.5      5.72281     0.999659   0.00197568  9.26792e-05 
        33.5      5.82105     0.999657   0.00197224  9.46701e-05 
        33.5      5.92013     0.999655   0.00196877  9.66414e-05 
        33.5      6.02005     0.999652   0.00196527  9.85919e-05 
        33.5       6.1208     0.999649   0.00196175  0.000100521 
        33.5      6.22239     0.999646    0.0019582  0.000102426 
        33.5      6.32482     0.999643   0.00195464  0.000104308 
        33.5      6.42808     0.999641   0.00195105  0.000106163 
        33.5      6.53217     0.999639   0.00194744  0.000107993 
        33.5      6.63711     0.999637   0.00194381  0.000109794 
        33.5      6.74287     0.999637   0.00194018  0.000111566 
        33.5      6.84948     0.999638   0.00193652  0.000113307 
        33.5      6.95692     0.999636   0.00193282  0.000115055 
        33.5       7.0652     0.999636   0.00192913  0.000116756 
        33.5      7.17431     0.999636   0.00192543  0.000118432 
        33.5      7.28426     0.999633   0.00192169  0.000120069 
        33.5      7.39505     0.999632   0.00191795  0.000121678 
        33.5      7.50667      0.99963   0.00191418  0.000123257 
        33.5      7.61913     0.999629   0.00191041  0.000124806 
        33.5      7.73242     0.999628   0.00190662  0.000126325 
        33.5      7.84655     0.999627   0.00190282  0.000127814 
        33.5      7.96152     0.999625   0.00189901  0.000129271 
        33.5      8.07732     0.999624   0.00189519  0.000130696 
        33.5      8.19396     0.999623   0.00189136   0.00013209 
        33.5      8.31143     0.999622   0.00188752  0.000133451 
        33.5      8.42974     0.999621   0.00188367   0.00013478 
        33.5      8.54889     0.999621   0.00187982  0.000136076 
        33.5      8.66887      0.99962   0.00187595  0.000137339 
        33.5      8.78969     0.999619   0.00187208  0.000138569 
        33.5      8.91135     0.999618   0.00186821  0.000139765 
        33.5      9.03384     0.999618   0.00186433  0.000140927 
        33.5      9.15717     0.999617   0.00186045  0.000142055 
        33.5      9.28133     0.999617   0.00185656  0.000143149 
        33.5      9.40633     0.999616   0.00185267  0.000144208 
        33.5      9.53216     0.999616   0.00184878  0.000145233 
        33.5      9.65884     0.999615   0.00184489  0.000146224 
        33.5      9.78634     0.999615     0.001841   0.00014718 
        33.5      9.91469     0.999614    0.0018371  0.000148107 
        33.5      10.0439     0.999614   0.00183322  0.000148994 
        33.5      10.1739     0.999613   0.00182934  0.000149846 
        33.5      10.3047     0.999613   0.00182546  0.000150663 
        33.5      10.4364     0.999613   0.00182158  0.000151444 
        33.5      10.5689     0.999613    0.0018177  0.000152191 
        33.5      10.7023     0.999612   0.00181383  0.000152921 
        33.5      10.8365     0.999612   0.00180996  0.000153595 
        33.5      10.9715     0.999612   0.00180611  0.000154236 
        33.5      11.1074     0.999612   0.00180226  0.000154844 
        33.5      11.2441     0.999612   0.00179842  0.000155418 
        33.5      11.3817     0.999612   0.00179458   0.00015596 
        33.5        11.52     0.999612   0.00179076  0.000156469 
        33.5      11.6592     0.999612   0.00178695  0.000156944 
        33.5      11.7993     0.999612   0.00178314  0.000157387 
        33.5      11.9402     0.999612   0.00177935  0.000157798 
        33.5      12.0819     0.999612   0.00177557  0.000158175 
        33.5      12.2245     0.999612   0.00177181   0.00015852 
        33.5      12.3679     0.999612   0.00176805  0.000158833 
        33.5      12.5121     0.999613   0.00176432  0.000159114 
        33.5      12.6572     0.999613   0.00176059  0.000159363 
        33.5      12.8031     0.999613   0.00175688  0.000159581 
        33.5      12.9498     0.999613   0.00175319  0.000159767 
        33.5      13.0974     0.999614   0.00174952  0.000159922 
        33.5      13.2458     0.999614   0.00174586  0.000160047 
        33.5       13.395     0.999615   0.00174222  0.000160141 
        33.5      13.5451     0.999615    0.0017386  0.000160205 
        33.5       13.696     0.999616     0.001735   0.00016024 
        33.5      13.8478     0.999616   0.00173142  0.000160246 
        33.5      14.0004     0.999617   0.00172784  0.000160216 
        33.5      14.1538     0.999618    0.0017243  0.000160173 
        33.5      14.3081     0.999618   0.00172078  0.000160099 
        33.5      14.4632     0.999619   0.00171728  0.000159997 
        33.5      14.6191      0.99962    0.0017138  0.000159865 
        33.5      14.7759      0.99962   0.00171035  0.000159706 
        33.5      14.9335     0.999621   0.00170691  0.000159519 
        33.5      15.0919     0.999622    0.0017035  0.000159305 
        33.5      15.2512     0.999623   0.00170011  0.000159065 
        33.5      15.4113     0.999624   0.00169674  0.000158799 
        33.5      15.5723     0.999624   0.00169338  0.000158534 
        33.5      15.7341     0.999625   0.00169007  0.000158225 
        33.5      15.8967     0.999626   0.00168678  0.000157894 
        33.5      16.0602     0.999627   0.00168351   0.00015754 
        33.5      16.2245     0.999628   0.00168027  0.000157165 
        33.5      16.3896     0.999629   0.00167706  0.000156767 
        33.5      16.5556      0.99963   0.00167387  0.000156349 
        33.5      16.7224     0.999631    0.0016707  0.000155909 
        33.5        16.89     0.999632   0.00166756  0.000155449 
        33.5      17.0585     0.999633   0.00166445  0.000154969 
        33.5      17.2278     0.999635   0.00166136   0.00015447 
        33.5      17.3979     0.999636    0.0016583  0.000153951 
        33.5      17.5689     0.999637   0.00165527  0.000153414 
        33.5      17.7408     0.999638   0.00165226  0.000152859 
        33.5      17.9134     0.999639   0.00164929  0.000152287 
        33.5      18.0869      0.99964   0.00164634  0.000151697 
        33.5      18.2612     0.999642   0.00164342  0.000151091 
        33.5      18.4364     0.999643   0.00164053   0.00015047 
        33.5      18.6124     0.999644   0.00163767  0.000149833 
        33.5      18.7892     0.999646   0.00163485  0.000149198 
        33.5      18.9669     0.999647   0.00163203   0.00014853 
        33.5      19.1454     0.999648   0.00162924  0.000147851 
        33.5      19.3248      0.99965   0.00162647  0.000147159 
        33.5       19.505     0.999651   0.00162374  0.000146456 
        33.5       19.686     0.999652   0.00162104  0.000145741 
        33.5      19.8678     0.999654   0.00161837  0.000145014 
        33.5      20.0505     0.999655   0.00161572  0.000144277 
        33.5      20.2341     0.999656   0.00161311  0.000143529 
        33.5      20.4184     0.999658   0.00161053  0.000142771 
        33.5      20.6036     0.999659   0.00160797  0.000142002 
        33.5      20.7897     0.999661   0.00160545  0.000141223 
        33.5      20.9765     0.999662   0.00160295  0.000140435 
        33.5      21.1642     0.999664   0.00160048  0.000139638 
        33.5      21.3528     0.999665   0.00159804  0.000138832 
        33.5      21.5422     0.999667   0.00159562  0.000138017 
        33.5      21.7324     0.999668   0.00159324  0.000137194 
        33.5      21.9234      0.99967   0.00159088  0.000136363 
        33.5      22.1153     0.999671   0.00158855  0.000135525 
        33.5       22.308     0.999673   0.00158624   0.00013468 
        33.5      22.5016     0.999674   0.00158396  0.000133828 
        33.5       22.696     0.999676   0.00158171   0.00013297 
        33.5      22.8912     0.999678   0.00157951  0.000132116 
        33.5      23.0873     0.999679   0.00157731  0.000131262 
        33.5      23.2842     0.999681   0.00157515  0.000130403 
        33.5       23.482     0.999682   0.00157301   0.00012954 
        33.5      23.6805     0.999684   0.00157089  0.000128672 
        33.5        23.88     0.999686   0.00156881    0.0001278 
        33.5      24.0802     0.999687   0.00156675  0.000126924 
        33.5      24.2813     0.999689   0.00156471  0.000126046 
        33.5      24.4832      0.99969    0.0015627  0.000125164 
        33.5       24.686     0.999692   0.00156072  0.000124281 
        33.5      24.8896     0.999694   0.00155877  0.000123395 
        33.5       25.094     0.999695   0.00155684  0.000122508 
        33.5      25.2993     0.999697   0.00155494   0.00012162 
        33.5      25.5054     0.999699   0.00155307  0.000120732 
        33.5      25.7123       0.9997   0.00155122  0.000119844 
        33.5      25.9201     0.999702    0.0015494  0.000118957 
        33.5      26.1287     0.999703   0.00154758  0.000118109 
        33.5      26.3381     0.999705   0.00154581  0.000117212 
        33.5      26.5484     0.999707   0.00154406  0.000116318 
        33.5      26.7595     0.999708   0.00154233  0.000115428 
        33.5      26.9715      0.99971   0.00154062  0.000114541 
        33.5      27.1843     0.999712   0.00153894  0.000113658 
        33.5      27.3979     0.999713   0.00153729  0.000112778 
        33.5      27.6124     0.999715   0.00153565  0.000111902 
        33.5      27.8277     0.999717   0.00153404  0.000111029 
        33.5      28.0438     0.999718   0.00153245  0.000110161 
        33.5      28.2608      0.99972   0.00153089  0.000109296 
        33.5      28.4786     0.999722   0.00152934  0.000108436 
        33.5      28.6972     0.999723   0.00152782  0.000107579 
        33.5      28.9167     0.999725   0.00152632  0.000106727 
        33.5       29.137     0.999727   0.00152485  0.000105879 
        33.5      29.3582     0.999728   0.00152339  0.000105035 
        33.5      29.5802      0.99973   0.00152196  0.000104196 
        33.5       29.803     0.999732   0.00152054  0.000103361 
        33.5      30.0267     0.999733   0.00151915  0.000102531 
        33.5      30.2512     0.999735   0.00151778  0.000101706 
        33.5      30.4765     0.999737   0.00151643  0.000100885 
        33.5      30.7027     0.999738    0.0015151  0.000100069 
        33.5      30.9297      0.99974   0.00151379  9.92587e-05 
        33.5      31.1575     0.999742   0.00151251   9.8453e-05 
        33.5      31.3862     0.999743   0.00151124  9.76524e-05 
        33.5      31.6157     0.999745   0.00150998   9.6857e-05 
        33.5      31.8461     0.999746   0.00150875   9.6067e-05 
        33.5      32.0773     0.999748   0.00150754  9.52823e-05 
        33.5      32.3093      0.99975   0.00150634  9.45031e-05 
        33.5      32.5421     0.999751   0.00150517  9.37295e-05 
        33.5      32.7758     0.999753   0.00150401  9.29615e-05 
        33.5      33.0104     0.999755   0.00150286  9.21993e-05 
        33.5      33.2457     0.999756   0.00150174  9.14429e-05 
        33.5      33.4819     0.999758   0.00150063  9.06925e-05 
        33.5       33.719     0.999759   0.00149953  8.99481e-05 
        33.5      33.9568     0.999761   0.00149847    8.929e-05 
        33.5      34.1956     0.999763   0.00149741  8.85591e-05 
        33.5      34.4351     0.999764   0.00149637  8.78356e-05 
        33.5      34.6755     0.999766   0.00149535  8.71199e-05 
        33.5      34.9167     0.999767   0.00149435  8.64123e-05 
        33.5      35.1588     0.999769   0.00149336  8.57132e-05 
        33.5      35.4017      0.99977   0.00149239  8.50228e-05 
        33.5      35.6454     0.999772   0.00149145  8.43415e-05 
        33.5      35.8899     0.999774   0.00149051  8.36698e-05 
        33.5      36.1354     0.999775    0.0014896  8.30079e-05 
        33.5      36.3816     0.999777    0.0014887  8.23562e-05 
        33.5      36.6287     0.999778   0.00148779  8.16555e-05 
        33.5      36.8766      0.99978   0.00148691  8.10359e-05 
        33.5      37.1253     0.999781   0.00148604  8.04221e-05 
        33.5      37.3749     0.999783   0.00148518   7.9814e-05 
        33.5      37.6253     0.999784   0.00148434  7.92118e-05 
        33.5      37.8766     0.999786    0.0014835  7.86157e-05 
        33.5      38.1287     0.999787   0.00148269  7.80256e-05 
        33.5      38.3816     0.999789   0.00148188  7.74418e-05 
        33.5      38.6353      0.99979   0.00148109  7.68643e-05 
        33.5      38.8899     0.999792   0.00148031  7.62932e-05 
        33.5      39.1454     0.999793   0.00147954  7.57286e-05 
        33.5      39.4016     0.999795   0.00147878  7.51707e-05 
        33.5      39.6588     0.999796   0.00147804  7.46195e-05 
        33.5      39.9167     0.999798   0.00147731  7.40752e-05 
        33.5      40.1755     0.999799    0.0014766  7.35378e-05 
        33.5      40.4351     0.999801   0.00147589  7.30075e-05 
        33.5      40.6955     0.999802   0.00147528  7.25435e-05 
        33.5      40.9568     0.999804    0.0014746  7.20306e-05 
        33.5      41.2189     0.999805   0.00147393  7.15269e-05 
        33.5      41.4819     0.999807   0.00147328  7.10323e-05 
        33.5      41.7457     0.999808   0.00147263   7.0547e-05 
        33.5      42.0103     0.999809     0.001472  7.00707e-05 
        33.5      42.2758     0.999811   0.00147138  6.96037e-05 
        33.5      42.5421     0.999812   0.00147076  6.91457e-05 
        33.5      42.8092     0.999814   0.00147016  6.86969e-05 
        33.5      43.0772     0.999815   0.00146957  6.82571e-05 
        33.5       43.346     0.999817   0.00146899  6.78263e-05 
        33.5      43.6157     0.999818   0.00146841  6.74046e-05 
        33.5      43.8862     0.999819   0.00146785  6.69918e-05 
        33.5      44.1575     0.999821    0.0014673   6.6588e-05 
        33.5      44.4296     0.999822   0.00146676  6.61931e-05 
        33.5      44.7026     0.999823   0.00146622  6.58071e-05 
        33.5      44.9765     0.999825    0.0014657  6.54299e-05 
        33.5      45.2511     0.999826   0.00146518  6.50616e-05 
        33.5      45.5266     0.999828   0.00146468  6.47019e-05 
        33.5       45.803     0.999829   0.00146418   6.4351e-05 
        33.5      46.0801      0.99983   0.00146369  6.40088e-05 
        33.5      46.3581     0.999832   0.00146321  6.36752e-05 
        33.5       46.637     0.999833   0.00146274  6.33501e-05 
        33.5      46.9167     0.999834   0.00146228  6.30336e-05 
        33.5      47.1972     0.999835   0.00146182  6.27254e-05 
        33.5      47.4785     0.999837   0.00146138  6.24257e-05 
        33.5      47.7607     0.999838   0.00146094  6.21344e-05 
        33.5      48.0438     0.999839   0.00146051  6.18512e-05 
        33.5      48.3276     0.999841   0.00146008  6.15763e-05 
        33.5      48.6123     0.999842   0.00145966  6.13095e-05 
        33.5      48.8979     0.999843   0.00145925  6.10508e-05 
        33.5      49.1842     0.999845   0.00145885  6.08001e-05 
        33.5      49.4714     0.999846   0.00145845  6.05573e-05 
        33.5      49.7595     0.999847   0.00145806  6.03223e-05 
        33.5      50.0484     0.999848   0.00145767  6.00951e-05 
        33.5      50.3381      0.99985    0.0014573  5.98756e-05 
        33.5      50.6286     0.999851   0.00145692  5.96636e-05 
        33.5        50.92     0.999852   0.00145655  5.94592e-05 
        33.5      51.2122     0.999853   0.00145619  5.92621e-05 
        33.5      51.5053     0.999855   0.00145583  5.90724e-05 
        33.5      51.7992     0.999856   0.00145548  5.89328e-05 
        33.5      52.0939     0.999857   0.00145515  5.87553e-05 
        33.5      52.3895     0.999858   0.00145482  5.85865e-05 
        33.5      52.6859     0.999859   0.00145449  5.84264e-05 
        33.5      52.9831     0.999861   0.00145417  5.82749e-05 
        33.5      53.2812     0.999862   0.00145386   5.8132e-05 
        33.5      53.5801     0.999863   0.00145355  5.79976e-05 
        33.5      53.8799     0.999864   0.00145324  5.78716e-05 
        33.5      54.1805     0.999865   0.00145294  5.77542e-05 
        33.5      54.4819     0.999867   0.00145264   5.7645e-05 
        33.5      54.7841     0.999868   0.00145235  5.75442e-05 
        33.5      55.0872     0.999869   0.00145206  5.74517e-05 
        33.5      55.3912      0.99987   0.00145178  5.73673e-05 
        33.5      55.6959     0.999871    0.0014515   5.7291e-05 
        33.5      56.0015     0.999872   0.00145123  5.72228e-05 
        33.5       56.308     0.999873   0.00145096  5.71626e-05 
        33.5      56.6152     0.999875   0.00145069  5.71103e-05 
        33.5      56.9233     0.999876   0.00145043  5.70659e-05 
        33.5      57.2323     0.999877   0.00145017  5.70293e-05 
        33.5      57.5421     0.999878   0.00144992  5.70003e-05 
        33.5      57.8527     0.999879   0.00144968   5.6979e-05 
        33.5      58.1641      0.99988   0.00144943  5.69652e-05 
        33.5      58.4764     0.999881    0.0014492  5.69588e-05 
        33.5      58.7896     0.999882   0.00144896  5.69599e-05 
        33.5      59.1035     0.999883   0.00144873  5.69682e-05 
        33.5      59.4183     0.999885   0.00144851  5.69837e-05 
        33.5      59.7339     0.999886   0.00144829  5.70063e-05 
        33.5      60.0504     0.999887    0.0014481  5.70406e-05 
        33.5      60.3677     0.999888   0.00144788  5.70697e-05 
        33.5      60.6859     0.999889   0.00144766  5.71056e-05 
        33.5      61.0048      0.99989   0.00144744  5.71484e-05 
        33.5      61.3247     0.999891   0.00144723  5.71981e-05 
        33.5      61.6453     0.999892   0.00144703  5.72546e-05 
        33.5      61.9668     0.999893   0.00144682   5.7318e-05 
        33.5      62.2891     0.999894   0.00144662  5.73884e-05 
        33.5      62.6123     0.999895   0.00144642  5.74656e-05 
        33.5      62.9363     0.999896   0.00144623  5.75497e-05 
        33.5      63.2611     0.999897   0.00144604  5.76408e-05 
        33.5      63.5868     0.999898   0.00144585  5.77387e-05 
        33.5      63.9133     0.999899   0.00144567  5.78436e-05 
        33.5      64.2406       0.9999   0.00144549  5.79555e-05 
        33.5      64.5688     0.999901   0.00144531  5.80742e-05 
        33.5      64.8978     0.999902   0.00144514  5.81999e-05 
        33.5      65.2277     0.999903   0.00144496  5.83326e-05 
        33.5      65.5583     0.999904   0.00144479  5.84721e-05 
        33.5      65.8899     0.999905   0.00144463  5.86187e-05 
        33.5      66.2222     0.999906   0.00144446  5.87721e-05 
        33.5      66.5554     0.999907    0.0014443  5.89325e-05 
        33.5      66.8894     0.999908   0.00144414  5.90999e-05 
        33.5      67.2243     0.999909   0.00144398  5.92742e-05 
        33.5        67.56      0.99991   0.00144382  5.94554e-05 
        33.5      67.8966     0.999911   0.00144367  5.96436e-05 
        33.5      68.2339     0.999912   0.00144351  5.98387e-05 
        33.5      68.5721     0.999913   0.00144336  6.00407e-05 
        33.5      68.9112     0.999914   0.00144321  6.02497e-05 
        33.5      69.2511     0.999915   0.00144306  6.04656e-05 
        33.5      69.5918     0.999916   0.00144291  6.06884e-05 
        33.5      69.9333     0.999917   0.00144276  6.09181e-05 
        33.5      70.2757     0.999918   0.00144261  6.11547e-05 
        33.5      70.6189     0.999919   0.00144247  6.12881e-05 
        33.5       70.963      0.99992   0.00144234  6.15325e-05 
        33.5      71.3079     0.999921    0.0014422  6.17823e-05 
        33.5      71.6536     0.999922   0.00144207  6.20374e-05 
        33.5      72.0002     0.999922   0.00144194  6.22978e-05 
        33.5      72.3476     0.999923   0.00144181  6.25635e-05 
        33.5      72.6959     0.999924   0.00144168  6.28345e-05 
        33.5      73.0449     0.999925   0.00144155  6.31108e-05 
        33.5      73.3949     0.999926   0.00144142  6.33925e-05 
        33.5      73.7456     0.999927   0.00144129  6.36794e-05 
        33.5      74.0972     0.999928   0.00144116  6.39716e-05 
        33.5      74.4496     0.999929   0.00144104  6.42691e-05 
        33.5      74.8029      0.99993   0.00144091  6.45718e-05 
        33.5       75.157     0.999931   0.00144079  6.48798e-05 
        33.5      75.5119     0.999931   0.00144067   6.5193e-05 
        33.5      75.8677     0.999932   0.00144054  6.55115e-05 
        33.5      76.2243     0.999933   0.00144042  6.58351e-05 
        33.5      76.5817     0.999934    0.0014403   6.6164e-05 
        33.5        76.94     0.999935   0.00144018  6.64981e-05 
        33.5      77.2991     0.999936   0.00144006  6.68374e-05 
        33.5      77.6591     0.999937   0.00143994  6.71818e-05 
        33.5      78.0198     0.999938   0.00143982  6.75314e-05 
        33.5      78.3815     0.999938    0.0014397  6.78861e-05 
        33.5      78.7439     0.999939   0.00143958  6.82459e-05 
        33.5      79.1072      0.99994   0.00143947  6.86109e-05 
        33.5      79.4714     0.999941   0.00143935  6.89809e-05 
        33.5      79.8363     0.999942   0.00143923   6.9356e-05 
        33.5      80.2021     0.999943   0.00143912  6.97361e-05 
        33.5      80.5688     0.999943     0.001439  7.01213e-05 
        33.5      80.9362     0.999944   0.00143889  7.05116e-05 
        33.5      81.3045     0.999945   0.00143877  7.09068e-05 
        33.5      81.6737     0.999946   0.00143866  7.13069e-05 
        33.5      82.0437     0.999947   0.00143855  7.17121e-05 
        33.5      82.4145     0.999948   0.00143843  7.21222e-05 
        33.5      82.7861     0.999948   0.00143832  7.25372e-05 
        33.5      83.1586     0.999949   0.00143821  7.29571e-05 
        33.5       83.532      0.99995    0.0014381  7.33818e-05 
        33.5      83.9061     0.999951   0.00143799  7.38114e-05 
        33.5      84.2811     0.999952   0.00143788  7.42458e-05 
        33.5       84.657     0.999952   0.00143777  7.46851e-05 
        33.5      85.0336     0.999953   0.00143766  7.51291e-05 
        33.5      85.4111     0.999954   0.00143755  7.55778e-05 
        33.5      85.7895     0.999955   0.00143744  7.60312e-05 
        33.5      86.1687     0.999956   0.00143733  7.64894e-05 
        33.5      86.5487     0.999956   0.00143722  7.69522e-05 
        33.5      86.9295     0.999957   0.00143711  7.74196e-05 
        33.5      87.3112     0.999958     0.001437  7.78917e-05 
        33.5      87.6937     0.999959   0.00143689  7.83683e-05 
        33.5      88.0771     0.999959   0.00143678  7.88494e-05 
        33.5      88.4613      0.99996   0.00143667  7.93351e-05 
        33.5      88.8463     0.999961   0.00143656  7.98253e-05 
        33.5      89.2322     0.999962   0.00143646  8.03199e-05 
        33.5      89.6189     0.999962   0.00143635  8.08189e-05 
        33.5      90.0064     0.999963   0.00143624  8.13223e-05 
        33.5      90.3948     0.999964   0.00143613    8.183e-05 
        33.5       90.784     0.999965   0.00143602  8.23421e-05 
        33.5      91.1741     0.999966   0.00143591  8.28584e-05 
        33.5       91.565     0.999966    0.0014358   8.3379e-05 
        33.5      91.9567     0.999967   0.00143569  8.39038e-05 
        33.5      92.3492     0.999968   0.00143558  8.44327e-05 
        33.5      92.7426     0.999969   0.00143547  8.49658e-05 
        33.5      93.1369     0.999969   0.00143536  8.55029e-05 
        33.5      93.5319      0.99997   0.00143525  8.60441e-05 
        33.5      93.9278     0.999971   0.00143514  8.65893e-05 
        33.5      94.3246     0.999971   0.00143503  8.71384e-05 
        33.5      94.7221     0.999972   0.00143492  8.76915e-05 
        33.5      95.1206     0.999973   0.00143481  8.82485e-05 
        33.5      95.5198     0.999974    0.0014347  8.88092e-05 
        33.5      95.9199     0.999974   0.00143458  8.93738e-05 
        33.5      96.3208     0.999975   0.00143447  8.99421e-05 
        33.5      96.7226     0.999976   0.00143436  9.05141e-05 
        33.5      97.1251     0.999977   0.00143424  9.10898e-05 
        33.5      97.5286     0.999977   0.00143413  9.16691e-05 
        33.5      97.9328     0.999978   0.00143401  9.22519e-05 
        33.5      98.3379     0.999979   0.00143389  9.28382e-05 
        33.5      98.7439     0.999979   0.00143378   9.3428e-05 
        33.5      99.1506      0.99998   0.00143366  9.40212e-05 
        33.5      99.5583     0.999981   0.00143354  9.46178e-05 
        33.5      99.9667     0.999982   0.00143342  9.52176e-05 
        33.5      100.376     0.999982    0.0014333  9.58207e-05 
        33.5      100.786     0.999983   0.00143318  9.64271e-05 
        33.5      101.197     0.999984   0.00143309  9.69844e-05 
        33.5      101.609     0.999988   0.00143312  9.76361e-05 
        33.5      102.021     0.999989   0.00143298  9.82767e-05 
        33.5      102.435     0.999989   0.00143285    9.892e-05 
        33.5      102.849     0.999989   0.00143271  9.95663e-05 
        33.5      103.264     0.999989   0.00143257  0.000100215 
        33.5       103.68     0.999989   0.00143243  0.000100867 
        33.5      104.097      0.99999   0.00143229  0.000101522 
        33.5      104.515      0.99999   0.00143215   0.00010218 
        33.5      104.933      0.99999     0.001432  0.000102841 
        33.5      105.353     0.999991   0.00143186  0.000103504 
        33.5      105.773     0.999991   0.00143172  0.000104171 
        33.5      106.194     0.999991   0.00143157   0.00010484 
        33.5      106.616     0.999992   0.00143143  0.000105513 
        33.5      107.038     0.999992   0.00143128  0.000106188 
        33.5      107.462     0.999993   0.00143113  0.000106866 
        33.5      107.886     0.999993   0.00143099  0.000107547 
        33.5      108.311     0.999993   0.00143084  0.000108231 
        33.5      108.737     0.999994   0.00143069  0.000108918 
        33.5      109.164     0.999994   0.00143054  0.000109608 
        33.5      109.592     0.999995   0.00143038  0.000110301 
        33.5       110.02     0.999995   0.00143023  0.000110997 
        33.5       110.45     0.999996   0.00143008  0.000111696 
        33.5       110.88     0.999997   0.00142992  0.000112398 
        33.5      111.311     0.999997   0.00142977  0.000113103 
        33.5      111.743     0.999998   0.00142961   0.00011381 
        33.5      112.175     0.999998   0.00142945  0.000114521 
        33.5      112.609     0.999999   0.00142929  0.000115235 
        33.5      113.043            1   0.00142913  0.000115951 
        33.5      113.478            1   0.00142897  0.000116671 
        33.5      113.914            1   0.00142881  0.000117394 
        33.5      114.351            1   0.00142865  0.000118119 
        33.5      114.789            1   0.00142848  0.000118848 
        33.5      115.228            1   0.00142832   0.00011958 
        33.5      115.667            1   0.00142815  0.000120315 
        33.5      116.107            1   0.00142798  0.000121052 
        33.5      116.548      1.00001   0.00142781  0.000121793 
        33.5       116.99      1.00001   0.00142764  0.000122537 
        33.5      117.433      1.00001   0.00142747  0.000123284 
        33.5      117.876      1.00001    0.0014273  0.000124033 
        33.5      118.321      1.00001   0.00142713  0.000124786 
        33.5      118.766      1.00001   0.00142695  0.000125542 
        33.5      119.212      1.00001   0.00142678  0.000126301 
        33.5      119.659      1.00001    0.0014266  0.000127063 
        33.5      120.107      1.00001   0.00142642  0.000127828 
        33.5      120.555      1.00001   0.00142624  0.000128596 
        33.5      121.005      1.00001   0.00142606  0.000129368 
        33.5      121.455      1.00001   0.00142588  0.000130142 
        33.5      121.906      1.00001   0.00142569  0.000130919 
        33.5      122.358      1.00002   0.00142551    0.0001317 
        33.5      122.811      1.00002   0.00142532  0.000132483 
        33.5      123.264      1.00002   0.00142513  0.000133269 
        33.5      123.719      1.00002   0.00142494  0.000134059 
        33.5      124.174      1.00002   0.00142475  0.000134852 
        33.5       124.63      1.00002   0.00142456  0.000135648 
        33.5      125.087      1.00002   0.00142436  0.000136446 
        33.5      125.545      1.00002   0.00142417  0.000137248 
        33.5      126.003      1.00002   0.00142397  0.000138053 
        33.5      126.463      1.00002   0.00142377  0.000138862 
        33.5      126.923      1.00002   0.00142357  0.000139673 
        33.5      127.384      1.00002   0.00142337  0.000140487 
        33.5      127.846      1.00003   0.00142317  0.000141305 
        33.5      128.309      1.00003   0.00142296  0.000142125 
        33.5      128.773      1.00003   0.00142276  0.000142949 
        33.5      129.237      1.00003   0.00142255  0.000143776 
        33.5      129.702      1.00003   0.00142234  0.000144606 
        33.5      130.169      1.00003   0.00142213  0.000145439 
        33.5      130.636      1.00003   0.00142192  0.000146275 
        33.5      131.103      1.00003    0.0014217  0.000147114 
        33.5      131.572      1.00003   0.00142148  0.000147957 
        33.5      132.041      1.00003   0.00142127  0.000148802 
        33.5      132.512      1.00003   0.00142105  0.000149651 
        33.5      132.983      1.00003   0.00142082  0.000150503 
        33.5      133.455      1.00004    0.0014206  0.000151358 
        33.5      133.928      1.00004   0.00142037  0.000152216 
        33.5      134.401      1.00004   0.00142015  0.000153077 
        33.5      134.876      1.00004   0.00141992  0.000153942 
        33.5      135.351      1.00004   0.00141969  0.000154809 
        33.5      135.827      1.00004   0.00141945   0.00015568 
        33.5      136.304      1.00004   0.00141922  0.000156554 
        33.5      136.782      1.00004   0.00141898  0.000157431 
        33.5      137.261      1.00004   0.00141874  0.000158311 
        33.5       137.74      1.00004    0.0014185  0.000159194 
        33.5      138.221      1.00004   0.00141826  0.000160081 
        33.5      138.702      1.00004   0.00141801   0.00016097 
        33.5      139.184      1.00004   0.00141777  0.000161863 
        33.5      139.667      1.00004   0.00141752  0.000162759 
        33.5      140.151      1.00005   0.00141727  0.000163658 
        33.5      140.635      1.00005   0.00141701  0.000164561 
        33.5       141.12      1.00005   0.00141676  0.000165466 
        33.5      141.607      1.00005    0.0014165  0.000166375 
        33.5      142.094      1.00005   0.00141624  0.000167287 
        33.5      142.582      1.00005   0.00141598  0.000168202 
        33.5       143.07      1.00005   0.00141571   0.00016912 
        33.5       143.56      1.00005   0.00141544  0.000170041 
        33.5       144.05      1.00005   0.00141518  0.000170966 
        33.5      144.541      1.00005    0.0014149  0.000171893 
        33.5      145.033      1.00005   0.00141463  0.000172824 
        33.5      145.526      1.00005   0.00141435  0.000173758 
        33.5       146.02      1.00005   0.00141408  0.000174695 
        33.5      146.515      1.00005    0.0014138  0.000175636 
        33.5       147.01      1.00004   0.00141375  0.000176323 
        33.5      147.506      1.00003   0.00141351  0.000177298 
        33.5      148.003      1.00003   0.00141328   0.00017828 
        33.5      148.501      1.00003   0.00141304  0.000179268 
        33.5          149      1.00003   0.00141281  0.000180262 
        33.5        149.5      1.00002   0.00141257  0.000181263 
        33.5          150      1.00002   0.00141234   0.00018227 
