Variables = x, y, u, v, p

Zone, I=600, F=POINT
       246.5            0  5.93868e-09   9.0205e-13 -7.02087e-05 
       246.5     0.000418  0.000181433    3.325e-11 -7.02085e-05 
       246.5     0.001672  0.000725716  5.19388e-10 -7.02081e-05 
       246.5     0.003763   0.00163329  2.62799e-09 -7.02073e-05 
       246.5     0.006689   0.00290328  8.30284e-09 -7.02062e-05 
       246.5     0.010451   0.00453614  2.02682e-08 -7.02048e-05 
       246.5      0.01505   0.00653229  4.20316e-08 -7.02031e-05 
       246.5     0.020485   0.00889131  7.78715e-08 -7.02011e-05 
       246.5     0.026756    0.0116132  1.32847e-07 -7.01987e-05 
       246.5     0.033863    0.0146979  2.12796e-07 -7.01961e-05 
       246.5     0.041806    0.0181455  3.24334e-07 -7.01932e-05 
       246.5     0.050585     0.021956  4.74855e-07 -7.01899e-05 
       246.5     0.060201    0.0261298  6.72554e-07 -7.01863e-05 
       246.5     0.070652     0.030666   9.2634e-07 -7.01825e-05 
       246.5      0.08194    0.0355654  1.24599e-06 -7.01783e-05 
       246.5     0.094063    0.0408272  1.64186e-06 -7.01738e-05 
       246.5     0.107023    0.0464522  2.12558e-06  -7.0169e-05 
       246.5     0.120819      0.05244  2.70895e-06 -7.01638e-05 
       246.5     0.135451    0.0587904  3.40482e-06 -7.01584e-05 
       246.5     0.150919    0.0655033  4.22677e-06 -7.01527e-05 
       246.5     0.167224    0.0725791  5.18926e-06 -7.01466e-05 
       246.5     0.184364    0.0800165  6.30732e-06 -7.01402e-05 
       246.5     0.202341    0.0878163  7.59699e-06 -7.01335e-05 
       246.5     0.221153    0.0959774  9.07485e-06 -7.01266e-05 
       246.5     0.240802       0.1045  1.07585e-05 -7.01192e-05 
       246.5     0.261287     0.113384  1.26661e-05 -7.01116e-05 
       246.5     0.282608     0.122633  1.48409e-05 -7.01037e-05 
       246.5     0.304765     0.132232  1.72343e-05 -7.00954e-05 
       246.5     0.327758      0.14219   1.9916e-05 -7.00869e-05 
       246.5     0.351588     0.152509  2.29068e-05  -7.0078e-05 
       246.5     0.376253     0.163184  2.62274e-05 -7.00687e-05 
       246.5     0.401755     0.174215  2.98995e-05 -7.00592e-05 
       246.5     0.428092     0.185599  3.39447e-05 -7.00493e-05 
       246.5     0.455266     0.197335  3.83855e-05 -7.00391e-05 
       246.5     0.483276     0.209419  4.32445e-05 -7.00286e-05 
       246.5     0.512122     0.221849  4.85445e-05 -7.00177e-05 
       246.5     0.541805      0.23462   5.4309e-05 -7.00065e-05 
       246.5     0.572323     0.247729   6.0561e-05 -6.99949e-05 
       246.5     0.603677     0.261171  6.73245e-05  -6.9983e-05 
       246.5     0.635868     0.274942  7.46235e-05 -6.99706e-05 
       246.5     0.668894     0.289035  8.24816e-05  -6.9958e-05 
       246.5     0.702757     0.303446  9.09235e-05 -6.99449e-05 
       246.5     0.737456     0.318177  0.000100043 -6.99314e-05 
       246.5     0.772991      0.33319  0.000109678 -6.99175e-05 
       246.5     0.809362     0.348498  0.000120002 -6.99031e-05 
       246.5      0.84657     0.364092  0.000131032 -6.98883e-05 
       246.5     0.884613     0.379959  0.000142783 -6.98731e-05 
       246.5     0.923492     0.396087   0.00015527 -6.98573e-05 
       246.5     0.963208     0.412462  0.000168506 -6.98411e-05 
       246.5      1.00376     0.429069  0.000182503 -6.98243e-05 
       246.5      1.04515      0.44589  0.000197269 -6.98069e-05 
       246.5      1.08737     0.462908  0.000212811  -6.9789e-05 
       246.5      1.13043     0.480103  0.000229136 -6.97704e-05 
       246.5      1.17433     0.497456  0.000246247 -6.97512e-05 
       246.5      1.21906     0.514943  0.000264143 -6.97313e-05 
       246.5      1.26463     0.532542  0.000282824 -6.97106e-05 
       246.5      1.31103     0.550227  0.000302285 -6.96892e-05 
       246.5      1.35827      0.56797  0.000322519  -6.9667e-05 
       246.5      1.40635     0.585744  0.000343515 -6.96438e-05 
       246.5      1.45526     0.603516  0.000365262 -6.96198e-05 
       246.5      1.50501     0.621256  0.000387742 -6.95949e-05 
       246.5       1.5556     0.638928  0.000410936 -6.95689e-05 
       246.5      1.60702     0.656496   0.00043482 -6.95418e-05 
       246.5      1.65928     0.672651  0.000454164 -6.95125e-05 
       246.5      1.71237      0.69046  0.000481189 -6.94836e-05 
       246.5       1.7663     0.707887  0.000508207 -6.94534e-05 
       246.5      1.82106     0.724913  0.000535186 -6.94216e-05 
       246.5      1.87667      0.74152  0.000562091 -6.93884e-05 
       246.5      1.93311     0.757688  0.000588885 -6.93537e-05 
       246.5      1.99038     0.773402  0.000615531 -6.93175e-05 
       246.5      2.04849     0.788644  0.000641989 -6.92797e-05 
       246.5      2.10744     0.803398  0.000668217 -6.92403e-05 
       246.5      2.16722      0.81765  0.000694172 -6.91994e-05 
       246.5      2.22784     0.831386   0.00071981  -6.9157e-05 
       246.5      2.28929     0.844592  0.000745083 -6.91129e-05 
       246.5      2.35158     0.857256  0.000769943 -6.90672e-05 
       246.5      2.41471     0.869368  0.000794338 -6.90199e-05 
       246.5      2.47867     0.880916  0.000818217 -6.89711e-05 
       246.5      2.54347     0.891892  0.000841524 -6.89206e-05 
       246.5      2.60911     0.902289  0.000864202 -6.88684e-05 
       246.5      2.67558     0.912099  0.000886193 -6.88147e-05 
       246.5      2.74288     0.921317  0.000907434 -6.87594e-05 
       246.5      2.81103     0.929939  0.000927863 -6.87025e-05 
       246.5      2.88001     0.937962  0.000947412  -6.8644e-05 
       246.5      2.94983     0.945386  0.000966014 -6.85839e-05 
       246.5      3.02048      0.95221  0.000983597 -6.85223e-05 
       246.5      3.09197     0.958436   0.00100009 -6.84591e-05 
       246.5      3.16429     0.964068   0.00101541 -6.83944e-05 
       246.5      3.23745     0.969109   0.00102949 -6.83283e-05 
       246.5      3.31145     0.973568   0.00104223 -6.82607e-05 
       246.5      3.38628     0.977452   0.00105357 -6.81917e-05 
       246.5      3.46195     0.980772    0.0010634 -6.81213e-05 
       246.5      3.53845     0.983538   0.00107165 -6.80495e-05 
       246.5      3.61579     0.985767   0.00107821 -6.79765e-05 
       246.5      3.69397     0.987473   0.00108299 -6.79022e-05 
       246.5      3.77298     0.990263    0.0010924  -6.7828e-05 
       246.5      3.85283     0.991894   0.00109779  -6.7752e-05 
       246.5      3.93352     0.993328   0.00110257  -6.7675e-05 
       246.5      4.01504     0.994575   0.00110677  -6.7597e-05 
       246.5       4.0974     0.995643   0.00111042 -6.75181e-05 
       246.5      4.18059     0.996544   0.00111354 -6.74382e-05 
       246.5      4.26462     0.997289   0.00111618 -6.73574e-05 
       246.5      4.34949     0.997891   0.00111837 -6.72756e-05 
       246.5      4.43519     0.998365   0.00112015  -6.7193e-05 
       246.5      4.52173     0.998724   0.00112155 -6.71094e-05 
       246.5       4.6091     0.998985   0.00112264 -6.70249e-05 
       246.5      4.69731     0.999165   0.00112344 -6.69396e-05 
       246.5      4.78636     0.999282   0.00112403 -6.68534e-05 
       246.5      4.87624     0.999476   0.00112468 -6.67664e-05 
       246.5      4.96696     0.999583   0.00112515 -6.66786e-05 
       246.5      5.05851     0.999653   0.00112548   -6.659e-05 
       246.5       5.1509     0.999694   0.00112571 -6.65005e-05 
       246.5      5.24413     0.999715   0.00112585 -6.64101e-05 
       246.5       5.3382     0.999725   0.00112595  -6.6319e-05 
       246.5      5.43309     0.999736   0.00112604  -6.6227e-05 
       246.5      5.52883     0.999758   0.00112615 -6.61342e-05 
       246.5       5.6254     0.999802   0.00112632 -6.60407e-05 
       246.5      5.72281      0.99988   0.00112659 -6.59463e-05 
       246.5      5.82105      1.00001   0.00112699 -6.58512e-05 
       246.5      5.92013     0.999863   0.00112659  -6.5755e-05 
       246.5      6.02005     0.999866   0.00112662 -6.56581e-05 
       246.5       6.1208     0.999868   0.00112665 -6.55604e-05 
       246.5      6.22239     0.999869   0.00112667 -6.54619e-05 
       246.5      6.32482     0.999871    0.0011267 -6.53626e-05 
       246.5      6.42808     0.999872   0.00112672 -6.52624e-05 
       246.5      6.53217     0.999873   0.00112675 -6.51614e-05 
       246.5      6.63711     0.999874   0.00112677 -6.50597e-05 
       246.5      6.74287     0.999875   0.00112679  -6.4957e-05 
       246.5      6.84948     0.999876   0.00112681 -6.48536e-05 
       246.5      6.95692     0.999877   0.00112683 -6.47494e-05 
       246.5       7.0652     0.999877   0.00112685 -6.46443e-05 
       246.5      7.17431     0.999878   0.00112688 -6.45384e-05 
       246.5      7.28426     0.999879    0.0011269 -6.44317e-05 
       246.5      7.39505     0.999879   0.00112692 -6.43241e-05 
       246.5      7.50667      0.99988   0.00112694 -6.42158e-05 
       246.5      7.61913     0.999881   0.00112696 -6.41066e-05 
       246.5      7.73242     0.999882   0.00112698 -6.39966e-05 
       246.5      7.84655     0.999883   0.00112701 -6.38857e-05 
       246.5      7.96152     0.999879   0.00112701 -6.37741e-05 
       246.5      8.07732      0.99988   0.00112704 -6.36617e-05 
       246.5      8.19396     0.999879   0.00112705 -6.35484e-05 
       246.5      8.31143     0.999875   0.00112706 -6.34343e-05 
       246.5      8.42974     0.999868   0.00112706 -6.33193e-05 
       246.5      8.54889     0.999873   0.00112709 -6.32035e-05 
       246.5      8.66887     0.999873   0.00112711 -6.30869e-05 
       246.5      8.78969     0.999873   0.00112713 -6.29695e-05 
       246.5      8.91135     0.999874   0.00112716 -6.28513e-05 
       246.5      9.03384     0.999874   0.00112718 -6.27323e-05 
       246.5      9.15717     0.999874    0.0011272 -6.26124e-05 
       246.5      9.28133     0.999875   0.00112722 -6.24917e-05 
       246.5      9.40633     0.999875   0.00112724 -6.23701e-05 
       246.5      9.53216     0.999875   0.00112726 -6.22478e-05 
       246.5      9.65884     0.999875   0.00112729 -6.21246e-05 
       246.5      9.78634     0.999876   0.00112731 -6.20006e-05 
       246.5      9.91469     0.999876   0.00112733 -6.18758e-05 
       246.5      10.0439     0.999876   0.00112735 -6.17501e-05 
       246.5      10.1739     0.999876   0.00112737 -6.16237e-05 
       246.5      10.3047     0.999877    0.0011274 -6.14964e-05 
       246.5      10.4364     0.999877   0.00112742 -6.13682e-05 
       246.5      10.5689     0.999877   0.00112744 -6.12393e-05 
       246.5      10.7023     0.999878   0.00112746 -6.11095e-05 
       246.5      10.8365     0.999878   0.00112749 -6.09789e-05 
       246.5      10.9715     0.999878   0.00112751 -6.08475e-05 
       246.5      11.1074     0.999879   0.00112753 -6.07152e-05 
       246.5      11.2441     0.999879   0.00112756 -6.05821e-05 
       246.5      11.3817     0.999879   0.00112758 -6.04482e-05 
       246.5        11.52     0.999879    0.0011276 -6.03135e-05 
       246.5      11.6592      0.99988   0.00112763 -6.01779e-05 
       246.5      11.7993      0.99988   0.00112765 -6.00415e-05 
       246.5      11.9402      0.99988   0.00112767 -5.99042e-05 
       246.5      12.0819     0.999881    0.0011277 -5.97661e-05 
       246.5      12.2245     0.999881   0.00112772 -5.96272e-05 
       246.5      12.3679     0.999881   0.00112774 -5.94875e-05 
       246.5      12.5121     0.999882   0.00112777 -5.93469e-05 
       246.5      12.6572     0.999882   0.00112779 -5.92056e-05 
       246.5      12.8031     0.999882   0.00112782 -5.90633e-05 
       246.5      12.9498     0.999883   0.00112784 -5.89203e-05 
       246.5      13.0974     0.999883   0.00112786 -5.87764e-05 
       246.5      13.2458     0.999883   0.00112789 -5.86317e-05 
       246.5       13.395     0.999884   0.00112791 -5.84862e-05 
       246.5      13.5451     0.999884   0.00112794 -5.83399e-05 
       246.5       13.696     0.999884   0.00112796 -5.81924e-05 
       246.5      13.8478     0.999885   0.00112799 -5.80444e-05 
       246.5      14.0004     0.999885   0.00112801 -5.78955e-05 
       246.5      14.1538     0.999885   0.00112804 -5.77459e-05 
       246.5      14.3081     0.999886   0.00112806 -5.75953e-05 
       246.5      14.4632     0.999886   0.00112808  -5.7444e-05 
       246.5      14.6191     0.999886   0.00112811 -5.72918e-05 
       246.5      14.7759     0.999887   0.00112813 -5.71388e-05 
       246.5      14.9335     0.999887   0.00112816 -5.69849e-05 
       246.5      15.0919     0.999887   0.00112819 -5.68302e-05 
       246.5      15.2512     0.999888   0.00112821 -5.66747e-05 
       246.5      15.4113     0.999888   0.00112824 -5.65184e-05 
       246.5      15.5723     0.999888   0.00112826 -5.63612e-05 
       246.5      15.7341     0.999889   0.00112829 -5.62031e-05 
       246.5      15.8967     0.999889   0.00112831 -5.60447e-05 
       246.5      16.0602     0.999889   0.00112834  -5.5885e-05 
       246.5      16.2245      0.99989   0.00112836 -5.57244e-05 
       246.5      16.3896      0.99989   0.00112839  -5.5563e-05 
       246.5      16.5556      0.99989   0.00112841 -5.54008e-05 
       246.5      16.7224     0.999891   0.00112844 -5.52377e-05 
       246.5        16.89     0.999891   0.00112847 -5.50737e-05 
       246.5      17.0585     0.999892   0.00112849 -5.49089e-05 
       246.5      17.2278     0.999892   0.00112852 -5.47433e-05 
       246.5      17.3979     0.999892   0.00112854 -5.45768e-05 
       246.5      17.5689     0.999893   0.00112857 -5.44095e-05 
       246.5      17.7408     0.999893    0.0011286 -5.42414e-05 
       246.5      17.9134     0.999893   0.00112862 -5.40724e-05 
       246.5      18.0869     0.999894   0.00112865 -5.39026e-05 
       246.5      18.2612     0.999894   0.00112867 -5.37319e-05 
       246.5      18.4364     0.999894    0.0011287 -5.35608e-05 
       246.5      18.6124     0.999895   0.00112873 -5.33885e-05 
       246.5      18.7892     0.999895   0.00112875 -5.32153e-05 
       246.5      18.9669     0.999896   0.00112878 -5.30413e-05 
       246.5      19.1454     0.999896   0.00112881 -5.28664e-05 
       246.5      19.3248     0.999896   0.00112883 -5.26908e-05 
       246.5       19.505     0.999897   0.00112886 -5.25142e-05 
       246.5       19.686     0.999897   0.00112889 -5.23369e-05 
       246.5      19.8678     0.999897   0.00112891 -5.21587e-05 
       246.5      20.0505     0.999898   0.00112894 -5.19797e-05 
       246.5      20.2341     0.999898   0.00112897 -5.17999e-05 
       246.5      20.4184     0.999899   0.00112899 -5.16192e-05 
       246.5      20.6036     0.999899   0.00112902 -5.14377e-05 
       246.5      20.7897     0.999899   0.00112905 -5.12554e-05 
       246.5      20.9765       0.9999   0.00112907 -5.10722e-05 
       246.5      21.1642       0.9999    0.0011291 -5.08882e-05 
       246.5      21.3528     0.999901   0.00112913 -5.07034e-05 
       246.5      21.5422     0.999901   0.00112915 -5.05177e-05 
       246.5      21.7324     0.999901   0.00112918 -5.03311e-05 
       246.5      21.9234     0.999902   0.00112921 -5.01436e-05 
       246.5      22.1153     0.999902   0.00112923 -4.99554e-05 
       246.5       22.308     0.999903   0.00112926 -4.97662e-05 
       246.5      22.5016     0.999903   0.00112929 -4.95762e-05 
       246.5       22.696     0.999903   0.00112932 -4.93854e-05 
       246.5      22.8912     0.999904   0.00112934 -4.91937e-05 
       246.5      23.0873     0.999904   0.00112937 -4.90011e-05 
       246.5      23.2842     0.999905    0.0011294 -4.88077e-05 
       246.5       23.482     0.999905   0.00112942 -4.86135e-05 
       246.5      23.6805     0.999905   0.00112945 -4.84184e-05 
       246.5        23.88     0.999906   0.00112948 -4.82225e-05 
       246.5      24.0802     0.999906   0.00112951 -4.80257e-05 
       246.5      24.2813     0.999907   0.00112953  -4.7828e-05 
       246.5      24.4832     0.999907   0.00112956 -4.76296e-05 
       246.5       24.686     0.999907   0.00112959 -4.74307e-05 
       246.5      24.8896     0.999908   0.00112961 -4.72306e-05 
       246.5       25.094     0.999908   0.00112964 -4.70297e-05 
       246.5      25.2993     0.999909   0.00112967  -4.6828e-05 
       246.5      25.5054     0.999909    0.0011297 -4.66255e-05 
       246.5      25.7123      0.99991   0.00112972 -4.64222e-05 
       246.5      25.9201      0.99991   0.00112975  -4.6218e-05 
       246.5      26.1287      0.99991   0.00112978  -4.6013e-05 
       246.5      26.3381     0.999911    0.0011298 -4.58068e-05 
       246.5      26.5484     0.999911   0.00112983 -4.55999e-05 
       246.5      26.7595     0.999912   0.00112986 -4.53921e-05 
       246.5      26.9715     0.999912   0.00112989 -4.51834e-05 
       246.5      27.1843     0.999912   0.00112991 -4.49736e-05 
       246.5      27.3979     0.999913   0.00112994  -4.4763e-05 
       246.5      27.6124     0.999913   0.00112997 -4.45517e-05 
       246.5      27.8277     0.999914   0.00112999 -4.43396e-05 
       246.5      28.0438     0.999914   0.00113002 -4.41267e-05 
       246.5      28.2608     0.999915   0.00113005  -4.3913e-05 
       246.5      28.4786     0.999915   0.00113008 -4.36986e-05 
       246.5      28.6972     0.999916    0.0011301 -4.34833e-05 
       246.5      28.9167     0.999916   0.00113013 -4.32672e-05 
       246.5       29.137     0.999916   0.00113016 -4.30503e-05 
       246.5      29.3582     0.999917   0.00113018 -4.28326e-05 
       246.5      29.5802     0.999917   0.00113021  -4.2614e-05 
       246.5       29.803     0.999918   0.00113024 -4.23946e-05 
       246.5      30.0267     0.999918   0.00113026 -4.21744e-05 
       246.5      30.2512     0.999919   0.00113029 -4.19532e-05 
       246.5      30.4765     0.999919   0.00113032 -4.17312e-05 
       246.5      30.7027     0.999919   0.00113034 -4.15084e-05 
       246.5      30.9297      0.99992   0.00113037 -4.12846e-05 
       246.5      31.1575      0.99992    0.0011304 -4.10599e-05 
       246.5      31.3862     0.999921   0.00113042 -4.08336e-05 
       246.5      31.6157     0.999921   0.00113045 -4.06072e-05 
       246.5      31.8461     0.999922   0.00113048 -4.03799e-05 
       246.5      32.0773     0.999922    0.0011305 -4.01518e-05 
       246.5      32.3093     0.999923   0.00113053 -3.99228e-05 
       246.5      32.5421     0.999923   0.00113056  -3.9693e-05 
       246.5      32.7758     0.999924   0.00113058 -3.94623e-05 
       246.5      33.0104     0.999924   0.00113061 -3.92307e-05 
       246.5      33.2457     0.999925   0.00113063 -3.89983e-05 
       246.5      33.4819     0.999925   0.00113066 -3.87651e-05 
       246.5       33.719     0.999925   0.00113069  -3.8531e-05 
       246.5      33.9568     0.999926   0.00113071  -3.8296e-05 
       246.5      34.1956     0.999926   0.00113074 -3.80602e-05 
       246.5      34.4351     0.999927   0.00113077 -3.78236e-05 
       246.5      34.6755     0.999927   0.00113079 -3.75861e-05 
       246.5      34.9167     0.999928   0.00113082 -3.73478e-05 
       246.5      35.1588     0.999928   0.00113084 -3.71086e-05 
       246.5      35.4017     0.999929   0.00113087 -3.68686e-05 
       246.5      35.6454     0.999929    0.0011309 -3.66278e-05 
       246.5      35.8899      0.99993   0.00113092 -3.63861e-05 
       246.5      36.1354      0.99993   0.00113095 -3.61436e-05 
       246.5      36.3816     0.999931   0.00113097 -3.59003e-05 
       246.5      36.6287     0.999931     0.001131 -3.56561e-05 
       246.5      36.8766     0.999932   0.00113102   -3.541e-05 
       246.5      37.1253     0.999932   0.00113105 -3.51643e-05 
       246.5      37.3749     0.999933   0.00113107 -3.49179e-05 
       246.5      37.6253     0.999933    0.0011311 -3.46705e-05 
       246.5      37.8766     0.999934   0.00113112 -3.44231e-05 
       246.5      38.1287     0.999934   0.00113115 -3.41725e-05 
       246.5      38.3816     0.999935   0.00113117 -3.39212e-05 
       246.5      38.6353     0.999935    0.0011312 -3.36692e-05 
       246.5      38.8899     0.999936   0.00113122 -3.34165e-05 
       246.5      39.1454     0.999936   0.00113125  -3.3163e-05 
       246.5      39.4016     0.999936   0.00113127 -3.29088e-05 
       246.5      39.6588     0.999937    0.0011313 -3.26539e-05 
       246.5      39.9167     0.999937   0.00113132 -3.23982e-05 
       246.5      40.1755     0.999938   0.00113134 -3.21418e-05 
       246.5      40.4351     0.999938   0.00113137 -3.18846e-05 
       246.5      40.6955     0.999939   0.00113139 -3.16266e-05 
       246.5      40.9568     0.999939   0.00113141 -3.13679e-05 
       246.5      41.2189      0.99994   0.00113144 -3.11083e-05 
       246.5      41.4819      0.99994   0.00113146 -3.08479e-05 
       246.5      41.7457     0.999941   0.00113148 -3.05867e-05 
       246.5      42.0103     0.999941   0.00113151 -3.03247e-05 
       246.5      42.2758     0.999942   0.00113153 -3.00619e-05 
       246.5      42.5421     0.999942   0.00113155 -2.97982e-05 
       246.5      42.8092     0.999943   0.00113158 -2.95336e-05 
       246.5      43.0772     0.999943    0.0011316 -2.92682e-05 
       246.5       43.346     0.999944   0.00113162 -2.90019e-05 
       246.5      43.6157     0.999945   0.00113164 -2.87347e-05 
       246.5      43.8862     0.999945   0.00113167 -2.84666e-05 
       246.5      44.1575     0.999946   0.00113169 -2.81976e-05 
       246.5      44.4296     0.999946   0.00113171 -2.79272e-05 
       246.5      44.7026     0.999947   0.00113173 -2.76565e-05 
       246.5      44.9765     0.999947   0.00113176 -2.73849e-05 
       246.5      45.2511     0.999948   0.00113178 -2.71124e-05 
       246.5      45.5266     0.999948    0.0011318 -2.68391e-05 
       246.5       45.803     0.999949   0.00113182 -2.65649e-05 
       246.5      46.0801     0.999949   0.00113184 -2.62898e-05 
       246.5      46.3581      0.99995   0.00113186 -2.60139e-05 
       246.5       46.637      0.99995   0.00113188  -2.5737e-05 
       246.5      46.9167     0.999951    0.0011319 -2.54594e-05 
       246.5      47.1972     0.999951   0.00113192 -2.51808e-05 
       246.5      47.4785     0.999952   0.00113194 -2.49014e-05 
       246.5      47.7607     0.999952   0.00113197 -2.46211e-05 
       246.5      48.0438     0.999953   0.00113199 -2.43399e-05 
       246.5      48.3276     0.999953   0.00113201 -2.40579e-05 
       246.5      48.6123     0.999954   0.00113203  -2.3775e-05 
       246.5      48.8979     0.999954   0.00113205 -2.34912e-05 
       246.5      49.1842     0.999955   0.00113207 -2.32066e-05 
       246.5      49.4714     0.999955   0.00113209 -2.29212e-05 
       246.5      49.7595     0.999956   0.00113211 -2.26349e-05 
       246.5      50.0484     0.999957   0.00113213 -2.23477e-05 
       246.5      50.3381     0.999957   0.00113215 -2.20597e-05 
       246.5      50.6286     0.999958   0.00113217 -2.17708e-05 
       246.5        50.92     0.999958   0.00113219 -2.14811e-05 
       246.5      51.2122     0.999959   0.00113221 -2.11905e-05 
       246.5      51.5053     0.999959   0.00113223 -2.08991e-05 
       246.5      51.7992      0.99996   0.00113224 -2.06068e-05 
       246.5      52.0939      0.99996   0.00113226 -2.03138e-05 
       246.5      52.3895     0.999961   0.00113228 -2.00198e-05 
       246.5      52.6859     0.999961    0.0011323 -1.97249e-05 
       246.5      52.9831     0.999962   0.00113232 -1.94291e-05 
       246.5      53.2812     0.999963   0.00113234 -1.91325e-05 
       246.5      53.5801     0.999963   0.00113235 -1.88351e-05 
       246.5      53.8799     0.999964   0.00113237 -1.85367e-05 
       246.5      54.1805     0.999964   0.00113239 -1.82375e-05 
       246.5      54.4819     0.999965    0.0011324 -1.79373e-05 
       246.5      54.7841     0.999965   0.00113242 -1.76378e-05 
       246.5      55.0872     0.999966   0.00113243 -1.73359e-05 
       246.5      55.3912     0.999966   0.00113245 -1.70334e-05 
       246.5      55.6959     0.999967   0.00113246 -1.67302e-05 
       246.5      56.0015     0.999968   0.00113248 -1.64262e-05 
       246.5       56.308     0.999968   0.00113249 -1.61215e-05 
       246.5      56.6152     0.999969    0.0011325 -1.58161e-05 
       246.5      56.9233     0.999969   0.00113252 -1.55099e-05 
       246.5      57.2323      0.99997   0.00113253  -1.5203e-05 
       246.5      57.5421      0.99997   0.00113254 -1.48953e-05 
       246.5      57.8527     0.999971   0.00113256 -1.45868e-05 
       246.5      58.1641     0.999971   0.00113257 -1.42776e-05 
       246.5      58.4764     0.999972   0.00113258 -1.39676e-05 
       246.5      58.7896     0.999973    0.0011326 -1.36568e-05 
       246.5      59.1035     0.999973   0.00113261 -1.33452e-05 
       246.5      59.4183     0.999974   0.00113262 -1.30285e-05 
       246.5      59.7339     0.999974   0.00113263 -1.27146e-05 
       246.5      60.0504     0.999975   0.00113265 -1.23998e-05 
       246.5      60.3677     0.999976   0.00113266 -1.20841e-05 
       246.5      60.6859     0.999976   0.00113267 -1.17675e-05 
       246.5      61.0048     0.999977   0.00113268   -1.145e-05 
       246.5      61.3247     0.999977   0.00113269 -1.11316e-05 
       246.5      61.6453     0.999978    0.0011327 -1.08122e-05 
       246.5      61.9668     0.999979   0.00113272  -1.0492e-05 
       246.5      62.2891     0.999979   0.00113273 -1.01708e-05 
       246.5      62.6123      0.99998   0.00113274 -9.84867e-06 
       246.5      62.9363      0.99998   0.00113275 -9.52562e-06 
       246.5      63.2611     0.999981   0.00113276 -9.20164e-06 
       246.5      63.5868     0.999981   0.00113277 -8.87672e-06 
       246.5      63.9133     0.999982   0.00113278 -8.55086e-06 
       246.5      64.2406     0.999983   0.00113279 -8.22405e-06 
       246.5      64.5688     0.999983    0.0011328  -7.8963e-06 
       246.5      64.8978     0.999984   0.00113281 -7.56759e-06 
       246.5      65.2277     0.999984   0.00113282 -7.23793e-06 
       246.5      65.5583     0.999985   0.00113283 -6.90731e-06 
       246.5      65.8899     0.999986   0.00113284 -6.57573e-06 
       246.5      66.2222     0.999986   0.00113285 -6.24318e-06 
       246.5      66.5554     0.999987   0.00113286 -5.90967e-06 
       246.5      66.8894     0.999987   0.00113287 -5.57518e-06 
       246.5      67.2243     0.999988   0.00113288 -5.23971e-06 
       246.5        67.56     0.999989   0.00113289 -4.90326e-06 
       246.5      67.8966     0.999989    0.0011329 -4.56582e-06 
       246.5      68.2339      0.99999   0.00113292 -4.22094e-06 
       246.5      68.5721     0.999991   0.00113293 -3.88123e-06 
       246.5      68.9112     0.999991   0.00113294 -3.54109e-06 
       246.5      69.2511     0.999992   0.00113294 -3.20053e-06 
       246.5      69.5918     0.999992   0.00113295 -2.85956e-06 
       246.5      69.9333     0.999993   0.00113295 -2.51821e-06 
       246.5      70.2757     0.999994   0.00113295 -2.17648e-06 
       246.5      70.6189     0.999994   0.00113295 -1.83438e-06 
       246.5       70.963     0.999995   0.00113296 -1.49194e-06 
       246.5      71.3079     0.999995   0.00113296 -1.14917e-06 
       246.5      71.6536     0.999996   0.00113296 -8.06083e-07 
       246.5      72.0002     0.999997   0.00113296 -4.62692e-07 
       246.5      72.3476     0.999997   0.00113296 -1.19015e-07 
       246.5      72.6959     0.999998   0.00113295  2.30425e-07 
       246.5      73.0449     0.999999   0.00113296  5.77922e-07 
       246.5      73.3949     0.999999   0.00113296  9.26203e-07 
       246.5      73.7456            1   0.00113296  1.27527e-06 
       246.5      74.0972            1   0.00113296  1.62512e-06 
       246.5      74.4496            1   0.00113296  1.97576e-06 
       246.5      74.8029            1   0.00113296  2.32718e-06 
       246.5       75.157            1   0.00113296   2.6794e-06 
       246.5      75.5119            1   0.00113296  3.03239e-06 
       246.5      75.8677            1   0.00113296  3.38618e-06 
       246.5      76.2243            1   0.00113296  3.74076e-06 
       246.5      76.5817      1.00001   0.00113296  4.09612e-06 
       246.5        76.94      1.00001   0.00113296  4.45228e-06 
       246.5      77.2991      1.00001   0.00113295  4.80922e-06 
       246.5      77.6591      1.00001   0.00113295  5.16695e-06 
       246.5      78.0198      1.00001   0.00113295  5.52548e-06 
       246.5      78.3815      1.00001   0.00113295   5.8848e-06 
       246.5      78.7439      1.00001   0.00113295  6.24491e-06 
       246.5      79.1072      1.00001   0.00113295  6.60582e-06 
       246.5      79.4714      1.00001   0.00113295  6.96752e-06 
       246.5      79.8363      1.00001   0.00113295  7.33001e-06 
       246.5      80.2021      1.00001   0.00113294   7.6933e-06 
       246.5      80.5688      1.00001   0.00113294  8.06085e-06 
       246.5      80.9362      1.00001   0.00113293   8.4271e-06 
       246.5      81.3045      1.00001   0.00113292  8.79431e-06 
       246.5      81.6737      1.00001   0.00113292  9.16249e-06 
       246.5      82.0437      1.00001   0.00113291  9.53162e-06 
       246.5      82.4145      1.00002    0.0011329   9.9017e-06 
       246.5      82.7861      1.00002   0.00113289  1.02727e-05 
       246.5      83.1586      1.00002   0.00113288  1.06447e-05 
       246.5       83.532      1.00002   0.00113287  1.10175e-05 
       246.5      83.9061      1.00002   0.00113286  1.13913e-05 
       246.5      84.2811      1.00002   0.00113285   1.1766e-05 
       246.5       84.657      1.00002   0.00113284  1.21416e-05 
       246.5      85.0336      1.00002   0.00113283  1.25181e-05 
       246.5      85.4111      1.00002   0.00113282  1.28954e-05 
       246.5      85.7895      1.00002   0.00113281  1.32736e-05 
       246.5      86.1687      1.00002    0.0011328  1.36527e-05 
       246.5      86.5487      1.00002   0.00113279  1.40326e-05 
       246.5      86.9295      1.00002   0.00113277  1.44134e-05 
       246.5      87.3112      1.00002   0.00113276   1.4795e-05 
       246.5      87.6937      1.00003   0.00113275  1.51774e-05 
       246.5      88.0771      1.00003   0.00113274  1.55607e-05 
       246.5      88.4613      1.00003   0.00113272  1.59447e-05 
       246.5      88.8463      1.00003   0.00113271  1.63295e-05 
       246.5      89.2322      1.00003    0.0011327  1.67151e-05 
       246.5      89.6189      1.00003   0.00113268  1.71015e-05 
       246.5      90.0064      1.00003   0.00113267  1.74887e-05 
       246.5      90.3948      1.00003   0.00113265  1.78766e-05 
       246.5       90.784      1.00003   0.00113264  1.82652e-05 
       246.5      91.1741      1.00003   0.00113262  1.86546e-05 
       246.5       91.565      1.00003    0.0011326  1.90446e-05 
       246.5      91.9567      1.00003   0.00113259  1.94354e-05 
       246.5      92.3492      1.00003   0.00113257  1.98269e-05 
       246.5      92.7426      1.00003   0.00113255  2.02191e-05 
       246.5      93.1369      1.00004   0.00113253  2.06119e-05 
       246.5      93.5319      1.00004   0.00113251  2.10054e-05 
       246.5      93.9278      1.00004   0.00113249  2.13995e-05 
       246.5      94.3246      1.00004   0.00113247  2.17943e-05 
       246.5      94.7221      1.00004   0.00113245  2.21897e-05 
       246.5      95.1206      1.00004   0.00113243  2.25857e-05 
       246.5      95.5198      1.00004   0.00113241  2.29823e-05 
       246.5      95.9199      1.00004   0.00113239  2.33795e-05 
       246.5      96.3208      1.00004   0.00113237  2.37773e-05 
       246.5      96.7226      1.00004   0.00113235  2.41756e-05 
       246.5      97.1251      1.00004   0.00113232  2.45745e-05 
       246.5      97.5286      1.00004    0.0011323  2.49739e-05 
       246.5      97.9328      1.00004   0.00113227  2.53681e-05 
       246.5      98.3379      1.00004   0.00113224  2.57683e-05 
       246.5      98.7439      1.00005   0.00113222  2.61692e-05 
       246.5      99.1506      1.00005   0.00113219  2.65709e-05 
       246.5      99.5583      1.00005   0.00113216  2.69733e-05 
       246.5      99.9667      1.00005   0.00113213  2.73764e-05 
       246.5      100.376      1.00005   0.00113209  2.78038e-05 
       246.5      100.786      1.00005   0.00113206  2.82102e-05 
       246.5      101.197      1.00005   0.00113203  2.86173e-05 
       246.5      101.609      1.00005     0.001132  2.90252e-05 
       246.5      102.021      1.00005   0.00113197  2.94337e-05 
       246.5      102.435      1.00005   0.00113194   2.9843e-05 
       246.5      102.849      1.00005   0.00113191   3.0253e-05 
       246.5      103.264      1.00005   0.00113188  3.06637e-05 
       246.5       103.68      1.00006   0.00113184  3.10751e-05 
       246.5      104.097      1.00006   0.00113182  3.14996e-05 
       246.5      104.515      1.00006   0.00113178  3.19145e-05 
       246.5      104.933      1.00006   0.00113175  3.23298e-05 
       246.5      105.353      1.00006   0.00113171  3.27454e-05 
       246.5      105.773      1.00006   0.00113168  3.31613e-05 
       246.5      106.194      1.00006   0.00113164  3.35777e-05 
       246.5      106.616      1.00006    0.0011316  3.39945e-05 
       246.5      107.038      1.00006   0.00113156  3.44117e-05 
       246.5      107.462      1.00006   0.00113152  3.48295e-05 
       246.5      107.886      1.00006   0.00113148  3.52478e-05 
       246.5      108.311      1.00006   0.00113144  3.56667e-05 
       246.5      108.737      1.00006    0.0011314  3.60862e-05 
       246.5      109.164      1.00007   0.00113136  3.65064e-05 
       246.5      109.592      1.00007   0.00113131  3.69272e-05 
       246.5       110.02      1.00007   0.00113127  3.73488e-05 
       246.5       110.45      1.00007   0.00113123  3.77711e-05 
       246.5       110.88      1.00007   0.00113118  3.81943e-05 
       246.5      111.311      1.00007   0.00113114  3.86183e-05 
       246.5      111.743      1.00007    0.0011311  3.90432e-05 
       246.5      112.175      1.00007   0.00113105  3.94691e-05 
       246.5      112.609      1.00007   0.00113101  3.98959e-05 
       246.5      113.043      1.00007   0.00113097  4.03237e-05 
       246.5      113.478      1.00007   0.00113092  4.07526e-05 
       246.5      113.914      1.00008   0.00113088  4.11825e-05 
       246.5      114.351      1.00008   0.00113084  4.16137e-05 
       246.5      114.789      1.00008   0.00113079   4.2046e-05 
       246.5      115.228      1.00008   0.00113075  4.24795e-05 
       246.5      115.667      1.00008   0.00113071  4.29143e-05 
       246.5      116.107      1.00008   0.00113067  4.33505e-05 
       246.5      116.548      1.00008   0.00113063   4.3788e-05 
       246.5       116.99      1.00008   0.00113059  4.42269e-05 
       246.5      117.433      1.00008   0.00113055  4.46673e-05 
       246.5      117.876      1.00008   0.00113051  4.51092e-05 
       246.5      118.321      1.00008   0.00113047  4.55527e-05 
       246.5      118.766      1.00009   0.00113044  4.59977e-05 
       246.5      119.212      1.00009    0.0011304  4.64444e-05 
       246.5      119.659      1.00009   0.00113037  4.68929e-05 
       246.5      120.107      1.00009   0.00113033   4.7343e-05 
       246.5      120.555      1.00009    0.0011303   4.7795e-05 
       246.5      121.005      1.00009   0.00113027  4.82488e-05 
       246.5      121.455      1.00009   0.00113022  4.87399e-05 
       246.5      121.906      1.00009   0.00113014   4.9186e-05 
       246.5      122.358      1.00009   0.00113007  4.96319e-05 
       246.5      122.811      1.00009   0.00112999  5.00776e-05 
       246.5      123.264      1.00009   0.00112992  5.05232e-05 
       246.5      123.719      1.00009   0.00112984  5.09687e-05 
       246.5      124.174      1.00009   0.00112977  5.14141e-05 
       246.5       124.63      1.00009    0.0011297  5.18596e-05 
       246.5      125.087      1.00009   0.00112962  5.23051e-05 
       246.5      125.545      1.00009   0.00112955  5.27508e-05 
       246.5      126.003       1.0001   0.00112948  5.31966e-05 
       246.5      126.463       1.0001    0.0011294  5.36427e-05 
       246.5      126.923       1.0001   0.00112933   5.4089e-05 
       246.5      127.384       1.0001   0.00112926  5.45357e-05 
       246.5      127.846       1.0001   0.00112918  5.49828e-05 
       246.5      128.309       1.0001   0.00112911  5.54303e-05 
       246.5      128.773       1.0001   0.00112904  5.58783e-05 
       246.5      129.237       1.0001   0.00112897  5.63269e-05 
       246.5      129.702      1.00011    0.0011289  5.67761e-05 
       246.5      130.169      1.00011   0.00112883   5.7226e-05 
       246.5      130.636      1.00011   0.00112875  5.76766e-05 
       246.5      131.103      1.00011   0.00112868   5.8128e-05 
       246.5      131.572      1.00011   0.00112861  5.85802e-05 
       246.5      132.041      1.00011   0.00112854  5.90334e-05 
       246.5      132.512      1.00012   0.00112847  5.94875e-05 
       246.5      132.983      1.00012    0.0011284  5.99427e-05 
       246.5      133.455      1.00012   0.00112833   6.0399e-05 
       246.5      133.928      1.00012   0.00112826  6.08564e-05 
       246.5      134.401      1.00012   0.00112819  6.13151e-05 
       246.5      134.876      1.00012   0.00112812   6.1775e-05 
       246.5      135.351      1.00013   0.00112805  6.22364e-05 
       246.5      135.827      1.00013   0.00112799  6.26991e-05 
       246.5      136.304      1.00012   0.00112795  6.32636e-05 
       246.5      136.782      1.00012   0.00112787   6.3705e-05 
       246.5      137.261      1.00013   0.00112779  6.41482e-05 
       246.5       137.74      1.00013   0.00112771  6.45933e-05 
       246.5      138.221      1.00014   0.00112763  6.50407e-05 
       246.5      138.702      1.00014   0.00112755  6.54905e-05 
       246.5      139.184      1.00014   0.00112746  6.59429e-05 
       246.5      139.667      1.00015   0.00112738  6.63982e-05 
       246.5      140.151      1.00015    0.0011273  6.68567e-05 
       246.5      140.635      1.00015   0.00112721  6.73185e-05 
       246.5       141.12      1.00016   0.00112713  6.77839e-05 
       246.5      141.607      1.00016   0.00112705  6.82531e-05 
       246.5      142.094      1.00016   0.00112696  6.87264e-05 
       246.5      142.582      1.00016   0.00112688   6.9204e-05 
       246.5       143.07      1.00016   0.00112679  6.96861e-05 
       246.5       143.56      1.00016   0.00112671   7.0173e-05 
       246.5       144.05      1.00015   0.00112663   7.0665e-05 
       246.5      144.541      1.00015   0.00112654  7.11623e-05 
       246.5      145.033      1.00014   0.00112646  7.16652e-05 
       246.5      145.526      1.00014   0.00112638  7.21738e-05 
       246.5       146.02      1.00013    0.0011263  7.26886e-05 
       246.5      146.515      1.00012   0.00112622  7.32096e-05 
       246.5       147.01      1.00011   0.00112614  7.37373e-05 
       246.5      147.506      1.00009   0.00112606  7.42719e-05 
       246.5      148.003      1.00008   0.00112599  7.48135e-05 
       246.5      148.501      1.00006   0.00112591  7.53626e-05 
       246.5          149      1.00005   0.00112584  7.59194e-05 
       246.5        149.5      1.00003   0.00112577  7.64841e-05 
       246.5          150            1    0.0011257  7.70571e-05 
