Variables = x, y, u, v, p

Zone, I=600, F=POINT
        27.5            0  2.34681e-06    2.657e-08 -5.77227e-05 
        27.5     0.000418  0.000242677   2.5999e-08 -5.77215e-05 
        27.5     0.001672  0.000963649  2.73834e-08 -5.77179e-05 
        27.5     0.003763   0.00216578  4.00034e-08 -5.77118e-05 
        27.5     0.006689   0.00384783  7.92308e-08 -5.77033e-05 
        27.5     0.010451   0.00601022  1.66454e-07 -5.76924e-05 
        27.5      0.01505   0.00865335  3.28957e-07 -5.76793e-05 
        27.5     0.020485    0.0117764  5.99638e-07 -5.76639e-05 
        27.5     0.026756     0.015379  1.01684e-06 -5.76462e-05 
        27.5     0.033863    0.0194609  1.62408e-06 -5.76265e-05 
        27.5     0.041806    0.0240216  2.46969e-06 -5.76046e-05 
        27.5     0.050585    0.0290604   3.6065e-06 -5.75808e-05 
        27.5     0.060201    0.0345774  5.09159e-06  -5.7555e-05 
        27.5     0.070652    0.0405706  6.98518e-06 -5.75274e-05 
        27.5      0.08194    0.0470401  9.35133e-06 -5.74979e-05 
        27.5     0.094063    0.0539838  1.22559e-05 -5.74667e-05 
        27.5     0.107023    0.0614016  1.57678e-05 -5.74339e-05 
        27.5     0.120819    0.0692913  1.99565e-05 -5.73993e-05 
        27.5     0.135451    0.0776514  2.48926e-05 -5.73631e-05 
        27.5     0.150919    0.0864798  3.06468e-05 -5.73253e-05 
        27.5     0.167224     0.095775  3.72894e-05 -5.72857e-05 
        27.5     0.184364     0.105533  4.48882e-05 -5.72445e-05 
        27.5     0.202341     0.115753  5.35104e-05 -5.72014e-05 
        27.5     0.221153      0.12643   6.3218e-05 -5.71564e-05 
        27.5     0.240802     0.137561  7.40712e-05 -5.71092e-05 
        27.5     0.261287     0.149121  8.54896e-05 -5.70567e-05 
        27.5     0.282608     0.161158  9.91708e-05 -5.70056e-05 
        27.5     0.304765     0.173624  0.000113909 -5.69502e-05 
        27.5     0.327758     0.186515  0.000129722 -5.68899e-05 
        27.5     0.351588     0.199824  0.000146619  -5.6824e-05 
        27.5     0.376253     0.213544  0.000164602 -5.67518e-05 
        27.5     0.401755     0.227668  0.000183663 -5.66726e-05 
        27.5     0.428092     0.242188  0.000203784 -5.65855e-05 
        27.5     0.455266     0.257097  0.000224937 -5.64894e-05 
        27.5     0.483276     0.272386   0.00024708 -5.63832e-05 
        27.5     0.512122     0.288045  0.000270158 -5.62658e-05 
        27.5     0.541805     0.304066  0.000294103 -5.61357e-05 
        27.5     0.572323     0.320436   0.00031883 -5.59916e-05 
        27.5     0.603677     0.337146  0.000344237 -5.58318e-05 
        27.5     0.635868     0.354183  0.000370207 -5.56546e-05 
        27.5     0.668894     0.371536    0.0003966 -5.54581e-05 
        27.5     0.702757     0.389192   0.00042326 -5.52402e-05 
        27.5     0.737456     0.407136  0.000450004 -5.49987e-05 
        27.5     0.772991     0.425246  0.000478874 -5.47312e-05 
        27.5     0.809362     0.443862  0.000506911 -5.44513e-05 
        27.5      0.84657     0.462726   0.00053634  -5.4144e-05 
        27.5     0.884613     0.481813  0.000567151 -5.38083e-05 
        27.5     0.923492     0.501095  0.000599331 -5.34427e-05 
        27.5     0.963208     0.520543   0.00063286 -5.30462e-05 
        27.5      1.00376     0.540126  0.000667705 -5.26174e-05 
        27.5      1.04515     0.559809  0.000703831  -5.2155e-05 
        27.5      1.08737     0.579556  0.000741191 -5.16577e-05 
        27.5      1.13043     0.599329  0.000779729 -5.11244e-05 
        27.5      1.17433     0.619085  0.000819382 -5.05537e-05 
        27.5      1.21906     0.638781  0.000860073 -4.99443e-05 
        27.5      1.26463      0.65837  0.000901719  -4.9295e-05 
        27.5      1.31103       0.6778  0.000944222 -4.86045e-05 
        27.5      1.35827      0.69702  0.000987475 -4.78715e-05 
        27.5      1.40635     0.715972   0.00103136 -4.70949e-05 
        27.5      1.45526     0.734598   0.00107573 -4.62733e-05 
        27.5      1.50501     0.752833   0.00112046 -4.54055e-05 
        27.5       1.5556     0.770611   0.00116538 -4.44904e-05 
        27.5      1.60702     0.787862   0.00121031 -4.35266e-05 
        27.5      1.65928     0.804512   0.00125507 -4.25131e-05 
        27.5      1.71237     0.820481   0.00129946 -4.14485e-05 
        27.5       1.7663     0.837041   0.00134031 -4.04309e-05 
        27.5      1.82106     0.851489   0.00138433 -3.92383e-05 
        27.5      1.87667      0.86522    0.0014265 -3.80107e-05 
        27.5      1.93311     0.878224   0.00146676 -3.67484e-05 
        27.5      1.99038     0.890494   0.00150509  -3.5452e-05 
        27.5      2.04849     0.902024   0.00154145  -3.4122e-05 
        27.5      2.10744     0.912814   0.00157583 -3.27591e-05 
        27.5      2.16722     0.922863    0.0016082 -3.13641e-05 
        27.5      2.22784     0.932174   0.00163854 -2.99378e-05 
        27.5      2.28929     0.940754   0.00166685 -2.84814e-05 
        27.5      2.35158     0.948612   0.00169314 -2.69958e-05 
        27.5      2.41471     0.955761   0.00171741 -2.54823e-05 
        27.5      2.47867     0.962216   0.00173966 -2.39424e-05 
        27.5      2.54347     0.967996   0.00175993 -2.23775e-05 
        27.5      2.60911     0.973124   0.00177824 -2.07892e-05 
        27.5      2.67558     0.977625   0.00179463 -1.91792e-05 
        27.5      2.74288     0.981532   0.00180914 -1.75497e-05 
        27.5      2.81103     0.984876   0.00182183 -1.59024e-05 
        27.5      2.88001     0.987696   0.00183276 -1.42398e-05 
        27.5      2.94983     0.990035     0.001842 -1.25641e-05 
        27.5      3.02048     0.991939   0.00184963 -1.08779e-05 
        27.5      3.09197     0.993458   0.00185574  -9.1839e-06 
        27.5      3.16429      0.99465   0.00186044 -7.48494e-06 
        27.5      3.23745     0.995573   0.00186384 -5.78407e-06 
        27.5      3.31145     0.996293   0.00186604  -4.0845e-06 
        27.5      3.38628     0.996881    0.0018672 -2.38968e-06 
        27.5      3.46195     0.997412   0.00186746 -7.03174e-07 
        27.5      3.53845     0.997966   0.00186696  9.71197e-07 
        27.5      3.61579      0.99863   0.00186589  2.62943e-06 
        27.5      3.69397     0.999496   0.00186441  4.26732e-06 
        27.5      3.77298     0.999215   0.00186524  5.99774e-06 
        27.5      3.85283     0.999349   0.00186378  7.67182e-06 
        27.5      3.93352     0.999458   0.00186216  9.33943e-06 
        27.5      4.01504     0.999544    0.0018604      1.1e-05 
        27.5       4.0974      0.99961   0.00185849  1.26528e-05 
        27.5      4.18059     0.999638   0.00185634  1.42984e-05 
        27.5      4.26462     0.999667   0.00185418   1.5934e-05 
        27.5      4.34949      0.99969   0.00185196    1.756e-05 
        27.5      4.43519     0.999708   0.00184968  1.91758e-05 
        27.5      4.52173     0.999721   0.00184735  2.07808e-05 
        27.5       4.6091      0.99973   0.00184497  2.23743e-05 
        27.5      4.69731     0.999735   0.00184255  2.39557e-05 
        27.5      4.78636     0.999737   0.00184009  2.55243e-05 
        27.5      4.87624     0.999737   0.00183759  2.70796e-05 
        27.5      4.96696     0.999735   0.00183507  2.86207e-05 
        27.5      5.05851     0.999733   0.00183251  3.01472e-05 
        27.5       5.1509      0.99973   0.00182994  3.16584e-05 
        27.5      5.24413     0.999728   0.00182735  3.31537e-05 
        27.5       5.3382     0.999728   0.00182475  3.46324e-05 
        27.5      5.43309     0.999728   0.00182213  3.60968e-05 
        27.5      5.52883     0.999727   0.00181949  3.75434e-05 
        27.5       5.6254     0.999726   0.00181683   3.8972e-05 
        27.5      5.72281     0.999725   0.00181415  4.03821e-05 
        27.5      5.82105     0.999724   0.00181146  4.17734e-05 
        27.5      5.92013     0.999723   0.00180875  4.31455e-05 
        27.5      6.02005     0.999722   0.00180602   4.4498e-05 
        27.5       6.1208     0.999721   0.00180328  4.58307e-05 
        27.5      6.22239      0.99972   0.00180053  4.71431e-05 
        27.5      6.32482     0.999719   0.00179776   4.8435e-05 
        27.5      6.42808     0.999718   0.00179497   4.9705e-05 
        27.5      6.53217     0.999717   0.00179218  5.09521e-05 
        27.5      6.63711     0.999716   0.00178937  5.21771e-05 
        27.5      6.74287     0.999716   0.00178655  5.33796e-05 
        27.5      6.84948     0.999715   0.00178372   5.4559e-05 
        27.5      6.95692     0.999714   0.00178088   5.5715e-05 
        27.5       7.0652     0.999713   0.00177803   5.6847e-05 
        27.5      7.17431     0.999713   0.00177517  5.79547e-05 
        27.5      7.28426     0.999712   0.00177229  5.90375e-05 
        27.5      7.39505     0.999711   0.00176941  6.00951e-05 
        27.5      7.50667     0.999711   0.00176653  6.11346e-05 
        27.5      7.61913      0.99971   0.00176364  6.21427e-05 
        27.5      7.73242     0.999709   0.00176074  6.31256e-05 
        27.5      7.84655     0.999709   0.00175783  6.40833e-05 
        27.5      7.96152     0.999708   0.00175492  6.50154e-05 
        27.5      8.07732     0.999708   0.00175201  6.59217e-05 
        27.5      8.19396     0.999707   0.00174909   6.6802e-05 
        27.5      8.31143     0.999707   0.00174617  6.76562e-05 
        27.5      8.42974     0.999707   0.00174325   6.8484e-05 
        27.5      8.54889     0.999706   0.00174033  6.92853e-05 
        27.5      8.66887     0.999706    0.0017374  7.00599e-05 
        27.5      8.78969     0.999705   0.00173448  7.08078e-05 
        27.5      8.91135     0.999705   0.00173155  7.15288e-05 
        27.5      9.03384     0.999705   0.00172862  7.22228e-05 
        27.5      9.15717     0.999705    0.0017257  7.28897e-05 
        27.5      9.28133     0.999705   0.00172277  7.35296e-05 
        27.5      9.40633     0.999704   0.00171985  7.41424e-05 
        27.5      9.53216     0.999704   0.00171693  7.47281e-05 
        27.5      9.65884     0.999704   0.00171402  7.52866e-05 
        27.5      9.78634     0.999704   0.00171111  7.58181e-05 
        27.5      9.91469     0.999704    0.0017082  7.63226e-05 
        27.5      10.0439     0.999704    0.0017053  7.68002e-05 
        27.5      10.1739     0.999704   0.00170243  7.72492e-05 
        27.5      10.3047     0.999704   0.00169954  7.76734e-05 
        27.5      10.4364     0.999704   0.00169666   7.8073e-05 
        27.5      10.5689     0.999704   0.00169379  7.84482e-05 
        27.5      10.7023     0.999704   0.00169092  7.87996e-05 
        27.5      10.8365     0.999704   0.00168806  7.91277e-05 
        27.5      10.9715     0.999705   0.00168521   7.9433e-05 
        27.5      11.1074     0.999705   0.00168237   7.9716e-05 
        27.5      11.2441     0.999705   0.00167955  7.99559e-05 
        27.5      11.3817     0.999705   0.00167675  8.01766e-05 
        27.5        11.52     0.999706   0.00167396  8.03681e-05 
        27.5      11.6592     0.999706   0.00167118  8.05311e-05 
        27.5      11.7993     0.999706    0.0016684  8.06976e-05 
        27.5      11.9402     0.999707   0.00166564  8.08139e-05 
        27.5      12.0819     0.999707   0.00166289  8.09082e-05 
        27.5      12.2245     0.999707   0.00166016  8.09807e-05 
        27.5      12.3679     0.999708   0.00165744  8.10313e-05 
        27.5      12.5121     0.999708   0.00165474  8.10603e-05 
        27.5      12.6572     0.999709   0.00165205  8.10679e-05 
        27.5      12.8031     0.999709   0.00164938  8.10542e-05 
        27.5      12.9498      0.99971   0.00164672  8.10196e-05 
        27.5      13.0974      0.99971   0.00164408  8.09641e-05 
        27.5      13.2458     0.999711   0.00164146   8.0888e-05 
        27.5       13.395     0.999712   0.00163885  8.07917e-05 
        27.5      13.5451     0.999712   0.00163626  8.06754e-05 
        27.5       13.696     0.999713    0.0016337  8.05394e-05 
        27.5      13.8478     0.999714   0.00163114   8.0384e-05 
        27.5      14.0004     0.999714   0.00162861  8.02095e-05 
        27.5      14.1538     0.999715    0.0016261  8.00164e-05 
        27.5      14.3081     0.999716   0.00162361   7.9805e-05 
        27.5      14.4632     0.999717   0.00162114  7.95758e-05 
        27.5      14.6191     0.999717   0.00161869   7.9329e-05 
        27.5      14.7759     0.999718   0.00161625  7.90653e-05 
        27.5      14.9335     0.999719   0.00161385  7.87849e-05 
        27.5      15.0919      0.99972   0.00161146  7.84886e-05 
        27.5      15.2512     0.999721   0.00160909  7.81766e-05 
        27.5      15.4113     0.999722   0.00160675  7.78497e-05 
        27.5      15.5723     0.999723   0.00160443  7.75082e-05 
        27.5      15.7341     0.999724   0.00160213  7.71529e-05 
        27.5      15.8967     0.999725   0.00159986  7.67843e-05 
        27.5      16.0602     0.999726   0.00159761   7.6403e-05 
        27.5      16.2245     0.999727   0.00159539  7.60096e-05 
        27.5      16.3896     0.999728   0.00159318   7.5605e-05 
        27.5      16.5556     0.999728   0.00159084    7.511e-05 
        27.5      16.7224     0.999729   0.00158868  7.46786e-05 
        27.5        16.89      0.99973   0.00158654  7.42349e-05 
        27.5      17.0585     0.999731   0.00158443   7.3779e-05 
        27.5      17.2278     0.999733   0.00158235  7.33111e-05 
        27.5      17.3979     0.999734   0.00158029  7.28313e-05 
        27.5      17.5689     0.999735   0.00157825  7.23399e-05 
        27.5      17.7408     0.999736   0.00157623   7.1837e-05 
        27.5      17.9134     0.999737   0.00157423  7.13229e-05 
        27.5      18.0869     0.999738   0.00157226  7.07978e-05 
        27.5      18.2612     0.999739   0.00157031  7.02619e-05 
        27.5      18.4364     0.999741    0.0015684  6.97864e-05 
        27.5      18.6124     0.999742   0.00156648  6.92207e-05 
        27.5      18.7892     0.999743   0.00156458  6.86505e-05 
        27.5      18.9669     0.999744   0.00156271  6.80761e-05 
        27.5      19.1454     0.999745   0.00156086  6.74976e-05 
        27.5      19.3248     0.999746   0.00155903  6.69152e-05 
        27.5       19.505     0.999747   0.00155721  6.63291e-05 
        27.5       19.686     0.999748   0.00155543  6.57394e-05 
        27.5      19.8678      0.99975   0.00155366  6.51463e-05 
        27.5      20.0505     0.999751   0.00155191  6.45501e-05 
        27.5      20.2341     0.999752   0.00155019   6.3951e-05 
        27.5      20.4184     0.999753   0.00154849  6.33491e-05 
        27.5      20.6036     0.999754   0.00154681  6.27446e-05 
        27.5      20.7897     0.999756   0.00154515  6.21379e-05 
        27.5      20.9765     0.999757   0.00154351   6.1529e-05 
        27.5      21.1642     0.999758    0.0015419  6.09182e-05 
        27.5      21.3528     0.999759   0.00154031  6.03059e-05 
        27.5      21.5422     0.999761   0.00153874  5.96921e-05 
        27.5      21.7324     0.999762   0.00153719  5.90772e-05 
        27.5      21.9234     0.999763   0.00153566  5.84614e-05 
        27.5      22.1153     0.999764   0.00153416   5.7845e-05 
        27.5       22.308     0.999766   0.00153267  5.72282e-05 
        27.5      22.5016     0.999767   0.00153121  5.66113e-05 
        27.5       22.696     0.999768   0.00152977  5.59946e-05 
        27.5      22.8912      0.99977   0.00152836  5.53784e-05 
        27.5      23.0873     0.999771   0.00152696  5.47629e-05 
        27.5      23.2842     0.999772   0.00152559  5.41485e-05 
        27.5       23.482     0.999774   0.00152424  5.35355e-05 
        27.5      23.6805     0.999775    0.0015229  5.29242e-05 
        27.5        23.88     0.999776    0.0015216  5.23148e-05 
        27.5      24.0802     0.999778   0.00152031  5.17078e-05 
        27.5      24.2813     0.999779   0.00151904  5.11035e-05 
        27.5      24.4832     0.999781   0.00151779  5.05021e-05 
        27.5       24.686     0.999782   0.00151657  4.99042e-05 
        27.5      24.8896     0.999783   0.00151537  4.93099e-05 
        27.5       25.094     0.999785   0.00151416  4.86573e-05 
        27.5      25.2993     0.999786   0.00151297   4.8071e-05 
        27.5      25.5054     0.999787    0.0015118  4.74863e-05 
        27.5      25.7123     0.999788   0.00151064  4.69032e-05 
        27.5      25.9201     0.999789   0.00150951  4.63214e-05 
        27.5      26.1287     0.999791   0.00150839   4.5741e-05 
        27.5      26.3381     0.999792   0.00150729  4.51618e-05 
        27.5      26.5484     0.999793   0.00150621  4.45837e-05 
        27.5      26.7595     0.999794   0.00150515  4.40067e-05 
        27.5      26.9715     0.999796   0.00150409  4.34306e-05 
        27.5      27.1843     0.999797   0.00150306  4.28554e-05 
        27.5      27.3979     0.999798   0.00150204  4.22809e-05 
        27.5      27.6124       0.9998   0.00150112  4.17428e-05 
        27.5      27.8277     0.999801   0.00150015  4.11765e-05 
        27.5      28.0438     0.999802    0.0014992  4.06171e-05 
        27.5      28.2608     0.999804   0.00149827  4.00646e-05 
        27.5      28.4786     0.999805   0.00149735   3.9519e-05 
        27.5      28.6972     0.999806   0.00149644  3.89804e-05 
        27.5      28.9167     0.999807   0.00149555  3.84487e-05 
        27.5       29.137     0.999809   0.00149467  3.79241e-05 
        27.5      29.3582      0.99981    0.0014938  3.74065e-05 
        27.5      29.5802     0.999811   0.00149295  3.68959e-05 
        27.5       29.803     0.999812   0.00149212  3.63923e-05 
        27.5      30.0267     0.999814   0.00149129  3.58959e-05 
        27.5      30.2512     0.999815   0.00149048  3.54065e-05 
        27.5      30.4765     0.999816   0.00148969  3.49242e-05 
        27.5      30.7027     0.999817    0.0014889   3.4449e-05 
        27.5      30.9297     0.999819   0.00148814  3.39809e-05 
        27.5      31.1575      0.99982   0.00148738  3.35199e-05 
        27.5      31.3862     0.999821   0.00148664   3.3066e-05 
        27.5      31.6157     0.999822   0.00148591  3.26193e-05 
        27.5      31.8461     0.999824   0.00148519  3.21796e-05 
        27.5      32.0773     0.999825   0.00148449  3.17471e-05 
        27.5      32.3093     0.999826   0.00148379  3.13216e-05 
        27.5      32.5421     0.999827   0.00148311  3.09033e-05 
        27.5      32.7758     0.999829   0.00148245  3.04921e-05 
        27.5      33.0104      0.99983   0.00148179  3.00879e-05 
        27.5      33.2457     0.999831   0.00148115  2.96909e-05 
        27.5      33.4819     0.999832   0.00148052  2.93009e-05 
        27.5       33.719     0.999834    0.0014799  2.89179e-05 
        27.5      33.9568     0.999835   0.00147929   2.8542e-05 
        27.5      34.1956     0.999836   0.00147869  2.81731e-05 
        27.5      34.4351     0.999837    0.0014781  2.78112e-05 
        27.5      34.6755     0.999839   0.00147752  2.74563e-05 
        27.5      34.9167      0.99984   0.00147696  2.71083e-05 
        27.5      35.1588     0.999841    0.0014764  2.67672e-05 
        27.5      35.4017     0.999842   0.00147586  2.64331e-05 
        27.5      35.6454     0.999843   0.00147532  2.61058e-05 
        27.5      35.8899     0.999845   0.00147479  2.57853e-05 
        27.5      36.1354     0.999846   0.00147427  2.54716e-05 
        27.5      36.3816     0.999847   0.00147376  2.51647e-05 
        27.5      36.6287     0.999848   0.00147326  2.48646e-05 
        27.5      36.8766      0.99985   0.00147277  2.45711e-05 
        27.5      37.1253     0.999851   0.00147229  2.42842e-05 
        27.5      37.3749     0.999852   0.00147181   2.4004e-05 
        27.5      37.6253     0.999853   0.00147134  2.37303e-05 
        27.5      37.8766     0.999854   0.00147088  2.34631e-05 
        27.5      38.1287     0.999855   0.00147042  2.32023e-05 
        27.5      38.3816     0.999857   0.00146997  2.29479e-05 
        27.5      38.6353     0.999858   0.00146953  2.26999e-05 
        27.5      38.8899     0.999859   0.00146909  2.24582e-05 
        27.5      39.1454      0.99986   0.00146866  2.22226e-05 
        27.5      39.4016     0.999861   0.00146823  2.19933e-05 
        27.5      39.6588     0.999862   0.00146781    2.177e-05 
        27.5      39.9167     0.999863   0.00146739  2.15527e-05 
        27.5      40.1755     0.999864   0.00146733  2.13875e-05 
        27.5      40.4351     0.999865   0.00146702  2.12109e-05 
        27.5      40.6955     0.999866   0.00146673  2.10412e-05 
        27.5      40.9568     0.999867   0.00146645  2.08781e-05 
        27.5      41.2189     0.999868   0.00146618  2.07213e-05 
        27.5      41.4819     0.999868   0.00146554  2.08596e-05 
        27.5      41.7457     0.999869   0.00146517  2.06698e-05 
        27.5      42.0103      0.99987    0.0014648    2.049e-05 
        27.5      42.2758     0.999871   0.00146444  2.03201e-05 
        27.5      42.5421     0.999872   0.00146408  2.01602e-05 
        27.5      42.8092     0.999873   0.00146373    2.001e-05 
        27.5      43.0772     0.999874   0.00146338  1.98696e-05 
        27.5       43.346     0.999875   0.00146321  1.92612e-05 
        27.5      43.6157     0.999876   0.00146297  1.92271e-05 
        27.5      43.8862     0.999877   0.00146273   1.9195e-05 
        27.5      44.1575     0.999878    0.0014625  1.91649e-05 
        27.5      44.4296     0.999879   0.00146226   1.9137e-05 
        27.5      44.7026     0.999879   0.00146203  1.91113e-05 
        27.5      44.9765      0.99988    0.0014618  1.90879e-05 
        27.5      45.2511     0.999881   0.00146157  1.90671e-05 
        27.5      45.5266     0.999882   0.00146133  1.90488e-05 
        27.5       45.803     0.999883    0.0014611  1.90333e-05 
        27.5      46.0801     0.999884   0.00146088  1.90206e-05 
        27.5      46.3581     0.999885   0.00146065  1.90108e-05 
        27.5       46.637     0.999886   0.00146042   1.9004e-05 
        27.5      46.9167     0.999887    0.0014602  1.90004e-05 
        27.5      47.1972     0.999888   0.00145997  1.90002e-05 
        27.5      47.4785     0.999889   0.00145975  1.90033e-05 
        27.5      47.7607      0.99989   0.00145953    1.901e-05 
        27.5      48.0438     0.999891   0.00145931  1.90204e-05 
        27.5      48.3276     0.999892   0.00145909  1.90346e-05 
        27.5      48.6123     0.999893   0.00145887  1.90528e-05 
        27.5      48.8979     0.999894   0.00145866   1.9075e-05 
        27.5      49.1842     0.999895   0.00145844  1.91014e-05 
        27.5      49.4714     0.999896   0.00145823  1.91322e-05 
        27.5      49.7595     0.999897   0.00145802  1.91674e-05 
        27.5      50.0484     0.999898   0.00145782  1.92073e-05 
        27.5      50.3381     0.999899   0.00145761  1.92519e-05 
        27.5      50.6286       0.9999   0.00145741  1.93015e-05 
        27.5        50.92     0.999901   0.00145721  1.93562e-05 
        27.5      51.2122     0.999902   0.00145701   1.9416e-05 
        27.5      51.5053     0.999903   0.00145681  1.94812e-05 
        27.5      51.7992     0.999904   0.00145662  1.95519e-05 
        27.5      52.0939     0.999905   0.00145642  1.96284e-05 
        27.5      52.3895     0.999906   0.00145624  1.97106e-05 
        27.5      52.6859     0.999907   0.00145605  1.97988e-05 
        27.5      52.9831     0.999908   0.00145587  1.98932e-05 
        27.5      53.2812     0.999909   0.00145569  1.99938e-05 
        27.5      53.5801      0.99991   0.00145551   2.0101e-05 
        27.5      53.8799      0.99991   0.00145533  2.02148e-05 
        27.5      54.1805     0.999911   0.00145516  2.03354e-05 
        27.5      54.4819     0.999912   0.00145499   2.0463e-05 
        27.5      54.7841     0.999913   0.00145483  2.05977e-05 
        27.5      55.0872     0.999914   0.00145467  2.07398e-05 
        27.5      55.3912     0.999915   0.00145451  2.08894e-05 
        27.5      55.6959     0.999916   0.00145436  2.10467e-05 
        27.5      56.0015     0.999916   0.00145421  2.12118e-05 
        27.5       56.308     0.999917   0.00145406   2.1385e-05 
        27.5      56.6152     0.999918   0.00145392  2.15665e-05 
        27.5      56.9233     0.999919   0.00145378  2.17564e-05 
        27.5      57.2323      0.99992   0.00145364  2.19549e-05 
        27.5      57.5421      0.99992   0.00145351  2.21622e-05 
        27.5      57.8527     0.999921   0.00145339  2.23785e-05 
        27.5      58.1641     0.999922   0.00145326   2.2604e-05 
        27.5      58.4764     0.999922   0.00145315  2.28389e-05 
        27.5      58.7896     0.999923   0.00145303  2.30835e-05 
        27.5      59.1035     0.999924   0.00145292  2.33378e-05 
        27.5      59.4183     0.999924   0.00145282  2.36022e-05 
        27.5      59.7339     0.999925   0.00145272  2.38768e-05 
        27.5      60.0504     0.999926    0.0014531  2.41789e-05 
        27.5      60.3677     0.999927   0.00145308  2.44275e-05 
        27.5      60.6859     0.999928   0.00145306   2.4682e-05 
        27.5      61.0048     0.999929   0.00145305  2.49423e-05 
        27.5      61.3247      0.99993   0.00145303  2.52084e-05 
        27.5      61.6453      0.99993     0.001453  2.54802e-05 
        27.5      61.9668     0.999931   0.00145297  2.57579e-05 
        27.5      62.2891     0.999932   0.00145293  2.60413e-05 
        27.5      62.6123     0.999932   0.00145289  2.63305e-05 
        27.5      62.9363     0.999933   0.00145283  2.66255e-05 
        27.5      63.2611     0.999934   0.00145277  2.69262e-05 
        27.5      63.5868     0.999935   0.00145269  2.72327e-05 
        27.5      63.9133     0.999935   0.00145259  2.75449e-05 
        27.5      64.2406     0.999936   0.00145248  2.78629e-05 
        27.5      64.5688     0.999937   0.00145236  2.81865e-05 
        27.5      64.8978     0.999937   0.00145221  2.85159e-05 
        27.5      65.2277     0.999938   0.00145204   2.8851e-05 
        27.5      65.5583     0.999939   0.00145186  2.91917e-05 
        27.5      65.8899     0.999941    0.0014514  2.97944e-05 
        27.5      66.2222     0.999942   0.00145134  3.01385e-05 
        27.5      66.5554     0.999943   0.00145128  3.04875e-05 
        27.5      66.8894     0.999943   0.00145121  3.08412e-05 
        27.5      67.2243     0.999944   0.00145115  3.11996e-05 
        27.5        67.56     0.999945   0.00145109  3.15629e-05 
        27.5      67.8966     0.999945   0.00145102  3.19308e-05 
        27.5      68.2339     0.999946   0.00145096  3.23036e-05 
        27.5      68.5721     0.999947   0.00145089   3.2681e-05 
        27.5      68.9112     0.999947   0.00145083  3.30632e-05 
        27.5      69.2511     0.999948   0.00145077  3.34501e-05 
        27.5      69.5918     0.999949    0.0014507  3.38417e-05 
        27.5      69.9333     0.999949   0.00145064   3.4238e-05 
        27.5      70.2757      0.99995   0.00145057   3.4639e-05 
        27.5      70.6189      0.99995   0.00145051  3.50446e-05 
        27.5       70.963     0.999951   0.00145044  3.54549e-05 
        27.5      71.3079     0.999952   0.00145038  3.58698e-05 
        27.5      71.6536     0.999952   0.00145031  3.62894e-05 
        27.5      72.0002     0.999953   0.00145025  3.67135e-05 
        27.5      72.3476     0.999953   0.00145018  3.71423e-05 
        27.5      72.6959     0.999954   0.00145012  3.75757e-05 
        27.5      73.0449     0.999955   0.00145005  3.80136e-05 
        27.5      73.3949     0.999955   0.00144999   3.8456e-05 
        27.5      73.7456     0.999956   0.00144992   3.8903e-05 
        27.5      74.0972     0.999956   0.00144985  3.93546e-05 
        27.5      74.4496     0.999957   0.00144979  3.98106e-05 
        27.5      74.8029     0.999957   0.00144972  4.02711e-05 
        27.5       75.157     0.999958   0.00144965   4.0736e-05 
        27.5      75.5119     0.999959   0.00144959  4.12054e-05 
        27.5      75.8677     0.999959   0.00144952  4.16792e-05 
        27.5      76.2243      0.99996   0.00144945  4.21574e-05 
        27.5      76.5817      0.99996   0.00144938    4.264e-05 
        27.5        76.94     0.999961   0.00144932  4.31269e-05 
        27.5      77.2991     0.999961   0.00144925  4.36182e-05 
        27.5      77.6591     0.999962   0.00144918  4.41138e-05 
        27.5      78.0198     0.999962   0.00144911  4.46136e-05 
        27.5      78.3815     0.999963   0.00144904  4.51178e-05 
        27.5      78.7439     0.999964   0.00144897  4.56261e-05 
        27.5      79.1072     0.999964    0.0014489  4.61387e-05 
        27.5      79.4714     0.999965   0.00144883  4.66554e-05 
        27.5      79.8363     0.999965   0.00144876  4.71763e-05 
        27.5      80.2021     0.999966   0.00144869  4.77014e-05 
        27.5      80.5688     0.999966   0.00144862  4.82305e-05 
        27.5      80.9362     0.999967   0.00144855  4.87637e-05 
        27.5      81.3045     0.999968   0.00144848   4.9301e-05 
        27.5      81.6737     0.999968   0.00144841  4.98423e-05 
        27.5      82.0437     0.999969   0.00144833  5.03875e-05 
        27.5      82.4145     0.999969   0.00144826  5.09367e-05 
        27.5      82.7861      0.99997   0.00144819  5.14898e-05 
        27.5      83.1586      0.99997   0.00144812  5.20468e-05 
        27.5       83.532     0.999971   0.00144804  5.26077e-05 
        27.5      83.9061     0.999972   0.00144797  5.31724e-05 
        27.5      84.2811     0.999972    0.0014479  5.37409e-05 
        27.5       84.657     0.999973   0.00144782  5.43131e-05 
        27.5      85.0336     0.999973   0.00144775   5.4889e-05 
        27.5      85.4111     0.999974   0.00144767  5.54687e-05 
        27.5      85.7895     0.999975    0.0014476  5.60519e-05 
        27.5      86.1687     0.999975   0.00144752  5.66388e-05 
        27.5      86.5487     0.999976   0.00144744  5.72292e-05 
        27.5      86.9295     0.999977   0.00144737  5.78232e-05 
        27.5      87.3112     0.999977   0.00144729  5.84206e-05 
        27.5      87.6937     0.999978   0.00144721  5.90215e-05 
        27.5      88.0771     0.999978   0.00144714  5.96259e-05 
        27.5      88.4613     0.999979   0.00144706  6.02335e-05 
        27.5      88.8463      0.99998   0.00144698  6.08445e-05 
        27.5      89.2322     0.999981    0.0014469  6.14588e-05 
        27.5      89.6189     0.999981   0.00144682  6.20763e-05 
        27.5      90.0064     0.999982   0.00144674   6.2697e-05 
        27.5      90.3948     0.999983   0.00144666  6.33209e-05 
        27.5       90.784     0.999983   0.00144658  6.39478e-05 
        27.5      91.1741     0.999984    0.0014465  6.45778e-05 
        27.5       91.565     0.999985   0.00144641  6.52108e-05 
        27.5      91.9567     0.999986   0.00144633  6.58468e-05 
        27.5      92.3492     0.999986   0.00144625  6.64856e-05 
        27.5      92.7426     0.999987   0.00144616  6.71274e-05 
        27.5      93.1369     0.999988   0.00144608  6.77719e-05 
        27.5      93.5319     0.999989     0.001446  6.84192e-05 
        27.5      93.9278      0.99999   0.00144591  6.90692e-05 
        27.5      94.3246      0.99999   0.00144582  6.97219e-05 
        27.5      94.7221     0.999992   0.00144534  7.05045e-05 
        27.5      95.1206     0.999992   0.00144526  7.11739e-05 
        27.5      95.5198     0.999993   0.00144519   7.1842e-05 
        27.5      95.9199     0.999993   0.00144511  7.25087e-05 
        27.5      96.3208     0.999994   0.00144503  7.31737e-05 
        27.5      96.7226     0.999994   0.00144495  7.38369e-05 
        27.5      97.1251     0.999995   0.00144529  7.42755e-05 
        27.5      97.5286     0.999995   0.00144522  7.49205e-05 
        27.5      97.9328     0.999996   0.00144514  7.55675e-05 
        27.5      98.3379     0.999996   0.00144506  7.62164e-05 
        27.5      98.7439      1.00001    0.0014464   7.7785e-05 
        27.5      99.1506      1.00001   0.00144615  7.84641e-05 
        27.5      99.5583      1.00001    0.0014459  7.91462e-05 
        27.5      99.9667      1.00001   0.00144565  7.98313e-05 
        27.5      100.376      1.00001   0.00144541  8.05193e-05 
        27.5      100.786      1.00001   0.00144518  8.12104e-05 
        27.5      101.197      1.00001   0.00144494  8.19045e-05 
        27.5      101.609            1   0.00144472  8.26016e-05 
        27.5      102.021            1   0.00144449  8.33017e-05 
        27.5      102.435            1   0.00144427  8.40048e-05 
        27.5      102.849            1   0.00144405  8.47109e-05 
        27.5      103.264            1   0.00144384    8.542e-05 
        27.5       103.68            1   0.00144363  8.61322e-05 
        27.5      104.097            1   0.00144342  8.68474e-05 
        27.5      104.515            1   0.00144322  8.75656e-05 
        27.5      104.933            1   0.00144302  8.82869e-05 
        27.5      105.353            1   0.00144283  8.90112e-05 
        27.5      105.773            1   0.00144263  8.97385e-05 
        27.5      106.194      1.00001   0.00144244  9.04689e-05 
        27.5      106.616      1.00001   0.00144226  9.12023e-05 
        27.5      107.038      1.00001   0.00144208  9.19388e-05 
        27.5      107.462      1.00001   0.00144189  9.26783e-05 
        27.5      107.886      1.00001   0.00144172  9.34209e-05 
        27.5      108.311      1.00001   0.00144154  9.41665e-05 
        27.5      108.737      1.00001   0.00144137  9.49152e-05 
        27.5      109.164      1.00001    0.0014412   9.5667e-05 
        27.5      109.592      1.00001   0.00144103  9.64218e-05 
        27.5       110.02      1.00001   0.00144087  9.71797e-05 
        27.5       110.45      1.00001    0.0014407  9.79407e-05 
        27.5       110.88      1.00001   0.00144054  9.87047e-05 
        27.5      111.311      1.00001   0.00144039  9.94718e-05 
        27.5      111.743      1.00001   0.00144023  0.000100242 
        27.5      112.175      1.00001   0.00144007  0.000101015 
        27.5      112.609      1.00001   0.00143992  0.000101792 
        27.5      113.043      1.00001   0.00143977  0.000102571 
        27.5      113.478      1.00001   0.00143962  0.000103354 
        27.5      113.914      1.00001   0.00143947  0.000104139 
        27.5      114.351      1.00001   0.00143933  0.000104928 
        27.5      114.789      1.00001   0.00143918   0.00010572 
        27.5      115.228      1.00001   0.00143904  0.000106515 
        27.5      115.667      1.00002    0.0014389  0.000107313 
        27.5      116.107      1.00002   0.00143875  0.000108114 
        27.5      116.548      1.00002   0.00143861  0.000108918 
        27.5       116.99      1.00002   0.00143847  0.000109725 
        27.5      117.433      1.00002   0.00143833  0.000110536 
        27.5      117.876      1.00002   0.00143819  0.000111349 
        27.5      118.321      1.00002   0.00143805  0.000112166 
        27.5      118.766      1.00002   0.00143792  0.000112986 
        27.5      119.212      1.00002   0.00143778  0.000113809 
        27.5      119.659      1.00002   0.00143764  0.000114634 
        27.5      120.107      1.00002    0.0014375  0.000115464 
        27.5      120.555      1.00002   0.00143736  0.000116296 
        27.5      121.005      1.00002   0.00143722  0.000117131 
        27.5      121.455      1.00002   0.00143708  0.000117969 
        27.5      121.906      1.00003   0.00143694  0.000118811 
        27.5      122.358      1.00003    0.0014368  0.000119656 
        27.5      122.811      1.00003   0.00143666  0.000120503 
        27.5      123.264      1.00003   0.00143652  0.000121354 
        27.5      123.719      1.00003   0.00143637  0.000122208 
        27.5      124.174      1.00003   0.00143623  0.000123065 
        27.5       124.63      1.00003   0.00143608  0.000123926 
        27.5      125.087      1.00003   0.00143594  0.000124789 
        27.5      125.545      1.00003   0.00143579  0.000125655 
        27.5      126.003      1.00003   0.00143564  0.000126525 
        27.5      126.463      1.00003   0.00143548  0.000127398 
        27.5      126.923      1.00003   0.00143533  0.000128274 
        27.5      127.384      1.00003   0.00143517  0.000129153 
        27.5      127.846      1.00004   0.00143501  0.000130035 
        27.5      128.309      1.00004   0.00143485   0.00013092 
        27.5      128.773      1.00004   0.00143468  0.000131808 
        27.5      129.237      1.00004   0.00143452    0.0001327 
        27.5      129.702      1.00004   0.00143435  0.000133594 
        27.5      130.169      1.00004   0.00143417  0.000134492 
        27.5      130.636      1.00004     0.001434  0.000135393 
        27.5      131.103      1.00004   0.00143382  0.000136297 
        27.5      131.572      1.00004   0.00143363  0.000137204 
        27.5      132.041      1.00004   0.00143344  0.000138114 
        27.5      132.512      1.00004   0.00143325  0.000139027 
        27.5      132.983      1.00004   0.00143306  0.000139943 
        27.5      133.455      1.00004   0.00143286  0.000140863 
        27.5      133.928      1.00004   0.00143265  0.000141786 
        27.5      134.401      1.00004   0.00143245  0.000142711 
        27.5      134.876      1.00004   0.00143223   0.00014364 
        27.5      135.351      1.00004   0.00143201  0.000144572 
        27.5      135.827      1.00004   0.00143179  0.000145507 
        27.5      136.304      1.00004   0.00143156  0.000146445 
        27.5      136.782      1.00005   0.00143133  0.000147387 
        27.5      137.261      1.00005   0.00143109  0.000148331 
        27.5       137.74      1.00005   0.00143084  0.000149278 
        27.5      138.221      1.00005   0.00143059  0.000150229 
        27.5      138.702      1.00005   0.00143034  0.000151183 
        27.5      139.184      1.00005   0.00143007  0.000152139 
        27.5      139.667      1.00005    0.0014298  0.000153099 
        27.5      140.151      1.00005   0.00142953  0.000154062 
        27.5      140.635      1.00005   0.00142924  0.000155028 
        27.5       141.12      1.00005   0.00142895  0.000155997 
        27.5      141.607      1.00005   0.00142865  0.000156969 
        27.5      142.094      1.00005   0.00142835  0.000157945 
        27.5      142.582      1.00005   0.00142804  0.000158923 
        27.5       143.07      1.00004   0.00142772  0.000159904 
        27.5       143.56      1.00004   0.00142739  0.000160889 
        27.5       144.05      1.00004   0.00142705  0.000161876 
        27.5      144.541      1.00004    0.0014267  0.000162867 
        27.5      145.033      1.00004   0.00142635  0.000163861 
        27.5      145.526      1.00004   0.00142599  0.000164858 
        27.5       146.02      1.00004   0.00142562  0.000165857 
        27.5      146.515      1.00004   0.00142524   0.00016686 
        27.5       147.01      1.00004   0.00142484  0.000167866 
        27.5      147.506      1.00006    0.0014259  0.000168017 
        27.5      148.003      1.00006   0.00142568  0.000168972 
        27.5      148.501      1.00006   0.00142546  0.000169906 
        27.5          149      1.00006   0.00142525  0.000170818 
        27.5        149.5      1.00006   0.00142506  0.000171708 
        27.5          150      1.00006   0.00142487  0.000172575 
