Variables = x, y, u, v, p

Zone, I=600, F=POINT
        -8.5            0  8.91369e-07  8.52632e-09 -0.000470771 
        -8.5     0.000418  0.000245572  8.28563e-09 -0.000470771 
        -8.5     0.001672  0.000979598  7.85911e-09 -0.000470771 
        -8.5     0.003763    0.0022035  8.14048e-09  -0.00047077 
        -8.5     0.006689   0.00391604  1.06407e-08 -0.000470769 
        -8.5     0.010451   0.00611766  1.75215e-08 -0.000470768 
        -8.5      0.01505   0.00880881   3.1646e-08 -0.000470767 
        -8.5     0.020485    0.0119887  5.66301e-08 -0.000470765 
        -8.5     0.026756    0.0156571  9.69217e-08 -0.000470763 
        -8.5     0.033863    0.0198138  1.57885e-07 -0.000470761 
        -8.5     0.041806    0.0244584  2.45902e-07 -0.000470759 
        -8.5     0.050585    0.0295906  3.68481e-07 -0.000470756 
        -8.5     0.060201    0.0352105  5.34409e-07 -0.000470752 
        -8.5     0.070652    0.0413166  7.53811e-07 -0.000470748 
        -8.5      0.08194    0.0479094  1.03844e-06 -0.000470743 
        -8.5     0.094063    0.0549872  1.40167e-06 -0.000470738 
        -8.5     0.107023    0.0625506  1.85888e-06 -0.000470732 
        -8.5     0.120819    0.0705983  2.42744e-06 -0.000470726 
        -8.5     0.135451    0.0791294  3.12706e-06 -0.000470718 
        -8.5     0.150919    0.0881431  3.97994e-06 -0.000470709 
        -8.5     0.167224    0.0976391  5.01111e-06 -0.000470699 
        -8.5     0.184364     0.107615  6.24837e-06 -0.000470688 
        -8.5     0.202341     0.118071  7.72307e-06 -0.000470675 
        -8.5     0.221153     0.129005  9.46976e-06 -0.000470661 
        -8.5     0.240802     0.140416  1.15272e-05 -0.000470644 
        -8.5     0.261287     0.152311  1.39875e-05 -0.000470626 
        -8.5     0.282608     0.164658  1.67033e-05 -0.000470604 
        -8.5     0.304765     0.177479  1.98762e-05  -0.00047058 
        -8.5     0.327758     0.190771  2.35475e-05 -0.000470552 
        -8.5     0.351588     0.204528  2.77603e-05  -0.00047052 
        -8.5     0.376253     0.218745  3.25589e-05 -0.000470483 
        -8.5     0.401755     0.233418    3.799e-05 -0.000470442 
        -8.5     0.428092     0.248538  4.41015e-05 -0.000470394 
        -8.5     0.455266       0.2641  5.09438e-05  -0.00047034 
        -8.5     0.483276     0.280094  5.85682e-05 -0.000470279 
        -8.5     0.512122     0.296512  6.70285e-05 -0.000470208 
        -8.5     0.541805     0.313343  7.63803e-05 -0.000470129 
        -8.5     0.572323     0.330576  8.66802e-05 -0.000470039 
        -8.5     0.603677     0.348198  9.79877e-05 -0.000469937 
        -8.5     0.635868     0.366195  0.000110364 -0.000469822 
        -8.5     0.668894     0.384552  0.000123872 -0.000469692 
        -8.5     0.702757     0.403254  0.000138576 -0.000469546 
        -8.5     0.737456     0.422281  0.000154543 -0.000469382 
        -8.5     0.772991     0.441407  0.000171665 -0.000469187 
        -8.5     0.809362     0.461103  0.000189939 -0.000468992 
        -8.5      0.84657     0.481003  0.000209589  -0.00046877 
        -8.5     0.884613     0.501075  0.000230614  -0.00046852 
        -8.5     0.923492      0.52129  0.000253008 -0.000468241 
        -8.5     0.963208     0.541614  0.000276758  -0.00046793 
        -8.5      1.00376      0.56201  0.000301841 -0.000467585 
        -8.5      1.04515     0.582442  0.000328227 -0.000467206 
        -8.5      1.08737     0.602867  0.000355874  -0.00046679 
        -8.5      1.13043     0.623244  0.000384735 -0.000466335 
        -8.5      1.17433     0.643527  0.000414748 -0.000465839 
        -8.5      1.21906     0.663667  0.000445843 -0.000465301 
        -8.5      1.26463     0.683614  0.000477938 -0.000464718 
        -8.5      1.31103     0.703313  0.000510939 -0.000464089 
        -8.5      1.35827     0.722707  0.000544739  -0.00046341 
        -8.5      1.40635     0.741737  0.000579219  -0.00046268 
        -8.5      1.45526     0.760337  0.000614246 -0.000461897 
        -8.5      1.50501     0.778441  0.000649672 -0.000461058 
        -8.5       1.5556      0.79598  0.000685335 -0.000460161 
        -8.5      1.60702     0.812878  0.000721057 -0.000459204 
        -8.5      1.65928     0.829058  0.000756643 -0.000458183 
        -8.5      1.71237     0.844438  0.000791885 -0.000457097 
        -8.5       1.7663     0.860945  0.000825685 -0.000456051 
        -8.5      1.82106     0.874307  0.000860981 -0.000454813 
        -8.5      1.87667      0.88694  0.000894687 -0.000453523 
        -8.5      1.93311     0.898837  0.000926771 -0.000452183 
        -8.5      1.99038     0.909994  0.000957211 -0.000450792 
        -8.5      2.04849     0.920408  0.000985986 -0.000449351 
        -8.5      2.10744      0.93008   0.00101308 -0.000447858 
        -8.5      2.16722     0.939014   0.00103849 -0.000446316 
        -8.5      2.22784     0.947215    0.0010622 -0.000444723 
        -8.5      2.28929     0.954694   0.00108422 -0.000443081 
        -8.5      2.35158     0.961463   0.00110456  -0.00044139 
        -8.5      2.41471     0.967539   0.00112323  -0.00043965 
        -8.5      2.47867     0.972941   0.00114025 -0.000437863 
        -8.5      2.54347     0.977693   0.00115565  -0.00043603 
        -8.5      2.60911     0.981822   0.00116946 -0.000434151 
        -8.5      2.67558      0.98536   0.00118173 -0.000432229 
        -8.5      2.74288     0.988341    0.0011925 -0.000430264 
        -8.5      2.81103     0.990804   0.00120184 -0.000428257 
        -8.5      2.88001     0.992795    0.0012098 -0.000426212 
        -8.5      2.94983     0.994359   0.00121647 -0.000424129 
        -8.5      3.02048     0.995552   0.00122191  -0.00042201 
        -8.5      3.09197      0.99643   0.00122624 -0.000419859 
        -8.5      3.16429     0.997055   0.00122954 -0.000417677 
        -8.5      3.23745     0.997496   0.00123192 -0.000415467 
        -8.5      3.31145     0.997825   0.00123352 -0.000413231 
        -8.5      3.38628      0.99812   0.00123444 -0.000410974 
        -8.5      3.46195     0.998464   0.00123485 -0.000408697 
        -8.5      3.53845     0.998949   0.00123488 -0.000406404 
        -8.5      3.61579     0.999667    0.0012347   -0.0004041 
        -8.5      3.69397      1.00072   0.00123449 -0.000401788 
        -8.5      3.77298     0.999933   0.00123572 -0.000399359 
        -8.5      3.85283     0.999985   0.00123539 -0.000396954 
        -8.5      3.93352      1.00003   0.00123504 -0.000394526 
        -8.5      4.01504      1.00006   0.00123466 -0.000392075 
        -8.5       4.0974      1.00009   0.00123427 -0.000389604 
        -8.5      4.18059      1.00011   0.00123385 -0.000387111 
        -8.5      4.26462      1.00013   0.00123342 -0.000384597 
        -8.5      4.34949      1.00014   0.00123299 -0.000382063 
        -8.5      4.43519      1.00014   0.00123254  -0.00037951 
        -8.5      4.52173      1.00015    0.0012321 -0.000376937 
        -8.5       4.6091      1.00014   0.00123166 -0.000374346 
        -8.5      4.69731      1.00014   0.00123123 -0.000371737 
        -8.5      4.78636      1.00013   0.00123081  -0.00036911 
        -8.5      4.87624      1.00012   0.00123042 -0.000366467 
        -8.5      4.96696      1.00012   0.00123005 -0.000363808 
        -8.5      5.05851      1.00011   0.00122971 -0.000361133 
        -8.5       5.1509      1.00011   0.00122941 -0.000358444 
        -8.5      5.24413      1.00011   0.00122916 -0.000355741 
        -8.5       5.3382      1.00011   0.00122896 -0.000353024 
        -8.5      5.43309      1.00013   0.00122882 -0.000350296 
        -8.5      5.52883      1.00014   0.00122875 -0.000347556 
        -8.5       5.6254      1.00013   0.00122852 -0.000344805 
        -8.5      5.72281      1.00011   0.00122831 -0.000342034 
        -8.5      5.82105      1.00011    0.0012282 -0.000339263 
        -8.5      5.92013       1.0001   0.00122813 -0.000336482 
        -8.5      6.02005       1.0001   0.00122808 -0.000333693 
        -8.5       6.1208       1.0001   0.00122807 -0.000330896 
        -8.5      6.22239       1.0001   0.00122808 -0.000328092 
        -8.5      6.32482      1.00009   0.00122812 -0.000325281 
        -8.5      6.42808      1.00009   0.00122819 -0.000322464 
        -8.5      6.53217      1.00009    0.0012283 -0.000319642 
        -8.5      6.63711      1.00009   0.00122843 -0.000316815 
        -8.5      6.74287      1.00008   0.00122859 -0.000313984 
        -8.5      6.84948      1.00008   0.00122878 -0.000311149 
        -8.5      6.95692      1.00008     0.001229 -0.000308313 
        -8.5       7.0652      1.00008   0.00122925 -0.000305474 
        -8.5      7.17431      1.00007   0.00122953 -0.000302634 
        -8.5      7.28426      1.00007   0.00122984 -0.000299794 
        -8.5      7.39505      1.00007   0.00123018 -0.000296955 
        -8.5      7.50667      1.00007   0.00123054 -0.000294116 
        -8.5      7.61913      1.00006   0.00123094  -0.00029128 
        -8.5      7.73242      1.00006   0.00123136 -0.000288447 
        -8.5      7.84655      1.00006   0.00123181 -0.000285618 
        -8.5      7.96152      1.00006   0.00123229 -0.000282793 
        -8.5      8.07732      1.00005   0.00123282 -0.000279985 
        -8.5      8.19396      1.00005   0.00123336 -0.000277165 
        -8.5      8.31143      1.00005   0.00123393 -0.000274353 
        -8.5      8.42974      1.00005   0.00123453 -0.000271549 
        -8.5      8.54889      1.00005   0.00123516 -0.000268754 
        -8.5      8.66887      1.00004   0.00123582 -0.000265967 
        -8.5      8.78969      1.00004    0.0012365  -0.00026319 
        -8.5      8.91135      1.00004   0.00123722 -0.000260422 
        -8.5      9.03384      1.00004   0.00123796 -0.000257664 
        -8.5      9.15717      1.00003   0.00123872 -0.000254916 
        -8.5      9.28133      1.00003   0.00123952 -0.000252179 
        -8.5      9.40633      1.00003   0.00124036 -0.000249439 
        -8.5      9.53216      1.00003    0.0012412  -0.00024673 
        -8.5      9.65884      1.00002   0.00124207 -0.000244032 
        -8.5      9.78634      1.00002   0.00124297 -0.000241346 
        -8.5      9.91469      1.00002    0.0012439 -0.000238673 
        -8.5      10.0439      1.00002   0.00124484 -0.000236012 
        -8.5      10.1739      1.00002   0.00124582 -0.000233365 
        -8.5      10.3047      1.00001   0.00124682 -0.000230733 
        -8.5      10.4364      1.00001   0.00124784 -0.000228116 
        -8.5      10.5689      1.00001   0.00124888 -0.000225515 
        -8.5      10.7023      1.00001   0.00124995 -0.000222931 
        -8.5      10.8365            1   0.00125101 -0.000220389 
        -8.5      10.9715            1   0.00125211 -0.000217827 
        -8.5      11.1074            1   0.00125324 -0.000215285 
        -8.5      11.2441     0.999999   0.00125438 -0.000212762 
        -8.5      11.3817     0.999997   0.00125555 -0.000210261 
        -8.5        11.52     0.999995   0.00125674 -0.000207779 
        -8.5      11.6592     0.999993   0.00125795 -0.000205318 
        -8.5      11.7993     0.999991   0.00125918 -0.000202877 
        -8.5      11.9402     0.999989   0.00126043 -0.000200456 
        -8.5      12.0819     0.999987    0.0012617 -0.000198056 
        -8.5      12.2245     0.999985   0.00126299 -0.000195676 
        -8.5      12.3679     0.999983    0.0012643 -0.000193316 
        -8.5      12.5121     0.999981   0.00126563 -0.000190977 
        -8.5      12.6572     0.999979   0.00126698 -0.000188657 
        -8.5      12.8031     0.999977   0.00126829  -0.00018633 
        -8.5      12.9498     0.999976   0.00126966 -0.000184063 
        -8.5      13.0974     0.999974   0.00127104 -0.000181815 
        -8.5      13.2458     0.999972   0.00127243 -0.000179588 
        -8.5       13.395     0.999971   0.00127384 -0.000177379 
        -8.5      13.5451     0.999969   0.00127526 -0.000175192 
        -8.5       13.696     0.999967   0.00127669 -0.000173024 
        -8.5      13.8478     0.999966   0.00127814 -0.000170877 
        -8.5      14.0004     0.999964    0.0012796 -0.000168751 
        -8.5      14.1538     0.999962   0.00128107 -0.000166646 
        -8.5      14.3081     0.999961   0.00128255 -0.000164562 
        -8.5      14.4632     0.999959   0.00128404   -0.0001625 
        -8.5      14.6191     0.999958   0.00128554  -0.00016046 
        -8.5      14.7759     0.999956   0.00128705 -0.000158441 
        -8.5      14.9335     0.999955   0.00128857 -0.000156445 
        -8.5      15.0919     0.999953    0.0012901 -0.000154471 
        -8.5      15.2512     0.999952   0.00129163  -0.00015252 
        -8.5      15.4113     0.999951   0.00129318 -0.000150591 
        -8.5      15.5723     0.999949   0.00129473 -0.000148685 
        -8.5      15.7341     0.999948   0.00129628 -0.000146803 
        -8.5      15.8967     0.999947   0.00129785 -0.000144943 
        -8.5      16.0602     0.999945   0.00129942 -0.000143107 
        -8.5      16.2245     0.999944   0.00130099 -0.000141294 
        -8.5      16.3896     0.999943   0.00130256 -0.000139505 
        -8.5      16.5556     0.999942   0.00130414  -0.00013774 
        -8.5      16.7224     0.999941   0.00130575 -0.000135974 
        -8.5        16.89      0.99994   0.00130735 -0.000134264 
        -8.5      17.0585     0.999939   0.00130896 -0.000132575 
        -8.5      17.2278     0.999938   0.00131056 -0.000130907 
        -8.5      17.3979     0.999936   0.00131215 -0.000129257 
        -8.5      17.5689     0.999935   0.00131375 -0.000127626 
        -8.5      17.7408     0.999934   0.00131541 -0.000126014 
        -8.5      17.9134     0.999933     0.001317 -0.000124409 
        -8.5      18.0869     0.999932   0.00131859 -0.000122827 
        -8.5      18.2612     0.999931   0.00132018 -0.000121268 
        -8.5      18.4364      0.99993   0.00132178 -0.000119732 
        -8.5      18.6124     0.999929   0.00132338 -0.000118218 
        -8.5      18.7892     0.999929   0.00132498 -0.000116728 
        -8.5      18.9669     0.999928   0.00132658 -0.000115259 
        -8.5      19.1454     0.999927   0.00132819 -0.000113813 
        -8.5      19.3248     0.999926   0.00132968 -0.000112328 
        -8.5       19.505     0.999925   0.00133128 -0.000110898 
        -8.5       19.686     0.999924   0.00133288 -0.000109493 
        -8.5      19.8678     0.999924   0.00133447 -0.000108111 
        -8.5      20.0505     0.999923   0.00133606 -0.000106751 
        -8.5      20.2341     0.999922   0.00133765 -0.000105414 
        -8.5      20.4184     0.999921   0.00133924 -0.000104099 
        -8.5      20.6036     0.999921   0.00134082 -0.000102805 
        -8.5      20.7897      0.99992    0.0013424 -0.000101532 
        -8.5      20.9765     0.999919   0.00134397  -0.00010028 
        -8.5      21.1642     0.999919   0.00134554 -9.90469e-05 
        -8.5      21.3528     0.999918    0.0013471  -9.7833e-05 
        -8.5      21.5422     0.999918   0.00134865 -9.66376e-05 
        -8.5      21.7324     0.999917    0.0013502   -9.546e-05 
        -8.5      21.9234     0.999916   0.00135174 -9.42995e-05 
        -8.5      22.1153     0.999916   0.00135327 -9.31554e-05 
        -8.5       22.308     0.999915   0.00135478  -9.2027e-05 
        -8.5      22.5016     0.999915   0.00135629 -9.09135e-05 
        -8.5       22.696     0.999915   0.00135779 -8.98142e-05 
        -8.5      22.8912     0.999914   0.00135928 -8.87282e-05 
        -8.5      23.0873     0.999914   0.00136076 -8.76547e-05 
        -8.5      23.2842     0.999914   0.00136249 -8.65296e-05 
        -8.5       23.482     0.999913     0.001364  -8.5473e-05 
        -8.5      23.6805     0.999913    0.0013655 -8.44314e-05 
        -8.5        23.88     0.999913   0.00136699 -8.34046e-05 
        -8.5      24.0802     0.999913   0.00136848 -8.23927e-05 
        -8.5      24.2813     0.999912   0.00136996 -8.13955e-05 
        -8.5      24.4832     0.999912   0.00137142  -8.0413e-05 
        -8.5       24.686     0.999912   0.00137288  -7.9445e-05 
        -8.5      24.8896     0.999911   0.00137433 -7.84913e-05 
        -8.5       25.094     0.999911   0.00137578  -7.7552e-05 
        -8.5      25.2993     0.999911   0.00137721 -7.66269e-05 
        -8.5      25.5054     0.999911   0.00137863 -7.57157e-05 
        -8.5      25.7123      0.99991   0.00138005 -7.48185e-05 
        -8.5      25.9201      0.99991   0.00138145  -7.3935e-05 
        -8.5      26.1287      0.99991   0.00138285 -7.30652e-05 
        -8.5      26.3381      0.99991   0.00138423 -7.22087e-05 
        -8.5      26.5484      0.99991   0.00138561 -7.13655e-05 
        -8.5      26.7595      0.99991   0.00138698 -7.05353e-05 
        -8.5      26.9715     0.999909   0.00138833 -6.97181e-05 
        -8.5      27.1843     0.999909   0.00138968 -6.89135e-05 
        -8.5      27.3979     0.999909   0.00139102 -6.81214e-05 
        -8.5      27.6124     0.999909   0.00139234 -6.73415e-05 
        -8.5      27.8277     0.999909   0.00139366 -6.65737e-05 
        -8.5      28.0438     0.999909   0.00139496 -6.58177e-05 
        -8.5      28.2608     0.999909   0.00139626 -6.50732e-05 
        -8.5      28.4786     0.999909   0.00139754   -6.434e-05 
        -8.5      28.6972     0.999909   0.00139881  -6.3618e-05 
        -8.5      28.9167     0.999909   0.00140007 -6.29066e-05 
        -8.5       29.137     0.999909   0.00140132 -6.22058e-05 
        -8.5      29.3582     0.999909   0.00140274 -6.12291e-05 
        -8.5      29.5802     0.999909   0.00140398 -6.05122e-05 
        -8.5       29.803     0.999909   0.00140522  -5.9806e-05 
        -8.5      30.0267     0.999909   0.00140645   -5.911e-05 
        -8.5      30.2512     0.999909   0.00140767 -5.84238e-05 
        -8.5      30.4765     0.999909   0.00140888  -5.7747e-05 
        -8.5      30.7027      0.99991   0.00141008 -5.70791e-05 
        -8.5      30.9297      0.99991   0.00141127 -5.64197e-05 
        -8.5      31.1575      0.99991   0.00141244 -5.57682e-05 
        -8.5      31.3862      0.99991   0.00141361 -5.51243e-05 
        -8.5      31.6157     0.999911   0.00141461 -5.45781e-05 
        -8.5      31.8461     0.999911    0.0014158 -5.38954e-05 
        -8.5      32.0773     0.999911   0.00141699 -5.32228e-05 
        -8.5      32.3093     0.999911   0.00141816 -5.25602e-05 
        -8.5      32.5421     0.999912   0.00141931 -5.19076e-05 
        -8.5      32.7758     0.999912   0.00142046 -5.12648e-05 
        -8.5      33.0104     0.999912   0.00142159 -5.06319e-05 
        -8.5      33.2457     0.999912   0.00142271 -5.00086e-05 
        -8.5      33.4819     0.999913   0.00142382 -4.93951e-05 
        -8.5       33.719     0.999912    0.0014246 -4.89608e-05 
        -8.5      33.9568     0.999912   0.00142567 -4.83599e-05 
        -8.5      34.1956     0.999912   0.00142673 -4.77622e-05 
        -8.5      34.4351     0.999912   0.00142779 -4.71677e-05 
        -8.5      34.6755     0.999912   0.00142885 -4.65765e-05 
        -8.5      34.9167     0.999913   0.00142989 -4.59886e-05 
        -8.5      35.1588     0.999913   0.00143093  -4.5404e-05 
        -8.5      35.4017     0.999913   0.00143196 -4.48228e-05 
        -8.5      35.6454     0.999913   0.00143298 -4.42449e-05 
        -8.5      35.8899     0.999914     0.001434 -4.36706e-05 
        -8.5      36.1354     0.999914   0.00143501 -4.30997e-05 
        -8.5      36.3816     0.999914   0.00143601 -4.25323e-05 
        -8.5      36.6287     0.999915     0.001437 -4.19685e-05 
        -8.5      36.8766     0.999915   0.00143798 -4.14083e-05 
        -8.5      37.1253     0.999916   0.00143895 -4.08518e-05 
        -8.5      37.3749     0.999916   0.00143992 -4.02989e-05 
        -8.5      37.6253     0.999916   0.00144087 -3.97497e-05 
        -8.5      37.8766     0.999917   0.00144182 -3.92043e-05 
        -8.5      38.1287     0.999917   0.00144275 -3.86626e-05 
        -8.5      38.3816     0.999917   0.00144368 -3.81248e-05 
        -8.5      38.6353     0.999918   0.00144459 -3.75908e-05 
        -8.5      38.8899     0.999918    0.0014455 -3.70607e-05 
        -8.5      39.1454     0.999919   0.00144639 -3.65345e-05 
        -8.5      39.4016     0.999919   0.00144727 -3.60123e-05 
        -8.5      39.6588     0.999919   0.00144814  -3.5494e-05 
        -8.5      39.9167     0.999919   0.00144901 -3.49798e-05 
        -8.5      40.1755      0.99992   0.00144985 -3.44697e-05 
        -8.5      40.4351      0.99992   0.00145069 -3.39637e-05 
        -8.5      40.6955      0.99992   0.00145152 -3.34617e-05 
        -8.5      40.9568      0.99992   0.00145233  -3.2964e-05 
        -8.5      41.2189      0.99992   0.00145313 -3.24704e-05 
        -8.5      41.4819      0.99992   0.00145392 -3.19811e-05 
        -8.5      41.7457     0.999921   0.00145451 -3.14556e-05 
        -8.5      42.0103     0.999921   0.00145528 -3.09353e-05 
        -8.5      42.2758     0.999922   0.00145605 -3.04152e-05 
        -8.5      42.5421     0.999922    0.0014568 -2.98954e-05 
        -8.5      42.8092     0.999922   0.00145755 -2.93759e-05 
        -8.5      43.0772     0.999923    0.0014583 -2.88565e-05 
        -8.5       43.346     0.999923   0.00145903 -2.83374e-05 
        -8.5      43.6157     0.999924   0.00145976 -2.78185e-05 
        -8.5      43.8862     0.999924   0.00146049 -2.72997e-05 
        -8.5      44.1575     0.999924   0.00146121 -2.67812e-05 
        -8.5      44.4296     0.999925   0.00146192 -2.62628e-05 
        -8.5      44.7026     0.999925   0.00146262 -2.57445e-05 
        -8.5      44.9765     0.999926   0.00146332 -2.52264e-05 
        -8.5      45.2511     0.999926   0.00146402 -2.47084e-05 
        -8.5      45.5266     0.999926    0.0014647 -2.41905e-05 
        -8.5       45.803     0.999927   0.00146538 -2.36727e-05 
        -8.5      46.0801     0.999927   0.00146606  -2.3155e-05 
        -8.5      46.3581     0.999928   0.00146672 -2.26373e-05 
        -8.5       46.637     0.999928   0.00146739 -2.21196e-05 
        -8.5      46.9167     0.999928   0.00146804  -2.1602e-05 
        -8.5      47.1972     0.999929   0.00146869 -2.10843e-05 
        -8.5      47.4785     0.999929   0.00146934 -2.05667e-05 
        -8.5      47.7607      0.99993   0.00146997 -2.00489e-05 
        -8.5      48.0438      0.99993    0.0014706 -1.95311e-05 
        -8.5      48.3276      0.99993   0.00147123 -1.90132e-05 
        -8.5      48.6123     0.999931   0.00147185 -1.84952e-05 
        -8.5      48.8979     0.999931   0.00147246 -1.79771e-05 
        -8.5      49.1842     0.999932   0.00147307 -1.74588e-05 
        -8.5      49.4714     0.999932   0.00147368 -1.69403e-05 
        -8.5      49.7595     0.999933   0.00147427 -1.64216e-05 
        -8.5      50.0484     0.999933   0.00147486 -1.59026e-05 
        -8.5      50.3381     0.999933   0.00147545 -1.53835e-05 
        -8.5      50.6286     0.999934   0.00147603  -1.4864e-05 
        -8.5        50.92     0.999934    0.0014766 -1.43442e-05 
        -8.5      51.2122     0.999935   0.00147717  -1.3824e-05 
        -8.5      51.5053     0.999935   0.00147774 -1.33035e-05 
        -8.5      51.7992     0.999936    0.0014783 -1.27826e-05 
        -8.5      52.0939     0.999936   0.00147885 -1.22613e-05 
        -8.5      52.3895     0.999937    0.0014794 -1.17395e-05 
        -8.5      52.6859     0.999937   0.00147994 -1.12172e-05 
        -8.5      52.9831     0.999938   0.00148048 -1.06944e-05 
        -8.5      53.2812     0.999939   0.00148101  -1.0171e-05 
        -8.5      53.5801     0.999939   0.00148154 -9.64706e-06 
        -8.5      53.8799      0.99994   0.00148207 -9.12248e-06 
        -8.5      54.1805      0.99994   0.00148258 -8.59725e-06 
        -8.5      54.4819     0.999941    0.0014831 -8.07133e-06 
        -8.5      54.7841     0.999942   0.00148361 -7.54469e-06 
        -8.5      55.0872     0.999942   0.00148417 -6.75897e-06 
        -8.5      55.3912     0.999943   0.00148472  -6.2093e-06 
        -8.5      55.6959     0.999943   0.00148527 -5.65794e-06 
        -8.5      56.0015     0.999943   0.00148581 -5.10502e-06 
        -8.5       56.308     0.999944   0.00148634 -4.55068e-06 
        -8.5      56.6152     0.999944   0.00148687 -3.99503e-06 
        -8.5      56.9233     0.999945   0.00148739 -3.43822e-06 
        -8.5      57.2323     0.999945   0.00148791 -2.88039e-06 
        -8.5      57.5421     0.999945   0.00148843 -2.32168e-06 
        -8.5      57.8527     0.999946   0.00148893 -1.76222e-06 
        -8.5      58.1641     0.999946   0.00148944 -1.20217e-06 
        -8.5      58.4764     0.999947   0.00148993 -6.41678e-07 
        -8.5      58.7896     0.999947   0.00149042 -8.08821e-08 
        -8.5      59.1035     0.999947   0.00149091  4.80061e-07 
        -8.5      59.4183     0.999948   0.00149138    1.041e-06 
        -8.5      59.7339     0.999948   0.00149076  1.55168e-06 
        -8.5      60.0504     0.999948   0.00149117   2.1552e-06 
        -8.5      60.3677     0.999949   0.00149157  2.75957e-06 
        -8.5      60.6859     0.999949   0.00149196   3.3649e-06 
        -8.5      61.0048     0.999949   0.00149234  3.97125e-06 
        -8.5      61.3247     0.999949    0.0014927  4.57873e-06 
        -8.5      61.6453      0.99995   0.00149306  5.18742e-06 
        -8.5      61.9668      0.99995   0.00149341  5.79741e-06 
        -8.5      62.2891      0.99995   0.00149374  6.40879e-06 
        -8.5      62.6123     0.999951   0.00149407  7.02166e-06 
        -8.5      62.9363     0.999952   0.00149483  7.62353e-06 
        -8.5      63.2611     0.999952   0.00149513  8.20099e-06 
        -8.5      63.5868     0.999953   0.00149543  8.78253e-06 
        -8.5      63.9133     0.999954   0.00149572  9.36813e-06 
        -8.5      64.2406     0.999954   0.00149602  9.95779e-06 
        -8.5      64.5688     0.999955   0.00149631  1.05515e-05 
        -8.5      64.8978     0.999956    0.0014966  1.11492e-05 
        -8.5      65.2277     0.999956    0.0014969  1.17509e-05 
        -8.5      65.5583     0.999957   0.00149719  1.23566e-05 
        -8.5      65.8899     0.999958   0.00149747  1.29662e-05 
        -8.5      66.2222     0.999958   0.00149776  1.35798e-05 
        -8.5      66.5554     0.999959   0.00149805  1.41973e-05 
        -8.5      66.8894     0.999959   0.00149833  1.48188e-05 
        -8.5      67.2243      0.99996   0.00149861  1.54441e-05 
        -8.5        67.56     0.999961   0.00149889  1.60733e-05 
        -8.5      67.8966     0.999961   0.00149917  1.67063e-05 
        -8.5      68.2339     0.999962   0.00149945  1.73432e-05 
        -8.5      68.5721     0.999962   0.00149973  1.79839e-05 
        -8.5      68.9112     0.999963       0.0015  1.86283e-05 
        -8.5      69.2511     0.999963   0.00150027  1.92765e-05 
        -8.5      69.5918     0.999964   0.00150054  1.99285e-05 
        -8.5      69.9333     0.999964   0.00150081  2.05841e-05 
        -8.5      70.2757     0.999965   0.00150108  2.12435e-05 
        -8.5      70.6189     0.999965   0.00150134  2.19065e-05 
        -8.5       70.963     0.999966    0.0015016  2.25731e-05 
        -8.5      71.3079     0.999966   0.00150186  2.32433e-05 
        -8.5      71.6536     0.999967   0.00150212  2.39172e-05 
        -8.5      72.0002     0.999967   0.00150238  2.45945e-05 
        -8.5      72.3476     0.999967   0.00150263  2.52754e-05 
        -8.5      72.6959     0.999968   0.00150288  2.59598e-05 
        -8.5      73.0449     0.999968   0.00150313  2.66477e-05 
        -8.5      73.3949     0.999969   0.00150338   2.7339e-05 
        -8.5      73.7456     0.999969   0.00150362  2.80337e-05 
        -8.5      74.0972      0.99997   0.00150387  2.87318e-05 
        -8.5      74.4496      0.99997   0.00150411  2.94332e-05 
        -8.5      74.8029      0.99997   0.00150434   3.0138e-05 
        -8.5       75.157     0.999971   0.00150458   3.0846e-05 
        -8.5      75.5119     0.999971   0.00150481  3.15573e-05 
        -8.5      75.8677     0.999972   0.00150504  3.22718e-05 
        -8.5      76.2243     0.999972   0.00150526  3.29894e-05 
        -8.5      76.5817     0.999972   0.00150549  3.37102e-05 
        -8.5        76.94     0.999973   0.00150571  3.44341e-05 
        -8.5      77.2991     0.999973   0.00150592  3.51611e-05 
        -8.5      77.6591     0.999973   0.00150614  3.58911e-05 
        -8.5      78.0198     0.999974   0.00150635  3.66241e-05 
        -8.5      78.3815     0.999974   0.00150656  3.73601e-05 
        -8.5      78.7439     0.999975   0.00150676   3.8099e-05 
        -8.5      79.1072     0.999975   0.00150696  3.88407e-05 
        -8.5      79.4714     0.999975   0.00150716  3.95853e-05 
        -8.5      79.8363     0.999976   0.00150736  4.03327e-05 
        -8.5      80.2021     0.999976   0.00150755  4.10829e-05 
        -8.5      80.5688     0.999976   0.00150774  4.18357e-05 
        -8.5      80.9362     0.999977   0.00150792  4.25912e-05 
        -8.5      81.3045     0.999977    0.0015081  4.33494e-05 
        -8.5      81.6737     0.999978   0.00150828  4.41101e-05 
        -8.5      82.0437     0.999978   0.00150845  4.48734e-05 
        -8.5      82.4145     0.999978   0.00150862  4.56392e-05 
        -8.5      82.7861     0.999979   0.00150879  4.64074e-05 
        -8.5      83.1586     0.999979   0.00150895   4.7178e-05 
        -8.5       83.532      0.99998   0.00150911   4.7951e-05 
        -8.5      83.9061      0.99998   0.00150926  4.87262e-05 
        -8.5      84.2811     0.999981   0.00150941  4.95037e-05 
        -8.5       84.657     0.999981   0.00150956  5.02835e-05 
        -8.5      85.0336     0.999981    0.0015097  5.10653e-05 
        -8.5      85.4111     0.999982   0.00150984  5.18493e-05 
        -8.5      85.7895     0.999982   0.00150997  5.26353e-05 
        -8.5      86.1687     0.999983    0.0015101  5.34234e-05 
        -8.5      86.5487     0.999983   0.00151022  5.42133e-05 
        -8.5      86.9295     0.999984   0.00151034  5.50052e-05 
        -8.5      87.3112     0.999984   0.00151046  5.57989e-05 
        -8.5      87.6937     0.999985   0.00151057  5.65943e-05 
        -8.5      88.0771     0.999985   0.00151068  5.73915e-05 
        -8.5      88.4613     0.999986   0.00151078  5.81904e-05 
        -8.5      88.8463     0.999986   0.00151149  5.91765e-05 
        -8.5      89.2322     0.999986   0.00151162  5.99757e-05 
        -8.5      89.6189     0.999986   0.00151174  6.07744e-05 
        -8.5      90.0064     0.999987   0.00151184  6.15726e-05 
        -8.5      90.3948     0.999987   0.00151194  6.23702e-05 
        -8.5       90.784     0.999987   0.00151202  6.31674e-05 
        -8.5      91.1741     0.999988   0.00151209  6.39642e-05 
        -8.5       91.565     0.999988   0.00151215  6.47605e-05 
        -8.5      91.9567     0.999988    0.0015122  6.55564e-05 
        -8.5      92.3492     0.999989   0.00151223  6.63519e-05 
        -8.5      92.7426     0.999989   0.00151225  6.71471e-05 
        -8.5      93.1369      0.99999   0.00151227  6.79419e-05 
        -8.5      93.5319      0.99999   0.00151227  6.87364e-05 
        -8.5      93.9278     0.999991   0.00151226  6.95306e-05 
        -8.5      94.3246     0.999991   0.00151223  7.03246e-05 
        -8.5      94.7221     0.999991    0.0015122  7.11183e-05 
        -8.5      95.1206     0.999992   0.00151215  7.19118e-05 
        -8.5      95.5198     0.999992   0.00151209  7.27051e-05 
        -8.5      95.9199     0.999993   0.00151202  7.34982e-05 
        -8.5      96.3208     0.999993   0.00151193  7.42912e-05 
        -8.5      96.7226     0.999991   0.00151185  7.52767e-05 
        -8.5      97.1251     0.999992   0.00151195  7.61275e-05 
        -8.5      97.5286     0.999993   0.00151205  7.69804e-05 
        -8.5      97.9328     0.999993   0.00151214  7.78354e-05 
        -8.5      98.3379     0.999994   0.00151223  7.86925e-05 
        -8.5      98.7439     0.999994   0.00151231  7.95519e-05 
        -8.5      99.1506     0.999994   0.00151239  8.04134e-05 
        -8.5      99.5583     0.999995   0.00151246  8.12773e-05 
        -8.5      99.9667     0.999995   0.00151253  8.21436e-05 
        -8.5      100.376     0.999996   0.00151259  8.30124e-05 
        -8.5      100.786     0.999996   0.00151265  8.38836e-05 
        -8.5      101.197     0.999996    0.0015127  8.47574e-05 
        -8.5      101.609     0.999997   0.00151275  8.56339e-05 
        -8.5      102.021     0.999997    0.0015128  8.65131e-05 
        -8.5      102.435     0.999997   0.00151284   8.7395e-05 
        -8.5      102.849     0.999998   0.00151287  8.82798e-05 
        -8.5      103.264     0.999998    0.0015129  8.91675e-05 
        -8.5       103.68     0.999998   0.00151292  9.00582e-05 
        -8.5      104.097     0.999998   0.00151294   9.0952e-05 
        -8.5      104.515     0.999999   0.00151296  9.18488e-05 
        -8.5      104.933     0.999999   0.00151297  9.27489e-05 
        -8.5      105.353     0.999999   0.00151297  9.36522e-05 
        -8.5      105.773     0.999999   0.00151297  9.45589e-05 
        -8.5      106.194            1   0.00151297  9.54689e-05 
        -8.5      106.616            1   0.00151296  9.63825e-05 
        -8.5      107.038            1   0.00151294  9.72996e-05 
        -8.5      107.462            1   0.00151292  9.82204e-05 
        -8.5      107.886            1   0.00151289  9.91449e-05 
        -8.5      108.311            1   0.00151286  0.000100073 
        -8.5      108.737            1   0.00151283  0.000101005 
        -8.5      109.164            1   0.00151279  0.000101941 
        -8.5      109.592            1   0.00151274  0.000102882 
        -8.5       110.02            1   0.00151269  0.000103826 
        -8.5       110.45            1   0.00151264  0.000104774 
        -8.5       110.88            1   0.00151258  0.000105727 
        -8.5      111.311            1   0.00151251  0.000106684 
        -8.5      111.743            1   0.00151244  0.000107646 
        -8.5      112.175            1   0.00151236  0.000108612 
        -8.5      112.609            1   0.00151228  0.000109582 
        -8.5      113.043            1    0.0015122  0.000110558 
        -8.5      113.478            1    0.0015121  0.000111538 
        -8.5      113.914      1.00001   0.00151201  0.000112523 
        -8.5      114.351      1.00001   0.00151191  0.000113513 
        -8.5      114.789      1.00001    0.0015118  0.000114508 
        -8.5      115.228      1.00001   0.00151169  0.000115509 
        -8.5      115.667      1.00001   0.00151157  0.000116514 
        -8.5      116.107      1.00001   0.00151145  0.000117525 
        -8.5      116.548      1.00001   0.00151132  0.000118541 
        -8.5       116.99      1.00001   0.00151119  0.000119563 
        -8.5      117.433      1.00001   0.00151105  0.000120591 
        -8.5      117.876      1.00001   0.00151104   0.00012121 
        -8.5      118.321      1.00001   0.00151093  0.000122208 
        -8.5      118.766      1.00001   0.00151082  0.000123206 
        -8.5      119.212      1.00001   0.00151073  0.000124204 
        -8.5      119.659      1.00002   0.00151063  0.000125203 
        -8.5      120.107      1.00002   0.00151055  0.000126201 
        -8.5      120.555      1.00002   0.00151047    0.0001272 
        -8.5      121.005      1.00002   0.00151039  0.000128199 
        -8.5      121.455      1.00002   0.00151033  0.000129198 
        -8.5      121.906      1.00002   0.00151027  0.000130198 
        -8.5      122.358      1.00002   0.00151021  0.000131198 
        -8.5      122.811      1.00002   0.00151017  0.000132198 
        -8.5      123.264      1.00002   0.00151013  0.000133199 
        -8.5      123.719      1.00002   0.00151009  0.000134201 
        -8.5      124.174      1.00002   0.00151006  0.000135203 
        -8.5       124.63      1.00002   0.00151004  0.000136205 
        -8.5      125.087      1.00002   0.00151003  0.000137208 
        -8.5      125.545      1.00002   0.00151002  0.000138212 
        -8.5      126.003      1.00002   0.00151002  0.000139216 
        -8.5      126.463      1.00002   0.00151003  0.000140221 
        -8.5      126.923      1.00001   0.00150956  0.000141255 
        -8.5      127.384      1.00001   0.00150942  0.000142269 
        -8.5      127.846      1.00001   0.00150928  0.000143295 
        -8.5      128.309      1.00001   0.00150913  0.000144332 
        -8.5      128.773      1.00001   0.00150898  0.000145379 
        -8.5      129.237      1.00002   0.00150882  0.000146436 
        -8.5      129.702      1.00002   0.00150865  0.000147502 
        -8.5      130.169      1.00002   0.00150848  0.000148577 
        -8.5      130.636      1.00002   0.00150831   0.00014966 
        -8.5      131.103      1.00002   0.00150813   0.00015075 
        -8.5      131.572      1.00002   0.00150794  0.000151848 
        -8.5      132.041      1.00002   0.00150775  0.000152951 
        -8.5      132.512      1.00002   0.00150756   0.00015406 
        -8.5      132.983      1.00002   0.00150736  0.000155174 
        -8.5      133.455      1.00002   0.00150716  0.000156292 
        -8.5      133.928      1.00003   0.00150695  0.000157414 
        -8.5      134.401      1.00003   0.00150674  0.000158538 
        -8.5      134.876      1.00003   0.00150653  0.000159666 
        -8.5      135.351      1.00003   0.00150631  0.000160794 
        -8.5      135.827      1.00003   0.00150609  0.000161924 
        -8.5      136.304      1.00003   0.00150587  0.000163054 
        -8.5      136.782      1.00003   0.00150565  0.000164183 
        -8.5      137.261      1.00003   0.00150543  0.000165312 
        -8.5       137.74      1.00003    0.0015052  0.000166438 
        -8.5      138.221      1.00003   0.00150497  0.000167562 
        -8.5      138.702      1.00003   0.00150475  0.000168683 
        -8.5      139.184      1.00004   0.00150452    0.0001698 
        -8.5      139.667      1.00004   0.00150429  0.000170911 
        -8.5      140.151      1.00004   0.00150406  0.000172018 
        -8.5      140.635      1.00004   0.00150383  0.000173118 
        -8.5       141.12      1.00004    0.0015036  0.000174211 
        -8.5      141.607      1.00004   0.00150337  0.000175297 
        -8.5      142.094      1.00004   0.00150314  0.000176374 
        -8.5      142.582      1.00004   0.00150291  0.000177441 
        -8.5       143.07      1.00004   0.00150269  0.000178499 
        -8.5       143.56      1.00004   0.00150247  0.000179546 
        -8.5       144.05      1.00004   0.00150224   0.00018058 
        -8.5      144.541      1.00004   0.00150202  0.000181603 
        -8.5      145.033      1.00004   0.00150181  0.000182612 
        -8.5      145.526      1.00004   0.00150159  0.000183607 
        -8.5       146.02      1.00004   0.00150138  0.000184586 
        -8.5      146.515      1.00003   0.00150118   0.00018555 
        -8.5       147.01      1.00003   0.00150098  0.000186498 
        -8.5      147.506      1.00003   0.00150078  0.000187427 
        -8.5      148.003      1.00003   0.00150058  0.000188339 
        -8.5      148.501      1.00003   0.00150039  0.000189231 
        -8.5          149      1.00003   0.00150021  0.000190102 
        -8.5        149.5      1.00002   0.00150003  0.000190953 
        -8.5          150      1.00002   0.00149986  0.000191782 
