Variables = x, y, u, v

Zone, I=600, F=POINT
       243.5        -0.25            0            0 
       243.5    -0.249581            0            0 
       243.5    -0.248325            0            0 
       243.5    -0.246231            0            0 
       243.5      -0.2433            0            0 
       243.5    -0.239531            0            0 
       243.5    -0.234925            0            0 
       243.5    -0.229481            0            0 
       243.5      -0.2232            0            0 
       243.5    -0.216081            0            0 
       243.5    -0.208124            0            0 
       243.5    -0.199331            0            0 
       243.5    -0.189699  0.000921848  2.30029e-07 
       243.5     -0.17923   0.00547194  1.38979e-06 
       243.5    -0.167924    0.0103857  2.68777e-06 
       243.5     -0.15578    0.0156634  4.13458e-06 
       243.5    -0.142799    0.0213047  5.74135e-06 
       243.5     -0.12898    0.0273099  7.52021e-06 
       243.5    -0.114323    0.0336787  9.48397e-06 
       243.5    -0.098829    0.0404107   1.1646e-05 
       243.5    -0.082498    0.0475057  1.40206e-05 
       243.5    -0.065329     0.054964   1.6623e-05 
       243.5    -0.047322    0.0627852  1.94689e-05 
       243.5    -0.028478    0.0709687  2.25747e-05 
       243.5    -0.008797    0.0795142  2.59577e-05 
       243.5     0.011722    0.0884217  2.96361e-05 
       243.5     0.033079    0.0976909  3.36287e-05 
       243.5     0.055273     0.107321  3.79549e-05 
       243.5     0.078305     0.117311  4.26345e-05 
       243.5     0.102174      0.12766  4.76874e-05 
       243.5      0.12688     0.138367  5.31361e-05 
       243.5     0.152424     0.149431  5.90025e-05 
       243.5     0.178806      0.16085  6.53089e-05 
       243.5     0.206025     0.172621  7.20776e-05 
       243.5     0.234082     0.184744   7.9332e-05 
       243.5     0.262976     0.197214  8.70953e-05 
       243.5     0.292708      0.21003  9.53916e-05 
       243.5     0.323277     0.223188  0.000104245 
       243.5     0.354683     0.236686  0.000113681 
       243.5     0.386928     0.250518  0.000123725 
       243.5     0.420009      0.26468  0.000134397 
       243.5     0.453929     0.279166  0.000145722 
       243.5     0.488685     0.293967  0.000157725 
       243.5     0.524279     0.309076  0.000170429 
       243.5     0.560711     0.324485  0.000183855 
       243.5      0.59798     0.340185  0.000198023 
       243.5     0.636087     0.356166  0.000212952 
       243.5     0.675032     0.372417  0.000228659 
       243.5     0.714813     0.388924  0.000245161 
       243.5     0.755433     0.405678  0.000262478 
       243.5      0.79689     0.422663  0.000280628 
       243.5     0.839184     0.439862  0.000299592 
       243.5     0.882316     0.457251    0.0003194 
       243.5     0.926285     0.474809  0.000340056 
       243.5     0.971092     0.492516  0.000361552 
       243.5      1.01674     0.510349   0.00038388 
       243.5      1.06322     0.528284  0.000407029 
       243.5      1.11054     0.546297  0.000430987 
       243.5       1.1587     0.564359  0.000455735 
       243.5      1.20769     0.582442   0.00048125 
       243.5      1.25752     0.600515  0.000507504 
       243.5      1.30819     0.618546  0.000534457 
       243.5       1.3597     0.636509   0.00056207 
       243.5      1.41204     0.654341  0.000590285 
       243.5      1.46522     0.672009  0.000619038 
       243.5      1.51924      0.68948  0.000648266 
       243.5       1.5741      0.70672  0.000677899 
       243.5       1.6298     0.723693  0.000707863 
       243.5      1.68633     0.740364  0.000738078 
       243.5       1.7437     0.756692  0.000768459 
       243.5       1.8019      0.77264  0.000798914 
       243.5      1.86095     0.788165  0.000829342 
       243.5      1.92083     0.803224  0.000859631 
       243.5      1.98155     0.817793  0.000889673 
       243.5      2.04311     0.831833  0.000919346 
       243.5       2.1055       0.8453  0.000948529 
       243.5      2.16873     0.858181  0.000977126 
       243.5       2.2328      0.87046   0.00100505 
       243.5      2.29771     0.882125   0.00103221 
       243.5      2.36346     0.893164   0.00105854 
       243.5      2.43004     0.903566   0.00108394 
       243.5      2.49746      0.91332   0.00110833 
       243.5      2.56571     0.922419   0.00113161 
       243.5      2.63481     0.930854   0.00115367 
       243.5      2.70474     0.938618   0.00117436 
       243.5      2.77551     0.945708   0.00119373 
       243.5      2.84712     0.952188   0.00121173 
       243.5      2.91956     0.958102   0.00122819 
       243.5      2.99284     0.963471   0.00124336 
       243.5      3.06697     0.968318   0.00125741 
       243.5      3.14192     0.972668   0.00127037 
       243.5      3.21772     0.976551   0.00128226 
       243.5      3.29435     0.979997   0.00129299 
       243.5      3.37182     0.983042   0.00130251 
       243.5      3.45013     0.985723   0.00131079 
       243.5      3.52927     0.988081   0.00131787 
       243.5      3.60925     0.990161   0.00132391 
       243.5      3.69007      0.99201   0.00132929 
       243.5      3.77173     0.993364   0.00133417 
       243.5      3.85423     0.993779   0.00133775 
       243.5      3.93756     0.994177   0.00134107 
       243.5      4.02173     0.994557   0.00134413 
       243.5      4.10673      0.99492   0.00134692 
       243.5      4.19258     0.995266   0.00134945 
       243.5      4.27926     0.995595   0.00135172 
       243.5      4.36678     0.995905   0.00135373 
       243.5      4.45514     0.996198   0.00135549 
       243.5      4.54434     0.996474   0.00135699 
       243.5      4.63437     0.996732   0.00135826 
       243.5      4.72524     0.996972   0.00135929 
       243.5      4.81694     0.997196   0.00136009 
       243.5      4.90949     0.997401   0.00136069 
       243.5      5.00287      0.99759   0.00136108 
       243.5      5.09709     0.997763   0.00136129 
       243.5      5.19215     0.997918   0.00136133 
       243.5      5.28805     0.998058   0.00136122 
       243.5      5.38478     0.998181   0.00136097 
       243.5      5.48235      0.99829   0.00136061 
       243.5      5.58076     0.998383   0.00136015 
       243.5         5.68     0.998462   0.00135963 
       243.5      5.78008     0.998526   0.00135905 
       243.5        5.881     0.998578   0.00135845 
       243.5      5.98276     0.998616   0.00135784 
       243.5      6.08536     0.998642   0.00135725 
       243.5      6.18879     0.998657    0.0013567 
       243.5      6.29306     0.998661   0.00135593 
       243.5      6.39817     0.998656   0.00135507 
       243.5      6.50411      0.99864   0.00135417 
       243.5       6.6109     0.998616   0.00135324 
       243.5      6.71852     0.998585   0.00135231 
       243.5      6.82697     0.998547   0.00135139 
       243.5      6.93627     0.998502    0.0013505 
       243.5       7.0464     0.998454   0.00134966 
       243.5      7.15737     0.998401   0.00134889 
       243.5      7.26918     0.998346   0.00134822 
       243.5      7.38182     0.998289   0.00134766 
       243.5      7.49531     0.998233   0.00134725 
       243.5      7.60963     0.998177   0.00134699 
       243.5      7.72478     0.998124   0.00134693 
       243.5      7.84078     0.998075   0.00134708 
       243.5      7.95761     0.998031   0.00134748 
       243.5      8.07528     0.997995   0.00134816 
       243.5      8.19379     0.997967   0.00134915 
       243.5      8.31314      0.99795   0.00135049 
       243.5      8.43332     0.997944   0.00135221 
       243.5      8.55434     0.997954   0.00135436 
       243.5       8.6762     0.997979   0.00135697 
       243.5      8.79889     0.998022   0.00136011 
       243.5      8.92243     0.998049   0.00136095 
       243.5       9.0468     0.998056   0.00136001 
       243.5      9.17201     0.998064   0.00135888 
       243.5      9.29805     0.998071   0.00135758 
       243.5      9.42493     0.998078   0.00135615 
       243.5      9.55265     0.998084   0.00135463 
       243.5      9.68121     0.998091   0.00135304 
       243.5      9.81061     0.998098   0.00135141 
       243.5      9.94084     0.998104   0.00134977 
       243.5      10.0719     0.998111   0.00134815 
       243.5      10.2038     0.998117   0.00134657 
       243.5      10.3366     0.998123   0.00134505 
       243.5      10.4701      0.99813   0.00134361 
       243.5      10.6046     0.998136   0.00134227 
       243.5      10.7398     0.998142   0.00134103 
       243.5      10.8759      0.99815   0.00134036 
       243.5      11.0129      0.99816   0.00134037 
       243.5      11.1506      0.99817   0.00134063 
       243.5      11.2892     0.998179   0.00134111 
       243.5      11.4287     0.998188   0.00134175 
       243.5       11.569     0.998195   0.00134252 
       243.5      11.7101     0.998202   0.00134337 
       243.5       11.852     0.998207   0.00134425 
       243.5      11.9948     0.998211   0.00134513 
       243.5      12.1385     0.998214   0.00134594 
       243.5      12.2829     0.998215   0.00134665 
       243.5      12.4283     0.998215   0.00134722 
       243.5      12.5744     0.998215   0.00134761 
       243.5      12.7214     0.998213   0.00134779 
       243.5      12.8692      0.99821   0.00134772 
       243.5      13.0179     0.998206   0.00134741 
       243.5      13.1674     0.998202   0.00134684 
       243.5      13.3177     0.998198   0.00134601 
       243.5      13.4689     0.998193   0.00134495 
       243.5      13.6209     0.998188   0.00134369 
       243.5      13.7737     0.998184   0.00134228 
       243.5      13.9274      0.99818    0.0013408 
       243.5      14.0819     0.998176   0.00133933 
       243.5      14.2373     0.998174     0.001338 
       243.5      14.3935     0.998172   0.00133695 
       243.5      14.5505     0.998172   0.00133636 
       243.5      14.7084     0.998174   0.00133652 
       243.5      14.8671      0.99818   0.00133737 
       243.5      15.0266     0.998186   0.00133811 
       243.5       15.187     0.998192   0.00133874 
       243.5      15.3482     0.998197   0.00133926 
       243.5      15.5103     0.998202   0.00133969 
       243.5      15.6732     0.998207   0.00134002 
       243.5      15.8369     0.998212   0.00134026 
       243.5      16.0015     0.998216   0.00134041 
       243.5      16.1669      0.99822   0.00134048 
       243.5      16.3331     0.998223   0.00134047 
       243.5      16.5002     0.998227   0.00134039 
       243.5      16.6682      0.99823   0.00134023 
       243.5      16.8369     0.998233      0.00134 
       243.5      17.0065     0.998235    0.0013397 
       243.5      17.1769     0.998237   0.00133933 
       243.5      17.3482     0.998239    0.0013389 
       243.5      17.5203     0.998241    0.0013384 
       243.5      17.6933     0.998242   0.00133784 
       243.5      17.8671     0.998243   0.00133722 
       243.5      18.0417     0.998243   0.00133653 
       243.5      18.2171     0.998243   0.00133578 
       243.5      18.3934     0.998243   0.00133498 
       243.5      18.5706     0.998243   0.00133411 
       243.5      18.7485     0.998242   0.00133318 
       243.5      18.9273      0.99824    0.0013322 
       243.5       19.107     0.998239   0.00133165 
       243.5      19.2875     0.998239   0.00133145 
       243.5      19.4688     0.998238   0.00133125 
       243.5       19.651     0.998237   0.00133106 
       243.5      19.8339     0.998236   0.00133086 
       243.5      20.0178     0.998235   0.00133066 
       243.5      20.2025     0.998235   0.00133045 
       243.5       20.388     0.998234   0.00133023 
       243.5      20.5743     0.998233      0.00133 
       243.5      20.7615     0.998233   0.00132975 
       243.5      20.9495     0.998232   0.00132948 
       243.5      21.1384     0.998232   0.00132919 
       243.5      21.3281     0.998233   0.00132887 
       243.5      21.5186     0.998233   0.00132852 
       243.5        21.71     0.998234   0.00132815 
       243.5      21.9022     0.998236   0.00132776 
       243.5      22.0952     0.998238   0.00132735 
       243.5      22.2891      0.99824   0.00132693 
       243.5      22.4838     0.998244   0.00132651 
       243.5      22.6794     0.998248   0.00132611 
       243.5      22.8758     0.998252   0.00132574 
       243.5       23.073     0.998258   0.00132543 
       243.5      23.2711     0.998265   0.00132521 
       243.5        23.47     0.998273    0.0013251 
       243.5      23.6698     0.998282   0.00132514 
       243.5      23.8703     0.998293   0.00132539 
       243.5      24.0718     0.998305   0.00132589 
       243.5       24.274     0.998303   0.00132503 
       243.5      24.4771       0.9983    0.0013242 
       243.5       24.681     0.998297   0.00132345 
       243.5      24.8858     0.998295   0.00132276 
       243.5      25.0914     0.998294   0.00132214 
       243.5      25.2979     0.998293   0.00132157 
       243.5      25.5052     0.998292   0.00132106 
       243.5      25.7133     0.998291   0.00132059 
       243.5      25.9222     0.998291   0.00132017 
       243.5       26.132     0.998291   0.00131978 
       243.5      26.3427     0.998292   0.00131942 
       243.5      26.5541     0.998292    0.0013191 
       243.5      26.7664     0.998293   0.00131879 
       243.5      26.9796     0.998294   0.00131851 
       243.5      27.1936     0.998295   0.00131823 
       243.5      27.4084     0.998297   0.00131797 
       243.5      27.6241     0.998298   0.00131772 
       243.5      27.8406       0.9983   0.00131747 
       243.5      28.0579     0.998302   0.00131722 
       243.5      28.2761     0.998304   0.00131697 
       243.5      28.4951     0.998306   0.00131671 
       243.5      28.7149     0.998308   0.00131644 
       243.5      28.9356      0.99831   0.00131616 
       243.5      29.1571     0.998312   0.00131587 
       243.5      29.3795     0.998315   0.00131556 
       243.5      29.6027     0.998317   0.00131523 
       243.5      29.8267     0.998319   0.00131489 
       243.5      30.0516     0.998322   0.00131452 
       243.5      30.2773     0.998324   0.00131413 
       243.5      30.5038     0.998326   0.00131372 
       243.5      30.7312     0.998329   0.00131329 
       243.5      30.9595     0.998331   0.00131283 
       243.5      31.1885     0.998333   0.00131235 
       243.5      31.4184     0.998336   0.00131185 
       243.5      31.6491     0.998338   0.00131133 
       243.5      31.8807      0.99834   0.00131078 
       243.5      32.1131     0.998343   0.00131022 
       243.5      32.3464     0.998346   0.00130979 
       243.5      32.5805     0.998349   0.00130938 
       243.5      32.8154     0.998352   0.00130897 
       243.5      33.0511     0.998354   0.00130856 
       243.5      33.2877     0.998357   0.00130817 
       243.5      33.5252      0.99836   0.00130778 
       243.5      33.7634     0.998363   0.00130739 
       243.5      34.0025     0.998366   0.00130702 
       243.5      34.2425     0.998369   0.00130665 
       243.5      34.4833     0.998371   0.00130629 
       243.5      34.7249     0.998374   0.00130594 
       243.5      34.9674     0.998376   0.00130559 
       243.5      35.2107     0.998379   0.00130525 
       243.5      35.4548     0.998381   0.00130492 
       243.5      35.6998     0.998383   0.00130458 
       243.5      35.9456     0.998385   0.00130425 
       243.5      36.1922     0.998387   0.00130391 
       243.5      36.4397     0.998389   0.00130358 
       243.5       36.688      0.99839   0.00130324 
       243.5      36.9372     0.998392   0.00130289 
       243.5      37.1872     0.998393   0.00130253 
       243.5       37.438     0.998394   0.00130216 
       243.5      37.6897     0.998395   0.00130177 
       243.5      37.9422     0.998397   0.00130124 
       243.5      38.1956     0.998399   0.00130067 
       243.5      38.4497     0.998402   0.00130009 
       243.5      38.7048     0.998404   0.00129951 
       243.5      38.9606     0.998407   0.00129893 
       243.5      39.2173      0.99841   0.00129837 
       243.5      39.4749     0.998413   0.00129782 
       243.5      39.7332     0.998416   0.00129728 
       243.5      39.9924     0.998419   0.00129676 
       243.5      40.2525     0.998422   0.00129625 
       243.5      40.5134     0.998425   0.00129576 
       243.5      40.7751     0.998428   0.00129529 
       243.5      41.0376     0.998432   0.00129483 
       243.5       41.301     0.998435   0.00129438 
       243.5      41.5653     0.998438   0.00129398 
       243.5      41.8304     0.998441   0.00129358 
       243.5      42.0963     0.998443   0.00129318 
       243.5       42.363     0.998446   0.00129277 
       243.5      42.6306     0.998448   0.00129236 
       243.5       42.899     0.998451   0.00129195 
       243.5      43.1683     0.998453   0.00129154 
       243.5      43.4384     0.998456   0.00129112 
       243.5      43.7093     0.998458    0.0012907 
       243.5      43.9811      0.99846   0.00129028 
       243.5      44.2537     0.998463   0.00128986 
       243.5      44.5271     0.998465   0.00128944 
       243.5      44.8014     0.998468   0.00128901 
       243.5      45.0765      0.99847   0.00128858 
       243.5      45.3525     0.998472   0.00128815 
       243.5      45.6293     0.998475   0.00128771 
       243.5      45.9069     0.998477   0.00128728 
       243.5      46.1854      0.99848   0.00128684 
       243.5      46.4647     0.998482   0.00128639 
       243.5      46.7449     0.998485   0.00128595 
       243.5      47.0259     0.998487    0.0012855 
       243.5      47.3077      0.99849   0.00128504 
       243.5      47.5903     0.998492   0.00128459 
       243.5      47.8738     0.998495   0.00128413 
       243.5      48.1582     0.998498   0.00128366 
       243.5      48.4433     0.998501    0.0012832 
       243.5      48.7294     0.998503   0.00128272 
       243.5      49.0162     0.998506   0.00128225 
       243.5      49.3039     0.998509   0.00128176 
       243.5      49.5924     0.998512   0.00128128 
       243.5      49.8818     0.998515   0.00128078 
       243.5       50.172     0.998519   0.00128029 
       243.5       50.463     0.998522   0.00127978 
       243.5      50.7549     0.998525   0.00127927 
       243.5      51.0476     0.998528   0.00127875 
       243.5      51.3411     0.998532   0.00127823 
       243.5      51.6355     0.998535    0.0012777 
       243.5      51.9307     0.998539   0.00127716 
       243.5      52.2268     0.998542   0.00127661 
       243.5      52.5237     0.998546   0.00127606 
       243.5      52.8214      0.99855   0.00127549 
       243.5        53.12     0.998554   0.00127492 
       243.5      53.4194     0.998557   0.00127433 
       243.5      53.7197     0.998561   0.00127374 
       243.5      54.0208     0.998565   0.00127314 
       243.5      54.3227     0.998569   0.00127252 
       243.5      54.6254     0.998572   0.00127189 
       243.5       54.929     0.998576   0.00127125 
       243.5      55.2335      0.99858    0.0012706 
       243.5      55.5387     0.998583   0.00127009 
       243.5      55.8449     0.998585   0.00126975 
       243.5      56.1518     0.998588    0.0012694 
       243.5      56.4596     0.998591   0.00126904 
       243.5      56.7682     0.998593   0.00126867 
       243.5      57.0777     0.998596   0.00126829 
       243.5       57.388     0.998598    0.0012679 
       243.5      57.6991     0.998601    0.0012675 
       243.5      58.0111     0.998603   0.00126708 
       243.5      58.3239     0.998606   0.00126665 
       243.5      58.6375     0.998608   0.00126621 
       243.5       58.952     0.998611   0.00126575 
       243.5      59.2673     0.998613   0.00126527 
       243.5      59.5835     0.998615   0.00126477 
       243.5      59.9005     0.998618   0.00126426 
       243.5      60.2183      0.99862   0.00126373 
       243.5       60.537     0.998622   0.00126318 
       243.5      60.8565     0.998624   0.00126261 
       243.5      61.1769     0.998626   0.00126202 
       243.5      61.4981     0.998628   0.00126142 
       243.5      61.8201      0.99863    0.0012608 
       243.5      62.1429     0.998632   0.00126017 
       243.5      62.4666     0.998634   0.00125953 
       243.5      62.7912     0.998635   0.00125888 
       243.5      63.1165     0.998637   0.00125822 
       243.5      63.4428     0.998638   0.00125755 
       243.5      63.7698     0.998639   0.00125689 
       243.5      64.0977      0.99864   0.00125623 
       243.5      64.4264     0.998642   0.00125567 
       243.5       64.756     0.998646   0.00125533 
       243.5      65.0864      0.99865   0.00125497 
       243.5      65.4176     0.998654   0.00125458 
       243.5      65.7497     0.998658   0.00125417 
       243.5      66.0826     0.998662   0.00125374 
       243.5      66.4163     0.998667   0.00125329 
       243.5      66.7509     0.998671   0.00125283 
       243.5      67.0864     0.998676   0.00125235 
       243.5      67.4226      0.99868   0.00125186 
       243.5      67.7597     0.998685   0.00125136 
       243.5      68.0976     0.998689   0.00125086 
       243.5      68.4364     0.998694   0.00125034 
       243.5       68.776     0.998698   0.00124982 
       243.5      69.1165     0.998703   0.00124929 
       243.5      69.4578     0.998707   0.00124877 
       243.5      69.7999     0.998712   0.00124823 
       243.5      70.1428     0.998716    0.0012477 
       243.5      70.4866     0.998721   0.00124717 
       243.5      70.8313     0.998725   0.00124664 
       243.5      71.1768     0.998729   0.00124612 
       243.5      71.5231     0.998733    0.0012456 
       243.5      71.8702     0.998738   0.00124508 
       243.5      72.2182     0.998742   0.00124456 
       243.5       72.567     0.998746   0.00124405 
       243.5      72.9167      0.99875   0.00124355 
       243.5      73.2672     0.998753   0.00124305 
       243.5      73.6185     0.998757   0.00124256 
       243.5      73.9707     0.998761   0.00124208 
       243.5      74.3237     0.998764    0.0012416 
       243.5      74.6776     0.998768   0.00124113 
       243.5      75.0322     0.998771   0.00124066 
       243.5      75.3878     0.998774   0.00124019 
       243.5      75.7441     0.998777   0.00123973 
       243.5      76.1013      0.99878   0.00123928 
       243.5      76.4594     0.998783   0.00123882 
       243.5      76.8182     0.998786   0.00123837 
       243.5      77.1779     0.998788   0.00123791 
       243.5      77.5385     0.998791   0.00123745 
       243.5      77.8999     0.998793   0.00123699 
       243.5      78.2621     0.998796   0.00123652 
       243.5      78.6252     0.998798   0.00123604 
       243.5      78.9891       0.9988   0.00123555 
       243.5      79.3538     0.998802   0.00123505 
       243.5      79.7194     0.998803   0.00123452 
       243.5      80.0858     0.998805   0.00123398 
       243.5       80.453     0.998807   0.00123341 
       243.5      80.8211     0.998808   0.00123282 
       243.5        81.19      0.99881   0.00123219 
       243.5      81.5598     0.998811   0.00123152 
       243.5      81.9304     0.998813   0.00123082 
       243.5      82.3018     0.998814   0.00123006 
       243.5      82.6741     0.998815   0.00122926 
       243.5      83.0472     0.998816   0.00122839 
       243.5      83.4212     0.998818   0.00122747 
       243.5       83.796     0.998819   0.00122647 
       243.5      84.1716     0.998821   0.00122534 
       243.5      84.5481     0.998823    0.0012242 
       243.5      84.9253     0.998826   0.00122314 
       243.5      85.3035     0.998828   0.00122215 
       243.5      85.6825      0.99883   0.00122122 
       243.5      86.0623     0.998833   0.00122036 
       243.5      86.4429     0.998835   0.00121955 
       243.5      86.8244     0.998837    0.0012188 
       243.5      87.2067     0.998839    0.0012181 
       243.5      87.5899     0.998841   0.00121744 
       243.5      87.9739     0.998843   0.00121682 
       243.5      88.3587     0.998845   0.00121624 
       243.5      88.7444     0.998847   0.00121569 
       243.5      89.1309     0.998849   0.00121517 
       243.5      89.5183     0.998851   0.00121467 
       243.5      89.9064     0.998853   0.00121419 
       243.5      90.2955     0.998855   0.00121372 
       243.5      90.6853     0.998858   0.00121327 
       243.5       91.076      0.99886   0.00121282 
       243.5      91.4676     0.998862   0.00121237 
       243.5      91.8599     0.998865   0.00121192 
       243.5      92.2532     0.998867   0.00121147 
       243.5      92.6472      0.99887   0.00121101 
       243.5      93.0421     0.998873   0.00121053 
       243.5      93.4378     0.998876   0.00121003 
       243.5      93.8344     0.998879   0.00120951 
       243.5      94.2318     0.998882   0.00120896 
       243.5        94.63     0.998886   0.00120838 
       243.5      95.0291      0.99889   0.00120776 
       243.5       95.429     0.998894   0.00120709 
       243.5      95.8298     0.998898   0.00120638 
       243.5      96.2313     0.998903   0.00120562 
       243.5      96.6338     0.998907   0.00120479 
       243.5       97.037     0.998913    0.0012039 
       243.5      97.4411     0.998918   0.00120294 
       243.5      97.8461     0.998924    0.0012019 
       243.5      98.2518      0.99893   0.00120077 
       243.5      98.6584     0.998937   0.00119956 
       243.5      99.0659     0.998946   0.00119836 
       243.5      99.4742     0.998959   0.00119751 
       243.5      99.8833     0.998972   0.00119669 
       243.5      100.293     0.998984    0.0011959 
       243.5      100.704     0.998995   0.00119514 
       243.5      101.116     0.999006    0.0011944 
       243.5      101.528     0.999016   0.00119369 
       243.5      101.941     0.999026     0.001193 
       243.5      102.356     0.999034   0.00119233 
       243.5      102.771     0.999042   0.00119167 
       243.5      103.186      0.99905   0.00119103 
       243.5      103.603     0.999057    0.0011904 
       243.5      104.021     0.999063   0.00118978 
       243.5      104.439     0.999069   0.00118917 
       243.5      104.858     0.999074   0.00118856 
       243.5      105.278     0.999079   0.00118797 
       243.5      105.699     0.999083   0.00118738 
       243.5      106.121     0.999086   0.00118679 
       243.5      106.543     0.999089    0.0011862 
       243.5      106.967     0.999092   0.00118562 
       243.5      107.391     0.999094   0.00118504 
       243.5      107.816     0.999095   0.00118446 
       243.5      108.242     0.999096   0.00118387 
       243.5      108.668     0.999097   0.00118329 
       243.5      109.096     0.999097   0.00118271 
       243.5      109.524     0.999097   0.00118213 
       243.5      109.954     0.999096   0.00118155 
       243.5      110.384     0.999095   0.00118097 
       243.5      110.815     0.999094   0.00118038 
       243.5      111.246     0.999092    0.0011798 
       243.5      111.679      0.99909   0.00117922 
       243.5      112.112     0.999088   0.00117865 
       243.5      112.546     0.999085   0.00117807 
       243.5      112.982     0.999082    0.0011775 
       243.5      113.417     0.999079   0.00117693 
       243.5      113.854     0.999075   0.00117637 
       243.5      114.292     0.999072   0.00117582 
       243.5       114.73     0.999068   0.00117527 
       243.5       115.17     0.999064   0.00117474 
       243.5       115.61     0.999059   0.00117422 
       243.5      116.051     0.999055   0.00117371 
       243.5      116.492      0.99905   0.00117321 
       243.5      116.935     0.999046   0.00117274 
       243.5      117.379     0.999041   0.00117228 
       243.5      117.823     0.999036   0.00117185 
       243.5      118.268     0.999031   0.00117143 
       243.5      118.714     0.999026   0.00117105 
       243.5      119.161     0.999021    0.0011707 
       243.5      119.608     0.999016   0.00117037 
       243.5      120.057     0.999011   0.00117008 
       243.5      120.506     0.999006   0.00116983 
       243.5      120.956     0.999001   0.00116962 
       243.5      121.407     0.998997   0.00116945 
       243.5      121.859     0.998992   0.00116933 
       243.5      122.312     0.998988   0.00116926 
       243.5      122.765     0.998983   0.00116924 
       243.5       123.22      0.99898   0.00116912 
       243.5      123.675     0.998976   0.00116875 
       243.5      124.131     0.998973   0.00116835 
       243.5      124.588     0.998971   0.00116791 
       243.5      125.046     0.998968   0.00116744 
       243.5      125.504     0.998966   0.00116694 
       243.5      125.963     0.998965   0.00116641 
       243.5      126.424     0.998964   0.00116584 
       243.5      126.885     0.998963   0.00116524 
       243.5      127.347     0.998963   0.00116461 
       243.5      127.809     0.998963   0.00116394 
       243.5      128.273     0.998964   0.00116325 
       243.5      128.737     0.998965   0.00116252 
       243.5      129.202     0.998967   0.00116176 
       243.5      129.669     0.998969   0.00116097 
       243.5      130.135     0.998972   0.00116015 
       243.5      130.603     0.998976    0.0011593 
       243.5      131.072     0.998981   0.00115843 
       243.5      131.541     0.998986   0.00115752 
       243.5      132.012     0.998992    0.0011566 
       243.5      132.483     0.998999   0.00115564 
       243.5      132.955     0.999007   0.00115467 
       243.5      133.427     0.999015   0.00115367 
       243.5      133.901     0.999025   0.00115265 
       243.5      134.375     0.999035   0.00115162 
       243.5      134.851     0.999046   0.00115056 
       243.5      135.327     0.999058    0.0011495 
       243.5      135.804     0.999072   0.00114842 
       243.5      136.282     0.999086   0.00114733 
       243.5       136.76     0.999101   0.00114624 
       243.5       137.24     0.999117   0.00114514 
       243.5       137.72     0.999135   0.00114404 
       243.5      138.201     0.999153   0.00114294 
       243.5      138.683     0.999173   0.00114184 
       243.5      139.166     0.999194   0.00114076 
       243.5       139.65     0.999216   0.00113968 
       243.5      140.134      0.99924   0.00113862 
       243.5      140.619     0.999264   0.00113758 
       243.5      141.106      0.99929   0.00113656 
       243.5      141.593     0.999318   0.00113558 
       243.5       142.08     0.999346   0.00113462 
       243.5      142.569     0.999376    0.0011337 
       243.5      143.059     0.999407   0.00113283 
       243.5      143.549      0.99944     0.001132 
       243.5       144.04     0.999474   0.00113123 
       243.5      144.532      0.99951   0.00113052 
       243.5      145.025     0.999547   0.00112987 
       243.5      145.519     0.999585    0.0011293 
       243.5      146.013     0.999625    0.0011288 
       243.5      146.509     0.999667   0.00112839 
       243.5      147.005      0.99971   0.00112807 
       243.5      147.502     0.999754   0.00112786 
       243.5          148       0.9998   0.00112775 
       243.5      148.499     0.999848   0.00112776 
       243.5      148.998     0.999897   0.00112789 
       243.5      149.499     0.999948   0.00112816 
       243.5          150            1   0.00112857 
