Variables = x, y, u, v

Zone, I=600, F=POINT
       623.5         -0.5            0            0 
       623.5    -0.499581            0            0 
       623.5    -0.498322            0            0 
       623.5    -0.496225            0            0 
       623.5    -0.493289            0            0 
       623.5    -0.489514            0            0 
       623.5      -0.4849            0            0 
       623.5    -0.479447            0            0 
       623.5    -0.473155            0            0 
       623.5    -0.466024            0            0 
       623.5    -0.458055            0            0 
       623.5    -0.449246            0            0 
       623.5    -0.439599            0            0 
       623.5    -0.429113            0            0 
       623.5    -0.417787            0            0 
       623.5    -0.405623            0            0 
       623.5     -0.39262            0            0 
       623.5    -0.378778            0            0 
       623.5    -0.364097            0            0 
       623.5    -0.348578            0            0 
       623.5    -0.332219            0            0 
       623.5    -0.315021            0            0 
       623.5    -0.296985            0            0 
       623.5     -0.27811            0            0 
       623.5    -0.258395            0            0 
       623.5    -0.237842            0            0 
       623.5     -0.21645            0            0 
       623.5    -0.194219  0.000156975  7.81022e-08 
       623.5    -0.171149   0.00802427  4.03841e-06 
       623.5     -0.14724     0.016176  8.23719e-06 
       623.5    -0.122493    0.0246114  1.26845e-05 
       623.5    -0.096906    0.0333311  1.73913e-05 
       623.5    -0.070481    0.0423338  2.23677e-05 
       623.5    -0.043216      0.05162  2.76251e-05 
       623.5    -0.015113    0.0611885  3.31744e-05 
       623.5     0.013829    0.0710392  3.90272e-05 
       623.5     0.043611     0.081172  4.51958e-05 
       623.5     0.074231    0.0915857   5.1692e-05 
       623.5      0.10569     0.102279  5.85278e-05 
       623.5     0.137987     0.113252  6.57164e-05 
       623.5     0.171124     0.124503  7.32708e-05 
       623.5       0.2051     0.136031  8.12035e-05 
       623.5     0.239914     0.147833  8.95276e-05 
       623.5     0.275568     0.159909  9.82566e-05 
       623.5      0.31206     0.172257  0.000107404 
       623.5     0.349391     0.184874  0.000116983 
       623.5     0.387562     0.197758  0.000127008 
       623.5     0.426571     0.210907  0.000137491 
       623.5     0.466419     0.224315  0.000148445 
       623.5     0.507106      0.23798  0.000159885 
       623.5     0.548631     0.251896  0.000171821 
       623.5     0.590996      0.26606  0.000184268 
       623.5       0.6342     0.280466  0.000197236 
       623.5     0.678242     0.295107  0.000210735 
       623.5     0.723124     0.309979  0.000224778 
       623.5     0.768844     0.325074  0.000239376 
       623.5     0.815403     0.340385  0.000254538 
       623.5     0.862801     0.355901  0.000270263 
       623.5     0.911038     0.371612  0.000286569 
       623.5     0.960114     0.387507  0.000303457 
       623.5      1.01003     0.403574  0.000320927 
       623.5      1.06078     0.419802  0.000338981 
       623.5      1.11238     0.436176  0.000357621 
       623.5      1.16481     0.452683  0.000376846 
       623.5      1.21808     0.469309  0.000396653 
       623.5      1.27219     0.486036  0.000417034 
       623.5      1.32713     0.502851  0.000437984 
       623.5      1.38292     0.519729  0.000459489 
       623.5      1.43955     0.536644  0.000481507 
       623.5      1.49701     0.553577  0.000504041 
       623.5      1.55532     0.570506  0.000527077 
       623.5      1.61446     0.587409  0.000550589 
       623.5      1.67444     0.604264  0.000574538 
       623.5      1.73526     0.621044  0.000598884 
       623.5      1.79692     0.637725  0.000623592 
       623.5      1.85942     0.654279  0.000648638 
       623.5      1.92276     0.670678  0.000674023 
       623.5      1.98693     0.686901  0.000699591 
       623.5      2.05195     0.702903  0.000725284 
       623.5       2.1178     0.718651  0.000751162 
       623.5       2.1845     0.734122  0.000777142 
       623.5      2.25203     0.749292  0.000803152 
       623.5       2.3204     0.764139  0.000829125 
       623.5      2.38961     0.778637  0.000854999 
       623.5      2.45966     0.792761  0.000880707 
       623.5      2.53055     0.806487  0.000906171 
       623.5      2.60227     0.819788  0.000931292 
       623.5      2.67484     0.832636  0.000955943 
       623.5      2.74824     0.845005  0.000979955 
       623.5      2.82248      0.85687   0.00100367 
       623.5      2.89757     0.868241   0.00102568 
       623.5      2.97349     0.879115   0.00104689 
       623.5      3.05025     0.889492   0.00106781 
       623.5      3.12785     0.899371   0.00108855 
       623.5      3.20628     0.908755   0.00110892 
       623.5      3.28556     0.917644   0.00112857 
       623.5      3.36567     0.926043   0.00114709 
       623.5      3.44663     0.933955   0.00116423 
       623.5      3.52842     0.941388   0.00118004 
       623.5      3.61105     0.948348   0.00119517 
       623.5      3.69453     0.954843   0.00121102 
       623.5      3.77884     0.959903   0.00122736 
       623.5      3.86398     0.962844   0.00123936 
       623.5      3.94997     0.965673   0.00125044 
       623.5       4.0368     0.968388    0.0012606 
       623.5      4.12446      0.97099    0.0012699 
       623.5      4.21297     0.973476   0.00127835 
       623.5      4.30231     0.975848     0.001286 
       623.5       4.3925     0.978103   0.00129289 
       623.5      4.48352     0.980243   0.00129904 
       623.5      4.57538     0.982267   0.00130449 
       623.5      4.66807     0.984176   0.00130927 
       623.5      4.76161     0.985969   0.00131343 
       623.5      4.85599     0.987648   0.00131701 
       623.5      4.95121     0.989213   0.00132003 
       623.5      5.04726     0.990666   0.00132254 
       623.5      5.14415     0.992008   0.00132459 
       623.5      5.24189      0.99324    0.0013262 
       623.5      5.34046     0.994364   0.00132743 
       623.5      5.43987     0.995383   0.00132831 
       623.5      5.54012     0.996297   0.00132891 
       623.5      5.64121     0.997111   0.00132926 
       623.5      5.74313     0.997827   0.00132942 
       623.5       5.8459     0.998447   0.00132973 
       623.5       5.9495     0.998973   0.00133115 
       623.5      6.05395     0.999409   0.00133212 
       623.5      6.15923     0.999761   0.00133269 
       623.5      6.26535      1.00003    0.0013329 
       623.5      6.37231      1.00023    0.0013328 
       623.5      6.48011      1.00035   0.00133243 
       623.5      6.58875       1.0004   0.00133185 
       623.5      6.69822      1.00039   0.00133112 
       623.5      6.80854      1.00033   0.00133028 
       623.5       6.9197      1.00021   0.00132939 
       623.5      7.03169      1.00004    0.0013285 
       623.5      7.14452     0.999839   0.00132765 
       623.5      7.25819     0.999599   0.00132688 
       623.5       7.3727     0.999332   0.00132623 
       623.5      7.48806     0.999044   0.00132573 
       623.5      7.60424     0.998741   0.00132538 
       623.5      7.72127     0.998433   0.00132521 
       623.5      7.83914     0.998125   0.00132518 
       623.5      7.95784     0.997827   0.00132529 
       623.5      8.07739     0.997545   0.00132548 
       623.5      8.19777     0.997289   0.00132568 
       623.5      8.31899     0.997067   0.00132581 
       623.5      8.44105     0.996889   0.00132574 
       623.5      8.56395     0.996764   0.00132533 
       623.5      8.68769       0.9967   0.00132439 
       623.5      8.81227     0.996709    0.0013227 
       623.5      8.93768     0.996801      0.00132 
       623.5      9.06394     0.996895   0.00131877 
       623.5      9.19103     0.996886   0.00132067 
       623.5      9.31897     0.996891    0.0013215 
       623.5      9.44774     0.996909   0.00132144 
       623.5      9.57735     0.996939   0.00132069 
       623.5       9.7078     0.996978   0.00131941 
       623.5      9.83909     0.997024   0.00131776 
       623.5      9.97121     0.997077    0.0013159 
       623.5      10.1042     0.997135   0.00131394 
       623.5       10.238     0.997197   0.00131202 
       623.5      10.3726     0.997261   0.00131022 
       623.5      10.5081     0.997326   0.00130864 
       623.5      10.6444     0.997392   0.00130736 
       623.5      10.7816     0.997456   0.00130644 
       623.5      10.9196      0.99752   0.00130591 
       623.5      11.0584     0.997581   0.00130582 
       623.5      11.1981     0.997639   0.00130618 
       623.5      11.3386     0.997693   0.00130699 
       623.5        11.48     0.997744   0.00130824 
       623.5      11.6222      0.99779   0.00130991 
       623.5      11.7652     0.997831   0.00131196 
       623.5      11.9091     0.997868   0.00131435 
       623.5      12.0538       0.9979   0.00131702 
       623.5      12.1993     0.997926   0.00131989 
       623.5      12.3457     0.997948   0.00132289 
       623.5       12.493     0.997965   0.00132593 
       623.5       12.641     0.997977   0.00132892 
       623.5      12.7899     0.997984   0.00133175 
       623.5      12.9397     0.997988   0.00133432 
       623.5      13.0903     0.997987   0.00133652 
       623.5      13.2417     0.997983   0.00133823 
       623.5      13.3939     0.997976   0.00133935 
       623.5       13.547     0.997966   0.00133977 
       623.5       13.701     0.997953   0.00133939 
       623.5      13.8558     0.997938    0.0013381 
       623.5      14.0114     0.997921   0.00133582 
       623.5      14.1678     0.997903   0.00133247 
       623.5      14.3251     0.997883   0.00132799 
       623.5      14.4833     0.997863   0.00132232 
       623.5      14.6422      0.99784   0.00131545 
       623.5       14.802     0.997817   0.00130738 
       623.5      14.9627     0.997792   0.00129812 
       623.5      15.1242     0.997764   0.00128548 
       623.5      15.2865     0.997729   0.00126781 
       623.5      15.4497     0.997704   0.00126097 
       623.5      15.6137     0.997739   0.00127841 
       623.5      15.7785      0.99777   0.00128708 
       623.5      15.9442     0.997796   0.00129392 
       623.5      16.1107     0.997818   0.00129917 
       623.5      16.2781     0.997836   0.00130302 
       623.5      16.4463     0.997851   0.00130567 
       623.5      16.6153     0.997863   0.00130731 
       623.5      16.7852     0.997872    0.0013081 
       623.5      16.9559     0.997879   0.00130821 
       623.5      17.1275     0.997883   0.00130776 
       623.5      17.2999     0.997887   0.00130688 
       623.5      17.4731     0.997888   0.00130569 
       623.5      17.6472     0.997889   0.00130428 
       623.5      17.8221     0.997888   0.00130274 
       623.5      17.9979     0.997887   0.00130115 
       623.5      18.1744     0.997885   0.00129957 
       623.5      18.3519     0.997882   0.00129804 
       623.5      18.5301     0.997879    0.0012966 
       623.5      18.7093     0.997876   0.00129528 
       623.5      18.8892     0.997873   0.00129409 
       623.5        19.07      0.99787   0.00129305 
       623.5      19.2516     0.997867   0.00129215 
       623.5      19.4341     0.997865   0.00129138 
       623.5      19.6174     0.997862   0.00129073 
       623.5      19.8015      0.99786   0.00129017 
       623.5      19.9865     0.997858   0.00128969 
       623.5      20.1723     0.997856   0.00128925 
       623.5       20.359     0.997855   0.00128882 
       623.5      20.5465     0.997855   0.00128838 
       623.5      20.7348     0.997855   0.00128788 
       623.5       20.924     0.997855   0.00128731 
       623.5       21.114     0.997856   0.00128664 
       623.5      21.3048     0.997858   0.00128586 
       623.5      21.4965      0.99786   0.00128496 
       623.5       21.689     0.997864   0.00128394 
       623.5      21.8824     0.997868   0.00128282 
       623.5      22.0766     0.997873   0.00128163 
       623.5      22.2717      0.99788   0.00128042 
       623.5      22.4675     0.997888   0.00127925 
       623.5      22.6643     0.997898   0.00127822 
       623.5      22.8618     0.997909   0.00127744 
       623.5      23.0602     0.997923   0.00127706 
       623.5      23.2595      0.99794   0.00127726 
       623.5      23.4596      0.99796   0.00127825 
       623.5      23.6605     0.997983   0.00128027 
       623.5      23.8622     0.998007   0.00128319 
       623.5      24.0648     0.997993   0.00128072 
       623.5      24.2683     0.997982   0.00127854 
       623.5      24.4725     0.997972   0.00127664 
       623.5      24.6776     0.997963   0.00127497 
       623.5      24.8836     0.997956    0.0012735 
       623.5      25.0904     0.997951   0.00127221 
       623.5       25.298     0.997947   0.00127108 
       623.5      25.5065     0.997944   0.00127007 
       623.5      25.7158     0.997942   0.00126916 
       623.5      25.9259     0.997941   0.00126834 
       623.5      26.1369     0.997941   0.00126758 
       623.5      26.3487     0.997942   0.00126687 
       623.5      26.5614     0.997943    0.0012662 
       623.5      26.7749     0.997945   0.00126555 
       623.5      26.9892     0.997948   0.00126491 
       623.5      27.2044     0.997951   0.00126427 
       623.5      27.4204     0.997954   0.00126363 
       623.5      27.6373     0.997957   0.00126298 
       623.5       27.855     0.997961   0.00126232 
       623.5      28.0735     0.997965   0.00126164 
       623.5      28.2929     0.997969   0.00126094 
       623.5      28.5131     0.997973   0.00126023 
       623.5      28.7342     0.997978   0.00125951 
       623.5      28.9561     0.997982   0.00125878 
       623.5      29.1788     0.997987   0.00125805 
       623.5      29.4024     0.997991   0.00125732 
       623.5      29.6268     0.997996    0.0012566 
       623.5       29.852        0.998   0.00125591 
       623.5      30.0781     0.998005   0.00125524 
       623.5       30.305     0.998009   0.00125461 
       623.5      30.5328     0.998014   0.00125403 
       623.5      30.7614     0.998021   0.00125424 
       623.5      30.9908     0.998028    0.0012545 
       623.5      31.2211     0.998035   0.00125462 
       623.5      31.4522     0.998041    0.0012546 
       623.5      31.6842     0.998047   0.00125444 
       623.5       31.917     0.998053   0.00125414 
       623.5      32.1506     0.998058    0.0012537 
       623.5      32.3851     0.998063   0.00125313 
       623.5      32.6204     0.998068   0.00125244 
       623.5      32.8565     0.998072   0.00125163 
       623.5      33.0935     0.998076   0.00125071 
       623.5      33.3314     0.998079    0.0012497 
       623.5        33.57     0.998082   0.00124859 
       623.5      33.8095     0.998085   0.00124742 
       623.5      34.0499     0.998087   0.00124618 
       623.5      34.2911     0.998089   0.00124491 
       623.5      34.5331     0.998091   0.00124361 
       623.5       34.776     0.998092    0.0012423 
       623.5      35.0197     0.998094   0.00124101 
       623.5      35.2642     0.998095   0.00123976 
       623.5      35.5096     0.998096   0.00123856 
       623.5      35.7558     0.998098   0.00123746 
       623.5      36.0029     0.998099   0.00123647 
       623.5      36.2508     0.998101   0.00123561 
       623.5      36.4995     0.998103   0.00123493 
       623.5      36.7491     0.998105   0.00123445 
       623.5      36.9995     0.998108   0.00123405 
       623.5      37.2507     0.998113   0.00123344 
       623.5      37.5028     0.998118   0.00123279 
       623.5      37.7558     0.998123   0.00123211 
       623.5      38.0095     0.998128    0.0012314 
       623.5      38.2641     0.998132   0.00123067 
       623.5      38.5196     0.998137    0.0012299 
       623.5      38.7759     0.998142   0.00122912 
       623.5       39.033     0.998146   0.00122831 
       623.5      39.2909     0.998151   0.00122749 
       623.5      39.5498     0.998156   0.00122665 
       623.5      39.8094      0.99816   0.00122579 
       623.5      40.0699     0.998165   0.00122492 
       623.5      40.3312     0.998169   0.00122405 
       623.5      40.5933     0.998174   0.00122316 
       623.5      40.8563     0.998178   0.00122227 
       623.5      41.1202     0.998183   0.00122137 
       623.5      41.3849     0.998187   0.00122046 
       623.5      41.6504     0.998192   0.00121955 
       623.5      41.9167     0.998196   0.00121864 
       623.5      42.1839     0.998201   0.00121773 
       623.5      42.4519     0.998205   0.00121682 
       623.5      42.7208     0.998209   0.00121591 
       623.5      42.9905     0.998214     0.001215 
       623.5      43.2611     0.998218   0.00121409 
       623.5      43.5325     0.998223   0.00121319 
       623.5      43.8047     0.998227   0.00121228 
       623.5      44.0777     0.998232   0.00121138 
       623.5      44.3516     0.998236   0.00121048 
       623.5      44.6264     0.998241   0.00120958 
       623.5       44.902     0.998246   0.00120868 
       623.5      45.1784      0.99825   0.00120778 
       623.5      45.4556     0.998255   0.00120688 
       623.5      45.7337      0.99826   0.00120598 
       623.5      46.0127     0.998265   0.00120507 
       623.5      46.2925      0.99827   0.00120416 
       623.5      46.5731     0.998275   0.00120325 
       623.5      46.8545      0.99828   0.00120233 
       623.5      47.1368     0.998286    0.0012014 
       623.5      47.4199     0.998291   0.00120046 
       623.5      47.7039     0.998297    0.0011995 
       623.5      47.9887     0.998303   0.00119853 
       623.5      48.2744     0.998309   0.00119754 
       623.5      48.5609     0.998316   0.00119653 
       623.5      48.8482     0.998322    0.0011955 
       623.5      49.1363     0.998329   0.00119444 
       623.5      49.4253     0.998336   0.00119335 
       623.5      49.7152     0.998344   0.00119223 
       623.5      50.0059     0.998351   0.00119127 
       623.5      50.2974     0.998358   0.00119072 
       623.5      50.5897     0.998364   0.00119019 
       623.5      50.8829     0.998369   0.00118969 
       623.5       51.177     0.998375   0.00118923 
       623.5      51.4719     0.998376   0.00118837 
       623.5      51.7676     0.998375   0.00118731 
       623.5      52.0641     0.998374   0.00118626 
       623.5      52.3615     0.998374   0.00118521 
       623.5      52.6597     0.998375   0.00118415 
       623.5      52.9588     0.998376   0.00118311 
       623.5      53.2587     0.998377   0.00118206 
       623.5      53.5595     0.998379   0.00118101 
       623.5      53.8611     0.998381   0.00117997 
       623.5      54.1635     0.998384   0.00117893 
       623.5      54.4667     0.998386    0.0011779 
       623.5      54.7708      0.99839   0.00117686 
       623.5      55.0758     0.998393   0.00117583 
       623.5      55.3816     0.998397    0.0011748 
       623.5      55.6882     0.998401   0.00117377 
       623.5      55.9956     0.998405   0.00117275 
       623.5      56.3039      0.99841   0.00117172 
       623.5      56.6131     0.998415    0.0011707 
       623.5      56.9231      0.99842   0.00116967 
       623.5      57.2339     0.998425   0.00116865 
       623.5      57.5455     0.998431   0.00116763 
       623.5       57.858     0.998436    0.0011666 
       623.5      58.1713     0.998442   0.00116558 
       623.5      58.4855     0.998448   0.00116455 
       623.5      58.8005     0.998454   0.00116353 
       623.5      59.1164     0.998461    0.0011625 
       623.5      59.4331     0.998467   0.00116148 
       623.5      59.7506     0.998474   0.00116045 
       623.5       60.069      0.99848   0.00115941 
       623.5      60.3882     0.998487   0.00115838 
       623.5      60.7082     0.998494   0.00115734 
       623.5      61.0291     0.998501   0.00115631 
       623.5      61.3508     0.998508   0.00115526 
       623.5      61.6734     0.998515   0.00115422 
       623.5      61.9968     0.998522   0.00115317 
       623.5       62.321     0.998529   0.00115212 
       623.5      62.6461     0.998536   0.00115107 
       623.5       62.972     0.998543   0.00115001 
       623.5      63.2987      0.99855   0.00114895 
       623.5      63.6263     0.998558   0.00114789 
       623.5      63.9548     0.998565   0.00114683 
       623.5       64.284     0.998572   0.00114576 
       623.5      64.6141     0.998579    0.0011447 
       623.5      64.9451     0.998586   0.00114363 
       623.5      65.2769     0.998593   0.00114257 
       623.5      65.6095       0.9986    0.0011415 
       623.5       65.943     0.998607   0.00114044 
       623.5      66.2773     0.998614   0.00113938 
       623.5      66.6124      0.99862   0.00113833 
       623.5      66.9484     0.998627   0.00113728 
       623.5      67.2852     0.998633   0.00113624 
       623.5      67.6229     0.998639   0.00113521 
       623.5      67.9614     0.998645   0.00113419 
       623.5      68.3007     0.998651   0.00113318 
       623.5      68.6409     0.998657   0.00113219 
       623.5      68.9819     0.998662   0.00113122 
       623.5      69.3238     0.998667   0.00113026 
       623.5      69.6664     0.998672   0.00112933 
       623.5        70.01     0.998676   0.00112843 
       623.5      70.3543      0.99868   0.00112755 
       623.5      70.6996     0.998684   0.00112671 
       623.5      71.0456     0.998687    0.0011259 
       623.5      71.3925      0.99869   0.00112514 
       623.5      71.7402     0.998693   0.00112428 
       623.5      72.0888     0.998696    0.0011232 
       623.5      72.4382       0.9987   0.00112212 
       623.5      72.7884     0.998703   0.00112102 
       623.5      73.1395     0.998706   0.00111992 
       623.5      73.4914     0.998709   0.00111879 
       623.5      73.8442     0.998711   0.00111766 
       623.5      74.1978     0.998714    0.0011165 
       623.5      74.5522     0.998716   0.00111533 
       623.5      74.9075     0.998718   0.00111414 
       623.5      75.2636      0.99872   0.00111292 
       623.5      75.6206     0.998722   0.00111168 
       623.5      75.9784     0.998724   0.00111041 
       623.5       76.337     0.998725   0.00110912 
       623.5      76.6965     0.998727    0.0011078 
       623.5      77.0568     0.998729   0.00110645 
       623.5      77.4179      0.99873   0.00110508 
       623.5      77.7799     0.998732   0.00110367 
       623.5      78.1427     0.998734   0.00110224 
       623.5      78.5064     0.998736   0.00110077 
       623.5      78.8709     0.998737   0.00109928 
       623.5      79.2363     0.998739   0.00109775 
       623.5      79.6024     0.998741   0.00109624 
       623.5      79.9695     0.998744   0.00109475 
       623.5      80.3373     0.998746   0.00109328 
       623.5       80.706      0.99875   0.00109182 
       623.5      81.0756     0.998753   0.00109038 
       623.5      81.4459     0.998757   0.00108896 
       623.5      81.8171     0.998762   0.00108755 
       623.5      82.1892     0.998766   0.00108615 
       623.5      82.5621     0.998772   0.00108476 
       623.5      82.9358     0.998777   0.00108339 
       623.5      83.3104     0.998783   0.00108202 
       623.5      83.6858     0.998789   0.00108066 
       623.5      84.0621     0.998795   0.00107931 
       623.5      84.4391     0.998802   0.00107797 
       623.5      84.8171     0.998809   0.00107664 
       623.5      85.1958     0.998817   0.00107531 
       623.5      85.5754     0.998824   0.00107399 
       623.5      85.9559     0.998832   0.00107267 
       623.5      86.3372      0.99884   0.00107136 
       623.5      86.7193     0.998849   0.00107006 
       623.5      87.1022     0.998858   0.00106876 
       623.5       87.486     0.998866   0.00106746 
       623.5      87.8707     0.998876   0.00106617 
       623.5      88.2562     0.998885   0.00106488 
       623.5      88.6425     0.998894    0.0010636 
       623.5      89.0296     0.998904   0.00106232 
       623.5      89.4176     0.998914   0.00106104 
       623.5      89.8065     0.998924   0.00105977 
       623.5      90.1961     0.998934   0.00105851 
       623.5      90.5866     0.998944   0.00105725 
       623.5       90.978     0.998955   0.00105599 
       623.5      91.3702     0.998965   0.00105474 
       623.5      91.7632     0.998976   0.00105349 
       623.5      92.1571     0.998986   0.00105224 
       623.5      92.5518     0.998997   0.00105101 
       623.5      92.9473     0.999007   0.00104977 
       623.5      93.3437     0.999018   0.00104854 
       623.5      93.7409     0.999028   0.00104732 
       623.5       94.139     0.999039    0.0010461 
       623.5      94.5379     0.999049   0.00104489 
       623.5      94.9376      0.99906   0.00104369 
       623.5      95.3382      0.99907   0.00104249 
       623.5      95.7396      0.99908    0.0010413 
       623.5      96.1419      0.99909   0.00104011 
       623.5       96.545     0.999099   0.00103893 
       623.5      96.9489     0.999109   0.00103775 
       623.5      97.3537     0.999118   0.00103658 
       623.5      97.7593     0.999127   0.00103542 
       623.5      98.1657     0.999136   0.00103426 
       623.5       98.573     0.999144    0.0010331 
       623.5      98.9811     0.999152   0.00103195 
       623.5      99.3901      0.99916   0.00103081 
       623.5      99.7999     0.999168   0.00102966 
       623.5      100.211     0.999175   0.00102852 
       623.5      100.622     0.999181   0.00102739 
       623.5      101.034     0.999188   0.00102625 
       623.5      101.448     0.999193   0.00102512 
       623.5      101.862     0.999198   0.00102398 
       623.5      102.276     0.999203   0.00102284 
       623.5      102.692     0.999207    0.0010217 
       623.5      103.109     0.999211   0.00102055 
       623.5      103.526     0.999214    0.0010194 
       623.5      103.944     0.999216   0.00101823 
       623.5      104.363     0.999218   0.00101706 
       623.5      104.783     0.999219   0.00101587 
       623.5      105.204     0.999219   0.00101467 
       623.5      105.625     0.999219   0.00101345 
       623.5      106.048     0.999217   0.00101222 
       623.5      106.471     0.999215   0.00101095 
       623.5      106.895     0.999212   0.00100966 
       623.5       107.32     0.999209   0.00100834 
       623.5      107.746     0.999204   0.00100699 
       623.5      108.172     0.999199    0.0010056 
       623.5        108.6     0.999192   0.00100416 
       623.5      109.028     0.999185   0.00100268 
       623.5      109.457     0.999176   0.00100115 
       623.5      109.887     0.999167  0.000999556 
       623.5      110.318      0.99916  0.000998264 
       623.5      110.749     0.999155   0.00099713 
       623.5      111.182      0.99915  0.000995951 
       623.5      111.615     0.999145  0.000994729 
       623.5      112.049      0.99914  0.000993465 
       623.5      112.484     0.999136  0.000992162 
       623.5       112.92     0.999131  0.000990823 
       623.5      113.357     0.999127  0.000989448 
       623.5      113.794     0.999123  0.000988041 
       623.5      114.232      0.99912  0.000986602 
       623.5      114.672     0.999116  0.000985134 
       623.5      115.112     0.999113  0.000983639 
       623.5      115.552      0.99911  0.000982118 
       623.5      115.994     0.999108  0.000980572 
       623.5      116.437     0.999105  0.000979003 
       623.5       116.88     0.999103  0.000977412 
       623.5      117.324     0.999101  0.000975802 
       623.5      117.769       0.9991  0.000974172 
       623.5      118.215     0.999099  0.000972525 
       623.5      118.662     0.999098  0.000970861 
       623.5      119.109     0.999098  0.000969181 
       623.5      119.558     0.999097  0.000967487 
       623.5      120.007     0.999098  0.000965779 
       623.5      120.457     0.999098  0.000964059 
       623.5      120.908     0.999099  0.000962326 
       623.5       121.36     0.999101  0.000960584 
       623.5      121.812     0.999102  0.000958831 
       623.5      122.266     0.999104  0.000957068 
       623.5       122.72     0.999107  0.000955297 
       623.5      123.175     0.999109  0.000953519 
       623.5      123.631     0.999113  0.000951733 
       623.5      124.088     0.999116   0.00094994 
       623.5      124.546      0.99912  0.000948142 
       623.5      125.004     0.999125  0.000946339 
       623.5      125.463     0.999129  0.000944531 
       623.5      125.923     0.999134  0.000942719 
       623.5      126.384      0.99914  0.000940904 
       623.5      126.846     0.999146  0.000939087 
       623.5      127.309     0.999152  0.000937267 
       623.5      127.772     0.999159  0.000935447 
       623.5      128.237     0.999166  0.000933625 
       623.5      128.702     0.999174  0.000931804 
       623.5      129.168     0.999182  0.000929984 
       623.5      129.635      0.99919  0.000928166 
       623.5      130.102     0.999199  0.000926351 
       623.5      130.571     0.999209  0.000924539 
       623.5       131.04     0.999218  0.000922731 
       623.5      131.511     0.999229  0.000920929 
       623.5      131.982     0.999239  0.000919134 
       623.5      132.453      0.99925  0.000917347 
       623.5      132.926     0.999262  0.000915569 
       623.5        133.4     0.999274  0.000913801 
       623.5      133.874     0.999286  0.000912045 
       623.5      134.349     0.999299  0.000910303 
       623.5      134.825     0.999312  0.000908576 
       623.5      135.302     0.999326  0.000906865 
       623.5       135.78      0.99934  0.000905174 
       623.5      136.259     0.999355  0.000903504 
       623.5      136.738      0.99937  0.000901856 
       623.5      137.218     0.999386  0.000900234 
       623.5        137.7     0.999402  0.000898641 
       623.5      138.182     0.999419  0.000897077 
       623.5      138.664     0.999436  0.000895547 
       623.5      139.148     0.999454  0.000894054 
       623.5      139.632     0.999473  0.000892601 
       623.5      140.118     0.999492   0.00089119 
       623.5      140.604     0.999512  0.000889827 
       623.5      141.091     0.999532  0.000888514 
       623.5      141.579     0.999553  0.000887256 
       623.5      142.067     0.999574  0.000886057 
       623.5      142.557     0.999596  0.000884922 
       623.5      143.047     0.999619  0.000883856 
       623.5      143.538     0.999643  0.000882863 
       623.5       144.03     0.999667  0.000881949 
       623.5      144.523     0.999692  0.000881121 
       623.5      145.017     0.999718  0.000880383 
       623.5      145.511     0.999744  0.000879742 
       623.5      146.007     0.999772  0.000879206 
       623.5      146.503       0.9998   0.00087878 
       623.5          147     0.999827  0.000878423 
       623.5      147.498     0.999855  0.000878134 
       623.5      147.997     0.999883  0.000877909 
       623.5      148.496     0.999912  0.000877745 
       623.5      148.997     0.999941  0.000877638 
       623.5      149.498      0.99997  0.000877586 
       623.5          150            1  0.000877582 
