Variables = x, y, u, v, p

Zone, I=600, F=POINT
         1.5        -1.25 -3.02084e-05  5.25458e-06   -0.0018794 
         1.5     -1.24958 -4.66929e-05  5.18705e-06  -0.00188142 
         1.5     -1.24831 -9.60492e-05  5.01724e-06  -0.00188745 
         1.5     -1.24621 -0.000178297  4.84206e-06  -0.00189739 
         1.5     -1.24325 -0.000293298  4.82269e-06  -0.00191108 
         1.5     -1.23946 -0.000440905  5.18248e-06  -0.00192828 
         1.5     -1.23482 -0.000620925  6.20507e-06  -0.00194873 
         1.5     -1.22934 -0.000833102  8.23177e-06  -0.00197208 
         1.5     -1.22302  -0.00107712  1.16584e-05  -0.00199794 
         1.5     -1.21585  -0.00135257  1.69313e-05  -0.00202587 
         1.5     -1.20785  -0.00165898  2.45431e-05  -0.00205539 
         1.5     -1.19899   -0.0019958  3.50293e-05  -0.00208599 
         1.5      -1.1893  -0.00236225  4.89571e-05  -0.00211713 
         1.5     -1.17876  -0.00275757  6.69287e-05  -0.00214825 
         1.5     -1.16738   -0.0031807  8.95631e-05  -0.00217879 
         1.5     -1.15515  -0.00363055  0.000117502  -0.00220818 
         1.5     -1.14209  -0.00410575  0.000151389  -0.00223586 
         1.5     -1.12817  -0.00460474  0.000191869  -0.00226131 
         1.5     -1.11342  -0.00512571  0.000239576  -0.00228401 
         1.5     -1.09782   -0.0056666  0.000295127  -0.00230351 
         1.5     -1.08138  -0.00622507  0.000359106  -0.00231943 
         1.5      -1.0641  -0.00679844  0.000432058  -0.00233145 
         1.5     -1.04597  -0.00738373  0.000514483  -0.00233934 
         1.5       -1.027  -0.00797747  0.000606798  -0.00234299 
         1.5     -1.00719  -0.00857589  0.000709368  -0.00234238 
         1.5    -0.986536  -0.00917468  0.000822444  -0.00233768 
         1.5    -0.965037  -0.00976914  0.000946197  -0.00232917 
         1.5    -0.942695    -0.010354   0.00108066  -0.00231734 
         1.5     -0.91951   -0.0109233   0.00122575  -0.00230288 
         1.5    -0.895482   -0.0114707   0.00138123  -0.00228667 
         1.5    -0.870611    -0.011989   0.00154668  -0.00226986 
         1.5    -0.844897   -0.0124706   0.00172153  -0.00225384 
         1.5     -0.81834   -0.0129067   0.00190499  -0.00224031 
         1.5     -0.79094   -0.0132882   0.00209607  -0.00223124 
         1.5    -0.762696   -0.0136049   0.00229355  -0.00222898 
         1.5     -0.73361   -0.0138457   0.00249591  -0.00223622 
         1.5     -0.70368   -0.0139987   0.00270142  -0.00225601 
         1.5    -0.672908   -0.0140508   0.00290801  -0.00229185 
         1.5    -0.641292   -0.0139881   0.00311333  -0.00234767 
         1.5    -0.608833   -0.0141144   0.00327944   -0.0022846 
         1.5    -0.575531   -0.0133442    0.0034913   -0.0022865 
         1.5    -0.541386   -0.0125615   0.00367877  -0.00228845 
         1.5    -0.506398    -0.011703   0.00383852  -0.00229041 
         1.5    -0.470567    -0.010696   0.00396701  -0.00229235 
         1.5    -0.433893  -0.00945764   0.00406047  -0.00229422 
         1.5    -0.396376  -0.00789458   0.00411489  -0.00229599 
         1.5    -0.358015  -0.00590216   0.00412603   -0.0022976 
         1.5    -0.318812  -0.00336404   0.00408936    -0.002299 
         1.5    -0.278765 -0.000151197   0.00400012  -0.00230012 
         1.5    -0.237876   0.00387823   0.00385323  -0.00230089 
         1.5    -0.196143   0.00888022   0.00364335  -0.00230125 
         1.5    -0.153567    0.0150249   0.00336482   -0.0023011 
         1.5    -0.110148    0.0224977   0.00301168  -0.00230035 
         1.5    -0.065886    0.0314998   0.00257762  -0.00229891 
         1.5    -0.020781    0.0422489   0.00205602  -0.00229668 
         1.5     0.025167    0.0561724   0.00154219  -0.00229444 
         1.5     0.071958      0.07269    0.0010137  -0.00229192 
         1.5     0.119593     0.092295   0.00052384   -0.0022895 
         1.5      0.16807     0.114832  9.80589e-05  -0.00228732 
         1.5     0.217391     0.140119 -0.000235777  -0.00228555 
         1.5     0.267554     0.167619 -0.000472865  -0.00228422 
         1.5     0.318561     0.196827 -0.000610236  -0.00228326 
         1.5     0.370411     0.226619 -0.000719707  -0.00228233 
         1.5     0.423104     0.256903 -0.000806111  -0.00228138 
         1.5      0.47664     0.287582 -0.000874873  -0.00228035 
         1.5     0.531019     0.318545 -0.000932035   -0.0022792 
         1.5     0.586241     0.349675 -0.000984281  -0.00227785 
         1.5     0.642306     0.380843  -0.00103896  -0.00227623 
         1.5     0.699214     0.411909  -0.00110412  -0.00227428 
         1.5     0.756966     0.442842   -0.0011609  -0.00227179 
         1.5      0.81556     0.474135  -0.00121385  -0.00226934 
         1.5     0.874998     0.505214   -0.0012631  -0.00226635 
         1.5     0.935278     0.536007   -0.0013086  -0.00226277 
         1.5     0.996402     0.566435  -0.00135032  -0.00225859 
         1.5      1.05837     0.596416  -0.00138822  -0.00225377 
         1.5      1.12118     0.625864  -0.00142227  -0.00224828 
         1.5      1.18483     0.654688  -0.00145247   -0.0022421 
         1.5      1.24933     0.682791  -0.00147881  -0.00223519 
         1.5      1.31467     0.710074  -0.00150132  -0.00222752 
         1.5      1.38085     0.736428  -0.00152001  -0.00221907 
         1.5      1.44787     0.761745  -0.00153491  -0.00220978 
         1.5      1.51574     0.785907  -0.00154608  -0.00219964 
         1.5      1.58445     0.808791  -0.00155357  -0.00218861 
         1.5      1.65401     0.830271  -0.00155747  -0.00217664 
         1.5      1.72441     0.850212  -0.00155786  -0.00216372 
         1.5      1.79565     0.870231  -0.00156021  -0.00215097 
         1.5      1.86773     0.886738  -0.00155266  -0.00213606 
         1.5      1.94066     0.901915   -0.0015444  -0.00212057 
         1.5      2.01443     0.915785  -0.00153548  -0.00210452 
         1.5      2.08904     0.928377  -0.00152592  -0.00208793 
         1.5       2.1645     0.939723   -0.0015158  -0.00207081 
         1.5       2.2408     0.949861  -0.00150515  -0.00205319 
         1.5      2.31794     0.958833  -0.00149406  -0.00203509 
         1.5      2.39592     0.966689  -0.00148257  -0.00201653 
         1.5      2.47475     0.973481  -0.00147076  -0.00199754 
         1.5      2.55442     0.979269   -0.0014587  -0.00197815 
         1.5      2.63494     0.984118  -0.00144648  -0.00195839 
         1.5       2.7163     0.988099  -0.00143418  -0.00193829 
         1.5       2.7985     0.991289   -0.0014219  -0.00191789 
         1.5      2.88154     0.993771  -0.00140972  -0.00189722 
         1.5      2.96543     0.995637  -0.00139775  -0.00187634 
         1.5      3.05016     0.996981   -0.0013861  -0.00185527 
         1.5      3.13573     0.997907  -0.00137488  -0.00183406 
         1.5      3.22215     0.998526  -0.00136422  -0.00181277 
         1.5      3.30941     0.998954  -0.00135424  -0.00179145 
         1.5      3.39751     0.999318  -0.00134507  -0.00177015 
         1.5      3.48646     0.999748  -0.00133685  -0.00174892 
         1.5      3.57624      1.00039  -0.00132974  -0.00172783 
         1.5      3.66688      1.00138  -0.00132388  -0.00170694 
         1.5      3.75835        1.001  -0.00131246   -0.0016851 
         1.5      3.85067      1.00107  -0.00130386  -0.00166369 
         1.5      3.94383      1.00112  -0.00129526  -0.00164224 
         1.5      4.03783      1.00114  -0.00128672  -0.00162078 
         1.5      4.13268      1.00115  -0.00127819  -0.00159933 
         1.5      4.22837      1.00115   -0.0012696    -0.001578 
         1.5       4.3249      1.00114  -0.00126096  -0.00155669 
         1.5      4.42228      1.00113  -0.00125228  -0.00153541 
         1.5       4.5205      1.00111  -0.00124357  -0.00151415 
         1.5      4.61956       1.0011  -0.00123481  -0.00149293 
         1.5      4.71947      1.00108  -0.00122603  -0.00147173 
         1.5      4.82022      1.00106  -0.00121721   -0.0014506 
         1.5      4.92181      1.00104   -0.0012083  -0.00142954 
         1.5      5.02424      1.00102  -0.00119923  -0.00140853 
         1.5      5.12752        1.001  -0.00119024  -0.00138758 
         1.5      5.23164      1.00098  -0.00118114   -0.0013667 
         1.5      5.33661      1.00096  -0.00117198  -0.00134589 
         1.5      5.44241      1.00094  -0.00116275  -0.00132516 
         1.5      5.54906      1.00092  -0.00115345  -0.00130451 
         1.5      5.65656       1.0009  -0.00114408  -0.00128394 
         1.5       5.7649      1.00088  -0.00113464  -0.00126345 
         1.5      5.87407      1.00086  -0.00112514  -0.00124305 
         1.5       5.9841      1.00084  -0.00111557  -0.00122274 
         1.5      6.09496      1.00082  -0.00110593  -0.00120252 
         1.5      6.20667       1.0008  -0.00109623   -0.0011824 
         1.5      6.31922      1.00078  -0.00108645  -0.00116237 
         1.5      6.43262      1.00076  -0.00107676  -0.00114245 
         1.5      6.54686      1.00074  -0.00106677   -0.0011226 
         1.5      6.66194      1.00072  -0.00105674  -0.00110286 
         1.5      6.77786       1.0007  -0.00104669  -0.00108323 
         1.5      6.89463      1.00069  -0.00103661  -0.00106373 
         1.5      7.01224      1.00067  -0.00102651  -0.00104435 
         1.5      7.13069      1.00065   -0.0010164  -0.00102511 
         1.5      7.24999      1.00063  -0.00100615  -0.00100595 
         1.5      7.37013      1.00061 -0.000995674  -0.00098684 
         1.5      7.49111      1.00059 -0.000985144 -0.000967851 
         1.5      7.61294      1.00057 -0.000974559 -0.000948989 
         1.5      7.73561      1.00056 -0.000963923 -0.000930259 
         1.5      7.85912      1.00054 -0.000953239 -0.000911664 
         1.5      7.98348      1.00052 -0.000942512 -0.000893208 
         1.5      8.10867       1.0005 -0.000931747 -0.000874896 
         1.5      8.23471      1.00048 -0.000920947 -0.000856733 
         1.5       8.3616      1.00047 -0.000910117 -0.000838721 
         1.5      8.48933      1.00045 -0.000899262 -0.000820866 
         1.5       8.6179      1.00043 -0.000888468 -0.000803028 
         1.5      8.74731      1.00042  -0.00087733 -0.000785415 
         1.5      8.87757       1.0004  -0.00086613 -0.000767924 
         1.5      9.00867      1.00038  -0.00085487 -0.000750559 
         1.5      9.14061      1.00037 -0.000843552 -0.000733322 
         1.5       9.2734      1.00035 -0.000832178 -0.000716214 
         1.5      9.40703      1.00033 -0.000820751 -0.000699237 
         1.5       9.5415      1.00032 -0.000809273 -0.000682393 
         1.5      9.67681       1.0003 -0.000797747 -0.000665684 
         1.5      9.81297      1.00029 -0.000786175 -0.000649111 
         1.5      9.94997      1.00027  -0.00077456 -0.000632677 
         1.5      10.0878      1.00025 -0.000762905 -0.000616382 
         1.5      10.2265      1.00024 -0.000751212 -0.000600228 
         1.5       10.366      1.00022 -0.000739485 -0.000584216 
         1.5      10.5064      1.00021 -0.000727726 -0.000568348 
         1.5      10.6476      1.00019 -0.000715998 -0.000552558 
         1.5      10.7897      1.00018 -0.000704172 -0.000537018 
         1.5      10.9326      1.00016 -0.000692294 -0.000521623 
         1.5      11.0763      1.00015 -0.000680366 -0.000506372 
         1.5      11.2209      1.00013 -0.000668389 -0.000491267 
         1.5      11.3664      1.00012 -0.000656363 -0.000476308 
         1.5      11.5126      1.00011 -0.000644291 -0.000461496 
         1.5      11.6598      1.00009 -0.000632173 -0.000446832 
         1.5      11.8077      1.00008  -0.00062001 -0.000432316 
         1.5      11.9565      1.00007 -0.000607804 -0.000417948 
         1.5      12.1062      1.00005 -0.000596206 -0.000403599 
         1.5      12.2567      1.00004 -0.000583789   -0.0003896 
         1.5       12.408      1.00003 -0.000571376 -0.000375741 
         1.5      12.5602      1.00001 -0.000558968 -0.000362025 
         1.5      12.7132            1 -0.000546564  -0.00034845 
         1.5       12.867     0.999987 -0.000534163 -0.000335017 
         1.5      13.0218     0.999974 -0.000521766 -0.000321728 
         1.5      13.1773     0.999962 -0.000509373 -0.000308582 
         1.5      13.3337     0.999949 -0.000496982 -0.000295579 
         1.5      13.4909     0.999937 -0.000484595  -0.00028272 
         1.5       13.649     0.999925  -0.00047221 -0.000270004 
         1.5      13.8079     0.999913 -0.000459827 -0.000257433 
         1.5      13.9677     0.999902 -0.000447446 -0.000245004 
         1.5      14.1283      0.99989 -0.000435066  -0.00023272 
         1.5      14.2898     0.999879 -0.000422686 -0.000220578 
         1.5       14.452     0.999868 -0.000410307 -0.000208578 
         1.5      14.6152     0.999857 -0.000397928 -0.000196721 
         1.5      14.7792     0.999847 -0.000385547 -0.000185006 
         1.5       14.944     0.999836 -0.000373165 -0.000173431 
         1.5      15.1097     0.999826  -0.00036078 -0.000161997 
         1.5      15.2762     0.999816 -0.000347319 -0.000150823 
         1.5      15.4435     0.999806 -0.000334869 -0.000139765 
         1.5      15.6117     0.999797 -0.000322426 -0.000128873 
         1.5      15.7808     0.999787 -0.000309992 -0.000118148 
         1.5      15.9506     0.999777 -0.000297568  -0.00010759 
         1.5      16.1214     0.999768 -0.000285158 -9.72007e-05 
         1.5      16.2929     0.999758 -0.000272763  -8.6979e-05 
         1.5      16.4653     0.999748 -0.000259499 -7.66262e-05 
         1.5      16.6386     0.999739 -0.000246976 -6.66395e-05 
         1.5      16.8127     0.999731 -0.000234484 -5.67825e-05 
         1.5      16.9876     0.999722 -0.000222022 -4.70558e-05 
         1.5      17.1634     0.999714 -0.000209591 -3.74597e-05 
         1.5        17.34     0.999705 -0.000197188 -2.79948e-05 
         1.5      17.5175     0.999697 -0.000184815 -1.86611e-05 
         1.5      17.6958     0.999688 -0.000172468 -9.45899e-06 
         1.5       17.875      0.99968 -0.000160148 -3.88664e-07 
         1.5       18.055     0.999672 -0.000147854  8.54973e-06 
         1.5      18.2358     0.999664 -0.000135584  1.73561e-05 
         1.5      18.4175     0.999656 -0.000123337  2.60304e-05 
         1.5         18.6     0.999649 -0.000111113  3.45727e-05 
         1.5      18.7834     0.999641 -9.89094e-05  4.29829e-05 
         1.5      18.9676     0.999634 -8.67254e-05  5.12614e-05 
         1.5      19.1527     0.999626 -7.47281e-05  5.92746e-05 
         1.5      19.3386      0.99962 -6.23865e-05  6.71679e-05 
         1.5      19.5253     0.999613  -5.0095e-05  7.49279e-05 
         1.5      19.7129     0.999607 -3.78545e-05  8.25576e-05 
         1.5      19.9013     0.999601 -2.56659e-05    9.006e-05 
         1.5      20.0906     0.999594 -1.35303e-05   9.7438e-05 
         1.5      20.2807     0.999588 -1.44832e-06  0.000104695 
         1.5      20.4717     0.999582   1.0579e-05  0.000111834 
         1.5      20.6635     0.999576  2.25508e-05   0.00011886 
         1.5      20.8561     0.999571  3.44662e-05  0.000125774 
         1.5      21.0496     0.999565  4.63243e-05  0.000132582 
         1.5      21.2439     0.999559  5.81244e-05  0.000139288 
         1.5      21.4391     0.999554  6.98654e-05  0.000145894 
         1.5      21.6351     0.999549  8.15465e-05  0.000152406 
         1.5       21.832     0.999542  9.32266e-05  0.000159174 
         1.5      22.0297     0.999537  0.000105218  0.000165232 
         1.5      22.2283     0.999533  0.000117084  0.000171124 
         1.5      22.4276     0.999528  0.000128821  0.000176849 
         1.5      22.6279     0.999524  0.000140428  0.000182408 
         1.5      22.8289     0.999519  0.000152219  0.000188623 
         1.5      23.0309     0.999514  0.000163568  0.000194176 
         1.5      23.2336     0.999509  0.000174886  0.000199628 
         1.5      23.4372     0.999505  0.000186171  0.000204979 
         1.5      23.6417     0.999501  0.000197423  0.000210229 
         1.5       23.847     0.999497  0.000208639  0.000215378 
         1.5      24.0531     0.999493  0.000219819  0.000220427 
         1.5      24.2601     0.999489  0.000230961  0.000225375 
         1.5      24.4679     0.999486  0.000242064  0.000230224 
         1.5      24.6766     0.999482  0.000253127  0.000234972 
         1.5      24.8861     0.999479  0.000264148  0.000239622 
         1.5      25.0964     0.999476  0.000275126  0.000244172 
         1.5      25.3076     0.999473   0.00028606  0.000248624 
         1.5      25.5197      0.99947  0.000296948  0.000252978 
         1.5      25.7325     0.999467  0.000307788  0.000257235 
         1.5      25.9463     0.999464   0.00031858  0.000261394 
         1.5      26.1608     0.999462  0.000329322  0.000265457 
         1.5      26.3762     0.999459  0.000340012  0.000269424 
         1.5      26.5925     0.999457   0.00035065  0.000273296 
         1.5      26.8096     0.999455  0.000361233  0.000277073 
         1.5      27.0275     0.999452   0.00037176  0.000280757 
         1.5      27.2463      0.99945  0.000382229  0.000284348 
         1.5      27.4659     0.999448   0.00039264  0.000287846 
         1.5      27.6864     0.999446  0.000402991  0.000291254 
         1.5      27.9077     0.999444  0.000413279  0.000294571 
         1.5      28.1299     0.999443  0.000423504  0.000297799 
         1.5      28.3528     0.999441  0.000433664  0.000300938 
         1.5      28.5767     0.999439  0.000443758   0.00030399 
         1.5      28.8014     0.999437  0.000453783  0.000306956 
         1.5      29.0269     0.999436  0.000463739  0.000309837 
         1.5      29.2533     0.999434  0.000473623  0.000312634 
         1.5      29.4805     0.999433  0.000483434  0.000315348 
         1.5      29.7085     0.999431  0.000493171  0.000317981 
         1.5      29.9374     0.999429  0.000502832  0.000320534 
         1.5      30.1672     0.999428  0.000512415  0.000323008 
         1.5      30.3978     0.999428  0.000521929  0.000325369 
         1.5      30.6292     0.999427  0.000531204  0.000327648 
         1.5      30.8614     0.999426  0.000540469  0.000329857 
         1.5      31.0946     0.999425   0.00054973     0.000332 
         1.5      31.3285     0.999424  0.000558993   0.00033408 
         1.5      31.5633     0.999424  0.000568228  0.000336568 
         1.5       31.799     0.999424  0.000577582   0.00033849 
         1.5      32.0354     0.999423  0.000586843  0.000340363 
         1.5      32.2728     0.999423  0.000596013  0.000342184 
         1.5      32.5109     0.999422  0.000605091  0.000343955 
         1.5        32.75     0.999422  0.000614078  0.000345676 
         1.5      32.9898     0.999422  0.000622976  0.000347346 
         1.5      33.2305     0.999422  0.000631785  0.000348966 
         1.5      33.4721     0.999421  0.000640506  0.000350535 
         1.5      33.7145     0.999421   0.00064914  0.000352053 
         1.5      33.9577     0.999421  0.000657689  0.000353522 
         1.5      34.2018     0.999421  0.000666153   0.00035494 
         1.5      34.4467     0.999422  0.000674533  0.000356307 
         1.5      34.6924     0.999422  0.000682831  0.000357625 
         1.5       34.939     0.999422  0.000691048  0.000358892 
         1.5      35.1865     0.999422  0.000699185  0.000360109 
         1.5      35.4348     0.999423  0.000707243  0.000361276 
         1.5      35.6839     0.999423  0.000715224  0.000362394 
         1.5      35.9339     0.999422  0.000722665  0.000362713 
         1.5      36.1847     0.999423  0.000730636  0.000363723 
         1.5      36.4364     0.999424   0.00073854  0.000364688 
         1.5      36.6889     0.999424  0.000746376  0.000365609 
         1.5      36.9422     0.999425  0.000754145  0.000366487 
         1.5      37.1964     0.999426  0.000761846  0.000367323 
         1.5      37.4514     0.999427  0.000769481  0.000368115 
         1.5      37.7073     0.999428  0.000777049  0.000368866 
         1.5       37.964     0.999429  0.000784551  0.000369575 
         1.5      38.2216      0.99943  0.000791987  0.000370244 
         1.5        38.48     0.999432  0.000799357  0.000370872 
         1.5      38.7392     0.999433  0.000806661  0.000371459 
         1.5      38.9993     0.999434  0.000813901  0.000372008 
         1.5      39.2603     0.999436  0.000821075  0.000372518 
         1.5       39.522     0.999437  0.000828186  0.000372989 
         1.5      39.7847     0.999439  0.000835233  0.000373423 
         1.5      40.0481      0.99944  0.000842216   0.00037382 
         1.5      40.3124     0.999442  0.000849136  0.000374181 
         1.5      40.5776     0.999444  0.000855994  0.000374506 
         1.5      40.8436     0.999445   0.00086279  0.000374796 
         1.5      41.1104     0.999447  0.000869525  0.000375051 
         1.5      41.3781     0.999449  0.000876199  0.000375273 
         1.5      41.6466     0.999451  0.000882812  0.000375462 
         1.5       41.916     0.999452  0.000889366   0.00037562 
         1.5      42.1862     0.999454  0.000895861  0.000375745 
         1.5      42.4573     0.999456  0.000902297  0.000375841 
         1.5      42.7291     0.999458  0.000908676  0.000375906 
         1.5      43.0019      0.99946  0.000914997  0.000375943 
         1.5      43.2755     0.999462  0.000921263  0.000375952 
         1.5      43.5499     0.999462  0.000927464  0.000375782 
         1.5      43.8252     0.999463   0.00093359   0.00037579 
         1.5      44.1013     0.999464  0.000939678   0.00037577 
         1.5      44.3782     0.999465  0.000945727  0.000375723 
         1.5       44.656     0.999466  0.000951737  0.000375648 
         1.5      44.9347     0.999467  0.000957707  0.000375545 
         1.5      45.2141     0.999468  0.000963638  0.000375417 
         1.5      45.4945      0.99947  0.000969528  0.000375261 
         1.5      45.7756     0.999471  0.000975378   0.00037508 
         1.5      46.0576     0.999473  0.000981186  0.000374873 
         1.5      46.3405     0.999475  0.000986954   0.00037464 
         1.5      46.6242     0.999477   0.00099268  0.000374383 
         1.5      46.9087      0.99948  0.000999192  0.000374573 
         1.5      47.1941     0.999482    0.0010047  0.000374302 
         1.5      47.4804     0.999484   0.00101015  0.000374023 
         1.5      47.7674     0.999486   0.00101554  0.000373736 
         1.5      48.0553     0.999488   0.00102087  0.000373441 
         1.5      48.3441     0.999489   0.00102615  0.000373138 
         1.5      48.6337     0.999491   0.00103137  0.000372827 
         1.5      48.9241     0.999493   0.00103653  0.000372508 
         1.5      49.2154     0.999495   0.00104163   0.00037218 
         1.5      49.5076     0.999497   0.00104668  0.000371844 
         1.5      49.8005     0.999499   0.00105167  0.000371499 
         1.5      50.0943     0.999501    0.0010566  0.000371146 
         1.5       50.389     0.999504   0.00106149  0.000370784 
         1.5      50.6845     0.999506   0.00106631  0.000370414 
         1.5      50.9808     0.999508   0.00107109  0.000370035 
         1.5       51.278      0.99951   0.00107581  0.000369647 
         1.5      51.5761     0.999512   0.00108048  0.000369251 
         1.5      51.8749     0.999514   0.00108509  0.000368845 
         1.5      52.1747     0.999517   0.00108966   0.00036843 
         1.5      52.4752     0.999519   0.00109417  0.000368007 
         1.5      52.7766     0.999521   0.00109864  0.000367574 
         1.5      53.0789     0.999524   0.00110305  0.000367132 
         1.5       53.382     0.999526   0.00110742  0.000366681 
         1.5      53.6859     0.999528   0.00111174   0.00036622 
         1.5      53.9907     0.999531   0.00111601   0.00036575 
         1.5      54.2963     0.999533   0.00112024  0.000365271 
         1.5      54.6027     0.999535   0.00112442  0.000364782 
         1.5        54.91     0.999538   0.00112856  0.000364284 
         1.5      55.2182      0.99954   0.00113265  0.000363775 
         1.5      55.5272     0.999543    0.0011367  0.000363257 
         1.5       55.837     0.999545   0.00114071   0.00036273 
         1.5      56.1477     0.999547   0.00114468  0.000362192 
         1.5      56.4592      0.99955   0.00114861  0.000361644 
         1.5      56.7716     0.999552   0.00115249  0.000361087 
         1.5      57.0848     0.999555   0.00115634  0.000360519 
         1.5      57.3988     0.999557   0.00116016  0.000359941 
         1.5      57.7137     0.999559   0.00116393  0.000359353 
         1.5      58.0295     0.999562   0.00116767  0.000358754 
         1.5       58.346     0.999564   0.00117138  0.000358145 
         1.5      58.6635     0.999566   0.00117505  0.000357526 
         1.5      58.9817     0.999569   0.00117869  0.000356896 
         1.5      59.3008     0.999571    0.0011823  0.000356256 
         1.5      59.6208     0.999573   0.00118588  0.000355604 
         1.5      59.9416     0.999576   0.00118943  0.000354942 
         1.5      60.2632     0.999578   0.00119296   0.00035427 
         1.5      60.5857      0.99958   0.00119646  0.000353586 
         1.5       60.909     0.999582   0.00119993  0.000352891 
         1.5      61.2332     0.999585   0.00120338  0.000352186 
         1.5      61.5582     0.999587    0.0012068  0.000351469 
         1.5      61.8841     0.999589   0.00121021  0.000350741 
         1.5      62.2107     0.999591   0.00121359  0.000350001 
         1.5      62.5383     0.999593   0.00121695  0.000349251 
         1.5      62.8667     0.999595    0.0012203  0.000348488 
         1.5      63.1959     0.999597   0.00122363  0.000347715 
         1.5       63.526     0.999601   0.00122789   0.00034842 
         1.5      63.8569     0.999604   0.00123098  0.000347899 
         1.5      64.1886     0.999607   0.00123404   0.00034738 
         1.5      64.5212     0.999611   0.00123706  0.000346865 
         1.5      64.8547     0.999614   0.00124006  0.000346352 
         1.5      65.1889     0.999617   0.00124302  0.000345843 
         1.5      65.5241     0.999621   0.00124595  0.000345337 
         1.5        65.86     0.999624   0.00124885  0.000344835 
         1.5      66.1969     0.999627   0.00125172  0.000344336 
         1.5      66.5345      0.99963   0.00125456  0.000343842 
         1.5       66.873     0.999633   0.00125737  0.000343352 
         1.5      67.2124     0.999636   0.00126015  0.000342866 
         1.5      67.5525     0.999639   0.00126291  0.000342384 
         1.5      67.8936     0.999642   0.00126563  0.000341908 
         1.5      68.2354     0.999645   0.00126832  0.000341436 
         1.5      68.5782     0.999647   0.00127098  0.000340969 
         1.5      68.9217      0.99965   0.00127362  0.000340508 
         1.5      69.2661     0.999653   0.00127623  0.000340052 
         1.5      69.6114     0.999656   0.00127881  0.000339601 
         1.5      69.9574     0.999658   0.00128136  0.000339157 
         1.5      70.3044     0.999661   0.00128388  0.000338718 
         1.5      70.6521     0.999664   0.00128638  0.000338286 
         1.5      71.0008     0.999666   0.00128885   0.00033786 
         1.5      71.3502     0.999669    0.0012913  0.000337441 
         1.5      71.7005     0.999671   0.00129372  0.000337029 
         1.5      72.0517     0.999674   0.00129611  0.000336623 
         1.5      72.4037     0.999676   0.00129848  0.000336226 
         1.5      72.7565     0.999678   0.00130082  0.000335835 
         1.5      73.1102     0.999681   0.00130314  0.000335452 
         1.5      73.4647     0.999683   0.00130544  0.000335078 
         1.5        73.82     0.999685   0.00130771  0.000334711 
         1.5      74.1762     0.999688   0.00130996  0.000334353 
         1.5      74.5333      0.99969   0.00131218  0.000334003 
         1.5      74.8912     0.999692   0.00131438  0.000333663 
         1.5      75.2499     0.999695   0.00131657  0.000333331 
         1.5      75.6095     0.999697   0.00131872  0.000333009 
         1.5      75.9699     0.999699   0.00132086  0.000332696 
         1.5      76.3312     0.999701   0.00132298  0.000332393 
         1.5      76.6933     0.999703   0.00132508    0.0003321 
         1.5      77.0562     0.999706   0.00132715  0.000331817 
         1.5        77.42     0.999708   0.00132921  0.000331545 
         1.5      77.7846      0.99971   0.00133125  0.000331284 
         1.5      78.1501     0.999712   0.00133327  0.000331034 
         1.5      78.5164     0.999714   0.00133528  0.000330795 
         1.5      78.8836     0.999716   0.00133726  0.000330567 
         1.5      79.2516     0.999718   0.00133923  0.000330352 
         1.5      79.6205      0.99972   0.00134118  0.000330148 
         1.5      79.9902     0.999723   0.00134312  0.000329957 
         1.5      80.3607     0.999725   0.00134504  0.000329778 
         1.5      80.7321     0.999727   0.00134695  0.000329612 
         1.5      81.1043     0.999729   0.00134884   0.00032946 
         1.5      81.4774     0.999731   0.00135072  0.000329321 
         1.5      81.8513     0.999733   0.00135259  0.000329195 
         1.5       82.226     0.999735   0.00135444  0.000329084 
         1.5      82.6016     0.999738   0.00135629  0.000328987 
         1.5      82.9781      0.99974   0.00135812  0.000328904 
         1.5      83.3553     0.999742   0.00135994  0.000328836 
         1.5      83.7335     0.999745   0.00135835  0.000327953 
         1.5      84.1124     0.999748   0.00136026  0.000327712 
         1.5      84.4922      0.99975   0.00136214  0.000327486 
         1.5      84.8729     0.999752   0.00136401  0.000327276 
         1.5      85.2544     0.999754   0.00136585  0.000327082 
         1.5      85.6367     0.999756   0.00136767  0.000326905 
         1.5      86.0199     0.999758   0.00136947  0.000326744 
         1.5      86.4039      0.99976   0.00137124  0.000326601 
         1.5      86.7888     0.999762     0.001373  0.000326474 
         1.5      87.1745     0.999764   0.00137473  0.000326366 
         1.5      87.5611     0.999766   0.00137644  0.000326276 
         1.5      87.9485     0.999768   0.00137812  0.000326204 
         1.5      88.3367      0.99977   0.00137978  0.000326151 
         1.5      88.7258     0.999771   0.00138142  0.000326117 
         1.5      89.1157     0.999773   0.00138304  0.000326103 
         1.5      89.5065     0.999774   0.00138463  0.000326108 
         1.5      89.8981     0.999776    0.0013862  0.000326133 
         1.5      90.2906     0.999777   0.00138774  0.000326178 
         1.5      90.6839     0.999778   0.00138926  0.000326245 
         1.5       91.078     0.999779   0.00139076  0.000326332 
         1.5       91.473      0.99978   0.00139223  0.000326441 
         1.5      91.8688     0.999783   0.00139385  0.000326943 
         1.5      92.2655     0.999784   0.00139522  0.000327142 
         1.5       92.663     0.999785   0.00139653  0.000327319 
         1.5      93.0614     0.999786    0.0013978  0.000327471 
         1.5      93.4606     0.999787   0.00139901  0.000327601 
         1.5      93.8606     0.999789   0.00140016  0.000327708 
         1.5      94.2615      0.99979   0.00140126  0.000327793 
         1.5      94.6632     0.999792    0.0014023  0.000327856 
         1.5      95.0658     0.999793   0.00140329  0.000327898 
         1.5      95.4692     0.999795   0.00140423  0.000327918 
         1.5      95.8735     0.999797    0.0014051  0.000327919 
         1.5      96.2786     0.999799   0.00140592  0.000327899 
         1.5      96.6845       0.9998   0.00140669  0.000327859 
         1.5      97.0913     0.999802   0.00140739  0.000327801 
         1.5      97.4989     0.999804   0.00140804  0.000327724 
         1.5      97.9074     0.999806   0.00140864  0.000327628 
         1.5      98.3167     0.999809   0.00140917  0.000327515 
         1.5      98.7269     0.999811   0.00140965  0.000327385 
         1.5      99.1379     0.999815   0.00141219  0.000327105 
         1.5      99.5498     0.999817   0.00141326  0.000327345 
         1.5      99.9624     0.999819   0.00141432  0.000327593 
         1.5      100.376     0.999821   0.00141537  0.000327849 
         1.5       100.79     0.999823   0.00141642  0.000328113 
         1.5      101.206     0.999824   0.00141745  0.000328386 
         1.5      101.622     0.999826   0.00141847  0.000328667 
         1.5      102.039     0.999828   0.00141949  0.000328956 
         1.5      102.456      0.99983   0.00142049  0.000329253 
         1.5      102.875     0.999831   0.00142149  0.000329558 
         1.5      103.294     0.999833   0.00142248  0.000329872 
         1.5      103.715     0.999835   0.00142345  0.000330193 
         1.5      104.136     0.999837   0.00142442  0.000330523 
         1.5      104.558     0.999838   0.00142538   0.00033086 
         1.5       104.98      0.99984   0.00142633  0.000331206 
         1.5      105.404     0.999842   0.00142727   0.00033156 
         1.5      105.829     0.999844    0.0014282  0.000331921 
         1.5      106.254     0.999845   0.00142912  0.000332291 
         1.5       106.68     0.999847   0.00143003  0.000332669 
         1.5      107.107     0.999849   0.00143094  0.000333054 
         1.5      107.535      0.99985   0.00143183  0.000333448 
         1.5      107.964     0.999852   0.00143272  0.000333849 
         1.5      108.393     0.999854    0.0014336  0.000334258 
         1.5      108.824     0.999855   0.00143446  0.000334675 
         1.5      109.255     0.999857   0.00143532    0.0003351 
         1.5      109.687     0.999859   0.00143618  0.000335532 
         1.5       110.12      0.99986   0.00143702  0.000335972 
         1.5      110.554     0.999862   0.00143785   0.00033642 
         1.5      110.988     0.999863   0.00143868  0.000336876 
         1.5      111.424     0.999865    0.0014395  0.000337339 
         1.5       111.86     0.999866   0.00144031   0.00033781 
         1.5      112.297     0.999868   0.00144111  0.000338289 
         1.5      112.735     0.999869    0.0014419  0.000338775 
         1.5      113.174     0.999871   0.00144269  0.000339268 
         1.5      113.614     0.999872   0.00144347  0.000339769 
         1.5      114.054     0.999874   0.00144424  0.000340278 
         1.5      114.496     0.999875     0.001445  0.000340793 
         1.5      114.938     0.999877   0.00144575  0.000341317 
         1.5      115.381     0.999878    0.0014465  0.000341847 
         1.5      115.825      0.99988   0.00144724  0.000342385 
         1.5      116.269     0.999881   0.00144797   0.00034293 
         1.5      116.715     0.999882    0.0014487  0.000343483 
         1.5      117.161     0.999883   0.00144941  0.000344042 
         1.5      117.609     0.999885   0.00145013  0.000344609 
         1.5      118.057     0.999886   0.00145083  0.000345183 
         1.5      118.506     0.999887   0.00145152  0.000345763 
         1.5      118.955     0.999888   0.00145221  0.000346351 
         1.5      119.406      0.99989    0.0014529  0.000346946 
         1.5      119.858     0.999891   0.00145357  0.000347548 
         1.5       120.31     0.999892   0.00145424  0.000348156 
         1.5      120.763     0.999893   0.00145491  0.000348772 
         1.5      121.217     0.999894   0.00145556  0.000349394 
         1.5      121.672     0.999895   0.00145621  0.000350023 
         1.5      122.128     0.999896   0.00145686  0.000350658 
         1.5      122.584     0.999897   0.00145749  0.000351301 
         1.5      123.041     0.999898   0.00145813  0.000351949 
         1.5        123.5     0.999899   0.00145875  0.000352605 
         1.5      123.959       0.9999   0.00145937  0.000353266 
         1.5      124.419     0.999901   0.00145999  0.000353934 
         1.5      124.879     0.999902    0.0014606  0.000354609 
         1.5      125.341     0.999902    0.0014612   0.00035529 
         1.5      125.803     0.999903    0.0014618  0.000355977 
         1.5      126.267     0.999904    0.0014624   0.00035667 
         1.5      126.731     0.999905   0.00146298  0.000357369 
         1.5      127.196     0.999905   0.00146357  0.000358075 
         1.5      127.662     0.999906   0.00146415  0.000358786 
         1.5      128.128     0.999906   0.00146472  0.000359504 
         1.5      128.596     0.999907   0.00146529  0.000360227 
         1.5      129.064     0.999915   0.00146187  0.000360743 
         1.5      129.533     0.999916   0.00146256  0.000361541 
         1.5      130.003     0.999916   0.00146322  0.000362348 
         1.5      130.474     0.999917   0.00146387  0.000363165 
         1.5      130.946     0.999917   0.00146451   0.00036399 
         1.5      131.418     0.999917   0.00146513  0.000364825 
         1.5      131.892     0.999917   0.00146573  0.000365668 
         1.5      132.366     0.999918   0.00146631  0.000366521 
         1.5      132.841     0.999918   0.00146688  0.000367382 
         1.5      133.317     0.999918   0.00146743  0.000368252 
         1.5      133.794     0.999918   0.00146797  0.000369131 
         1.5      134.271     0.999918   0.00146848  0.000370019 
         1.5       134.75     0.999919   0.00146898  0.000370916 
         1.5      135.229     0.999919   0.00146946  0.000371821 
         1.5      135.709     0.999919   0.00146992  0.000372734 
         1.5       136.19     0.999919   0.00147037  0.000373657 
         1.5      136.672      0.99992    0.0014708  0.000374587 
         1.5      137.155      0.99992    0.0014712  0.000375526 
         1.5      137.638      0.99992   0.00147159  0.000376474 
         1.5      138.123     0.999921   0.00147196   0.00037743 
         1.5      138.608     0.999921   0.00147231  0.000378394 
         1.5      139.094     0.999922   0.00147265  0.000379366 
         1.5      139.581     0.999923   0.00147296  0.000380346 
         1.5      140.068     0.999923   0.00147325  0.000381335 
         1.5      140.557     0.999924   0.00147353  0.000382331 
         1.5      141.046     0.999925   0.00147378  0.000383336 
         1.5      141.537     0.999926   0.00147401  0.000384348 
         1.5      142.028     0.999927   0.00147422  0.000385368 
         1.5       142.52     0.999928   0.00147442  0.000386395 
         1.5      143.013      0.99993   0.00147459  0.000387431 
         1.5      143.506     0.999931   0.00147474  0.000388474 
         1.5      144.001     0.999933   0.00147487  0.000389524 
         1.5      144.496     0.999935   0.00147497  0.000390582 
         1.5      144.992     0.999937   0.00147506  0.000391648 
         1.5      145.489     0.999939   0.00147512   0.00039272 
         1.5      145.987     0.999941   0.00147517    0.0003938 
         1.5      146.486     0.999944   0.00147519  0.000394888 
         1.5      146.985     0.999947   0.00147518  0.000395982 
         1.5      147.485     0.999949   0.00147516  0.000397083 
         1.5      147.987     0.999953   0.00147511  0.000398191 
         1.5      148.489     0.999956   0.00147504  0.000399306 
         1.5      148.992     0.999959   0.00147495  0.000400428 
         1.5      149.495     0.999963   0.00147483  0.000401556 
         1.5          150     0.999967   0.00147469  0.000402691 
