Variables = x, y, u, v, p

Zone, I=600, F=POINT
         3.5           -4            0            0 -0.000543446 
         3.5     -3.99957  5.92921e-06 -1.62784e-09 -0.000543443 
         3.5     -3.99828  2.37085e-05 -6.75755e-09 -0.000543432 
         3.5     -3.99614  5.32575e-05 -1.61345e-08 -0.000543414 
         3.5     -3.99313  9.44653e-05 -3.10809e-08  -0.00054339 
         3.5     -3.98927   0.00014719 -5.36062e-08 -0.000543361 
         3.5     -3.98455  0.000211218 -8.65364e-08 -0.000543327 
         3.5     -3.97897  0.000286316 -1.33717e-07 -0.000543289 
         3.5     -3.97253  0.000372182  -2.0019e-07  -0.00054325 
         3.5     -3.96523  0.000468493 -2.92453e-07  -0.00054321 
         3.5     -3.95708  0.000574855 -4.18652e-07 -0.000543171 
         3.5     -3.94807  0.000690843 -5.88859e-07 -0.000543133 
         3.5     -3.93819  0.000815997 -8.15319e-07   -0.0005431 
         3.5     -3.92746  0.000949789 -1.11262e-06 -0.000543072 
         3.5     -3.91588   0.00109167 -1.49802e-06 -0.000543049 
         3.5     -3.90343   0.00124103 -1.99149e-06 -0.000543035 
         3.5     -3.89012   0.00139723 -2.61604e-06 -0.000543028 
         3.5     -3.87596   0.00155957 -3.39791e-06 -0.000543031 
         3.5     -3.86094   0.00172734 -4.36659e-06 -0.000543042 
         3.5     -3.84506   0.00189976 -5.55524e-06 -0.000543063 
         3.5     -3.82832   0.00207603 -7.00066e-06 -0.000543092 
         3.5     -3.81072   0.00225531 -8.74379e-06 -0.000543128 
         3.5     -3.79226   0.00243672 -1.08302e-05 -0.000543171 
         3.5     -3.77295   0.00261934 -1.33103e-05 -0.000543217 
         3.5     -3.75278    0.0028022 -1.62402e-05 -0.000543266 
         3.5     -3.73175   0.00298432 -1.96835e-05 -0.000543312 
         3.5     -3.70986   0.00316464 -2.37109e-05 -0.000543353 
         3.5     -3.68711   0.00334206 -2.84046e-05 -0.000543384 
         3.5      -3.6635   0.00351561 -3.37471e-05 -0.000543419 
         3.5     -3.63904   0.00368422 -3.98115e-05 -0.000543462 
         3.5     -3.61371   0.00384673 -4.67033e-05  -0.00054351 
         3.5     -3.58753   0.00400197 -5.44883e-05 -0.000543563 
         3.5     -3.56049   0.00414879  -6.3237e-05 -0.000543625 
         3.5     -3.53259   0.00428597 -7.30224e-05 -0.000543697 
         3.5     -3.50384   0.00441229 -8.39204e-05  -0.00054378 
         3.5     -3.47422   0.00452649 -9.60103e-05 -0.000543878 
         3.5     -3.44375   0.00462733 -0.000109375 -0.000543991 
         3.5     -3.41242   0.00471351 -0.000124098  -0.00054412 
         3.5     -3.38022   0.00478373 -0.000140268 -0.000544266 
         3.5     -3.34718    0.0048367 -0.000157975 -0.000544428 
         3.5     -3.31327   0.00487107 -0.000177273 -0.000544604 
         3.5      -3.2785   0.00488552 -0.000198195 -0.000544789 
         3.5     -3.24288   0.00487875 -0.000220853 -0.000544981 
         3.5      -3.2064   0.00484935 -0.000245255 -0.000545176 
         3.5     -3.16906    0.0047959 -0.000271409 -0.000545374 
         3.5     -3.13085   0.00471697 -0.000299316 -0.000545569 
         3.5      -3.0918    0.0046111 -0.000328967  -0.00054576 
         3.5     -3.05188   0.00447684 -0.000360346 -0.000545942 
         3.5     -3.01111   0.00431273 -0.000393424 -0.000546112 
         3.5     -2.96947    0.0041173 -0.000428154 -0.000546265 
         3.5     -2.92698   0.00388909 -0.000464467 -0.000546394 
         3.5     -2.88363   0.00362653 -0.000502184 -0.000546502 
         3.5     -2.83942   0.00332812 -0.000541174 -0.000546647 
         3.5     -2.79436    0.0029923 -0.000581353 -0.000546783 
         3.5     -2.74843   0.00261752 -0.000622549 -0.000546881 
         3.5     -2.70165   0.00220217 -0.000664518 -0.000546923 
         3.5     -2.65401   0.00174471 -0.000706961 -0.000546912 
         3.5     -2.60551   0.00124354 -0.000749564 -0.000546873 
         3.5     -2.55615  0.000697073 -0.000792032 -0.000546858 
         3.5     -2.50593  0.000103734  -0.00083414 -0.000546948 
         3.5     -2.45485 -0.000537742 -0.000875045 -0.000546827 
         3.5     -2.40292  -0.00122909 -0.000914403 -0.000546614 
         3.5     -2.35013  -0.00197112 -0.000951794  -0.00054647 
         3.5     -2.29648  -0.00276431 -0.000986356 -0.000546363 
         3.5     -2.24197  -0.00360907  -0.00101713 -0.000546259 
         3.5      -2.1866  -0.00450576  -0.00104303 -0.000546132 
         3.5     -2.13037  -0.00545457   -0.0010629  -0.00054596 
         3.5     -2.07329  -0.00645553  -0.00107547 -0.000545728 
         3.5     -2.01535  -0.00750852  -0.00107939 -0.000545426 
         3.5     -1.95654  -0.00860763  -0.00107212 -0.000545418 
         3.5     -1.89688  -0.00975117  -0.00105215 -0.000545241 
         3.5     -1.83637   -0.0109318  -0.00101659 -0.000545041 
         3.5     -1.77499   -0.0121393 -0.000962649 -0.000545023 
         3.5     -1.71275   -0.0133627 -0.000887665 -0.000545224 
         3.5     -1.64966   -0.0145899 -0.000788702 -0.000545493 
         3.5     -1.58571   -0.0158078 -0.000661949 -0.000545461 
         3.5      -1.5209   -0.0169889 -0.000504909 -0.000546328 
         3.5     -1.45523   -0.0181053 -0.000313754 -0.000546999 
         3.5      -1.3887   -0.0191221 -8.65644e-05 -0.000547848 
         3.5     -1.32132   -0.0199993  0.000176913 -0.000549308 
         3.5     -1.25307   -0.0206944  0.000476692 -0.000551364 
         3.5     -1.18397   -0.0211613  0.000813216 -0.000553555 
         3.5     -1.11401   -0.0213349   0.00117877 -0.000557061 
         3.5     -1.04319   -0.0211654   0.00156853 -0.000561411 
         3.5    -0.971513   -0.0205955   0.00196957 -0.000566294 
         3.5    -0.898977   -0.0195643   0.00236883 -0.000572403 
         3.5    -0.825583   -0.0180092   0.00274916 -0.000579935 
         3.5     -0.75133   -0.0158935   0.00309097 -0.000586303 
         3.5    -0.676219   -0.0131475   0.00337611 -0.000592929 
         3.5    -0.600249  -0.00968124   0.00358865  -0.00059716 
         3.5    -0.523421  -0.00539261   0.00371226 -0.000598915 
         3.5    -0.445735 -0.000107192   0.00373722  -0.00059903 
         3.5     -0.36719   0.00645454   0.00365269 -0.000596806 
         3.5    -0.287786    0.0147028   0.00345436  -0.00059407 
         3.5    -0.207525    0.0251367   0.00314136 -0.000591523 
         3.5    -0.126404    0.0385225    0.0027202 -0.000589769 
         3.5    -0.044426     0.055744   0.00221403 -0.000589902 
         3.5     0.038411    0.0777316   0.00165768 -0.000589226 
         3.5     0.122107     0.105428   0.00110776  -0.00058867 
         3.5     0.206661      0.13907  0.000622355 -0.000585916 
         3.5     0.292073     0.178696  0.000254619 -0.000585198 
         3.5     0.378343     0.222586  2.54928e-05 -0.000580902 
         3.5     0.465473     0.269322 -9.79182e-05 -0.000579101 
         3.5      0.55346     0.317843 -0.000146198  -0.00057717 
         3.5     0.642306     0.367035 -0.000148718 -0.000573513 
         3.5      0.73201     0.415718 -0.000137405 -0.000567674 
         3.5     0.822573     0.463876 -0.000120546 -0.000564568 
         3.5     0.913994     0.511228 -9.48872e-05 -0.000561059 
         3.5      1.00627     0.557394  -6.2127e-05  -0.00055632 
         3.5      1.09941     0.602145 -2.19326e-05 -0.000550629 
         3.5      1.19341     0.645241  2.53143e-05 -0.000544249 
         3.5      1.28826     0.686435  7.86666e-05 -0.000537429 
         3.5      1.38398     0.725464  0.000136784 -0.000530397 
         3.5      1.48055     0.762057  0.000198141  -0.00052336 
         3.5      1.57798     0.795933  0.000261253 -0.000516504 
         3.5      1.67627     0.826799  0.000324952 -0.000509983 
         3.5      1.77541     0.854282  0.000389075 -0.000503246 
         3.5      1.87542     0.878504  0.000451853 -0.000494836 
         3.5      1.97628     0.900004  0.000510471  -0.00048659 
         3.5        2.078     0.918898  0.000564754 -0.000478496 
         3.5      2.18059     0.935312  0.000614601 -0.000470543 
         3.5      2.28402     0.949381  0.000659973 -0.000462719 
         3.5      2.38832     0.961249  0.000700895  -0.00045501 
         3.5      2.49348     0.971072  0.000737453 -0.000447403 
         3.5      2.59949     0.979014  0.000769788 -0.000439883 
         3.5      2.70636     0.985253   0.00079809 -0.000432432 
         3.5       2.8141     0.989972  0.000822593 -0.000425035 
         3.5      2.92268     0.993369  0.000843569 -0.000417673 
         3.5      3.03213     0.995652  0.000861316 -0.000410327 
         3.5      3.14244     0.997038  0.000876151 -0.000402977 
         3.5       3.2536     0.997757  0.000888398 -0.000395601 
         3.5      3.36563     0.998048  0.000898375 -0.000388179 
         3.5      3.47851     0.998163  0.000906383 -0.000380685 
         3.5      3.59225     0.998365  0.000912687 -0.000373096 
         3.5      3.70685     0.998928  0.000917502 -0.000365386 
         3.5       3.8223     0.999412  0.000926212 -0.000358947 
         3.5      3.93862     0.999566  0.000933482 -0.000352105 
         3.5      4.05579     0.999681  0.000939673 -0.000344984 
         3.5      4.17382     0.999762     0.000946 -0.000337709 
         3.5      4.29271      0.99982  0.000952901 -0.000330608 
         3.5      4.41246      0.99986  0.000959959 -0.000323753 
         3.5      4.53307     0.999889  0.000966772 -0.000316826 
         3.5      4.65454     0.999906  0.000973525  -0.00030991 
         3.5      4.77686     0.999914  0.000980077 -0.000302993 
         3.5      4.90004     0.999917  0.000986935 -0.000296093 
         3.5      5.02408     0.999913  0.000993949 -0.000289262 
         3.5      5.14898     0.999904   0.00100117  -0.00028227 
         3.5      5.27474      0.99989   0.00100851 -0.000275485 
         3.5      5.40136     0.999872   0.00101574  -0.00026889 
         3.5      5.52883      0.99985   0.00102278 -0.000262426 
         3.5      5.65716     0.999827    0.0010297 -0.000255985 
         3.5      5.78636     0.999805   0.00103716  -0.00024949 
         3.5      5.91641     0.999787   0.00104481 -0.000243119 
         3.5      6.04731     0.999773   0.00105217 -0.000236822 
         3.5      6.17908     0.999766   0.00105944 -0.000230566 
         3.5       6.3117      0.99977   0.00106706 -0.000224331 
         3.5      6.44519     0.999781   0.00107475 -0.000218255 
         3.5      6.57953     0.999788   0.00108239 -0.000212296 
         3.5      6.71473     0.999793   0.00109014 -0.000206423 
         3.5      6.85079     0.999795   0.00109796 -0.000200644 
         3.5      6.98771     0.999795   0.00110583 -0.000194964 
         3.5      7.12548     0.999792   0.00111373 -0.000189387 
         3.5      7.26412     0.999788   0.00112164 -0.000183916 
         3.5      7.40361     0.999782   0.00112955  -0.00017855 
         3.5      7.54396     0.999775   0.00113747 -0.000173288 
         3.5      7.68517     0.999767   0.00114538 -0.000168125 
         3.5      7.82724     0.999757   0.00115333 -0.000163047 
         3.5      7.97016     0.999746   0.00116132 -0.000158145 
         3.5      8.11395     0.999734   0.00116932 -0.000153447 
         3.5      8.25859     0.999722   0.00117732 -0.000148957 
         3.5      8.40409     0.999713   0.00118515 -0.000144405 
         3.5      8.55045     0.999706   0.00119302 -0.000140023 
         3.5      8.69767     0.999703    0.0012009 -0.000135787 
         3.5      8.84575     0.999701   0.00120884 -0.000131576 
         3.5      8.99468     0.999701   0.00121676  -0.00012749 
         3.5      9.14447     0.999703   0.00122463 -0.000123532 
         3.5      9.29513     0.999706   0.00123246 -0.000119702 
         3.5      9.44664      0.99971   0.00124024 -0.000115998 
         3.5        9.599     0.999714   0.00124799 -0.000112419 
         3.5      9.75223     0.999719   0.00125571 -0.000108961 
         3.5      9.90632     0.999724   0.00126341 -0.000105616 
         3.5      10.0613     0.999727   0.00127109 -0.000102378 
         3.5      10.2171      0.99973   0.00127875 -9.92357e-05 
         3.5      10.3737     0.999731   0.00128637 -9.61775e-05 
         3.5      10.5312      0.99973   0.00129392 -9.31889e-05 
         3.5      10.6896     0.999727   0.00130136 -9.03927e-05 
         3.5      10.8489     0.999723   0.00130877 -8.77439e-05 
         3.5      11.0089      0.99972   0.00131614 -8.51609e-05 
         3.5      11.1699     0.999716   0.00132346 -8.26489e-05 
         3.5      11.3317     0.999712   0.00133072 -8.02125e-05 
         3.5      11.4944     0.999708   0.00133791 -7.78559e-05 
         3.5      11.6579     0.999704   0.00134503 -7.55825e-05 
         3.5      11.8223       0.9997   0.00135208 -7.33955e-05 
         3.5      11.9875     0.999697   0.00135904 -7.12971e-05 
         3.5      12.1536     0.999693   0.00136593 -6.92891e-05 
         3.5      12.3206      0.99969   0.00137275 -6.73725e-05 
         3.5      12.4884     0.999688   0.00137949 -6.55476e-05 
         3.5      12.6571     0.999686   0.00138617 -6.38139e-05 
         3.5      12.8266     0.999684   0.00139279 -6.21703e-05 
         3.5       12.997     0.999683   0.00139936 -6.06146e-05 
         3.5      13.1683     0.999683   0.00140588 -5.91439e-05 
         3.5      13.3404     0.999683   0.00141235 -5.77543e-05 
         3.5      13.5134     0.999684   0.00141878  -5.6441e-05 
         3.5      13.6872     0.999686   0.00142516 -5.51981e-05 
         3.5      13.8619     0.999688    0.0014315 -5.40188e-05 
         3.5      14.0374     0.999691    0.0014378  -5.2895e-05 
         3.5      14.2138     0.999694   0.00144401 -5.18017e-05 
         3.5      14.3911     0.999694   0.00144983 -5.06663e-05 
         3.5      14.5692     0.999694   0.00145564 -4.96026e-05 
         3.5      14.7482     0.999694   0.00146143 -4.86063e-05 
         3.5       14.928     0.999694   0.00146719 -4.76746e-05 
         3.5      15.1087     0.999695   0.00147291 -4.68048e-05 
         3.5      15.2903     0.999695   0.00147858 -4.59939e-05 
         3.5      15.4727     0.999696   0.00148419 -4.52394e-05 
         3.5       15.656     0.999696   0.00148974 -4.45385e-05 
         3.5      15.8401     0.999697   0.00149522 -4.38885e-05 
         3.5      16.0251     0.999698   0.00150063 -4.32867e-05 
         3.5      16.2109     0.999699   0.00150596 -4.27306e-05 
         3.5      16.3976     0.999699   0.00151122 -4.22177e-05 
         3.5      16.5852       0.9997    0.0015164 -4.17455e-05 
         3.5      16.7736     0.999701    0.0015215 -4.13115e-05 
         3.5      16.9629     0.999702   0.00152653 -4.09133e-05 
         3.5      17.1531     0.999703   0.00153148 -4.05488e-05 
         3.5       17.344     0.999704   0.00153636 -4.02157e-05 
         3.5      17.5359     0.999704   0.00154117 -3.99119e-05 
         3.5      17.7286     0.999705   0.00154592 -3.96353e-05 
         3.5      17.9222     0.999706   0.00155059 -3.93841e-05 
         3.5      18.1166     0.999707   0.00155521 -3.91563e-05 
         3.5      18.3119     0.999708   0.00155977 -3.89504e-05 
         3.5      18.5081     0.999709   0.00156427 -3.87646e-05 
         3.5      18.7051     0.999711   0.00156872 -3.85976e-05 
         3.5      18.9029     0.999712   0.00157311  -3.8448e-05 
         3.5      19.1017     0.999713   0.00157746 -3.83146e-05 
         3.5      19.3012     0.999714   0.00158175 -3.81963e-05 
         3.5      19.5017     0.999715   0.00158599 -3.80922e-05 
         3.5       19.703     0.999716   0.00159018 -3.80016e-05 
         3.5      19.9051     0.999717   0.00159431 -3.79239e-05 
         3.5      20.1081     0.999719   0.00159837 -3.78588e-05 
         3.5       20.312      0.99972   0.00160236 -3.78059e-05 
         3.5      20.5167     0.999721   0.00160625 -3.77657e-05 
         3.5      20.7223     0.999722   0.00161003 -3.77438e-05 
         3.5      20.9288     0.999723   0.00161378 -3.77414e-05 
         3.5      21.1361     0.999724    0.0016175 -3.77593e-05 
         3.5      21.3443     0.999725   0.00162119  -3.7798e-05 
         3.5      21.5533     0.999727   0.00162486 -3.78585e-05 
         3.5      21.7632     0.999728   0.00162846 -3.79218e-05 
         3.5      21.9739     0.999729     0.001632 -3.79826e-05 
         3.5      22.1855     0.999731   0.00163549 -3.80425e-05 
         3.5       22.398     0.999732   0.00163892  -3.8103e-05 
         3.5      22.6113     0.999733   0.00164231 -3.81654e-05 
         3.5      22.8255     0.999735   0.00164565 -3.82309e-05 
         3.5      23.0405     0.999736   0.00164895 -3.83005e-05 
         3.5      23.2564     0.999737   0.00165219 -3.83748e-05 
         3.5      23.4731     0.999739   0.00165539 -3.84546e-05 
         3.5      23.6907      0.99974   0.00165855 -3.85403e-05 
         3.5      23.9092     0.999741   0.00166166  -3.8632e-05 
         3.5      24.1285     0.999743   0.00166472 -3.87296e-05 
         3.5      24.3487     0.999744   0.00166775 -3.88331e-05 
         3.5      24.5698     0.999746   0.00167073 -3.89418e-05 
         3.5      24.7917     0.999747   0.00167366  -3.9055e-05 
         3.5      25.0144     0.999749   0.00167656 -3.91718e-05 
         3.5       25.238      0.99975   0.00167941 -3.92909e-05 
         3.5      25.4625     0.999752   0.00168222 -3.94108e-05 
         3.5      25.6878     0.999753     0.001685 -3.95297e-05 
         3.5       25.914     0.999754   0.00168773 -3.96455e-05 
         3.5      26.1411     0.999756   0.00169043 -3.97559e-05 
         3.5       26.369     0.999757    0.0016931 -3.98581e-05 
         3.5      26.5978     0.999759   0.00169573 -3.99491e-05 
         3.5      26.8274      0.99976   0.00169832 -4.00385e-05 
         3.5      27.0579     0.999762   0.00170086 -4.01385e-05 
         3.5      27.2892     0.999763   0.00170335 -4.02335e-05 
         3.5      27.5214     0.999765   0.00170581 -4.03237e-05 
         3.5      27.7545     0.999766   0.00170824 -4.04089e-05 
         3.5      27.9884     0.999768   0.00171063 -4.04892e-05 
         3.5      28.2232     0.999769   0.00171298 -4.05644e-05 
         3.5      28.4588      0.99977   0.00171531 -4.06347e-05 
         3.5      28.6953     0.999772    0.0017176    -4.07e-05 
         3.5      28.9326     0.999773   0.00171985 -4.07601e-05 
         3.5      29.1709     0.999775   0.00172208 -4.08151e-05 
         3.5      29.4099     0.999776   0.00172428 -4.08649e-05 
         3.5      29.6499     0.999778   0.00172645 -4.09095e-05 
         3.5      29.8906     0.999779   0.00172859 -4.09487e-05 
         3.5      30.1323     0.999781    0.0017307 -4.09824e-05 
         3.5      30.3748     0.999782   0.00173278 -4.10106e-05 
         3.5      30.6181     0.999783   0.00173483 -4.10332e-05 
         3.5      30.8624     0.999785   0.00173686   -4.105e-05 
         3.5      31.1074     0.999786   0.00173885 -4.10609e-05 
         3.5      31.3534     0.999788   0.00174083 -4.10658e-05 
         3.5      31.6002     0.999789   0.00174277 -4.10645e-05 
         3.5      31.8478      0.99979   0.00174469 -4.10569e-05 
         3.5      32.0963     0.999792   0.00174658 -4.10428e-05 
         3.5      32.3457     0.999793   0.00174844 -4.10221e-05 
         3.5      32.5959     0.999795   0.00175028 -4.09945e-05 
         3.5       32.847     0.999796   0.00175209 -4.09598e-05 
         3.5       33.099     0.999798   0.00175388 -4.09178e-05 
         3.5      33.3518     0.999799   0.00175564 -4.08683e-05 
         3.5      33.6054       0.9998   0.00175737  -4.0811e-05 
         3.5      33.8599     0.999802   0.00175908 -4.07458e-05 
         3.5      34.1153     0.999803   0.00176077 -4.06722e-05 
         3.5      34.3716     0.999805   0.00176242   -4.059e-05 
         3.5      34.6287     0.999806   0.00176406  -4.0499e-05 
         3.5      34.8866     0.999807   0.00176567 -4.04064e-05 
         3.5      35.1454     0.999809   0.00176727 -4.03075e-05 
         3.5      35.4051      0.99981   0.00176884 -4.02009e-05 
         3.5      35.6656     0.999811    0.0017704 -4.00865e-05 
         3.5       35.927     0.999813   0.00177193 -3.99645e-05 
         3.5      36.1893     0.999814   0.00177344 -3.98348e-05 
         3.5      36.4524     0.999816   0.00177493 -3.96976e-05 
         3.5      36.7163     0.999817    0.0017764 -3.95529e-05 
         3.5      36.9811     0.999818   0.00177785 -3.94008e-05 
         3.5      37.2468      0.99982   0.00177928 -3.92415e-05 
         3.5      37.5134     0.999821   0.00178069 -3.90751e-05 
         3.5      37.7808     0.999822   0.00178208 -3.89018e-05 
         3.5       38.049     0.999824   0.00178345 -3.87217e-05 
         3.5      38.3181     0.999825   0.00178479 -3.85351e-05 
         3.5      38.5881     0.999826   0.00178611 -3.83422e-05 
         3.5      38.8589     0.999828   0.00178743 -3.81113e-05 
         3.5      39.1306     0.999829   0.00178873 -3.78698e-05 
         3.5      39.4032      0.99983   0.00179001 -3.76219e-05 
         3.5      39.6766     0.999832   0.00179128 -3.73676e-05 
         3.5      39.9508     0.999833   0.00179254 -3.71067e-05 
         3.5      40.2259     0.999834   0.00179378 -3.68391e-05 
         3.5      40.5019     0.999835   0.00179501 -3.65646e-05 
         3.5      40.7788     0.999837   0.00179623  -3.6283e-05 
         3.5      41.0565     0.999838   0.00179743 -3.59943e-05 
         3.5       41.335     0.999839   0.00179863 -3.56982e-05 
         3.5      41.6144      0.99984   0.00179982 -3.53946e-05 
         3.5      41.8947     0.999842     0.001801 -3.50834e-05 
         3.5      42.1758     0.999843   0.00180216 -3.47662e-05 
         3.5      42.4578     0.999844   0.00180325 -3.44605e-05 
         3.5      42.7407     0.999845   0.00180433 -3.41445e-05 
         3.5      43.0244     0.999847   0.00180539 -3.38184e-05 
         3.5      43.3089     0.999848   0.00180645 -3.34821e-05 
         3.5      43.5944     0.999849   0.00180749  -3.3136e-05 
         3.5      43.8806      0.99985   0.00180851   -3.278e-05 
         3.5      44.1678     0.999852   0.00180952 -3.24144e-05 
         3.5      44.4558     0.999853   0.00181052 -3.20391e-05 
         3.5      44.7446     0.999854   0.00181151 -3.16544e-05 
         3.5      45.0344     0.999856   0.00181249 -3.12604e-05 
         3.5      45.3249     0.999857   0.00181345 -3.08571e-05 
         3.5      45.6164     0.999858    0.0018144 -3.04446e-05 
         3.5      45.9087     0.999859   0.00181535 -3.00232e-05 
         3.5      46.2018      0.99986   0.00181628 -2.95928e-05 
         3.5      46.4958     0.999862   0.00181719 -2.91536e-05 
         3.5      46.7907     0.999863    0.0018181 -2.87057e-05 
         3.5      47.0864     0.999864     0.001819 -2.82492e-05 
         3.5       47.383     0.999865   0.00181989 -2.77842e-05 
         3.5      47.6804     0.999866   0.00182076 -2.73108e-05 
         3.5      47.9787     0.999868   0.00182163  -2.6829e-05 
         3.5      48.2779     0.999869   0.00182249  -2.6339e-05 
         3.5      48.5779      0.99987   0.00182334 -2.58409e-05 
         3.5      48.8788     0.999871   0.00182418 -2.53347e-05 
         3.5      49.1805     0.999872     0.001825 -2.48206e-05 
         3.5      49.4831     0.999873   0.00182582 -2.42986e-05 
         3.5      49.7865     0.999874   0.00182663 -2.37687e-05 
         3.5      50.0908     0.999876   0.00182743 -2.32311e-05 
         3.5       50.396     0.999877   0.00182822 -2.26858e-05 
         3.5       50.702     0.999878     0.001829 -2.21329e-05 
         3.5      51.0089     0.999879   0.00182977 -2.15724e-05 
         3.5      51.3167      0.99988   0.00183053 -2.10044e-05 
         3.5      51.6253     0.999881   0.00183128  -2.0429e-05 
         3.5      51.9347     0.999882   0.00183201 -1.98462e-05 
         3.5       52.245     0.999884   0.00183274  -1.9256e-05 
         3.5      52.5562     0.999885   0.00183344 -1.86585e-05 
         3.5      52.8682     0.999886   0.00183414 -1.80537e-05 
         3.5      53.1811     0.999887   0.00183483 -1.74502e-05 
         3.5      53.4949     0.999888   0.00183552 -1.68498e-05 
         3.5      53.8095     0.999889   0.00183619 -1.62447e-05 
         3.5       54.125      0.99989   0.00183685 -1.56345e-05 
         3.5      54.4413     0.999891   0.00183749 -1.50189e-05 
         3.5      54.7585     0.999892   0.00183812 -1.43976e-05 
         3.5      55.0765     0.999893   0.00183874 -1.37704e-05 
         3.5      55.3954     0.999894   0.00183935 -1.31367e-05 
         3.5      55.7152     0.999895   0.00183994 -1.24963e-05 
         3.5      56.0358     0.999896   0.00184053 -1.18487e-05 
         3.5      56.3573     0.999897    0.0018411 -1.11936e-05 
         3.5      56.6796     0.999898   0.00184167 -1.05306e-05 
         3.5      57.0028     0.999899   0.00184223 -9.85907e-06 
         3.5      57.3269     0.999901   0.00184278  -9.1787e-06 
         3.5      57.6518     0.999902   0.00184332 -8.48895e-06 
         3.5      57.9775     0.999903   0.00184386 -7.78933e-06 
         3.5      58.3042     0.999904   0.00184439 -7.07932e-06 
         3.5      58.6316     0.999905   0.00184492 -6.35835e-06 
         3.5        58.96     0.999906   0.00184545 -5.62589e-06 
         3.5      59.2892     0.999907   0.00184597 -4.88132e-06 
         3.5      59.6192     0.999909    0.0018465 -4.12405e-06 
         3.5      59.9502      0.99991   0.00184702 -3.35343e-06 
         3.5      60.2819     0.999911   0.00184755 -2.56882e-06 
         3.5      60.6146     0.999912   0.00184808 -1.76954e-06 
         3.5      60.9481     0.999913   0.00184862 -9.54873e-07 
         3.5      61.2824     0.999914   0.00184916 -1.24104e-07 
         3.5      61.6176     0.999915   0.00184971  7.23518e-07 
         3.5      61.9537     0.999916   0.00185027  1.58877e-06 
         3.5      62.2906     0.999917   0.00185084  2.47246e-06 
         3.5      62.6284     0.999918   0.00185142   3.3754e-06 
         3.5      62.9671     0.999919   0.00185202  4.29846e-06 
         3.5      63.3066      0.99992   0.00185244  5.13904e-06 
         3.5      63.6469     0.999921   0.00185279  5.94344e-06 
         3.5      63.9881     0.999923   0.00185315  6.75386e-06 
         3.5      64.3302     0.999924   0.00185351  7.57032e-06 
         3.5      64.6732     0.999925   0.00185388  8.39286e-06 
         3.5       65.017     0.999926   0.00185425  9.22153e-06 
         3.5      65.3616     0.999926   0.00185462  1.00563e-05 
         3.5      65.7071     0.999927     0.001855  1.08974e-05 
         3.5      66.0535     0.999928   0.00185537  1.17446e-05 
         3.5      66.4007     0.999929   0.00185574  1.25981e-05 
         3.5      66.7488      0.99993   0.00185611  1.34579e-05 
         3.5      67.0978     0.999931   0.00185648  1.43241e-05 
         3.5      67.4476     0.999932   0.00185685  1.51967e-05 
         3.5      67.7982     0.999933   0.00185721  1.60758e-05 
         3.5      68.1497     0.999933   0.00185757  1.69613e-05 
         3.5      68.5021     0.999934   0.00185793  1.78534e-05 
         3.5      68.8554     0.999935   0.00185828  1.87521e-05 
         3.5      69.2095     0.999936   0.00185862  1.96575e-05 
         3.5      69.5644     0.999937   0.00185896  2.05695e-05 
         3.5      69.9202     0.999938   0.00185929  2.14884e-05 
         3.5      70.2769     0.999938   0.00185961  2.24141e-05 
         3.5      70.6344     0.999939   0.00185992  2.33466e-05 
         3.5      70.9928      0.99994   0.00186023  2.42862e-05 
         3.5      71.3521     0.999941   0.00186053  2.52327e-05 
         3.5      71.7122     0.999942   0.00186083  2.61863e-05 
         3.5      72.0731     0.999943   0.00186111  2.71471e-05 
         3.5      72.4349     0.999944   0.00186139  2.81151e-05 
         3.5      72.7976     0.999945   0.00186166  2.90905e-05 
         3.5      73.1612     0.999946   0.00186192  3.00731e-05 
         3.5      73.5256     0.999946   0.00186218  3.10633e-05 
         3.5      73.8908     0.999947   0.00186242   3.2061e-05 
         3.5      74.2569     0.999948   0.00186266  3.30663e-05 
         3.5      74.6239     0.999949   0.00186289  3.40793e-05 
         3.5      74.9917      0.99995   0.00186312     3.51e-05 
         3.5      75.3604     0.999951   0.00186334  3.61287e-05 
         3.5        75.73     0.999952   0.00186355  3.71653e-05 
         3.5      76.1004     0.999953   0.00186376    3.821e-05 
         3.5      76.4716     0.999954   0.00186396  3.92628e-05 
         3.5      76.8438     0.999955   0.00186416  4.03239e-05 
         3.5      77.2167     0.999956   0.00186436  4.13934e-05 
         3.5      77.5906     0.999957   0.00186455  4.24713e-05 
         3.5      77.9653     0.999958   0.00186473  4.35578e-05 
         3.5      78.3408     0.999959   0.00186492   4.4653e-05 
         3.5      78.7173      0.99996    0.0018651  4.57569e-05 
         3.5      79.0945     0.999961   0.00186528  4.68698e-05 
         3.5      79.4727     0.999962   0.00186546  4.79917e-05 
         3.5      79.8517     0.999963   0.00186564  4.91227e-05 
         3.5      80.2315     0.999964   0.00186583   5.0263e-05 
         3.5      80.6122     0.999964   0.00186601  5.14127e-05 
         3.5      80.9938     0.999965    0.0018662  5.25719e-05 
         3.5      81.3762     0.999966   0.00186639  5.37408e-05 
         3.5      81.7595     0.999967   0.00186658  5.49194e-05 
         3.5      82.1436     0.999967   0.00186678   5.6108e-05 
         3.5      82.5286     0.999968   0.00186699  5.73067e-05 
         3.5      82.9145     0.999968    0.0018672  5.85156e-05 
         3.5      83.3012     0.999969   0.00186742  5.97349e-05 
         3.5      83.6888     0.999969   0.00186765  6.09647e-05 
         3.5      84.0772      0.99997   0.00186789  6.21726e-05 
         3.5      84.4665      0.99997   0.00186809   6.3309e-05 
         3.5      84.8566     0.999971   0.00186825  6.44627e-05 
         3.5      85.2476     0.999972   0.00186837  6.56328e-05 
         3.5      85.6395     0.999973   0.00186847  6.68183e-05 
         3.5      86.0322     0.999974   0.00186855  6.80182e-05 
         3.5      86.4258     0.999975   0.00186861  6.92315e-05 
         3.5      86.8203     0.999976   0.00186866  7.04572e-05 
         3.5      87.2156     0.999977    0.0018687  7.16941e-05 
         3.5      87.6117     0.999979   0.00186873  7.29411e-05 
         3.5      88.0087      0.99998   0.00186876   7.4197e-05 
         3.5      88.4066     0.999981   0.00186878  7.54606e-05 
         3.5      88.8053     0.999982    0.0018688  7.67306e-05 
         3.5      89.2049     0.999983   0.00186882  7.80056e-05 
         3.5      89.6054     0.999985   0.00186884  7.92844e-05 
         3.5      90.0067     0.999986   0.00186886  8.05655e-05 
         3.5      90.4089     0.999987   0.00186887  8.18474e-05 
         3.5      90.8119     0.999989   0.00186887  8.31286e-05 
         3.5      91.2158      0.99999   0.00186887  8.44076e-05 
         3.5      91.6205     0.999992   0.00186885  8.56828e-05 
         3.5      92.0261     0.999994   0.00186881  8.69526e-05 
         3.5      92.4326     0.999996   0.00186874  8.82152e-05 
         3.5      92.8399     0.999998   0.00186863  8.94689e-05 
         3.5      93.2481            1   0.00186848  9.07119e-05 
         3.5      93.6571            1   0.00186828  9.19424e-05 
         3.5       94.067      1.00001     0.001868  9.31584e-05 
         3.5      94.4777      1.00001   0.00186765  9.43581e-05 
         3.5      94.8894      1.00001    0.0018672  9.55393e-05 
         3.5      95.3018      1.00001   0.00186705  9.68454e-05 
         3.5      95.7152      1.00001   0.00186721  9.82592e-05 
         3.5      96.1293      1.00001   0.00186736  9.96614e-05 
         3.5      96.5444      1.00001   0.00186751  0.000101052 
         3.5      96.9603      1.00001   0.00186765  0.000102432 
         3.5       97.377      1.00001   0.00186777    0.0001038 
         3.5      97.7947      1.00001   0.00186789  0.000105158 
         3.5      98.2131      1.00001   0.00186801  0.000106506 
         3.5      98.6325      1.00001   0.00186811  0.000107843 
         3.5      99.0527            1    0.0018682   0.00010917 
         3.5      99.4737            1   0.00186828  0.000110487 
         3.5      99.8956            1   0.00186835  0.000111795 
         3.5      100.318            1   0.00186841  0.000113094 
         3.5      100.742            1   0.00186846  0.000114384 
         3.5      101.167            1   0.00186851  0.000115666 
         3.5      101.592            1   0.00186853  0.000116939 
         3.5      102.018            1   0.00186855  0.000118205 
         3.5      102.445            1   0.00186856  0.000119463 
         3.5      102.873            1   0.00186856  0.000120715 
         3.5      103.302      1.00001   0.00186854  0.000121959 
         3.5      103.731      1.00001   0.00186851  0.000123198 
         3.5      104.162      1.00001   0.00186847   0.00012443 
         3.5      104.593      1.00001   0.00186842  0.000125657 
         3.5      105.026      1.00001   0.00186836   0.00012688 
         3.5      105.459      1.00001   0.00186828  0.000128098 
         3.5      105.893      1.00001   0.00186819  0.000129311 
         3.5      106.327      1.00001   0.00186809  0.000130522 
         3.5      106.763      1.00001   0.00186798  0.000131729 
         3.5      107.199      1.00001   0.00186785  0.000132934 
         3.5      107.637      1.00001   0.00186771  0.000134137 
         3.5      108.075      1.00001   0.00186756  0.000135339 
         3.5      108.514      1.00001    0.0018674  0.000136539 
         3.5      108.954      1.00002   0.00186722   0.00013774 
         3.5      109.395      1.00002   0.00186703  0.000138941 
         3.5      109.837      1.00002   0.00186702  0.000140464 
         3.5      110.279      1.00002   0.00186704  0.000142054 
         3.5      110.722      1.00002   0.00186705  0.000143644 
         3.5      111.167      1.00002   0.00186704  0.000145233 
         3.5      111.612      1.00002   0.00186702  0.000146822 
         3.5      112.058      1.00002   0.00186698  0.000148411 
         3.5      112.504      1.00002   0.00186692  0.000149999 
         3.5      112.952      1.00002   0.00186685  0.000151586 
         3.5      113.401      1.00003   0.00186676  0.000153173 
         3.5       113.85      1.00003   0.00186666   0.00015476 
         3.5        114.3      1.00003   0.00186654  0.000156346 
         3.5      114.751      1.00003    0.0018664  0.000157931 
         3.5      115.203      1.00003   0.00186625  0.000159516 
         3.5      115.656      1.00003   0.00186609  0.000161101 
         3.5       116.11      1.00003   0.00186591  0.000162685 
         3.5      116.564      1.00004   0.00186571  0.000164269 
         3.5       117.02      1.00004    0.0018655  0.000165852 
         3.5      117.476      1.00004   0.00186527  0.000167436 
         3.5      117.933      1.00004   0.00186503  0.000169018 
         3.5      118.391      1.00004   0.00186477  0.000170601 
         3.5       118.85      1.00004    0.0018645  0.000172183 
         3.5       119.31      1.00005   0.00186422  0.000173765 
         3.5       119.77      1.00005   0.00186392  0.000175347 
         3.5      120.231      1.00005   0.00186361  0.000176928 
         3.5      120.694      1.00005   0.00186328   0.00017851 
         3.5      121.157      1.00005   0.00186295  0.000180091 
         3.5      121.621      1.00005    0.0018626  0.000181673 
         3.5      122.086      1.00006   0.00186224  0.000183255 
         3.5      122.551      1.00006   0.00186187  0.000184836 
         3.5      123.018      1.00006   0.00186148  0.000186418 
         3.5      123.485      1.00006   0.00186109     0.000188 
         3.5      123.954      1.00006   0.00186069  0.000189583 
         3.5      124.423      1.00007   0.00186027  0.000191166 
         3.5      124.893      1.00007   0.00185985  0.000192749 
         3.5      125.364      1.00007   0.00185942  0.000194333 
         3.5      125.835      1.00007   0.00185898  0.000195918 
         3.5      126.308      1.00007   0.00185854  0.000197503 
         3.5      126.781      1.00008   0.00185808  0.000199089 
         3.5      127.255      1.00008   0.00185762  0.000200676 
         3.5      127.731      1.00008   0.00185716  0.000202264 
         3.5      128.207      1.00008   0.00185669  0.000203853 
         3.5      128.683      1.00008   0.00185621  0.000205444 
         3.5      129.161      1.00008   0.00185573  0.000207036 
         3.5       129.64      1.00008   0.00185525  0.000208629 
         3.5      130.119      1.00009   0.00185476  0.000210224 
         3.5      130.599      1.00009   0.00185428   0.00021182 
         3.5      131.081      1.00009   0.00185379  0.000213419 
         3.5      131.563      1.00009   0.00185329  0.000215019 
         3.5      132.045      1.00009    0.0018528  0.000216621 
         3.5      132.529      1.00009   0.00185231  0.000218226 
         3.5      133.014      1.00009   0.00185182  0.000219833 
         3.5      133.499      1.00009   0.00185133  0.000221443 
         3.5      133.985      1.00009   0.00185084  0.000223056 
         3.5      134.473       1.0001   0.00185035  0.000224671 
         3.5      134.961       1.0001   0.00184987  0.000226289 
         3.5      135.449       1.0001   0.00184939  0.000227911 
         3.5      135.939       1.0001   0.00184891  0.000229536 
         3.5       136.43       1.0001   0.00184844  0.000231164 
         3.5      136.921       1.0001   0.00184798  0.000232797 
         3.5      137.413       1.0001   0.00184752  0.000234433 
         3.5      137.907       1.0001   0.00184706  0.000236073 
         3.5      138.401       1.0001   0.00184661  0.000237718 
         3.5      138.896      1.00009   0.00184617  0.000239367 
         3.5      139.391      1.00009   0.00184574  0.000241021 
         3.5      139.888      1.00009   0.00184531  0.000242681 
         3.5      140.385      1.00009   0.00184489  0.000244345 
         3.5      140.884      1.00009   0.00184448  0.000246015 
         3.5      141.383      1.00009   0.00184408   0.00024769 
         3.5      141.883      1.00008   0.00184369  0.000249371 
         3.5      142.384      1.00008   0.00184331  0.000251059 
         3.5      142.885      1.00008   0.00184294  0.000252753 
         3.5      143.388      1.00008   0.00184258  0.000254454 
         3.5      143.892      1.00007   0.00184223  0.000256161 
         3.5      144.396      1.00007   0.00184189  0.000257876 
         3.5      144.901      1.00006   0.00184156  0.000259599 
         3.5      145.407      1.00006   0.00184124  0.000261329 
         3.5      145.914      1.00006   0.00184093  0.000263067 
         3.5      146.422      1.00005   0.00184063  0.000264814 
         3.5       146.93      1.00004   0.00184034  0.000266569 
         3.5       147.44      1.00004   0.00184006  0.000268333 
         3.5       147.95      1.00003    0.0018398  0.000270107 
         3.5      148.461      1.00002   0.00183954   0.00027189 
         3.5      148.973      1.00002   0.00183929  0.000273683 
         3.5      149.486      1.00001   0.00183905  0.000275487 
         3.5          150            1   0.00183882  0.000277301 
