Variables = x, y, u, v, p

Zone, I=600, F=POINT
       323.5            0   2.9435e-07  1.12639e-10 -6.43475e-05 
       323.5     0.000418  0.000170987  1.36374e-10 -6.43473e-05 
       323.5     0.001672  0.000683067  5.33079e-10 -6.43469e-05 
       323.5     0.003763   0.00153694   2.2804e-09 -6.43463e-05 
       323.5     0.006689   0.00273181  7.00436e-09 -6.43454e-05 
       323.5     0.010451   0.00426807  1.69838e-08 -6.43442e-05 
       323.5      0.01505   0.00614615  3.51525e-08 -6.43428e-05 
       323.5     0.020485   0.00836565  6.50891e-08 -6.43411e-05 
       323.5     0.026756    0.0109266  1.11025e-07 -6.43392e-05 
       323.5     0.033863    0.0138289  1.77841e-07 -6.43369e-05 
       323.5     0.041806    0.0170727   2.7107e-07 -6.43345e-05 
       323.5     0.050585    0.0206579  3.96893e-07 -6.43318e-05 
       323.5     0.060201    0.0245849  5.62162e-07 -6.43288e-05 
       323.5     0.070652     0.028853  7.74322e-07 -6.43255e-05 
       323.5      0.08194    0.0334629  1.04155e-06  -6.4322e-05 
       323.5     0.094063    0.0384137  1.37257e-06 -6.43183e-05 
       323.5     0.107023    0.0437062  1.77687e-06 -6.43142e-05 
       323.5     0.120819      0.04934   2.2645e-06   -6.431e-05 
       323.5     0.135451    0.0553151   2.8462e-06 -6.43054e-05 
       323.5     0.150919    0.0616312  3.53332e-06 -6.43006e-05 
       323.5     0.167224    0.0682887  4.33795e-06 -6.42956e-05 
       323.5     0.184364    0.0752867  5.27264e-06 -6.42902e-05 
       323.5     0.202341    0.0826259  6.35084e-06 -6.42846e-05 
       323.5     0.221153    0.0903051  7.58637e-06 -6.42788e-05 
       323.5     0.240802    0.0983251  8.99397e-06 -6.42727e-05 
       323.5     0.261287     0.106687  1.05928e-05 -6.42663e-05 
       323.5     0.282608     0.115384  1.23866e-05 -6.42597e-05 
       323.5     0.304765      0.12442  1.44012e-05 -6.42528e-05 
       323.5     0.327758     0.133795  1.66533e-05 -6.42456e-05 
       323.5     0.351588     0.143508  1.91605e-05 -6.42382e-05 
       323.5     0.376253     0.153557  2.19403e-05 -6.42305e-05 
       323.5     0.401755     0.163942  2.50112e-05 -6.42225e-05 
       323.5     0.428092     0.174661   2.8392e-05 -6.42143e-05 
       323.5     0.455266     0.185711  3.21022e-05 -6.42058e-05 
       323.5     0.483276     0.197091  3.61614e-05  -6.4197e-05 
       323.5     0.512122     0.208798  4.05898e-05 -6.41879e-05 
       323.5     0.541805      0.22083  4.54083e-05 -6.41785e-05 
       323.5     0.572323     0.233184  5.06377e-05 -6.41689e-05 
       323.5     0.603677     0.245856  5.62995e-05 -6.41589e-05 
       323.5     0.635868     0.258843   6.2416e-05 -6.41487e-05 
       323.5     0.668894     0.272141  6.90089e-05 -6.41381e-05 
       323.5     0.702757     0.285745  7.61013e-05 -6.41272e-05 
       323.5     0.737456     0.299651  8.37159e-05  -6.4116e-05 
       323.5     0.772991     0.313844  9.19526e-05 -6.41043e-05 
       323.5     0.809362     0.328323  0.000100583 -6.40925e-05 
       323.5      0.84657     0.343082  0.000109822 -6.40803e-05 
       323.5     0.884613     0.358112  0.000119683 -6.40677e-05 
       323.5     0.923492     0.373401  0.000130181 -6.40547e-05 
       323.5     0.963208      0.38894  0.000141328 -6.40413e-05 
       323.5      1.00376     0.404714  0.000153136 -6.40275e-05 
       323.5      1.04515     0.420712  0.000165614 -6.40132e-05 
       323.5      1.08737     0.436917   0.00017877 -6.39984e-05 
       323.5      1.13043     0.453314  0.000192611 -6.39831e-05 
       323.5      1.17433     0.469886  0.000207142 -6.39673e-05 
       323.5      1.21906     0.486615  0.000222365 -6.39509e-05 
       323.5      1.26463     0.503482  0.000238283  -6.3934e-05 
       323.5      1.31103     0.520465  0.000254893 -6.39164e-05 
       323.5      1.35827     0.537544  0.000272192 -6.38983e-05 
       323.5      1.40635     0.554692  0.000290176 -6.38794e-05 
       323.5      1.45526     0.571886  0.000308835 -6.38599e-05 
       323.5      1.50501     0.589099  0.000328159 -6.38396e-05 
       323.5       1.5556     0.606303  0.000348136 -6.38185e-05 
       323.5      1.60702     0.623466  0.000368747 -6.37966e-05 
       323.5      1.65928     0.640558  0.000389976 -6.37739e-05 
       323.5      1.71237     0.657545  0.000411799 -6.37502e-05 
       323.5       1.7663     0.673493  0.000431106 -6.37236e-05 
       323.5      1.82106     0.690693  0.000455277  -6.3699e-05 
       323.5      1.87667     0.707549  0.000479522  -6.3673e-05 
       323.5      1.93311      0.72404  0.000503809 -6.36457e-05 
       323.5      1.99038     0.740149  0.000528106 -6.36171e-05 
       323.5      2.04849      0.75586  0.000552378 -6.35872e-05 
       323.5      2.10744     0.771155   0.00057659 -6.35559e-05 
       323.5      2.16722     0.786018  0.000600702 -6.35232e-05 
       323.5      2.22784     0.800434  0.000624676 -6.34891e-05 
       323.5      2.28929     0.814388  0.000648467 -6.34536e-05 
       323.5      2.35158     0.827864  0.000672032 -6.34168e-05 
       323.5      2.41471      0.84085  0.000695325 -6.33785e-05 
       323.5      2.47867     0.853333  0.000718296 -6.33389e-05 
       323.5      2.54347       0.8653  0.000740893 -6.32978e-05 
       323.5      2.60911     0.876739  0.000763064 -6.32554e-05 
       323.5      2.67558     0.887641  0.000784753 -6.32115e-05 
       323.5      2.74288     0.897994  0.000805899 -6.31663e-05 
       323.5      2.81103     0.907792  0.000826444 -6.31197e-05 
       323.5      2.88001     0.917024  0.000846321 -6.30717e-05 
       323.5      2.94983     0.925685  0.000865466 -6.30224e-05 
       323.5      3.02048     0.933769  0.000883807 -6.29718e-05 
       323.5      3.09197      0.94127  0.000901274 -6.29199e-05 
       323.5      3.16429     0.948184  0.000917791 -6.28667e-05 
       323.5      3.23745      0.95451  0.000933278 -6.28122e-05 
       323.5      3.31145     0.960244  0.000947656 -6.27566e-05 
       323.5      3.38628     0.965388  0.000960839 -6.26998e-05 
       323.5      3.46195     0.969942   0.00097274 -6.26418e-05 
       323.5      3.53845     0.973907  0.000983266 -6.25827e-05 
       323.5      3.61579     0.977289  0.000992325 -6.25226e-05 
       323.5      3.69397     0.980091  0.000999817 -6.24615e-05 
       323.5      3.77298     0.984027   0.00101076 -6.23896e-05 
       323.5      3.85283     0.986242   0.00101741 -6.23268e-05 
       323.5      3.93352     0.988255    0.0010235 -6.22632e-05 
       323.5      4.01504      0.99007   0.00102902 -6.21987e-05 
       323.5       4.0974     0.991693     0.001034 -6.21333e-05 
       323.5      4.18059     0.993129   0.00103844  -6.2067e-05 
       323.5      4.26462     0.994385   0.00104238 -6.19999e-05 
       323.5      4.34949     0.995469   0.00104581 -6.19319e-05 
       323.5      4.43519     0.996389   0.00104878 -6.18631e-05 
       323.5      4.52173     0.996832   0.00105065 -6.17949e-05 
       323.5       4.6091     0.997418   0.00105261 -6.17235e-05 
       323.5      4.69731      0.99793   0.00105433 -6.16511e-05 
       323.5      4.78636     0.998373   0.00105584 -6.15777e-05 
       323.5      4.87624     0.998749   0.00105714 -6.15035e-05 
       323.5      4.96696     0.999062   0.00105824 -6.14285e-05 
       323.5      5.05851     0.999316   0.00105915 -6.13526e-05 
       323.5       5.1509     0.999515   0.00105988 -6.12759e-05 
       323.5      5.24413     0.999663   0.00106046 -6.11984e-05 
       323.5       5.3382     0.999766   0.00106089 -6.11202e-05 
       323.5      5.43309     0.999829   0.00106118 -6.10412e-05 
       323.5      5.52883     0.999856   0.00106136 -6.09616e-05 
       323.5       5.6254     0.999855   0.00106144 -6.08814e-05 
       323.5      5.72281      0.99983   0.00106144 -6.08005e-05 
       323.5      5.82105     0.999789   0.00106138  -6.0719e-05 
       323.5      5.92013     0.999738   0.00106129 -6.06371e-05 
       323.5      6.02005     0.999685   0.00106117 -6.05546e-05 
       323.5       6.1208     0.999637   0.00106106 -6.04718e-05 
       323.5      6.22239     0.999602   0.00106098 -6.03885e-05 
       323.5      6.32482     0.999589   0.00106095 -6.03049e-05 
       323.5      6.42808     0.999606     0.001061  -6.0221e-05 
       323.5      6.53217     0.999663   0.00106116 -6.01369e-05 
       323.5      6.63711     0.999769   0.00106146 -6.00526e-05 
       323.5      6.74287     0.999934   0.00106193 -5.99682e-05 
       323.5      6.84948      1.00017   0.00106259 -5.98837e-05 
       323.5      6.95692       0.9998   0.00106163 -5.97778e-05 
       323.5       7.0652     0.999801   0.00106165 -5.96885e-05 
       323.5      7.17431     0.999801   0.00106168 -5.95989e-05 
       323.5      7.28426     0.999802    0.0010617 -5.95089e-05 
       323.5      7.39505     0.999802   0.00106172 -5.94184e-05 
       323.5      7.50667     0.999803   0.00106173 -5.93274e-05 
       323.5      7.61913     0.999803   0.00106174 -5.92356e-05 
       323.5      7.73242     0.999803   0.00106175 -5.91431e-05 
       323.5      7.84655     0.999804   0.00106175 -5.90496e-05 
       323.5      7.96152     0.999804   0.00106176 -5.89551e-05 
       323.5      8.07732     0.999804   0.00106176 -5.88593e-05 
       323.5      8.19396     0.999805   0.00106176 -5.87623e-05 
       323.5      8.31143     0.999805   0.00106176 -5.86638e-05 
       323.5      8.42974     0.999805   0.00106185 -5.85609e-05 
       323.5      8.54889     0.999806   0.00106185 -5.84673e-05 
       323.5      8.66887     0.999806   0.00106185 -5.83722e-05 
       323.5      8.78969     0.999806   0.00106186 -5.82755e-05 
       323.5      8.91135     0.999807   0.00106186 -5.81772e-05 
       323.5      9.03384     0.999807   0.00106188 -5.80774e-05 
       323.5      9.15717     0.999808   0.00106189 -5.79762e-05 
       323.5      9.28133     0.999808   0.00106191 -5.78737e-05 
       323.5      9.40633     0.999808   0.00106192 -5.77697e-05 
       323.5      9.53216     0.999809   0.00106194 -5.76645e-05 
       323.5      9.65884     0.999809   0.00106196  -5.7558e-05 
       323.5      9.78634     0.999809   0.00106199 -5.74503e-05 
       323.5      9.91469      0.99981   0.00106201 -5.73416e-05 
       323.5      10.0439      0.99981   0.00106203 -5.72317e-05 
       323.5      10.1739      0.99981   0.00106205 -5.71209e-05 
       323.5      10.3047     0.999811   0.00106207 -5.70091e-05 
       323.5      10.4364     0.999811    0.0010621 -5.68965e-05 
       323.5      10.5689     0.999811   0.00106211 -5.67831e-05 
       323.5      10.7023     0.999812   0.00106213  -5.6669e-05 
       323.5      10.8365     0.999812   0.00106215 -5.65542e-05 
       323.5      10.9715     0.999813   0.00106216 -5.64389e-05 
       323.5      11.1074     0.999813   0.00106214 -5.63404e-05 
       323.5      11.2441     0.999814   0.00106216 -5.62282e-05 
       323.5      11.3817     0.999814   0.00106217 -5.61158e-05 
       323.5        11.52     0.999814   0.00106219 -5.60029e-05 
       323.5      11.6592     0.999815    0.0010622 -5.58894e-05 
       323.5      11.7993     0.999815   0.00106221 -5.57752e-05 
       323.5      11.9402     0.999816   0.00106222 -5.56603e-05 
       323.5      12.0819     0.999816   0.00106223 -5.55445e-05 
       323.5      12.2245     0.999816   0.00106225 -5.54072e-05 
       323.5      12.3679     0.999817   0.00106226 -5.52947e-05 
       323.5      12.5121     0.999817   0.00106227 -5.51808e-05 
       323.5      12.6572     0.999818   0.00106228 -5.50655e-05 
       323.5      12.8031     0.999818    0.0010623 -5.49488e-05 
       323.5      12.9498     0.999819   0.00106232 -5.48307e-05 
       323.5      13.0974     0.999819   0.00106233 -5.47113e-05 
       323.5      13.2458      0.99982   0.00106235 -5.45907e-05 
       323.5       13.395      0.99982   0.00106237 -5.44688e-05 
       323.5      13.5451     0.999821   0.00106239 -5.43457e-05 
       323.5       13.696     0.999821   0.00106241 -5.42214e-05 
       323.5      13.8478     0.999822   0.00106244 -5.40959e-05 
       323.5      14.0004     0.999822   0.00106246 -5.39694e-05 
       323.5      14.1538     0.999823   0.00106248 -5.38418e-05 
       323.5      14.3081     0.999823   0.00106251 -5.37132e-05 
       323.5      14.4632     0.999823   0.00106253 -5.35836e-05 
       323.5      14.6191     0.999824   0.00106256  -5.3453e-05 
       323.5      14.7759     0.999824   0.00106258 -5.33216e-05 
       323.5      14.9335     0.999825   0.00106267 -5.31337e-05 
       323.5      15.0919     0.999825   0.00106268 -5.30061e-05 
       323.5      15.2512     0.999826    0.0010627 -5.28781e-05 
       323.5      15.4113     0.999826   0.00106271 -5.27496e-05 
       323.5      15.5723     0.999826   0.00106273 -5.26203e-05 
       323.5      15.7341     0.999827   0.00106274 -5.24901e-05 
       323.5      15.8967     0.999827   0.00106276 -5.23589e-05 
       323.5      16.0602     0.999828   0.00106278 -5.22264e-05 
       323.5      16.2245     0.999828   0.00106279 -5.20925e-05 
       323.5      16.3896     0.999829   0.00106281  -5.1957e-05 
       323.5      16.5556     0.999829   0.00106283 -5.18197e-05 
       323.5      16.7224      0.99983   0.00106285 -5.16804e-05 
       323.5        16.89      0.99983   0.00106288 -5.15388e-05 
       323.5      17.0585     0.999831    0.0010629 -5.13949e-05 
       323.5      17.2278     0.999832   0.00106293 -5.12483e-05 
       323.5      17.3979     0.999832   0.00106281 -5.11217e-05 
       323.5      17.5689     0.999833   0.00106284 -5.09732e-05 
       323.5      17.7408     0.999833   0.00106287 -5.08242e-05 
       323.5      17.9134     0.999834    0.0010629 -5.06746e-05 
       323.5      18.0869     0.999834   0.00106293 -5.05246e-05 
       323.5      18.2612     0.999834   0.00106296  -5.0374e-05 
       323.5      18.4364     0.999835   0.00106298 -5.02611e-05 
       323.5      18.6124     0.999836   0.00106302 -5.01148e-05 
       323.5      18.7892     0.999836   0.00106306 -4.99676e-05 
       323.5      18.9669     0.999837   0.00106309 -4.98195e-05 
       323.5      19.1454     0.999837   0.00106313 -4.96705e-05 
       323.5      19.3248     0.999838   0.00106316 -4.95205e-05 
       323.5       19.505     0.999838   0.00106318 -4.93696e-05 
       323.5       19.686     0.999839   0.00106321 -4.92178e-05 
       323.5      19.8678     0.999839   0.00106323  -4.9065e-05 
       323.5      20.0505      0.99984   0.00106325 -4.89112e-05 
       323.5      20.2341      0.99984   0.00106327 -4.87564e-05 
       323.5      20.4184     0.999841   0.00106328 -4.86007e-05 
       323.5      20.6036     0.999841    0.0010633  -4.8444e-05 
       323.5      20.7897     0.999842   0.00106331 -4.82862e-05 
       323.5      20.9765     0.999842   0.00106332 -4.81275e-05 
       323.5      21.1642     0.999843   0.00106333 -4.79677e-05 
       323.5      21.3528     0.999844   0.00106334 -4.78069e-05 
       323.5      21.5422     0.999844   0.00106334  -4.7645e-05 
       323.5      21.7324     0.999845   0.00106335 -4.74821e-05 
       323.5      21.9234     0.999845   0.00106336 -4.73181e-05 
       323.5      22.1153     0.999846   0.00106336  -4.7153e-05 
       323.5       22.308     0.999847   0.00106337 -4.69868e-05 
       323.5      22.5016     0.999847   0.00106337 -4.68196e-05 
       323.5       22.696     0.999848   0.00106338 -4.66512e-05 
       323.5      22.8912     0.999848   0.00106338 -4.64817e-05 
       323.5      23.0873     0.999849   0.00106339  -4.6311e-05 
       323.5      23.2842      0.99985    0.0010634 -4.61392e-05 
       323.5       23.482      0.99985    0.0010634 -4.59662e-05 
       323.5      23.6805     0.999851   0.00106341 -4.57921e-05 
       323.5        23.88     0.999852   0.00106342 -4.56167e-05 
       323.5      24.0802     0.999852   0.00106343 -4.54402e-05 
       323.5      24.2813     0.999853   0.00106345 -4.52624e-05 
       323.5      24.4832     0.999853   0.00106346 -4.50834e-05 
       323.5       24.686     0.999854   0.00106348 -4.49032e-05 
       323.5      24.8896     0.999855    0.0010635 -4.47217e-05 
       323.5       25.094     0.999856   0.00106352 -4.45389e-05 
       323.5      25.2993     0.999856   0.00106355 -4.43548e-05 
       323.5      25.5054     0.999857   0.00106358 -4.41694e-05 
       323.5      25.7123     0.999858   0.00106361 -4.39827e-05 
       323.5      25.9201     0.999858   0.00106365 -4.39923e-05 
       323.5      26.1287     0.999859   0.00106369 -4.38193e-05 
       323.5      26.3381     0.999859   0.00106373 -4.36457e-05 
       323.5      26.5484      0.99986   0.00106377 -4.34715e-05 
       323.5      26.7595      0.99986   0.00106381 -4.32967e-05 
       323.5      26.9715     0.999861   0.00106384 -4.31213e-05 
       323.5      27.1843     0.999862   0.00106388 -4.29452e-05 
       323.5      27.3979     0.999862   0.00106391 -4.27685e-05 
       323.5      27.6124     0.999863   0.00106394 -4.25912e-05 
       323.5      27.8277     0.999863   0.00106396 -4.24134e-05 
       323.5      28.0438     0.999864   0.00106399 -4.22349e-05 
       323.5      28.2608     0.999865   0.00106401 -4.20558e-05 
       323.5      28.4786     0.999865   0.00106403 -4.18761e-05 
       323.5      28.6972     0.999866   0.00106405 -4.16959e-05 
       323.5      28.9167     0.999867   0.00106406  -4.1515e-05 
       323.5       29.137     0.999867   0.00106407 -4.13336e-05 
       323.5      29.3582     0.999868   0.00106408 -4.11516e-05 
       323.5      29.5802     0.999869   0.00106409  -4.0969e-05 
       323.5       29.803      0.99987    0.0010641 -4.07859e-05 
       323.5      30.0267      0.99987    0.0010641 -4.06022e-05 
       323.5      30.2512     0.999871    0.0010641 -4.04179e-05 
       323.5      30.4765     0.999872   0.00106409 -4.02331e-05 
       323.5      30.7027     0.999873   0.00106409 -4.00477e-05 
       323.5      30.9297     0.999873   0.00106408 -3.98618e-05 
       323.5      31.1575     0.999874   0.00106406 -3.96754e-05 
       323.5      31.3862     0.999875   0.00106405 -3.94884e-05 
       323.5      31.6157     0.999875   0.00106447 -3.92013e-05 
       323.5      31.8461     0.999876   0.00106447 -3.90018e-05 
       323.5      32.0773     0.999877   0.00106447 -3.88027e-05 
       323.5      32.3093     0.999877   0.00106446 -3.86039e-05 
       323.5      32.5421     0.999878   0.00106446 -3.84053e-05 
       323.5      32.7758     0.999879   0.00106445  -3.8207e-05 
       323.5      33.0104     0.999879   0.00106444 -3.80088e-05 
       323.5      33.2457      0.99988   0.00106444 -3.78108e-05 
       323.5      33.4819     0.999881   0.00106443 -3.76128e-05 
       323.5       33.719     0.999882   0.00106442 -3.74148e-05 
       323.5      33.9568     0.999882   0.00106441 -3.72168e-05 
       323.5      34.1956     0.999883    0.0010644 -3.70187e-05 
       323.5      34.4351     0.999884   0.00106439 -3.68204e-05 
       323.5      34.6755     0.999885   0.00106438 -3.66218e-05 
       323.5      34.9167     0.999885   0.00106437  -3.6423e-05 
       323.5      35.1588     0.999886   0.00106436 -3.62238e-05 
       323.5      35.4017     0.999887   0.00106435 -3.60242e-05 
       323.5      35.6454     0.999887   0.00106434  -3.5824e-05 
       323.5      35.8899     0.999888   0.00106433 -3.56233e-05 
       323.5      36.1354     0.999889   0.00106432  -3.5422e-05 
       323.5      36.3816      0.99989   0.00106432   -3.522e-05 
       323.5      36.6287      0.99989   0.00106431 -3.50171e-05 
       323.5      36.8766     0.999891   0.00106431 -3.48135e-05 
       323.5      37.1253     0.999892   0.00106431 -3.46088e-05 
       323.5      37.3749     0.999893   0.00106431 -3.44032e-05 
       323.5      37.6253     0.999893   0.00106431 -3.41965e-05 
       323.5      37.8766     0.999894   0.00106431 -3.39886e-05 
       323.5      38.1287     0.999895   0.00106432 -3.37795e-05 
       323.5      38.3816     0.999896   0.00106433  -3.3569e-05 
       323.5      38.6353     0.999896   0.00106435 -3.33571e-05 
       323.5      38.8899     0.999897   0.00106436 -3.31437e-05 
       323.5      39.1454     0.999898   0.00106438 -3.29286e-05 
       323.5      39.4016     0.999899   0.00106441 -3.27119e-05 
       323.5      39.6588     0.999899   0.00106443 -3.24934e-05 
       323.5      39.9167       0.9999   0.00106447 -3.22731e-05 
       323.5      40.1755     0.999901    0.0010645 -3.20507e-05 
       323.5      40.4351     0.999902   0.00106454 -3.18263e-05 
       323.5      40.6955     0.999902   0.00106459 -3.15997e-05 
       323.5      40.9568     0.999903   0.00106464 -3.13708e-05 
       323.5      41.2189     0.999904    0.0010647 -3.11396e-05 
       323.5      41.4819     0.999906   0.00106474 -3.09601e-05 
       323.5      41.7457     0.999907   0.00106476 -3.07311e-05 
       323.5      42.0103     0.999907   0.00106478 -3.05017e-05 
       323.5      42.2758     0.999908    0.0010648 -3.02717e-05 
       323.5      42.5421     0.999909   0.00106483 -3.00413e-05 
       323.5      42.8092      0.99991   0.00106485 -2.98105e-05 
       323.5      43.0772      0.99991   0.00106488 -2.95791e-05 
       323.5       43.346     0.999911   0.00106491 -2.93474e-05 
       323.5      43.6157     0.999912   0.00106493 -2.91152e-05 
       323.5      43.8862     0.999913   0.00106496 -2.88825e-05 
       323.5      44.1575     0.999913   0.00106498 -2.86494e-05 
       323.5      44.4296     0.999914   0.00106501 -2.84159e-05 
       323.5      44.7026     0.999915   0.00106504  -2.8182e-05 
       323.5      44.9765     0.999916   0.00106507 -2.79476e-05 
       323.5      45.2511     0.999917   0.00106509 -2.77128e-05 
       323.5      45.5266     0.999917   0.00106512 -2.74777e-05 
       323.5       45.803     0.999918   0.00106514 -2.72421e-05 
       323.5      46.0801     0.999919   0.00106517 -2.70062e-05 
       323.5      46.3581      0.99992    0.0010652 -2.67699e-05 
       323.5       46.637     0.999921   0.00106522 -2.65332e-05 
       323.5      46.9167     0.999922   0.00106524 -2.62962e-05 
       323.5      47.1972     0.999922   0.00106527 -2.60588e-05 
       323.5      47.4785     0.999923   0.00106529  -2.5821e-05 
       323.5      47.7607     0.999924   0.00106531 -2.55829e-05 
       323.5      48.0438     0.999925   0.00106533 -2.53445e-05 
       323.5      48.3276     0.999926   0.00106534 -2.51058e-05 
       323.5      48.6123     0.999927   0.00106536 -2.48667e-05 
       323.5      48.8979     0.999928   0.00106538 -2.46273e-05 
       323.5      49.1842     0.999929   0.00106539 -2.43876e-05 
       323.5      49.4714      0.99993    0.0010654 -2.41477e-05 
       323.5      49.7595     0.999931   0.00106538 -2.39761e-05 
       323.5      50.0484     0.999932   0.00106541 -2.37312e-05 
       323.5      50.3381     0.999933   0.00106544 -2.34852e-05 
       323.5      50.6286     0.999933   0.00106547 -2.32381e-05 
       323.5        50.92     0.999934   0.00106549 -2.29899e-05 
       323.5      51.2122     0.999935   0.00106551 -2.27407e-05 
       323.5      51.5053     0.999936   0.00106552 -2.24905e-05 
       323.5      51.7992     0.999937   0.00106553 -2.22393e-05 
       323.5      52.0939     0.999937   0.00106554 -2.19871e-05 
       323.5      52.3895     0.999938   0.00106555 -2.17339e-05 
       323.5      52.6859     0.999939   0.00106555 -2.14798e-05 
       323.5      52.9831      0.99994   0.00106555 -2.12248e-05 
       323.5      53.2812     0.999941   0.00106555  -2.0969e-05 
       323.5      53.5801     0.999941   0.00106555 -2.07122e-05 
       323.5      53.8799     0.999942   0.00106554 -2.04546e-05 
       323.5      54.1805     0.999943   0.00106554 -2.01963e-05 
       323.5      54.4819     0.999944   0.00106553 -1.99371e-05 
       323.5      54.7841     0.999945   0.00106552 -1.96771e-05 
       323.5      55.0872     0.999946   0.00106551 -1.94165e-05 
       323.5      55.3912     0.999946   0.00106549 -1.91551e-05 
       323.5      55.6959     0.999947   0.00106548  -1.8893e-05 
       323.5      56.0015     0.999948   0.00106547 -1.86303e-05 
       323.5       56.308     0.999949   0.00106545 -1.83669e-05 
       323.5      56.6152      0.99995   0.00106544  -1.8103e-05 
       323.5      56.9233     0.999951   0.00106542 -1.78385e-05 
       323.5      57.2323     0.999952   0.00106541 -1.75734e-05 
       323.5      57.5421     0.999953   0.00106539 -1.73078e-05 
       323.5      57.8527     0.999954   0.00106538 -1.70418e-05 
       323.5      58.1641     0.999955   0.00106536 -1.67753e-05 
       323.5      58.4764     0.999956   0.00106535 -1.65083e-05 
       323.5      58.7896     0.999957   0.00106534  -1.6241e-05 
       323.5      59.1035     0.999956   0.00106578 -1.60535e-05 
       323.5      59.4183     0.999957   0.00106576 -1.57905e-05 
       323.5      59.7339     0.999958   0.00106574 -1.55265e-05 
       323.5      60.0504     0.999959   0.00106572 -1.52615e-05 
       323.5      60.3677      0.99996    0.0010657 -1.49955e-05 
       323.5      60.6859     0.999961   0.00106568 -1.47285e-05 
       323.5      61.0048     0.999962   0.00106566 -1.44605e-05 
       323.5      61.3247     0.999963   0.00106564 -1.41915e-05 
       323.5      61.6453     0.999964   0.00106562 -1.39216e-05 
       323.5      61.9668     0.999965    0.0010656 -1.36506e-05 
       323.5      62.2891     0.999966   0.00106558 -1.33788e-05 
       323.5      62.6123     0.999967   0.00106556 -1.31059e-05 
       323.5      62.9363     0.999968   0.00106554 -1.28321e-05 
       323.5      63.2611     0.999969   0.00106552 -1.25574e-05 
       323.5      63.5868      0.99997    0.0010655 -1.22818e-05 
       323.5      63.9133     0.999971   0.00106548 -1.20052e-05 
       323.5      64.2406     0.999972   0.00106546 -1.17278e-05 
       323.5      64.5688     0.999973   0.00106544 -1.14494e-05 
       323.5      64.8978     0.999974   0.00106543 -1.11701e-05 
       323.5      65.2277     0.999975   0.00106541 -1.08899e-05 
       323.5      65.5583     0.999976   0.00106539 -1.06089e-05 
       323.5      65.8899     0.999977   0.00106537  -1.0327e-05 
       323.5      66.2222     0.999978   0.00106535 -1.00442e-05 
       323.5      66.5554     0.999979   0.00106533 -9.76061e-06 
       323.5      66.8894      0.99998   0.00106531 -9.47615e-06 
       323.5      67.2243     0.999981   0.00106529 -9.19086e-06 
       323.5        67.56     0.999982   0.00106527 -8.90475e-06 
       323.5      67.8966     0.999983   0.00106525 -8.61783e-06 
       323.5      68.2339     0.999984   0.00106524 -8.33011e-06 
       323.5      68.5721     0.999985   0.00106522  -8.0416e-06 
       323.5      68.9112     0.999986    0.0010652 -7.75231e-06 
       323.5      69.2511     0.999987   0.00106518 -7.46225e-06 
       323.5      69.5918     0.999988   0.00106516 -7.17142e-06 
       323.5      69.9333     0.999989   0.00106514 -6.87986e-06 
       323.5      70.2757      0.99999   0.00106512 -6.58755e-06 
       323.5      70.6189     0.999991    0.0010651 -6.29452e-06 
       323.5       70.963     0.999992   0.00106508 -6.00077e-06 
       323.5      71.3079     0.999993   0.00106506 -5.70633e-06 
       323.5      71.6536     0.999994   0.00106504 -5.41119e-06 
       323.5      72.0002     0.999995   0.00106502 -5.11537e-06 
       323.5      72.3476     0.999996     0.001065 -4.81889e-06 
       323.5      72.6959     0.999997   0.00106498 -4.52175e-06 
       323.5      73.0449     0.999998   0.00106496 -4.22397e-06 
       323.5      73.3949     0.999999   0.00106494 -3.92556e-06 
       323.5      73.7456            1   0.00106492 -3.62654e-06 
       323.5      74.0972            1    0.0010649 -3.32691e-06 
       323.5      74.4496            1   0.00106488 -3.02669e-06 
       323.5      74.8029            1   0.00106486  -2.7259e-06 
       323.5       75.157            1   0.00106484 -2.42454e-06 
       323.5      75.5119      1.00001   0.00106482 -2.12264e-06 
       323.5      75.8677      1.00001    0.0010648 -1.82019e-06 
       323.5      76.2243      1.00001   0.00106478 -1.51723e-06 
       323.5      76.5817      1.00001   0.00106476 -1.21376e-06 
       323.5        76.94      1.00001   0.00106474 -9.09792e-07 
       323.5      77.2991      1.00001   0.00106471 -6.05349e-07 
       323.5      77.6591      1.00001   0.00106469 -3.00444e-07 
       323.5      78.0198      1.00001   0.00106467  4.90998e-09 
       323.5      78.3815      1.00001   0.00106465  3.10698e-07 
       323.5      78.7439      1.00001   0.00106462  6.16902e-07 
       323.5      79.1072      1.00001    0.0010646  9.23509e-07 
       323.5      79.4714      1.00002   0.00106458   1.2305e-06 
       323.5      79.8363      1.00002   0.00106455  1.53787e-06 
       323.5      80.2021      1.00002   0.00106453  1.84558e-06 
       323.5      80.5688      1.00002    0.0010645  2.15364e-06 
       323.5      80.9362      1.00002   0.00106448  2.46202e-06 
       323.5      81.3045      1.00002   0.00106445   2.7707e-06 
       323.5      81.6737      1.00002   0.00106443  3.07967e-06 
       323.5      82.0437      1.00002    0.0010644  3.38891e-06 
       323.5      82.4145      1.00002   0.00106437   3.6984e-06 
       323.5      82.7861      1.00002   0.00106454  3.90285e-06 
       323.5      83.1586      1.00003   0.00106452  4.21047e-06 
       323.5       83.532      1.00003   0.00106451  4.51898e-06 
       323.5      83.9061      1.00003    0.0010645   4.8284e-06 
       323.5      84.2811      1.00003   0.00106449  5.13877e-06 
       323.5       84.657      1.00003   0.00106448  5.45009e-06 
       323.5      85.0336      1.00003   0.00106446   5.7624e-06 
       323.5      85.4111      1.00003   0.00106445  6.07572e-06 
       323.5      85.7895      1.00003   0.00106444  6.39007e-06 
       323.5      86.1687      1.00003   0.00106443  6.70549e-06 
       323.5      86.5487      1.00004   0.00106442  7.02199e-06 
       323.5      86.9295      1.00004   0.00106441  7.33961e-06 
       323.5      87.3112      1.00004    0.0010644  7.65837e-06 
       323.5      87.6937      1.00004   0.00106439  7.97829e-06 
       323.5      88.0771      1.00004   0.00106438   8.2994e-06 
       323.5      88.4613      1.00004   0.00106437  8.62174e-06 
       323.5      88.8463      1.00004   0.00106436  8.94532e-06 
       323.5      89.2322      1.00004   0.00106435  9.27018e-06 
       323.5      89.6189      1.00004   0.00106435  9.59634e-06 
       323.5      90.0064      1.00005   0.00106434  9.92384e-06 
       323.5      90.3948      1.00005   0.00106434  1.02527e-05 
       323.5       90.784      1.00005   0.00106433  1.05829e-05 
       323.5      91.1741      1.00005   0.00106433  1.09146e-05 
       323.5       91.565      1.00005   0.00106433  1.12477e-05 
       323.5      91.9567      1.00005   0.00106433  1.15823e-05 
       323.5      92.3492      1.00005   0.00106433  1.19184e-05 
       323.5      92.7426      1.00005   0.00106433  1.22561e-05 
       323.5      93.1369      1.00005   0.00106433  1.25953e-05 
       323.5      93.5319      1.00005   0.00106434  1.29361e-05 
       323.5      93.9278      1.00005   0.00106434  1.32786e-05 
       323.5      94.3246      1.00006   0.00106435  1.36227e-05 
       323.5      94.7221      1.00006   0.00106436  1.39686e-05 
       323.5      95.1206      1.00006   0.00106437  1.43162e-05 
       323.5      95.5198      1.00006   0.00106438  1.46655e-05 
       323.5      95.9199      1.00006   0.00106439  1.50166e-05 
       323.5      96.3208      1.00006   0.00106441  1.53696e-05 
       323.5      96.7226      1.00006   0.00106443  1.57245e-05 
       323.5      97.1251      1.00006   0.00106445  1.60812e-05 
       323.5      97.5286      1.00006   0.00106447  1.64399e-05 
       323.5      97.9328      1.00006   0.00106449  1.68006e-05 
       323.5      98.3379      1.00006   0.00106452  1.71633e-05 
       323.5      98.7439      1.00007   0.00106365  1.74057e-05 
       323.5      99.1506      1.00007   0.00106364  1.77527e-05 
       323.5      99.5583      1.00007   0.00106364  1.80998e-05 
       323.5      99.9667      1.00007   0.00106363  1.84471e-05 
       323.5      100.376      1.00007   0.00106362  1.87944e-05 
       323.5      100.786      1.00007   0.00106361  1.91419e-05 
       323.5      101.197      1.00007   0.00106361  1.94896e-05 
       323.5      101.609      1.00008    0.0010636  1.98373e-05 
       323.5      102.021      1.00008   0.00106359  2.01852e-05 
       323.5      102.435      1.00008   0.00106358  2.05333e-05 
       323.5      102.849      1.00008   0.00106358  2.08815e-05 
       323.5      103.264      1.00008   0.00106357  2.12298e-05 
       323.5       103.68      1.00008   0.00106356  2.15783e-05 
       323.5      104.097      1.00008   0.00106356  2.19269e-05 
       323.5      104.515      1.00008   0.00106355  2.22756e-05 
       323.5      104.933      1.00008   0.00106354  2.26246e-05 
       323.5      105.353      1.00008   0.00106354  2.29737e-05 
       323.5      105.773      1.00008   0.00106353  2.33229e-05 
       323.5      106.194      1.00008   0.00106352  2.36723e-05 
       323.5      106.616      1.00008   0.00106352  2.40219e-05 
       323.5      107.038      1.00008   0.00106351  2.43716e-05 
       323.5      107.462      1.00006   0.00106376  2.48092e-05 
       323.5      107.886      1.00006    0.0010638  2.52377e-05 
       323.5      108.311      1.00006   0.00106384  2.56601e-05 
       323.5      108.737      1.00006   0.00106388  2.60767e-05 
       323.5      109.164      1.00006   0.00106391  2.64876e-05 
       323.5      109.592      1.00006   0.00106393  2.68929e-05 
       323.5       110.02      1.00006   0.00106395  2.72929e-05 
       323.5       110.45      1.00006   0.00106396  2.76876e-05 
       323.5       110.88      1.00007   0.00106397  2.80773e-05 
       323.5      111.311      1.00007   0.00106398   2.8462e-05 
       323.5      111.743      1.00007   0.00106398   2.8842e-05 
       323.5      112.175      1.00007   0.00106397  2.92174e-05 
       323.5      112.609      1.00007   0.00106396  2.95884e-05 
       323.5      113.043      1.00007   0.00106395  2.99552e-05 
       323.5      113.478      1.00007   0.00106393  3.03179e-05 
       323.5      113.914      1.00007   0.00106391  3.06767e-05 
       323.5      114.351      1.00008   0.00106388  3.10317e-05 
       323.5      114.789      1.00008   0.00106385  3.13833e-05 
       323.5      115.228      1.00008   0.00106381  3.17315e-05 
       323.5      115.667      1.00008   0.00106377  3.20765e-05 
       323.5      116.107      1.00008   0.00106373  3.24185e-05 
       323.5      116.548      1.00009   0.00106368  3.27578e-05 
       323.5       116.99      1.00009   0.00106363  3.30944e-05 
       323.5      117.433      1.00009   0.00106358  3.34287e-05 
       323.5      117.876      1.00009   0.00106352  3.37607e-05 
       323.5      118.321       1.0001   0.00106346  3.40907e-05 
       323.5      118.766       1.0001    0.0010634  3.44189e-05 
       323.5      119.212       1.0001   0.00106333  3.47455e-05 
       323.5      119.659       1.0001   0.00106326  3.50707e-05 
       323.5      120.107      1.00011   0.00106318  3.53947e-05 
       323.5      120.555      1.00011    0.0010631  3.57177e-05 
       323.5      121.005      1.00011   0.00106302    3.604e-05 
       323.5      121.455      1.00011   0.00106294  3.63616e-05 
       323.5      121.906      1.00012   0.00106286   3.6683e-05 
       323.5      122.358      1.00012   0.00106277  3.70043e-05 
       323.5      122.811      1.00012   0.00106268  3.73256e-05 
       323.5      123.264      1.00013   0.00106258  3.76473e-05 
       323.5      123.719      1.00013   0.00106249  3.79695e-05 
       323.5      124.174      1.00013   0.00106239  3.82926e-05 
       323.5       124.63      1.00013   0.00106229  3.86166e-05 
       323.5      125.087      1.00014   0.00106219   3.8942e-05 
       323.5      125.545      1.00014   0.00106209  3.92688e-05 
       323.5      126.003      1.00014   0.00106198  3.95974e-05 
       323.5      126.463      1.00015   0.00106188  3.99279e-05 
       323.5      126.923      1.00015   0.00106177  4.02607e-05 
       323.5      127.384      1.00015   0.00106166   4.0596e-05 
       323.5      127.846      1.00015   0.00106155   4.0934e-05 
       323.5      128.309      1.00016   0.00106144   4.1275e-05 
       323.5      128.773      1.00016   0.00106133  4.16192e-05 
       323.5      129.237      1.00016   0.00106121  4.19669e-05 
       323.5      129.702      1.00016    0.0010611  4.23184e-05 
       323.5      130.169      1.00016   0.00106098  4.26739e-05 
       323.5      130.636      1.00017   0.00106087  4.30338e-05 
       323.5      131.103      1.00017   0.00106075  4.33981e-05 
       323.5      131.572      1.00017   0.00106064  4.37674e-05 
       323.5      132.041      1.00017   0.00106052  4.41417e-05 
       323.5      132.512      1.00017    0.0010604  4.45215e-05 
       323.5      132.983      1.00018   0.00106029  4.49069e-05 
       323.5      133.455      1.00018   0.00106017  4.52982e-05 
       323.5      133.928      1.00018   0.00106006  4.56959e-05 
       323.5      134.401      1.00018   0.00105994     4.61e-05 
       323.5      134.876      1.00018   0.00105983   4.6511e-05 
       323.5      135.351      1.00018   0.00105972  4.69291e-05 
       323.5      135.827      1.00018    0.0010596  4.73546e-05 
       323.5      136.304      1.00018   0.00105949  4.77879e-05 
       323.5      136.782      1.00018   0.00105938  4.82292e-05 
       323.5      137.261      1.00018   0.00105928  4.86788e-05 
       323.5       137.74      1.00018   0.00105917   4.9137e-05 
       323.5      138.221      1.00018   0.00105906  4.96042e-05 
       323.5      138.702      1.00018   0.00105896  5.00807e-05 
       323.5      139.184      1.00018   0.00105886  5.05668e-05 
       323.5      139.667      1.00018   0.00105876  5.10627e-05 
       323.5      140.151      1.00018   0.00105867  5.15689e-05 
       323.5      140.635      1.00017   0.00105857  5.20857e-05 
       323.5       141.12      1.00017   0.00105848  5.26134e-05 
       323.5      141.607      1.00017   0.00105839  5.31522e-05 
       323.5      142.094      1.00017   0.00105831  5.37027e-05 
       323.5      142.582      1.00016   0.00105823   5.4265e-05 
       323.5       143.07      1.00016   0.00105815  5.48396e-05 
       323.5       143.56      1.00016   0.00105807  5.54268e-05 
       323.5       144.05      1.00015     0.001058  5.60269e-05 
       323.5      144.541      1.00015   0.00105793  5.66403e-05 
       323.5      145.033      1.00015   0.00105787  5.72673e-05 
       323.5      145.526      1.00014   0.00105781  5.79083e-05 
       323.5       146.02      1.00014   0.00105775  5.85637e-05 
       323.5      146.515      1.00013    0.0010577  5.92338e-05 
       323.5       147.01      1.00012   0.00105766   5.9919e-05 
       323.5      147.506      1.00012   0.00105761  6.06196e-05 
       323.5      148.003      1.00011   0.00105758  6.13361e-05 
       323.5      148.501       1.0001   0.00105755  6.20688e-05 
       323.5          149       1.0001   0.00105752  6.28181e-05 
       323.5        149.5      1.00009    0.0010575  6.35843e-05 
       323.5          150      1.00008   0.00105749  6.43679e-05 
