Variables = x, y, u, v, p

Zone, I=600, F=POINT
       128.5            0  2.43344e-07 -4.99324e-10 -0.000118588 
       128.5     0.000418  0.000203951 -4.41121e-10 -0.000118587 
       128.5     0.001672  0.000815077  3.05091e-10 -0.000118587 
       128.5     0.003763   0.00183411  3.45625e-09 -0.000118586 
       128.5     0.006689    0.0032601  1.18681e-08 -0.000118584 
       128.5     0.010451   0.00509353  2.95435e-08 -0.000118582 
       128.5      0.01505   0.00733491  6.16366e-08 -0.000118579 
       128.5     0.020485   0.00998376  1.14436e-07 -0.000118576 
       128.5     0.026756    0.0130401  1.95378e-07 -0.000118573 
       128.5     0.033863     0.016504  3.13045e-07 -0.000118569 
       128.5     0.041806    0.0203754  4.77167e-07 -0.000118565 
       128.5     0.050585    0.0246543   6.9862e-07  -0.00011856 
       128.5     0.060201    0.0293412  9.89462e-07 -0.000118555 
       128.5     0.070652    0.0344351  1.36281e-06 -0.000118549 
       128.5      0.08194     0.039937  1.83305e-06 -0.000118543 
       128.5     0.094063    0.0458459  2.41559e-06 -0.000118536 
       128.5     0.107023    0.0521626  3.12715e-06 -0.000118529 
       128.5     0.120819    0.0588866  3.98547e-06 -0.000118522 
       128.5     0.135451    0.0660177   5.0095e-06 -0.000118514 
       128.5     0.150919    0.0735559  6.21934e-06 -0.000118505 
       128.5     0.167224    0.0815014  7.63633e-06 -0.000118496 
       128.5     0.184364    0.0898531  9.28273e-06 -0.000118487 
       128.5     0.202341    0.0986116  1.11823e-05 -0.000118477 
       128.5     0.221153     0.107776  1.33596e-05 -0.000118466 
       128.5     0.240802     0.117346  1.58408e-05 -0.000118456 
       128.5     0.261287      0.12732  1.86738e-05 -0.000118444 
       128.5     0.282608     0.137694  2.18171e-05 -0.000118433 
       128.5     0.304765     0.148471   2.5354e-05  -0.00011842 
       128.5     0.327758      0.15965  2.93135e-05 -0.000118408 
       128.5     0.351588     0.171229  3.37252e-05 -0.000118394 
       128.5     0.376253     0.183206  3.86191e-05  -0.00011838 
       128.5     0.401755     0.195577  4.40262e-05 -0.000118366 
       128.5     0.428092      0.20834  4.99772e-05 -0.000118351 
       128.5     0.455266      0.22149  5.65043e-05 -0.000118336 
       128.5     0.483276     0.235023  6.36393e-05  -0.00011832 
       128.5     0.512122     0.248935  7.14146e-05 -0.000118303 
       128.5     0.541805     0.263221  7.98632e-05 -0.000118286 
       128.5     0.572323     0.277872  8.90174e-05 -0.000118268 
       128.5     0.603677     0.292885  9.89104e-05  -0.00011825 
       128.5     0.635868     0.308251  0.000109576 -0.000118231 
       128.5     0.668894     0.323961  0.000121046 -0.000118211 
       128.5     0.702757     0.340008  0.000133355  -0.00011819 
       128.5     0.737456     0.356381  0.000146535 -0.000118168 
       128.5     0.772991     0.372813  0.000158967 -0.000118146 
       128.5     0.809362     0.389931   0.00017492 -0.000118123 
       128.5      0.84657     0.407294  0.000191638 -0.000118098 
       128.5     0.884613     0.424886  0.000209137 -0.000118073 
       128.5     0.923492     0.442687  0.000227432 -0.000118046 
       128.5     0.963208     0.460681  0.000246536 -0.000118018 
       128.5      1.00376     0.478846  0.000266464 -0.000117989 
       128.5      1.04515     0.497161  0.000287227 -0.000117958 
       128.5      1.08737     0.515603  0.000308835 -0.000117926 
       128.5      1.13043     0.534146  0.000331298 -0.000117892 
       128.5      1.17433     0.552767  0.000354625 -0.000117857 
       128.5      1.21906     0.571438   0.00037882  -0.00011782 
       128.5      1.26463     0.590129   0.00040389 -0.000117781 
       128.5      1.31103     0.608811  0.000429837  -0.00011774 
       128.5      1.35827     0.627451  0.000456663 -0.000117697 
       128.5      1.40635     0.646017  0.000484366 -0.000117651 
       128.5      1.45526     0.664471  0.000512946 -0.000117603 
       128.5      1.50501     0.682777  0.000542395 -0.000117553 
       128.5       1.5556     0.700896  0.000572708   -0.0001175 
       128.5      1.60702     0.718785  0.000603876 -0.000117444 
       128.5      1.65928     0.736403  0.000635886 -0.000117386 
       128.5      1.71237     0.753703  0.000668724 -0.000117324 
       128.5       1.7663     0.770942  0.000704327 -0.000117258 
       128.5      1.82106     0.787205  0.000736757  -0.00011719 
       128.5      1.87667     0.802894  0.000768674 -0.000117118 
       128.5      1.93311     0.817993  0.000800037 -0.000117044 
       128.5      1.99038     0.832488  0.000830798 -0.000116965 
       128.5      2.04849     0.846368  0.000860915 -0.000116884 
       128.5      2.10744     0.859619  0.000890342 -0.000116799 
       128.5      2.16722     0.872233  0.000919031 -0.000116711 
       128.5      2.22784     0.884203  0.000946938 -0.000116619 
       128.5      2.28929     0.895521  0.000974014 -0.000116524 
       128.5      2.35158     0.906184   0.00100021 -0.000116426 
       128.5      2.41471     0.916189   0.00102549 -0.000116324 
       128.5      2.47867     0.925537   0.00104979 -0.000116219 
       128.5      2.54347     0.934229   0.00107306 -0.000116111 
       128.5      2.60911     0.942269   0.00109527    -0.000116 
       128.5      2.67558     0.949663   0.00111635 -0.000115885 
       128.5      2.74288     0.956421   0.00113626 -0.000115767 
       128.5      2.81103     0.962553   0.00115495 -0.000115647 
       128.5      2.88001     0.968074   0.00117236 -0.000115523 
       128.5      2.94983     0.972998   0.00118845 -0.000115396 
       128.5      3.02048     0.977346   0.00120316 -0.000115267 
       128.5      3.09197     0.981139   0.00121644 -0.000115134 
       128.5      3.16429     0.984402   0.00122824    -0.000115 
       128.5      3.23745     0.987162    0.0012385 -0.000114862 
       128.5      3.31145      0.98945   0.00124717 -0.000114722 
       128.5      3.38628       0.9913    0.0012542  -0.00011458 
       128.5      3.46195      0.99275   0.00125954 -0.000114436 
       128.5      3.53845     0.993839   0.00126312  -0.00011429 
       128.5      3.61579     0.994612   0.00126489 -0.000114142 
       128.5      3.69397     0.995116    0.0012648 -0.000113993 
       128.5      3.77298     0.997117   0.00127482 -0.000113841 
       128.5      3.85283     0.997614   0.00127701 -0.000113687 
       128.5      3.93352     0.998053   0.00127895 -0.000113531 
       128.5      4.01504     0.998435   0.00128066 -0.000113373 
       128.5       4.0974     0.998763   0.00128215 -0.000113214 
       128.5      4.18059      0.99904   0.00128342 -0.000113053 
       128.5      4.26462     0.999269   0.00128449  -0.00011289 
       128.5      4.34949     0.999454   0.00128538 -0.000112725 
       128.5      4.43519     0.999598   0.00128609 -0.000112559 
       128.5      4.52173     0.999706   0.00128665 -0.000112391 
       128.5       4.6091     0.999782   0.00128707 -0.000112221 
       128.5      4.69731     0.999807   0.00128728 -0.000112052 
       128.5      4.78636     0.999853   0.00128757 -0.000111879 
       128.5      4.87624     0.999885    0.0012878 -0.000111704 
       128.5      4.96696     0.999904   0.00128798 -0.000111528 
       128.5      5.05851     0.999913    0.0012881 -0.000111349 
       128.5       5.1509     0.999913   0.00128819  -0.00011117 
       128.5      5.24413     0.999907   0.00128825 -0.000110988 
       128.5       5.3382     0.999897   0.00128828 -0.000110805 
       128.5      5.43309     0.999885   0.00128831 -0.000110619 
       128.5      5.52883     0.999873   0.00128833 -0.000110432 
       128.5       5.6254     0.999865   0.00128837 -0.000110243 
       128.5      5.72281     0.999863   0.00128843 -0.000110053 
       128.5      5.82105      0.99987   0.00128853  -0.00010986 
       128.5      5.92013     0.999875   0.00128863 -0.000109654 
       128.5      6.02005     0.999875   0.00128869 -0.000109461 
       128.5       6.1208     0.999875   0.00128875 -0.000109266 
       128.5      6.22239     0.999875   0.00128882 -0.000109069 
       128.5      6.32482     0.999875   0.00128888  -0.00010887 
       128.5      6.42808     0.999876   0.00128895 -0.000108669 
       128.5      6.53217     0.999876   0.00128902 -0.000108467 
       128.5      6.63711     0.999876   0.00128915 -0.000108237 
       128.5      6.74287     0.999877   0.00128921  -0.00010803 
       128.5      6.84948     0.999877   0.00128926 -0.000107824 
       128.5      6.95692     0.999877   0.00128931 -0.000107618 
       128.5       7.0652     0.999877   0.00128937 -0.000107411 
       128.5      7.17431     0.999877   0.00128942 -0.000107202 
       128.5      7.28426     0.999877   0.00128948 -0.000106992 
       128.5      7.39505     0.999877   0.00128955 -0.000106779 
       128.5      7.50667     0.999877   0.00128961 -0.000106564 
       128.5      7.61913     0.999878   0.00128969 -0.000106345 
       128.5      7.73242     0.999878   0.00128977 -0.000106122 
       128.5      7.84655     0.999878   0.00128986 -0.000105894 
       128.5      7.96152     0.999878   0.00128995 -0.000105661 
       128.5      8.07732     0.999878   0.00129006 -0.000105422 
       128.5      8.19396     0.999879   0.00129019 -0.000105177 
       128.5      8.31143     0.999879   0.00129021 -0.000104977 
       128.5      8.42974     0.999879   0.00129029 -0.000104746 
       128.5      8.54889     0.999879   0.00129038 -0.000104513 
       128.5      8.66887     0.999879   0.00129046 -0.000104278 
       128.5      8.78969      0.99988   0.00129055 -0.000104042 
       128.5      8.91135      0.99988   0.00129063 -0.000103803 
       128.5      9.03384      0.99988   0.00129071 -0.000103562 
       128.5      9.15717      0.99988    0.0012908  -0.00010332 
       128.5      9.28133      0.99988   0.00129088 -0.000103075 
       128.5      9.40633     0.999881   0.00129096 -0.000102829 
       128.5      9.53216     0.999881   0.00129104 -0.000102581 
       128.5      9.65884     0.999881   0.00129111 -0.000102331 
       128.5      9.78634     0.999881   0.00129119 -0.000102079 
       128.5      9.91469     0.999881   0.00129126 -0.000101826 
       128.5      10.0439     0.999882   0.00129134 -0.000101571 
       128.5      10.1739     0.999882    0.0012914 -0.000101314 
       128.5      10.3047     0.999882   0.00129147 -0.000101056 
       128.5      10.4364     0.999882   0.00129154 -0.000100796 
       128.5      10.5689     0.999882    0.0012916 -0.000100535 
       128.5      10.7023     0.999883   0.00129177 -0.000100155 
       128.5      10.8365     0.999883   0.00129187 -9.98693e-05 
       128.5      10.9715     0.999883   0.00129197 -9.95913e-05 
       128.5      11.1074     0.999883   0.00129207 -9.93226e-05 
       128.5      11.2441     0.999883   0.00129211 -9.90789e-05 
       128.5      11.3817     0.999884   0.00129219 -9.88185e-05 
       128.5        11.52     0.999884   0.00129227 -9.85553e-05 
       128.5      11.6592     0.999884   0.00129235 -9.82893e-05 
       128.5      11.7993     0.999884   0.00129243 -9.80205e-05 
       128.5      11.9402     0.999885    0.0012925 -9.77489e-05 
       128.5      12.0819     0.999885   0.00129258 -9.74744e-05 
       128.5      12.2245     0.999885   0.00129266  -9.7197e-05 
       128.5      12.3679     0.999885   0.00129273 -9.69168e-05 
       128.5      12.5121     0.999886   0.00129281 -9.66336e-05 
       128.5      12.6572     0.999886   0.00129289 -9.63475e-05 
       128.5      12.8031     0.999886   0.00129296 -9.60584e-05 
       128.5      12.9498     0.999886   0.00129304 -9.57663e-05 
       128.5      13.0974     0.999886   0.00129312 -9.54713e-05 
       128.5      13.2458     0.999887    0.0012932 -9.51732e-05 
       128.5       13.395     0.999887   0.00129327  -9.4872e-05 
       128.5      13.5451     0.999887   0.00129335 -9.45678e-05 
       128.5       13.696     0.999887   0.00129343 -9.42604e-05 
       128.5      13.8478     0.999888   0.00129351   -9.395e-05 
       128.5      14.0004     0.999888   0.00129359 -9.36364e-05 
       128.5      14.1538     0.999888   0.00129368 -9.33196e-05 
       128.5      14.3081     0.999888   0.00129376 -9.29997e-05 
       128.5      14.4632     0.999889   0.00129385 -9.26765e-05 
       128.5      14.6191     0.999889   0.00129394 -9.23501e-05 
       128.5      14.7759     0.999889   0.00129403 -9.20205e-05 
       128.5      14.9335     0.999889   0.00129412 -9.16875e-05 
       128.5      15.0919      0.99989   0.00129421 -9.13513e-05 
       128.5      15.2512      0.99989   0.00129433 -9.10417e-05 
       128.5      15.4113      0.99989   0.00129442 -9.07043e-05 
       128.5      15.5723      0.99989   0.00129452  -9.0361e-05 
       128.5      15.7341      0.99989   0.00129461 -9.00119e-05 
       128.5      15.8967     0.999891   0.00129471  -8.9657e-05 
       128.5      16.0602     0.999891    0.0012948 -8.92963e-05 
       128.5      16.2245     0.999891   0.00129484 -8.90532e-05 
       128.5      16.3896     0.999892    0.0012949 -8.87247e-05 
       128.5      16.5556     0.999892   0.00129497 -8.83944e-05 
       128.5      16.7224     0.999892   0.00129503 -8.80625e-05 
       128.5        16.89     0.999892    0.0012951 -8.77289e-05 
       128.5      17.0585     0.999893   0.00129516 -8.73937e-05 
       128.5      17.2278     0.999893   0.00129523 -8.70567e-05 
       128.5      17.3979     0.999893    0.0012953  -8.6718e-05 
       128.5      17.5689     0.999893   0.00129536 -8.63776e-05 
       128.5      17.7408     0.999894   0.00129543 -8.60355e-05 
       128.5      17.9134     0.999894    0.0012955 -8.56917e-05 
       128.5      18.0869     0.999894   0.00129557 -8.53462e-05 
       128.5      18.2612     0.999895   0.00129564  -8.4999e-05 
       128.5      18.4364     0.999895   0.00129571   -8.465e-05 
       128.5      18.6124     0.999895   0.00129578 -8.42992e-05 
       128.5      18.7892     0.999895   0.00129585 -8.39468e-05 
       128.5      18.9669     0.999896   0.00129592 -8.35925e-05 
       128.5      19.1454     0.999896   0.00129599 -8.32366e-05 
       128.5      19.3248     0.999896   0.00129606 -8.28788e-05 
       128.5       19.505     0.999897   0.00129614 -8.25193e-05 
       128.5       19.686     0.999897   0.00129621  -8.2158e-05 
       128.5      19.8678     0.999897   0.00129628 -8.17949e-05 
       128.5      20.0505     0.999898   0.00129636   -8.143e-05 
       128.5      20.2341     0.999898   0.00129643 -8.10633e-05 
       128.5      20.4184     0.999898    0.0012965 -8.06948e-05 
       128.5      20.6036     0.999898   0.00129658 -8.03244e-05 
       128.5      20.7897     0.999899   0.00129665 -7.99523e-05 
       128.5      20.9765     0.999899   0.00129673 -7.95783e-05 
       128.5      21.1642     0.999899    0.0012968 -7.92024e-05 
       128.5      21.3528       0.9999   0.00129688 -7.88247e-05 
       128.5      21.5422       0.9999   0.00129695 -7.84452e-05 
       128.5      21.7324       0.9999   0.00129703 -7.80637e-05 
       128.5      21.9234     0.999901    0.0012971 -7.76804e-05 
       128.5      22.1153     0.999901   0.00129718 -7.72952e-05 
       128.5       22.308     0.999901   0.00129725 -7.69081e-05 
       128.5      22.5016     0.999901   0.00129733  -7.6519e-05 
       128.5       22.696     0.999902    0.0012974 -7.61281e-05 
       128.5      22.8912     0.999902   0.00129748 -7.57352e-05 
       128.5      23.0873     0.999902   0.00129755 -7.53404e-05 
       128.5      23.2842     0.999903   0.00129763 -7.49436e-05 
       128.5       23.482     0.999903   0.00129771 -7.45448e-05 
       128.5      23.6805     0.999903   0.00129778 -7.41441e-05 
       128.5        23.88     0.999904   0.00129786 -7.37414e-05 
       128.5      24.0802     0.999904   0.00129793 -7.33367e-05 
       128.5      24.2813     0.999904     0.001298   -7.293e-05 
       128.5      24.4832     0.999904   0.00129808 -7.25212e-05 
       128.5       24.686     0.999905   0.00129815 -7.21104e-05 
       128.5      24.8896     0.999905   0.00129796 -7.16013e-05 
       128.5       25.094     0.999905   0.00129802  -7.1208e-05 
       128.5      25.2993     0.999906   0.00129809 -7.08118e-05 
       128.5      25.5054     0.999906   0.00129815 -7.04127e-05 
       128.5      25.7123     0.999906   0.00129822 -7.00108e-05 
       128.5      25.9201     0.999907   0.00129828 -6.96062e-05 
       128.5      26.1287     0.999907   0.00129835  -6.9199e-05 
       128.5      26.3381     0.999907   0.00129842 -6.87891e-05 
       128.5      26.5484     0.999908    0.0012985 -6.83768e-05 
       128.5      26.7595     0.999908   0.00129857 -6.79621e-05 
       128.5      26.9715     0.999909   0.00129879 -6.74851e-05 
       128.5      27.1843     0.999909   0.00129881  -6.7047e-05 
       128.5      27.3979     0.999909   0.00129884 -6.66081e-05 
       128.5      27.6124      0.99991   0.00129886 -6.61685e-05 
       128.5      27.8277      0.99991   0.00129889  -6.5728e-05 
       128.5      28.0438      0.99991   0.00129892 -6.52867e-05 
       128.5      28.2608      0.99991   0.00129895 -6.48447e-05 
       128.5      28.4786     0.999911   0.00129898 -6.44018e-05 
       128.5      28.6972     0.999911   0.00129901 -6.39582e-05 
       128.5      28.9167     0.999911   0.00129904 -6.35137e-05 
       128.5       29.137     0.999912   0.00129908 -6.30685e-05 
       128.5      29.3582     0.999912   0.00129911 -6.26224e-05 
       128.5      29.5802     0.999912   0.00129915 -6.21756e-05 
       128.5       29.803     0.999913   0.00129918 -6.17279e-05 
       128.5      30.0267     0.999913   0.00129922 -6.12794e-05 
       128.5      30.2512     0.999913   0.00129926 -6.08301e-05 
       128.5      30.4765     0.999914   0.00129929   -6.038e-05 
       128.5      30.7027     0.999914   0.00129933 -5.99291e-05 
       128.5      30.9297     0.999914   0.00129937 -5.94774e-05 
       128.5      31.1575     0.999915   0.00129941 -5.90248e-05 
       128.5      31.3862     0.999915   0.00129945 -5.85714e-05 
       128.5      31.6157     0.999916   0.00129949 -5.81172e-05 
       128.5      31.8461     0.999916   0.00129954 -5.76622e-05 
       128.5      32.0773     0.999917   0.00129958 -5.72063e-05 
       128.5      32.3093     0.999917   0.00129962 -5.67495e-05 
       128.5      32.5421     0.999917   0.00129966 -5.62919e-05 
       128.5      32.7758     0.999918    0.0012997 -5.58335e-05 
       128.5      33.0104     0.999918   0.00129974 -5.53742e-05 
       128.5      33.2457     0.999919   0.00129978  -5.4914e-05 
       128.5      33.4819     0.999919   0.00129982  -5.4453e-05 
       128.5       33.719      0.99992   0.00129986 -5.39911e-05 
       128.5      33.9568      0.99992    0.0012999 -5.36075e-05 
       128.5      34.1956      0.99992   0.00129995 -5.31342e-05 
       128.5      34.4351     0.999921   0.00129999 -5.26596e-05 
       128.5      34.6755     0.999921   0.00130003 -5.21834e-05 
       128.5      34.9167     0.999922   0.00130007 -5.17058e-05 
       128.5      35.1588     0.999922    0.0013001 -5.12268e-05 
       128.5      35.4017     0.999922   0.00130014 -5.07463e-05 
       128.5      35.6454     0.999923   0.00130017 -5.02643e-05 
       128.5      35.8899     0.999923    0.0013002 -4.97808e-05 
       128.5      36.1354     0.999923   0.00130023 -4.92959e-05 
       128.5      36.3816     0.999924   0.00130026 -4.88094e-05 
       128.5      36.6287     0.999924   0.00130028 -4.83215e-05 
       128.5      36.8766     0.999925    0.0013003  -4.7832e-05 
       128.5      37.1253     0.999925   0.00130032 -4.73411e-05 
       128.5      37.3749     0.999925   0.00130034 -4.68486e-05 
       128.5      37.6253     0.999926   0.00130035 -4.63546e-05 
       128.5      37.8766     0.999926   0.00130036 -4.58591e-05 
       128.5      38.1287     0.999927   0.00130036  -4.5362e-05 
       128.5      38.3816     0.999927   0.00130037 -4.48634e-05 
       128.5      38.6353     0.999927   0.00130037 -4.43632e-05 
       128.5      38.8899     0.999928   0.00130037 -4.38615e-05 
       128.5      39.1454     0.999928   0.00130036 -4.33583e-05 
       128.5      39.4016     0.999928   0.00130035 -4.28534e-05 
       128.5      39.6588     0.999929   0.00130059 -4.23295e-05 
       128.5      39.9167      0.99993   0.00130057 -4.18218e-05 
       128.5      40.1755      0.99993   0.00130056 -4.13118e-05 
       128.5      40.4351     0.999931   0.00130053 -4.07995e-05 
       128.5      40.6955     0.999931   0.00130051 -4.02849e-05 
       128.5      40.9568     0.999932   0.00130048 -3.97676e-05 
       128.5      41.2189     0.999932   0.00130045 -3.92477e-05 
       128.5      41.4819     0.999933   0.00130054 -3.86233e-05 
       128.5      41.7457     0.999934   0.00130053 -3.81439e-05 
       128.5      42.0103     0.999934   0.00130051 -3.76611e-05 
       128.5      42.2758     0.999934    0.0013005 -3.71749e-05 
       128.5      42.5421     0.999935   0.00130049 -3.66854e-05 
       128.5      42.8092     0.999935   0.00130048 -3.61927e-05 
       128.5      43.0772     0.999935   0.00130047 -3.56968e-05 
       128.5       43.346     0.999936   0.00130045 -3.51977e-05 
       128.5      43.6157     0.999936   0.00130044 -3.46957e-05 
       128.5      43.8862     0.999937   0.00130043 -3.41906e-05 
       128.5      44.1575     0.999937   0.00130041 -3.36827e-05 
       128.5      44.4296     0.999937    0.0013004  -3.3172e-05 
       128.5      44.7026     0.999938   0.00130039 -3.26586e-05 
       128.5      44.9765     0.999938   0.00130037 -3.21425e-05 
       128.5      45.2511     0.999939   0.00130036 -3.16239e-05 
       128.5      45.5266     0.999939   0.00130035 -3.11028e-05 
       128.5       45.803     0.999939   0.00130033 -3.05794e-05 
       128.5      46.0801      0.99994   0.00130031 -3.00536e-05 
       128.5      46.3581      0.99994    0.0013003 -2.95256e-05 
       128.5       46.637     0.999941   0.00130028 -2.89955e-05 
       128.5      46.9167     0.999941   0.00130026 -2.84634e-05 
       128.5      47.1972     0.999941   0.00130025 -2.79294e-05 
       128.5      47.4785     0.999942   0.00130023 -2.73935e-05 
       128.5      47.7607     0.999942   0.00130021 -2.68559e-05 
       128.5      48.0438     0.999943   0.00130019 -2.63167e-05 
       128.5      48.3276     0.999943   0.00130017  -2.5776e-05 
       128.5      48.6123     0.999944   0.00130014 -2.52338e-05 
       128.5      48.8979     0.999944   0.00130012 -2.46903e-05 
       128.5      49.1842     0.999944    0.0013001 -2.41456e-05 
       128.5      49.4714     0.999945   0.00130007 -2.35998e-05 
       128.5      49.7595     0.999945   0.00130005  -2.3053e-05 
       128.5      50.0484     0.999946   0.00130002 -2.25054e-05 
       128.5      50.3381     0.999946   0.00129999  -2.1957e-05 
       128.5      50.6286     0.999947   0.00129996 -2.14079e-05 
       128.5        50.92     0.999947   0.00129993 -2.08584e-05 
       128.5      51.2122     0.999948    0.0012999 -2.03084e-05 
       128.5      51.5053     0.999948   0.00129986 -1.97582e-05 
       128.5      51.7992     0.999949   0.00129983 -1.92078e-05 
       128.5      52.0939     0.999949   0.00129979 -1.86574e-05 
       128.5      52.3895      0.99995   0.00129975 -1.81071e-05 
       128.5      52.6859      0.99995   0.00129971  -1.7557e-05 
       128.5      52.9831     0.999951   0.00129967 -1.70073e-05 
       128.5      53.2812     0.999951   0.00129962 -1.64581e-05 
       128.5      53.5801     0.999952   0.00129958 -1.59096e-05 
       128.5      53.8799     0.999952   0.00129953 -1.53618e-05 
       128.5      54.1805     0.999953   0.00129948  -1.4815e-05 
       128.5      54.4819     0.999953   0.00129943 -1.42692e-05 
       128.5      54.7841     0.999954   0.00129937 -1.37246e-05 
       128.5      55.0872     0.999955   0.00129932 -1.31814e-05 
       128.5      55.3912     0.999955   0.00129926 -1.26397e-05 
       128.5      55.6959     0.999956   0.00129936  -1.2137e-05 
       128.5      56.0015     0.999957   0.00129927 -1.15571e-05 
       128.5       56.308     0.999957   0.00129919 -1.09778e-05 
       128.5      56.6152     0.999957   0.00129911 -1.03991e-05 
       128.5      56.9233     0.999958   0.00129903 -9.82091e-06 
       128.5      57.2323     0.999958   0.00129895 -9.24334e-06 
       128.5      57.5421     0.999959   0.00129887 -8.66638e-06 
       128.5      57.8527     0.999959   0.00129879 -8.09005e-06 
       128.5      58.1641      0.99996   0.00129871 -7.51437e-06 
       128.5      58.4764      0.99996   0.00129863 -6.93935e-06 
       128.5      58.7896     0.999961   0.00129855 -6.36501e-06 
       128.5      59.1035     0.999961   0.00129846 -5.79136e-06 
       128.5      59.4183     0.999962   0.00129838 -5.21842e-06 
       128.5      59.7339     0.999962    0.0012983 -4.64621e-06 
       128.5      60.0504     0.999963   0.00129821 -4.07474e-06 
       128.5      60.3677     0.999963   0.00129813 -3.50403e-06 
       128.5      60.6859     0.999964   0.00129804 -2.93409e-06 
       128.5      61.0048     0.999964   0.00129796 -2.36494e-06 
       128.5      61.3247     0.999965   0.00129787  -1.7966e-06 
       128.5      61.6453     0.999965   0.00129778 -1.22908e-06 
       128.5      61.9668     0.999966   0.00129768 -6.62392e-07 
       128.5      62.2891     0.999967   0.00129759 -9.65652e-08 
       128.5      62.6123     0.999967    0.0012975  4.68392e-07 
       128.5      62.9363     0.999968    0.0012974  1.03246e-06 
       128.5      63.2611     0.999969   0.00129753  1.60207e-06 
       128.5      63.5868      0.99997   0.00129747  2.18019e-06 
       128.5      63.9133      0.99997    0.0012974  2.75881e-06 
       128.5      64.2406      0.99997   0.00129734  3.33793e-06 
       128.5      64.5688     0.999971   0.00129727  3.91754e-06 
       128.5      64.8978     0.999971   0.00129721  4.49764e-06 
       128.5      65.2277     0.999972   0.00129714  5.07822e-06 
       128.5      65.5583     0.999972   0.00129707  5.65929e-06 
       128.5      65.8899     0.999972     0.001297  6.24084e-06 
       128.5      66.2222     0.999973   0.00129693  6.82287e-06 
       128.5      66.5554     0.999973   0.00129686  7.40538e-06 
       128.5      66.8894     0.999974   0.00129678  7.98836e-06 
       128.5      67.2243     0.999974   0.00129671  8.57182e-06 
       128.5        67.56     0.999975   0.00129663  9.15574e-06 
       128.5      67.8966     0.999975   0.00129656  9.74013e-06 
       128.5      68.2339     0.999975   0.00129648   1.0325e-05 
       128.5      68.5721     0.999976    0.0012964  1.09103e-05 
       128.5      68.9112     0.999976   0.00129632  1.14961e-05 
       128.5      69.2511     0.999977   0.00129624  1.20823e-05 
       128.5      69.5918     0.999977   0.00129615   1.2669e-05 
       128.5      69.9333     0.999978   0.00129607  1.32562e-05 
       128.5      70.2757     0.999978   0.00129599  1.38438e-05 
       128.5      70.6189     0.999979    0.0012959  1.44319e-05 
       128.5       70.963     0.999979   0.00129581  1.50204e-05 
       128.5      71.3079      0.99998   0.00129572  1.56094e-05 
       128.5      71.6536      0.99998   0.00129564  1.61988e-05 
       128.5      72.0002     0.999981   0.00129554  1.67886e-05 
       128.5      72.3476     0.999981   0.00129545  1.73789e-05 
       128.5      72.6959     0.999982   0.00129536  1.79697e-05 
       128.5      73.0449     0.999983   0.00129527  1.85609e-05 
       128.5      73.3949     0.999983   0.00129517  1.91525e-05 
       128.5      73.7456     0.999984   0.00129507  1.97446e-05 
       128.5      74.0972     0.999984   0.00129498  2.03371e-05 
       128.5      74.4496     0.999985   0.00129488  2.09301e-05 
       128.5      74.8029     0.999985   0.00129478  2.15235e-05 
       128.5       75.157     0.999986   0.00129468  2.21173e-05 
       128.5      75.5119     0.999987   0.00129457  2.27116e-05 
       128.5      75.8677     0.999987   0.00129447  2.33063e-05 
       128.5      76.2243     0.999988   0.00129437  2.39014e-05 
       128.5      76.5817     0.999988   0.00129426   2.4497e-05 
       128.5        76.94     0.999989   0.00129415   2.5093e-05 
       128.5      77.2991      0.99999   0.00129405  2.56894e-05 
       128.5      77.6591      0.99999   0.00129394  2.62863e-05 
       128.5      78.0198     0.999991   0.00129383  2.68836e-05 
       128.5      78.3815     0.999991   0.00129371  2.74813e-05 
       128.5      78.7439     0.999992    0.0012936  2.80795e-05 
       128.5      79.1072     0.999993   0.00129349  2.86781e-05 
       128.5      79.4714     0.999993   0.00129337  2.92771e-05 
       128.5      79.8363     0.999994   0.00129325  2.98766e-05 
       128.5      80.2021     0.999995   0.00129314  3.04765e-05 
       128.5      80.5688     0.999995   0.00129302  3.10768e-05 
       128.5      80.9362     0.999996    0.0012929  3.16776e-05 
       128.5      81.3045     0.999996   0.00129278  3.22788e-05 
       128.5      81.6737     0.999997   0.00129265  3.28805e-05 
       128.5      82.0437     0.999998   0.00129253  3.34825e-05 
       128.5      82.4145     0.999998    0.0012924   3.4085e-05 
       128.5      82.7861     0.999999   0.00129228   3.4688e-05 
       128.5      83.1586            1   0.00129215  3.52914e-05 
       128.5       83.532            1   0.00129202  3.58952e-05 
       128.5      83.9061            1   0.00129189  3.64995e-05 
       128.5      84.2811            1   0.00129176  3.71042e-05 
       128.5       84.657            1   0.00129163  3.77093e-05 
       128.5      85.0336            1    0.0012915  3.83149e-05 
       128.5      85.4111            1   0.00129136  3.89209e-05 
       128.5      85.7895            1   0.00129123  3.95274e-05 
       128.5      86.1687      1.00001   0.00129109  4.01344e-05 
       128.5      86.5487      1.00001   0.00129095  4.07417e-05 
       128.5      86.9295      1.00001   0.00129081  4.13496e-05 
       128.5      87.3112      1.00001   0.00129067  4.19578e-05 
       128.5      87.6937      1.00001   0.00129053  4.25666e-05 
       128.5      88.0771      1.00001   0.00129039  4.31758e-05 
       128.5      88.4613      1.00001   0.00129024  4.37854e-05 
       128.5      88.8463      1.00001    0.0012901  4.43955e-05 
       128.5      89.2322      1.00001   0.00128995  4.50061e-05 
       128.5      89.6189      1.00001    0.0012898  4.56172e-05 
       128.5      90.0064      1.00001   0.00128965  4.62287e-05 
       128.5      90.3948      1.00001    0.0012895  4.68406e-05 
       128.5       90.784      1.00001   0.00128935  4.74531e-05 
       128.5      91.1741      1.00001    0.0012892   4.8066e-05 
       128.5       91.565      1.00001   0.00128904  4.86794e-05 
       128.5      91.9567      1.00002   0.00128889  4.92933e-05 
       128.5      92.3492      1.00002   0.00128873  4.99077e-05 
       128.5      92.7426      1.00002   0.00128858  5.05225e-05 
       128.5      93.1369      1.00002   0.00128842  5.11379e-05 
       128.5      93.5319      1.00002   0.00128826  5.17537e-05 
       128.5      93.9278      1.00002    0.0012881  5.23701e-05 
       128.5      94.3246      1.00002   0.00128793  5.29869e-05 
       128.5      94.7221      1.00002   0.00128777  5.36042e-05 
       128.5      95.1206      1.00002   0.00128744  5.41996e-05 
       128.5      95.5198      1.00002   0.00128727  5.48195e-05 
       128.5      95.9199      1.00002    0.0012871  5.54403e-05 
       128.5      96.3208      1.00002   0.00128693  5.60622e-05 
       128.5      96.7226      1.00002   0.00128676  5.66851e-05 
       128.5      97.1251      1.00002   0.00128658  5.73092e-05 
       128.5      97.5286      1.00002   0.00128641  5.79343e-05 
       128.5      97.9328      1.00003   0.00128623  5.85606e-05 
       128.5      98.3379      1.00003   0.00128605  5.91882e-05 
       128.5      98.7439      1.00003   0.00128587  5.98169e-05 
       128.5      99.1506      1.00003   0.00128569  6.04468e-05 
       128.5      99.5583      1.00003   0.00128551  6.10781e-05 
       128.5      99.9667      1.00003   0.00128532  6.17107e-05 
       128.5      100.376      1.00003   0.00128526  6.26987e-05 
       128.5      100.786      1.00003   0.00128504  6.33223e-05 
       128.5      101.197      1.00003   0.00128482  6.39476e-05 
       128.5      101.609      1.00003    0.0012846  6.45748e-05 
       128.5      102.021      1.00003   0.00128438  6.52038e-05 
       128.5      102.435      1.00003   0.00128416  6.58347e-05 
       128.5      102.849      1.00003   0.00128393  6.64673e-05 
       128.5      103.264      1.00007   0.00128437  6.65082e-05 
       128.5       103.68      1.00007   0.00128411  6.71454e-05 
       128.5      104.097      1.00006   0.00128385  6.77826e-05 
       128.5      104.515      1.00006    0.0012836  6.84197e-05 
       128.5      104.933      1.00006   0.00128335  6.90568e-05 
       128.5      105.353      1.00006    0.0012831  6.96938e-05 
       128.5      105.773      1.00005   0.00128285  7.03309e-05 
       128.5      106.194      1.00005    0.0012826  7.09681e-05 
       128.5      106.616      1.00005   0.00128236  7.16052e-05 
       128.5      107.038      1.00005   0.00128212  7.22424e-05 
       128.5      107.462      1.00005   0.00128188  7.28797e-05 
       128.5      107.886      1.00004   0.00128164   7.3517e-05 
       128.5      108.311      1.00004    0.0012814  7.41545e-05 
       128.5      108.737      1.00004   0.00128117  7.47921e-05 
       128.5      109.164      1.00004   0.00128094  7.54298e-05 
       128.5      109.592      1.00004   0.00128071  7.60676e-05 
       128.5       110.02      1.00004   0.00128048  7.67056e-05 
       128.5       110.45      1.00004   0.00128025  7.73438e-05 
       128.5       110.88      1.00004   0.00128003  7.79822e-05 
       128.5      111.311      1.00004   0.00127981  7.86208e-05 
       128.5      111.743      1.00004   0.00127958  7.92596e-05 
       128.5      112.175      1.00004   0.00127936  7.98987e-05 
       128.5      112.609      1.00004   0.00127915  8.05381e-05 
       128.5      113.043      1.00004   0.00127893  8.11777e-05 
       128.5      113.478      1.00004   0.00127871  8.18177e-05 
       128.5      113.914      1.00004    0.0012785   8.2458e-05 
       128.5      114.351      1.00004   0.00127828  8.30986e-05 
       128.5      114.789      1.00004   0.00127807  8.37396e-05 
       128.5      115.228      1.00004   0.00127786   8.4381e-05 
       128.5      115.667      1.00004   0.00127765  8.50228e-05 
       128.5      116.107      1.00004   0.00127744   8.5665e-05 
       128.5      116.548      1.00004   0.00127723  8.63076e-05 
       128.5       116.99      1.00004   0.00127702  8.69508e-05 
       128.5      117.433      1.00004   0.00127681  8.75944e-05 
       128.5      117.876      1.00004   0.00127661  8.82385e-05 
       128.5      118.321      1.00004    0.0012764  8.88832e-05 
       128.5      118.766      1.00004    0.0012762  8.95284e-05 
       128.5      119.212      1.00005   0.00127599  9.01742e-05 
       128.5      119.659      1.00005   0.00127579  9.08206e-05 
       128.5      120.107      1.00005   0.00127558  9.14677e-05 
       128.5      120.555      1.00005   0.00127538  9.21153e-05 
       128.5      121.005      1.00005   0.00127517  9.27637e-05 
       128.5      121.455      1.00005   0.00127497  9.34128e-05 
       128.5      121.906      1.00005   0.00127477  9.40625e-05 
       128.5      122.358      1.00006   0.00127456   9.4713e-05 
       128.5      122.811      1.00006   0.00127436  9.53643e-05 
       128.5      123.264      1.00006   0.00127415  9.60164e-05 
       128.5      123.719      1.00006   0.00127395  9.66693e-05 
       128.5      124.174      1.00006   0.00127374  9.73231e-05 
       128.5       124.63      1.00007   0.00127354  9.79777e-05 
       128.5      125.087      1.00007   0.00127333  9.86332e-05 
       128.5      125.545      1.00007   0.00127312  9.92897e-05 
       128.5      126.003      1.00007   0.00127292  9.99471e-05 
       128.5      126.463      1.00007   0.00127271  0.000100605 
       128.5      126.923      1.00007    0.0012725  0.000101265 
       128.5      127.384      1.00008   0.00127229  0.000101925 
       128.5      127.846      1.00008   0.00127208  0.000102587 
       128.5      128.309      1.00008   0.00127187  0.000103249 
       128.5      128.773      1.00008   0.00127165  0.000103913 
       128.5      129.237      1.00008   0.00127144  0.000104578 
       128.5      129.702      1.00009   0.00127122  0.000105244 
       128.5      130.169      1.00009     0.001271  0.000105911 
       128.5      130.636      1.00009   0.00127078   0.00010658 
       128.5      131.103      1.00009   0.00127056  0.000107249 
       128.5      131.572      1.00009   0.00127034  0.000107921 
       128.5      132.041       1.0001   0.00127011  0.000108593 
       128.5      132.512       1.0001   0.00126989  0.000109267 
       128.5      132.983       1.0001   0.00126966  0.000109942 
       128.5      133.455       1.0001   0.00126942  0.000110618 
       128.5      133.928       1.0001   0.00126919  0.000111296 
       128.5      134.401       1.0001   0.00126896  0.000111976 
       128.5      134.876       1.0001   0.00126872  0.000112657 
       128.5      135.351      1.00011   0.00126848   0.00011334 
       128.5      135.827      1.00011   0.00126823  0.000114024 
       128.5      136.304      1.00011   0.00126798   0.00011471 
       128.5      136.782      1.00011   0.00126774  0.000115397 
       128.5      137.261      1.00011   0.00126748  0.000116087 
       128.5       137.74      1.00011   0.00126723  0.000116778 
       128.5      138.221      1.00011   0.00126697   0.00011747 
       128.5      138.702      1.00011   0.00126671  0.000118165 
       128.5      139.184      1.00011   0.00126644  0.000118861 
       128.5      139.667      1.00011   0.00126617  0.000119559 
       128.5      140.151      1.00011    0.0012659   0.00012026 
       128.5      140.635      1.00011   0.00126562  0.000120962 
       128.5       141.12      1.00011   0.00126534  0.000121666 
       128.5      141.607      1.00011   0.00126505  0.000122372 
       128.5      142.094      1.00011   0.00126477   0.00012308 
       128.5      142.582      1.00011   0.00126447   0.00012379 
       128.5       143.07      1.00011   0.00126418  0.000124503 
       128.5       143.56      1.00011   0.00126387  0.000125218 
       128.5       144.05      1.00011   0.00126357  0.000125934 
       128.5      144.541      1.00011   0.00126325  0.000126654 
       128.5      145.033      1.00011   0.00126294  0.000127375 
       128.5      145.526      1.00011   0.00126262  0.000128099 
       128.5       146.02      1.00011   0.00126229  0.000128825 
       128.5      146.515       1.0001   0.00126196  0.000129554 
       128.5       147.01       1.0001   0.00126162  0.000130285 
       128.5      147.506       1.0001   0.00126128  0.000131018 
       128.5      148.003       1.0001   0.00126093  0.000131754 
       128.5      148.501       1.0001   0.00126058  0.000132493 
       128.5          149      1.00009   0.00126022  0.000133234 
       128.5        149.5      1.00009   0.00125985  0.000133978 
       128.5          150      1.00009   0.00125948  0.000134725 
