Variables = x, y, u, v, p

Zone, I=600, F=POINT
        13.5         -0.5           -0           -0    0.0010516 
        13.5    -0.499581 -5.86601e-05 -2.28325e-09   0.00105159 
        13.5    -0.498322 -0.000233329 -2.88447e-08   0.00105157 
        13.5    -0.496225  -0.00051896 -1.38497e-07   0.00105153 
        13.5    -0.493289 -0.000907757 -4.28611e-07   0.00105148 
        13.5    -0.489514  -0.00138863 -1.03401e-06   0.00105142 
        13.5      -0.4849  -0.00194737  -2.1255e-06   0.00105135 
        13.5    -0.479447  -0.00256666 -3.90806e-06   0.00105128 
        13.5    -0.473155  -0.00322613 -6.61859e-06    0.0010512 
        13.5    -0.466024   -0.0039024 -1.05235e-05   0.00105112 
        13.5    -0.458055  -0.00456903 -1.59149e-05   0.00105105 
        13.5    -0.449246  -0.00519695 -2.31109e-05   0.00105098 
        13.5    -0.439599  -0.00575391 -3.24465e-05   0.00105092 
        13.5    -0.429113  -0.00620513 -4.42763e-05   0.00105086 
        13.5    -0.417787  -0.00651309 -5.89682e-05   0.00105082 
        13.5    -0.405623  -0.00663757 -7.68954e-05   0.00105078 
        13.5     -0.39262  -0.00653593 -9.84399e-05   0.00105074 
        13.5    -0.378778  -0.00616311 -0.000123983   0.00105071 
        13.5    -0.364097  -0.00547172 -0.000153901   0.00105067 
        13.5    -0.348578  -0.00441225  -0.00018856   0.00105063 
        13.5    -0.332219  -0.00293293 -0.000228314   0.00105057 
        13.5    -0.315021 -0.000980237 -0.000273492    0.0010505 
        13.5    -0.296985   0.00150109 -0.000324388   0.00105039 
        13.5     -0.27811    0.0045682 -0.000381263   0.00105024 
        13.5    -0.258395   0.00827988 -0.000444329   0.00105005 
        13.5    -0.237842    0.0126796 -0.000513903   0.00104998 
        13.5     -0.21645    0.0178189 -0.000590251   0.00104998 
        13.5    -0.194219    0.0237535 -0.000673427   0.00104995 
        13.5    -0.171149    0.0305274 -0.000763544   0.00104987 
        13.5     -0.14724    0.0381816 -0.000860694   0.00104974 
        13.5    -0.122493    0.0467531  -0.00096493   0.00104956 
        13.5    -0.096906    0.0562759  -0.00107627   0.00104935 
        13.5    -0.070481    0.0667782  -0.00119462   0.00104915 
        13.5    -0.043216    0.0782842   -0.0013198   0.00104903 
        13.5    -0.015113     0.090811  -0.00145141   0.00104907 
        13.5     0.013829     0.104359  -0.00158957   0.00104902 
        13.5     0.043611     0.118898  -0.00173358   0.00104857 
        13.5     0.074231     0.134407  -0.00188272   0.00104819 
        13.5      0.10569     0.150859  -0.00203682   0.00104799 
        13.5     0.137987      0.16821  -0.00219521   0.00104797 
        13.5     0.171124     0.186409  -0.00235707     0.001048 
        13.5       0.2051     0.205389  -0.00252166   0.00104776 
        13.5     0.239914     0.225068  -0.00268888   0.00104671 
        13.5     0.275568      0.24542  -0.00285717    0.0010463 
        13.5      0.31206     0.266244    -0.003027   0.00104643 
        13.5     0.349391     0.287471   -0.0031985   0.00104644 
        13.5     0.387562     0.309076  -0.00337118   0.00104627 
        13.5     0.426571      0.33103  -0.00354477    0.0010459 
        13.5     0.466419       0.3533  -0.00371916   0.00104531 
        13.5     0.507106     0.375851  -0.00389438   0.00104454 
        13.5     0.548631     0.398644  -0.00407049   0.00104367 
        13.5     0.590996     0.421637   -0.0042475   0.00104281 
        13.5       0.6342     0.444785  -0.00442518   0.00104215 
        13.5     0.678242     0.468036  -0.00460292   0.00104192 
        13.5     0.723124     0.491338  -0.00477947   0.00104246 
        13.5     0.768844      0.51472  -0.00495544   0.00104274 
        13.5     0.815403     0.538198  -0.00513225   0.00104139 
        13.5     0.862801     0.561615  -0.00530664    0.0010401 
        13.5     0.911038     0.584924  -0.00547858    0.0010389 
        13.5     0.960114     0.608077  -0.00564793    0.0010378 
        13.5      1.01003     0.631023  -0.00581443   0.00103683 
        13.5      1.06078     0.653707  -0.00597772     0.001036 
        13.5      1.11238      0.67607  -0.00613731   0.00103532 
        13.5      1.16481     0.698052  -0.00629266   0.00103478 
        13.5      1.21808      0.71959  -0.00644311   0.00103436 
        13.5      1.27219     0.740614  -0.00658797   0.00103404 
        13.5      1.32713     0.761055  -0.00672654   0.00103376 
        13.5      1.38292     0.780838   -0.0068581   0.00103348 
        13.5      1.43955     0.799885  -0.00698203    0.0010331 
        13.5      1.49701     0.818114   -0.0070978   0.00103253 
        13.5      1.55532     0.835441  -0.00720508   0.00103165 
        13.5      1.61446     0.851777  -0.00730382    0.0010303 
        13.5      1.67444      0.86703  -0.00739429    0.0010283 
        13.5      1.73526     0.881105  -0.00747726   0.00102544 
        13.5      1.79692     0.893995    -0.007548   0.00102498 
        13.5      1.85942     0.906021  -0.00760964   0.00102536 
        13.5      1.92276     0.917213  -0.00766403   0.00102562 
        13.5      1.98693     0.927574  -0.00771134   0.00102576 
        13.5      2.05195     0.937111  -0.00775175   0.00102579 
        13.5       2.1178     0.945832  -0.00778546   0.00102572 
        13.5       2.1845     0.953751  -0.00781269   0.00102555 
        13.5      2.25203     0.960884  -0.00783365    0.0010253 
        13.5       2.3204     0.967252   -0.0078486   0.00102498 
        13.5      2.38961     0.972878  -0.00785777    0.0010246 
        13.5      2.45966     0.977789  -0.00786145   0.00102417 
        13.5      2.53055     0.982017   -0.0078599   0.00102371 
        13.5      2.60227     0.985598  -0.00785344   0.00102324 
        13.5      2.67484     0.988571  -0.00784238   0.00102277 
        13.5      2.74824      0.99098  -0.00782705   0.00102233 
        13.5      2.82248     0.992874  -0.00780782   0.00102192 
        13.5      2.89757     0.994306  -0.00778507   0.00102158 
        13.5      2.97349     0.995333   -0.0077592   0.00102133 
        13.5      3.05025     0.996017  -0.00773067   0.00102118 
        13.5      3.12785     0.996424  -0.00769994   0.00102118 
        13.5      3.20628     0.996628  -0.00766753   0.00102134 
        13.5      3.28556     0.996703    -0.007634   0.00102169 
        13.5      3.36567     0.996732  -0.00759995   0.00102227 
        13.5      3.44663     0.996802  -0.00756604   0.00102311 
        13.5      3.52842     0.997003  -0.00753302   0.00102424 
        13.5      3.61105     0.997433  -0.00750165    0.0010257 
        13.5      3.69453     0.998194  -0.00747283   0.00102754 
        13.5      3.77884      0.99877  -0.00743909   0.00102644 
        13.5      3.86398     0.998453  -0.00740366   0.00102552 
        13.5      3.94997     0.998304  -0.00737063    0.0010284 
        13.5       4.0368     0.998264  -0.00733298   0.00102983 
        13.5      4.12446     0.998293  -0.00729876   0.00102932 
        13.5      4.21297     0.998359  -0.00726678   0.00103102 
        13.5      4.30231     0.998413   -0.0072304    0.0010337 
        13.5       4.3925     0.998385  -0.00719205   0.00103453 
        13.5      4.48352     0.998331  -0.00715768   0.00103393 
        13.5      4.57538     0.998311  -0.00712368   0.00103499 
        13.5      4.66807     0.998318  -0.00708881   0.00103717 
        13.5      4.76161     0.998336  -0.00705285   0.00103933 
        13.5      4.85599     0.998346   -0.0070165   0.00103969 
        13.5      4.95121     0.998337  -0.00698029   0.00104142 
        13.5      5.04726     0.998327  -0.00694407   0.00104309 
        13.5      5.14415     0.998319  -0.00690815   0.00104441 
        13.5      5.24189     0.998315  -0.00687268   0.00104593 
        13.5      5.34046     0.998321  -0.00683704   0.00104817 
        13.5      5.43987     0.998331   -0.0068006   0.00104973 
        13.5      5.54012     0.998341  -0.00676433   0.00105141 
        13.5      5.64121      0.99835  -0.00672817    0.0010532 
        13.5      5.74313     0.998359  -0.00669208    0.0010551 
        13.5       5.8459     0.998368  -0.00665602   0.00105711 
        13.5       5.9495     0.998377  -0.00661993   0.00105923 
        13.5      6.05395     0.998385  -0.00658379   0.00106145 
        13.5      6.15923     0.998392  -0.00654756   0.00106377 
        13.5      6.26535     0.998398  -0.00651122   0.00106618 
        13.5      6.37231     0.998402  -0.00647478   0.00106869 
        13.5      6.48011     0.998404  -0.00643827   0.00107128 
        13.5      6.58875     0.998403  -0.00640183   0.00107362 
        13.5      6.69822       0.9984  -0.00636549   0.00107587 
        13.5      6.80854     0.998394  -0.00632919   0.00107828 
        13.5       6.9197     0.998387  -0.00629281   0.00108097 
        13.5      7.03169      0.99838  -0.00625634   0.00108349 
        13.5      7.14452     0.998372  -0.00622003   0.00108595 
        13.5      7.25819      0.99836  -0.00618378   0.00108879 
        13.5       7.3727     0.998349  -0.00614729   0.00109155 
        13.5      7.48806     0.998337  -0.00611071    0.0010943 
        13.5      7.60424     0.998326  -0.00607415   0.00109705 
        13.5      7.72127     0.998316   -0.0060377   0.00109984 
        13.5      7.83914     0.998307   -0.0060014    0.0011027 
        13.5      7.95784     0.998299  -0.00596527   0.00110567 
        13.5      8.07739     0.998293  -0.00592933   0.00110875 
        13.5      8.19777     0.998288  -0.00589353   0.00111196 
        13.5      8.31899     0.998286  -0.00585784   0.00111532 
        13.5      8.44105     0.998285  -0.00582223   0.00111875 
        13.5      8.56395     0.998286  -0.00578666    0.0011222 
        13.5      8.68769     0.998289  -0.00575109   0.00112567 
        13.5      8.81227     0.998293  -0.00571549   0.00112915 
        13.5      8.93768     0.998299  -0.00567981    0.0011326 
        13.5      9.06394     0.998306  -0.00564404   0.00113601 
        13.5      9.19103     0.998313  -0.00560817   0.00113933 
        13.5      9.31897      0.99832  -0.00557222   0.00114254 
        13.5      9.44774     0.998326  -0.00553624   0.00114561 
        13.5      9.57735      0.99833  -0.00550032   0.00114849 
        13.5       9.7078     0.998332   -0.0054651   0.00115145 
        13.5      9.83909     0.998333  -0.00543117   0.00115516 
        13.5      9.97121     0.998333  -0.00539694   0.00115887 
        13.5      10.1042     0.998331  -0.00536205   0.00116233 
        13.5       10.238     0.998329  -0.00532709   0.00116583 
        13.5      10.3726     0.998326  -0.00529213   0.00116935 
        13.5      10.5081     0.998322  -0.00525721   0.00117289 
        13.5      10.6444     0.998318  -0.00522236   0.00117645 
        13.5      10.7816     0.998314  -0.00518762      0.00118 
        13.5      10.9196     0.998308  -0.00515301   0.00118356 
        13.5      11.0584     0.998303  -0.00511855   0.00118711 
        13.5      11.1981     0.998297  -0.00508424   0.00119066 
        13.5      11.3386     0.998291  -0.00505009   0.00119421 
        13.5        11.48     0.998284  -0.00501609   0.00119775 
        13.5      11.6222     0.998278  -0.00498224   0.00120129 
        13.5      11.7652     0.998272  -0.00494852   0.00120483 
        13.5      11.9091     0.998266   -0.0049149   0.00120839 
        13.5      12.0538     0.998261  -0.00488137   0.00121197 
        13.5      12.1993     0.998256  -0.00484789   0.00121559 
        13.5      12.3457     0.998252  -0.00481443   0.00121925 
        13.5       12.493     0.998249  -0.00478095   0.00122298 
        13.5       12.641     0.998248  -0.00474742   0.00122679 
        13.5      12.7899     0.998248  -0.00471438   0.00123045 
        13.5      12.9397     0.998246  -0.00468174   0.00123393 
        13.5      13.0903     0.998245  -0.00464912   0.00123743 
        13.5      13.2417     0.998244  -0.00461654   0.00124093 
        13.5      13.3939     0.998242  -0.00458402   0.00124444 
        13.5       13.547     0.998241  -0.00455158   0.00124795 
        13.5       13.701      0.99824  -0.00451924   0.00125145 
        13.5      13.8558     0.998239    -0.004487   0.00125496 
        13.5      14.0114     0.998238  -0.00445489   0.00125846 
        13.5      14.1678     0.998237  -0.00442291   0.00126195 
        13.5      14.3251     0.998236  -0.00439107   0.00126544 
        13.5      14.4833     0.998234  -0.00435938   0.00126891 
        13.5      14.6422     0.998233  -0.00432783   0.00127237 
        13.5       14.802     0.998232  -0.00429643   0.00127582 
        13.5      14.9627     0.998231  -0.00426517   0.00127925 
        13.5      15.1242     0.998229  -0.00423406   0.00128266 
        13.5      15.2865     0.998228  -0.00420307   0.00128605 
        13.5      15.4497     0.998226  -0.00417222   0.00128943 
        13.5      15.6137     0.998224  -0.00414147   0.00129278 
        13.5      15.7785     0.998223  -0.00411083    0.0012961 
        13.5      15.9442     0.998221  -0.00408029   0.00129932 
        13.5      16.1107     0.998219   -0.0040499   0.00130244 
        13.5      16.2781     0.998217  -0.00401967   0.00130555 
        13.5      16.4463     0.998214  -0.00398958   0.00130866 
        13.5      16.6153     0.998212  -0.00395964   0.00131177 
        13.5      16.7852     0.998209  -0.00392984   0.00131488 
        13.5      16.9559     0.998207  -0.00390015   0.00131798 
        13.5      17.1275     0.998204  -0.00387055   0.00132109 
        13.5      17.2999     0.998203  -0.00384106   0.00132413 
        13.5      17.4731     0.998202  -0.00381174   0.00132712 
        13.5      17.6472     0.998201  -0.00378257   0.00133007 
        13.5      17.8221     0.998199  -0.00375356   0.00133298 
        13.5      17.9979     0.998198   -0.0037247   0.00133584 
        13.5      18.1744     0.998197  -0.00369599   0.00133866 
        13.5      18.3519     0.998196  -0.00366742   0.00134145 
        13.5      18.5301     0.998195    -0.003639   0.00134419 
        13.5      18.7093     0.998194  -0.00361071    0.0013469 
        13.5      18.8892     0.998193  -0.00358257   0.00134957 
        13.5        19.07     0.998192  -0.00355448   0.00135226 
        13.5      19.2516     0.998191  -0.00352652    0.0013549 
        13.5      19.4341      0.99819   -0.0034987    0.0013575 
        13.5      19.6174     0.998189  -0.00347103   0.00136006 
        13.5      19.8015     0.998188  -0.00344349   0.00136257 
        13.5      19.9865     0.998187  -0.00341609   0.00136504 
        13.5      20.1723     0.998186  -0.00338883   0.00136746 
        13.5       20.359     0.998186  -0.00336171   0.00136984 
        13.5      20.5465     0.998185  -0.00333474   0.00137217 
        13.5      20.7348     0.998184   -0.0033079   0.00137445 
        13.5       20.924     0.998184  -0.00328119    0.0013767 
        13.5       21.114     0.998183  -0.00325463   0.00137889 
        13.5      21.3048     0.998183   -0.0032282   0.00138105 
        13.5      21.4965     0.998182  -0.00320191   0.00138316 
        13.5       21.689     0.998182  -0.00317576   0.00138522 
        13.5      21.8824     0.998182  -0.00314974   0.00138725 
        13.5      22.0766     0.998181  -0.00312386   0.00138923 
        13.5      22.2717     0.998181   -0.0030981   0.00139117 
        13.5      22.4675     0.998181  -0.00307249   0.00139308 
        13.5      22.6643      0.99818    -0.003047   0.00139494 
        13.5      22.8618      0.99818  -0.00302165   0.00139676 
        13.5      23.0602      0.99818  -0.00299644   0.00139855 
        13.5      23.2595      0.99818  -0.00297135    0.0014003 
        13.5      23.4596     0.998179  -0.00294641   0.00140201 
        13.5      23.6605     0.998179  -0.00292161   0.00140368 
        13.5      23.8622      0.99818  -0.00289695   0.00140527 
        13.5      24.0648      0.99818  -0.00287242   0.00140681 
        13.5      24.2683     0.998181  -0.00284801    0.0014083 
        13.5      24.4725     0.998181  -0.00282372   0.00140975 
        13.5      24.6776     0.998181  -0.00279956   0.00141115 
        13.5      24.8836     0.998182  -0.00277552   0.00141251 
        13.5      25.0904     0.998183  -0.00275162   0.00141382 
        13.5       25.298     0.998183  -0.00272784   0.00141508 
        13.5      25.5065     0.998184   -0.0027042   0.00141629 
        13.5      25.7158     0.998185  -0.00268069   0.00141746 
        13.5      25.9259     0.998186  -0.00265732   0.00141858 
        13.5      26.1369     0.998187  -0.00263408   0.00141965 
        13.5      26.3487     0.998187  -0.00261097   0.00142068 
        13.5      26.5614     0.998188    -0.002588   0.00142166 
        13.5      26.7749     0.998189  -0.00256517    0.0014226 
        13.5      26.9892     0.998191  -0.00254247   0.00142349 
        13.5      27.2044     0.998192  -0.00251991   0.00142433 
        13.5      27.4204     0.998193  -0.00249746   0.00142513 
        13.5      27.6373     0.998194   -0.0024751   0.00142588 
        13.5       27.855     0.998195  -0.00245287   0.00142659 
        13.5      28.0735     0.998197  -0.00243076   0.00142726 
        13.5      28.2929     0.998198  -0.00240878   0.00142788 
        13.5      28.5131       0.9982  -0.00238693   0.00142845 
        13.5      28.7342     0.998201   -0.0023652   0.00142898 
        13.5      28.9561     0.998203   -0.0023436   0.00142947 
        13.5      29.1788     0.998204  -0.00232212   0.00142991 
        13.5      29.4024     0.998206  -0.00230077   0.00143031 
        13.5      29.6268     0.998208  -0.00227955   0.00143067 
        13.5       29.852      0.99821  -0.00225845   0.00143098 
        13.5      30.0781     0.998211  -0.00223747   0.00143124 
        13.5       30.305     0.998213  -0.00221662   0.00143147 
        13.5      30.5328     0.998215  -0.00219589   0.00143165 
        13.5      30.7614     0.998217  -0.00217528   0.00143179 
        13.5      30.9908     0.998219   -0.0021548   0.00143188 
        13.5      31.2211     0.998221  -0.00213444   0.00143193 
        13.5      31.4522     0.998224   -0.0021142   0.00143194 
        13.5      31.6842     0.998226  -0.00209408    0.0014319 
        13.5       31.917     0.998228  -0.00207409   0.00143183 
        13.5      32.1506      0.99823  -0.00205421   0.00143171 
        13.5      32.3851     0.998233  -0.00203446   0.00143154 
        13.5      32.6204     0.998235  -0.00201482   0.00143134 
        13.5      32.8565     0.998238   -0.0019953   0.00143109 
        13.5      33.0935     0.998241  -0.00197591    0.0014308 
        13.5      33.3314     0.998243  -0.00195663   0.00143047 
        13.5        33.57     0.998246  -0.00193742   0.00143011 
        13.5      33.8095     0.998249  -0.00191833   0.00142971 
        13.5      34.0499     0.998251  -0.00189937   0.00142926 
        13.5      34.2911     0.998254  -0.00188052   0.00142876 
        13.5      34.5331     0.998257   -0.0018618   0.00142821 
        13.5       34.776      0.99826  -0.00184321   0.00142762 
        13.5      35.0197     0.998263  -0.00182473   0.00142698 
        13.5      35.2642     0.998266  -0.00180638   0.00142631 
        13.5      35.5096     0.998269  -0.00178814   0.00142559 
        13.5      35.7558     0.998272  -0.00177003   0.00142484 
        13.5      36.0029     0.998276  -0.00175203   0.00142405 
        13.5      36.2508     0.998279  -0.00173414   0.00142323 
        13.5      36.4995     0.998282  -0.00171636   0.00142238 
        13.5      36.7491     0.998285  -0.00169868    0.0014215 
        13.5      36.9995     0.998289  -0.00168111    0.0014206 
        13.5      37.2507     0.998292  -0.00166363   0.00141967 
        13.5      37.5028     0.998295  -0.00164624   0.00141873 
        13.5      37.7558     0.998298  -0.00162893   0.00141776 
        13.5      38.0095     0.998302   -0.0016117   0.00141679 
        13.5      38.2641     0.998305  -0.00159453   0.00141581 
        13.5      38.5196     0.998309  -0.00157742   0.00141483 
        13.5      38.7759     0.998312  -0.00156064   0.00141356 
        13.5       39.033     0.998316  -0.00154398   0.00141226 
        13.5      39.2909      0.99832  -0.00152743   0.00141095 
        13.5      39.5498     0.998324  -0.00151098   0.00140962 
        13.5      39.8094     0.998328  -0.00149464   0.00140828 
        13.5      40.0699     0.998332   -0.0014784   0.00140691 
        13.5      40.3312     0.998336  -0.00146227   0.00140552 
        13.5      40.5933      0.99834  -0.00144623   0.00140412 
        13.5      40.8563     0.998344  -0.00143029   0.00140269 
        13.5      41.1202     0.998348  -0.00141446   0.00140124 
        13.5      41.3849     0.998353  -0.00139871   0.00139977 
        13.5      41.6504     0.998357  -0.00138307   0.00139828 
        13.5      41.9167     0.998361  -0.00136752   0.00139676 
        13.5      42.1839     0.998365  -0.00135207   0.00139522 
        13.5      42.4519     0.998369  -0.00133671   0.00139366 
        13.5      42.7208     0.998374  -0.00132145   0.00139207 
        13.5      42.9905     0.998378  -0.00130628   0.00139046 
        13.5      43.2611     0.998382  -0.00129121   0.00138882 
        13.5      43.5325     0.998387  -0.00127624   0.00138716 
        13.5      43.8047     0.998391  -0.00126136   0.00138548 
        13.5      44.0777     0.998395  -0.00124657   0.00138377 
        13.5      44.3516       0.9984  -0.00123189   0.00138203 
        13.5      44.6264     0.998404   -0.0012173   0.00138027 
        13.5       44.902     0.998409  -0.00120281   0.00137848 
        13.5      45.1784     0.998413  -0.00118842   0.00137667 
        13.5      45.4556     0.998418  -0.00117412   0.00137482 
        13.5      45.7337     0.998423  -0.00115993   0.00137296 
        13.5      46.0127     0.998427  -0.00114583   0.00137106 
        13.5      46.2925     0.998432  -0.00113184   0.00136914 
        13.5      46.5731     0.998437  -0.00111794   0.00136719 
        13.5      46.8545     0.998441  -0.00110415   0.00136522 
        13.5      47.1368     0.998446  -0.00109045   0.00136322 
        13.5      47.4199     0.998451  -0.00107686   0.00136119 
        13.5      47.7039     0.998456  -0.00106337   0.00135914 
        13.5      47.9887      0.99846  -0.00104998   0.00135706 
        13.5      48.2744     0.998465   -0.0010367   0.00135496 
        13.5      48.5609      0.99847  -0.00102351   0.00135283 
        13.5      48.8482     0.998475  -0.00101042   0.00135067 
        13.5      49.1363      0.99848 -0.000997427   0.00134849 
        13.5      49.4253     0.998485 -0.000984533   0.00134629 
        13.5      49.7152      0.99849 -0.000971735   0.00134406 
        13.5      50.0059     0.998495 -0.000959031   0.00134181 
        13.5      50.2974       0.9985 -0.000946418   0.00133953 
        13.5      50.5897     0.998505 -0.000933894   0.00133724 
        13.5      50.8829      0.99851 -0.000921455   0.00133492 
        13.5       51.177     0.998515 -0.000909099   0.00133257 
        13.5      51.4719     0.998521 -0.000896822   0.00133021 
        13.5      51.7676     0.998526 -0.000884606   0.00132784 
        13.5      52.0641     0.998531 -0.000872215   0.00132568 
        13.5      52.3615     0.998536 -0.000859885   0.00132348 
        13.5      52.6597     0.998542 -0.000847616   0.00132126 
        13.5      52.9588     0.998547 -0.000835406   0.00131901 
        13.5      53.2587     0.998552 -0.000823255   0.00131674 
        13.5      53.5595     0.998558 -0.000811409   0.00131427 
        13.5      53.8611     0.998563   -0.0007999   0.00131169 
        13.5      54.1635     0.998569 -0.000788511   0.00130916 
        13.5      54.4667     0.998574 -0.000777225   0.00130666 
        13.5      54.7708      0.99858 -0.000766032    0.0013042 
        13.5      55.0758     0.998585  -0.00075492   0.00130176 
        13.5      55.3816      0.99859  -0.00074388   0.00129934 
        13.5      55.6882     0.998596 -0.000732903   0.00129693 
        13.5      55.9956     0.998601 -0.000721985   0.00129452 
        13.5      56.3039     0.998607  -0.00071112   0.00129212 
        13.5      56.6131     0.998612 -0.000700305   0.00128971 
        13.5      56.9231     0.998618 -0.000689537   0.00128729 
        13.5      57.2339     0.998623 -0.000678816   0.00128486 
        13.5      57.5455     0.998629 -0.000668141   0.00128241 
        13.5       57.858     0.998634 -0.000657514   0.00127995 
        13.5      58.1713      0.99864 -0.000646936   0.00127746 
        13.5      58.4855     0.998646 -0.000636411   0.00127494 
        13.5      58.8005     0.998651 -0.000625941    0.0012724 
        13.5      59.1164     0.998657 -0.000615532   0.00126984 
        13.5      59.4331     0.998663 -0.000605186   0.00126725 
        13.5      59.7506     0.998668  -0.00059491   0.00126463 
        13.5       60.069     0.998674 -0.000584709   0.00126198 
        13.5      60.3882      0.99868 -0.000574586   0.00125931 
        13.5      60.7082     0.998685 -0.000564549   0.00125661 
        13.5      61.0291     0.998691 -0.000554602    0.0012539 
        13.5      61.3508     0.998697 -0.000544749   0.00125117 
        13.5      61.6734     0.998702 -0.000534994   0.00124842 
        13.5      61.9968     0.998708 -0.000525342   0.00124566 
        13.5       62.321     0.998714 -0.000515795    0.0012429 
        13.5      62.6461     0.998719 -0.000506354   0.00124014 
        13.5       62.972     0.998725 -0.000497022   0.00123739 
        13.5      63.2987      0.99873 -0.000487796   0.00123466 
        13.5      63.6263     0.998736 -0.000478675   0.00123195 
        13.5      63.9548     0.998741 -0.000469655   0.00122927 
        13.5       64.284     0.998746  -0.00046073   0.00122664 
        13.5      64.6141     0.998752 -0.000451893   0.00122406 
        13.5      64.9451     0.998757 -0.000443132   0.00122154 
        13.5      65.2769     0.998762 -0.000434437    0.0012191 
        13.5      65.6095     0.998767  -0.00042579   0.00121675 
        13.5       65.943     0.998772 -0.000417175   0.00121451 
        13.5      66.2773     0.998776 -0.000408568   0.00121238 
        13.5      66.6124     0.998781 -0.000399945   0.00121039 
        13.5      66.9484     0.998786 -0.000391345   0.00120814 
        13.5      67.2852     0.998792 -0.000382945   0.00120502 
        13.5      67.6229     0.998798 -0.000374631   0.00120195 
        13.5      67.9614     0.998804 -0.000366397   0.00119893 
        13.5      68.3007      0.99881 -0.000358237   0.00119596 
        13.5      68.6409     0.998816 -0.000350145   0.00119303 
        13.5      68.9819     0.998822 -0.000342115   0.00119015 
        13.5      69.3238     0.998828 -0.000334143   0.00118731 
        13.5      69.6664     0.998834 -0.000326225   0.00118451 
        13.5        70.01      0.99884 -0.000318357   0.00118175 
        13.5      70.3543     0.998846 -0.000310534   0.00117903 
        13.5      70.6996     0.998852 -0.000302756   0.00117634 
        13.5      71.0456     0.998858 -0.000295018   0.00117369 
        13.5      71.3925     0.998864 -0.000287318   0.00117107 
        13.5      71.7402      0.99887 -0.000279656   0.00116848 
        13.5      72.0888     0.998876 -0.000272029   0.00116592 
        13.5      72.4382     0.998881 -0.000264437   0.00116338 
        13.5      72.7884     0.998887 -0.000256879   0.00116088 
        13.5      73.1395     0.998893 -0.000249356   0.00115839 
        13.5      73.4914     0.998898 -0.000241867   0.00115593 
        13.5      73.8442     0.998904 -0.000234414   0.00115348 
        13.5      74.1978     0.998909 -0.000226998   0.00115106 
        13.5      74.5522     0.998915 -0.000219619   0.00114865 
        13.5      74.9075      0.99892  -0.00021228   0.00114625 
        13.5      75.2636     0.998926 -0.000204983   0.00114387 
        13.5      75.6206     0.998931 -0.000197731    0.0011415 
        13.5      75.9784     0.998936 -0.000190525   0.00113914 
        13.5       76.337     0.998942  -0.00018337   0.00113678 
        13.5      76.6965     0.998947 -0.000176269   0.00113443 
        13.5      77.0568     0.998952 -0.000169226   0.00113208 
        13.5      77.4179     0.998957 -0.000162244   0.00112974 
        13.5      77.7799     0.998963 -0.000155327   0.00112739 
        13.5      78.1427     0.998968 -0.000148481   0.00112504 
        13.5      78.5064     0.998973  -0.00014171   0.00112269 
        13.5      78.8709     0.998979 -0.000135018   0.00112033 
        13.5      79.2363     0.998984 -0.000128411   0.00111797 
        13.5      79.6024     0.998989 -0.000121894   0.00111559 
        13.5      79.9695     0.998995 -0.000115472    0.0011132 
        13.5      80.3373        0.999 -0.000109151    0.0011108 
        13.5       80.706     0.999006 -0.000102936   0.00110839 
        13.5      81.0756     0.999011 -9.68338e-05   0.00110595 
        13.5      81.4459     0.999017 -9.08491e-05    0.0011035 
        13.5      81.8171     0.999023 -8.49879e-05   0.00110103 
        13.5      82.1892     0.999029 -7.92561e-05   0.00109853 
        13.5      82.5621     0.999034 -7.36594e-05   0.00109601 
        13.5      82.9358      0.99904 -6.82036e-05   0.00109346 
        13.5      83.3104     0.999047 -6.28944e-05   0.00109089 
        13.5      83.6858     0.999052 -5.60586e-05   0.00108881 
        13.5      84.0621     0.999058 -4.92103e-05   0.00108674 
        13.5      84.4391     0.999063  -4.2506e-05   0.00108462 
        13.5      84.8171     0.999068 -3.59458e-05   0.00108246 
        13.5      85.1958     0.999072 -2.95291e-05   0.00108026 
        13.5      85.5754     0.999077 -2.32551e-05   0.00107802 
        13.5      85.9559     0.999081 -1.71228e-05   0.00107574 
        13.5      86.3372     0.999085 -1.11306e-05   0.00107343 
        13.5      86.7193     0.999089 -5.27646e-06   0.00107109 
        13.5      87.1022     0.999092  4.41823e-07   0.00106873 
        13.5       87.486     0.999096  6.02712e-06   0.00106633 
        13.5      87.8707     0.999099  1.14827e-05   0.00106392 
        13.5      88.2562     0.999102  1.68124e-05   0.00106149 
        13.5      88.6425     0.999105  2.20204e-05   0.00105904 
        13.5      89.0296     0.999108  2.71118e-05   0.00105658 
        13.5      89.4176     0.999111  3.20918e-05   0.00105412 
        13.5      89.8065     0.999114  3.69666e-05   0.00105166 
        13.5      90.1961     0.999116  4.17429e-05    0.0010492 
        13.5      90.5866     0.999119  4.64281e-05   0.00104675 
        13.5       90.978     0.999122  5.10301e-05   0.00104431 
        13.5      91.3702     0.999125  5.55579e-05   0.00104189 
        13.5      91.7632     0.999127  6.00208e-05   0.00103949 
        13.5      92.1571      0.99913  6.44294e-05   0.00103712 
        13.5      92.5518     0.999133  6.87948e-05   0.00103479 
        13.5      92.9473     0.999136  7.31288e-05   0.00103251 
        13.5      93.3437     0.999139  7.74446e-05   0.00103027 
        13.5      93.7409     0.999142  8.17559e-05   0.00102808 
        13.5       94.139     0.999146  8.60775e-05   0.00102596 
        13.5      94.5379      0.99915  9.04252e-05   0.00102391 
        13.5      94.9376     0.999153  9.48158e-05   0.00102194 
        13.5      95.3382     0.999157  9.92672e-05   0.00102005 
        13.5      95.7396     0.999162  0.000103798   0.00101826 
        13.5      96.1419     0.999166   0.00010843   0.00101656 
        13.5       96.545     0.999171  0.000113182   0.00101498 
        13.5      96.9489     0.999177  0.000118079   0.00101352 
        13.5      97.3537     0.999182  0.000123143   0.00101219 
        13.5      97.7593     0.999188    0.0001284     0.001011 
        13.5      98.1657     0.999194  0.000133876   0.00100996 
        13.5       98.573     0.999201    0.0001396   0.00100907 
        13.5      98.9811     0.999208    0.0001456   0.00100836 
        13.5      99.3901     0.999216  0.000151908   0.00100783 
        13.5      99.7999     0.999224  0.000158556   0.00100748 
        13.5      100.211     0.999232  0.000165577   0.00100735 
        13.5      100.622     0.999243  0.000169857   0.00100536 
        13.5      101.034     0.999254   0.00017278    0.0010025 
        13.5      101.448     0.999265  0.000175745  0.000999726 
        13.5      101.862     0.999275  0.000178749  0.000997019 
        13.5      102.276     0.999284  0.000181789  0.000994384 
        13.5      102.692     0.999292  0.000184865  0.000991819 
        13.5      103.109       0.9993  0.000187974  0.000989325 
        13.5      103.526     0.999308  0.000191115  0.000986901 
        13.5      103.944     0.999315  0.000194287  0.000984546 
        13.5      104.363     0.999321  0.000197487  0.000982259 
        13.5      104.783     0.999327  0.000200715  0.000980039 
        13.5      105.204     0.999333   0.00020397  0.000977886 
        13.5      105.625     0.999338  0.000207249  0.000975799 
        13.5      106.048     0.999342  0.000210552  0.000973777 
        13.5      106.471     0.999347  0.000213878   0.00097182 
        13.5      106.895     0.999351  0.000217226  0.000969925 
        13.5       107.32     0.999354  0.000220594  0.000968092 
        13.5      107.746     0.999358  0.000223982  0.000966321 
        13.5      108.172     0.999361  0.000227389  0.000964609 
        13.5        108.6     0.999364  0.000230814  0.000962957 
        13.5      109.028     0.999367  0.000234256  0.000961362 
        13.5      109.457     0.999369  0.000237715  0.000959824 
        13.5      109.887     0.999371  0.000241189  0.000958341 
        13.5      110.318     0.999373  0.000244678  0.000956912 
        13.5      110.749     0.999375  0.000248181  0.000955536 
        13.5      111.182     0.999377  0.000251697  0.000954211 
        13.5      111.615     0.999378  0.000255226  0.000952936 
        13.5      112.049     0.999379  0.000258767  0.000951709 
        13.5      112.484     0.999381  0.000262319  0.000950529 
        13.5       112.92     0.999382  0.000265881  0.000949394 
        13.5      113.357     0.999383  0.000269453  0.000948303 
        13.5      113.794     0.999384  0.000273034  0.000947254 
        13.5      114.232     0.999384  0.000276623  0.000946246 
        13.5      114.672     0.999385   0.00028022  0.000945275 
        13.5      115.112     0.999385  0.000283823  0.000944342 
        13.5      115.552     0.999386  0.000287431  0.000943443 
        13.5      115.994     0.999386  0.000291043  0.000942577 
        13.5      116.437     0.999387  0.000294659  0.000941742 
        13.5       116.88     0.999387  0.000298277  0.000940936 
        13.5      117.324     0.999387  0.000301897  0.000940157 
        13.5      117.769     0.999387  0.000305515  0.000939402 
        13.5      118.215     0.999387  0.000309132   0.00093867 
        13.5      118.662     0.999387  0.000312746  0.000937958 
        13.5      119.109     0.999387  0.000316355  0.000937264 
        13.5      119.558     0.999387  0.000319871   0.00093646 
        13.5      120.007     0.999387  0.000322809  0.000934828 
        13.5      120.457     0.999387  0.000325773  0.000933234 
        13.5      120.908     0.999387  0.000328762  0.000931678 
        13.5       121.36     0.999387  0.000331776  0.000930161 
        13.5      121.812     0.999386  0.000334816  0.000928682 
        13.5      122.266     0.999386  0.000337881   0.00092724 
        13.5       122.72     0.999385   0.00034097  0.000925836 
        13.5      123.175     0.999385  0.000344083  0.000924469 
        13.5      123.631     0.999384  0.000347219   0.00092314 
        13.5      124.088     0.999383  0.000350379  0.000921848 
        13.5      124.546     0.999383   0.00035356  0.000920592 
        13.5      125.004     0.999382  0.000356763  0.000919372 
        13.5      125.463     0.999381  0.000359986  0.000918188 
        13.5      125.923      0.99938  0.000363229   0.00091704 
        13.5      126.384      0.99938   0.00036649  0.000915927 
        13.5      126.846     0.999379  0.000369767  0.000914848 
        13.5      127.309     0.999379  0.000373061  0.000913803 
        13.5      127.772     0.999378  0.000376368  0.000912792 
        13.5      128.237     0.999378  0.000379688  0.000911814 
        13.5      128.702     0.999377  0.000383018  0.000910869 
        13.5      129.168     0.999377  0.000386358  0.000909955 
        13.5      129.635     0.999377  0.000389705  0.000909073 
        13.5      130.102     0.999378  0.000393057  0.000908221 
        13.5      130.571     0.999378  0.000396411  0.000907398 
        13.5       131.04     0.999379  0.000399766  0.000906605 
        13.5      131.511      0.99938   0.00040312   0.00090584 
        13.5      131.982     0.999381  0.000406469  0.000905102 
        13.5      132.453     0.999382  0.000409811  0.000904391 
        13.5      132.926     0.999384  0.000413143  0.000903706 
        13.5        133.4     0.999386  0.000416462  0.000903045 
        13.5      133.874     0.999389  0.000419765  0.000902408 
        13.5      134.349     0.999392  0.000423049  0.000901793 
        13.5      134.825     0.999396   0.00042631    0.0009012 
        13.5      135.302       0.9994  0.000429545  0.000900627 
        13.5       135.78     0.999404   0.00043275  0.000900074 
        13.5      136.259      0.99941  0.000435922  0.000899539 
        13.5      136.738     0.999415  0.000439056  0.000899021 
        13.5      137.218     0.999422  0.000442148  0.000898519 
        13.5        137.7     0.999429  0.000445195  0.000898031 
        13.5      138.182     0.999437  0.000448191  0.000897556 
        13.5      138.664     0.999446  0.000451131  0.000897092 
        13.5      139.148     0.999455  0.000454012  0.000896639 
        13.5      139.632     0.999466  0.000456828  0.000896195 
        13.5      140.118     0.999477  0.000459574  0.000895757 
        13.5      140.604      0.99949  0.000462245  0.000895325 
        13.5      141.091     0.999503  0.000464835  0.000894897 
        13.5      141.579     0.999518  0.000467338  0.000894472 
        13.5      142.067     0.999533  0.000469749  0.000894047 
        13.5      142.557      0.99955  0.000472062   0.00089362 
        13.5      143.047     0.999569  0.000474271  0.000893191 
        13.5      143.538     0.999588  0.000476368  0.000892756 
        13.5       144.03     0.999609  0.000478348  0.000892315 
        13.5      144.523     0.999632  0.000480204  0.000891865 
        13.5      145.017     0.999656  0.000481928  0.000891404 
        13.5      145.511     0.999682  0.000483514   0.00089093 
        13.5      146.007     0.999709  0.000484954  0.000890441 
        13.5      146.503     0.999738  0.000486241  0.000889935 
        13.5          147     0.999769  0.000487366  0.000889409 
        13.5      147.498     0.999802  0.000488322  0.000888861 
        13.5      147.997     0.999837    0.0004891   0.00088829 
        13.5      148.496     0.999875  0.000489692  0.000887691 
        13.5      148.997     0.999914  0.000490089  0.000887064 
        13.5      149.498     0.999956  0.000490282  0.000886405 
        13.5          150            1  0.000490263  0.000885712 
