Variables = x, y, u, v, p

Zone, I=600, F=POINT
        66.5         -0.5           -0           -0   0.00903624 
        66.5    -0.499581  0.000154527  1.40498e-10   0.00903624 
        66.5    -0.498322  0.000619123  4.72423e-09   0.00903625 
        66.5    -0.496225   0.00139387  2.61182e-08   0.00903627 
        66.5    -0.493289   0.00248052  8.46043e-08   0.00903629 
        66.5    -0.489514   0.00388097  2.07878e-07   0.00903631 
        66.5      -0.4849   0.00559769  4.30387e-07   0.00903634 
        66.5    -0.479447   0.00763363  7.92537e-07   0.00903636 
        66.5    -0.473155    0.0099923  1.33979e-06   0.00903639 
        66.5    -0.466024    0.0126777   2.1217e-06   0.00903641 
        66.5    -0.458055    0.0156939  3.19077e-06   0.00903643 
        66.5    -0.449246    0.0190466  4.60204e-06   0.00903644 
        66.5    -0.439599    0.0227404   6.4111e-06   0.00903645 
        66.5    -0.429113    0.0267817  8.67427e-06   0.00903646 
        66.5    -0.417787    0.0311768  1.14473e-05   0.00903646 
        66.5    -0.405623    0.0359318  1.47836e-05   0.00903645 
        66.5     -0.39262     0.041054  1.87348e-05   0.00903645 
        66.5    -0.378778    0.0465506  2.33486e-05   0.00903644 
        66.5    -0.364097    0.0524292  2.86676e-05   0.00903644 
        66.5    -0.348578    0.0586973  3.47269e-05   0.00903644 
        66.5    -0.332219    0.0653637  4.15528e-05   0.00903645 
        66.5    -0.315021    0.0724362  4.91565e-05   0.00903646 
        66.5    -0.296985    0.0799229  5.75297e-05   0.00903647 
        66.5     -0.27811    0.0878326  6.66384e-05   0.00903648 
        66.5    -0.258395    0.0961743  7.64111e-05   0.00903646 
        66.5    -0.237842     0.104956   8.7025e-05   0.00903641 
        66.5     -0.21645     0.114186  9.83836e-05   0.00903639 
        66.5    -0.194219     0.123875  0.000110349   0.00903636 
        66.5    -0.171149     0.134032  0.000122967   0.00903633 
        66.5     -0.14724     0.144669  0.000136264   0.00903627 
        66.5    -0.122493     0.155796  0.000150242   0.00903618 
        66.5    -0.096906     0.167426  0.000164894   0.00903606 
        66.5    -0.070481     0.179568  0.000180209    0.0090359 
        66.5    -0.043216     0.192236    0.0001962   0.00903574 
        66.5    -0.015113      0.20544  0.000212929   0.00903562 
        66.5     0.013829     0.219189  0.000230488   0.00903543 
        66.5     0.043611       0.2335  0.000249002   0.00903508 
        66.5     0.074231     0.248377   0.00026857   0.00903472 
        66.5      0.10569     0.263822  0.000289269   0.00903437 
        66.5     0.137987     0.279833  0.000311223   0.00903398 
        66.5     0.171124     0.296407   0.00033457   0.00903352 
        66.5       0.2051     0.313537  0.000359422   0.00903292 
        66.5     0.239914     0.331216  0.000385803   0.00903206 
        66.5     0.275568     0.349447  0.000413978   0.00903124 
        66.5      0.31206     0.368151  0.000443835   0.00903042 
        66.5     0.349391      0.38729  0.000475296   0.00902944 
        66.5     0.387562     0.406832  0.000508363   0.00902829 
        66.5     0.426571     0.426742  0.000542993   0.00902693 
        66.5     0.466419     0.446981  0.000579097   0.00902536 
        66.5     0.507106     0.467507  0.000616557   0.00902357 
        66.5     0.548631     0.488271  0.000655227   0.00902155 
        66.5     0.590996     0.509219  0.000694962   0.00901932 
        66.5       0.6342     0.530294  0.000735627   0.00901688 
        66.5     0.678242      0.55143  0.000777137   0.00901428 
        66.5     0.723124     0.572558  0.000819489   0.00901154 
        66.5     0.768844     0.593719   0.00086233   0.00900847 
        66.5     0.815403     0.614869  0.000905213   0.00900478 
        66.5     0.862801     0.635787  0.000948516   0.00900076 
        66.5     0.911038     0.656434  0.000992058   0.00899639 
        66.5     0.960114     0.676769   0.00103567   0.00899168 
        66.5      1.01003     0.696752   0.00107922   0.00898662 
        66.5      1.06078      0.71634   0.00112256   0.00898119 
        66.5      1.11238     0.735489   0.00116558   0.00897538 
        66.5      1.16481     0.754155   0.00120818    0.0089692 
        66.5      1.21808      0.77229   0.00125026   0.00896261 
        66.5      1.27219     0.789847   0.00129171   0.00895561 
        66.5      1.32713     0.806777   0.00133245   0.00894818 
        66.5      1.38292     0.823029   0.00137233   0.00894031 
        66.5      1.43955     0.838551   0.00141123   0.00893195 
        66.5      1.49701     0.853289   0.00144893    0.0089231 
        66.5      1.55532     0.867189   0.00148519   0.00891371 
        66.5      1.61446     0.880194   0.00151967   0.00890376 
        66.5      1.67444     0.892246   0.00155195   0.00889321 
        66.5      1.73526     0.903287   0.00158144   0.00888201 
        66.5      1.79692     0.913295   0.00160982     0.008871 
        66.5      1.85942     0.922589   0.00163727   0.00885978 
        66.5      1.92276     0.931206   0.00166331   0.00884808 
        66.5      1.98693     0.939151   0.00168793   0.00883594 
        66.5      2.05195     0.946432   0.00171113   0.00882337 
        66.5       2.1178     0.953058   0.00173289   0.00881039 
        66.5       2.1845      0.95904   0.00175322     0.008797 
        66.5      2.25203     0.964394   0.00177213   0.00878324 
        66.5       2.3204     0.969139   0.00178964   0.00876911 
        66.5      2.38961     0.973293   0.00180578   0.00875464 
        66.5      2.45966     0.976883   0.00182058   0.00873984 
        66.5      2.53055     0.979934   0.00183409   0.00872473 
        66.5      2.60227     0.982478   0.00184637   0.00870934 
        66.5      2.67484     0.984549   0.00185747   0.00869367 
        66.5      2.74824     0.986184   0.00186746   0.00867775 
        66.5      2.82248     0.987424   0.00187644   0.00866159 
        66.5      2.89757     0.988314   0.00188449   0.00864521 
        66.5      2.97349     0.988902   0.00189172   0.00862862 
        66.5      3.05025     0.989242   0.00189825   0.00861183 
        66.5      3.12785     0.989389   0.00190419   0.00859485 
        66.5      3.20628     0.989405   0.00190968    0.0085777 
        66.5      3.28556     0.989354   0.00191488   0.00856039 
        66.5      3.36567     0.989306   0.00191994    0.0085429 
        66.5      3.44663     0.989334   0.00192502   0.00852526 
        66.5      3.52842     0.989516   0.00193031   0.00850745 
        66.5      3.61105     0.989935     0.001936   0.00848947 
        66.5      3.69453     0.990678   0.00194228   0.00847131 
        66.5      3.77884     0.991373   0.00195108   0.00845216 
        66.5      3.86398     0.991303   0.00195779   0.00843251 
        66.5      3.94997     0.991214   0.00196157   0.00841366 
        66.5       4.0368     0.991127   0.00196621   0.00839488 
        66.5      4.12446     0.991053    0.0019719    0.0083758 
        66.5      4.21297     0.990986   0.00197554   0.00835636 
        66.5      4.30231     0.990934   0.00198037   0.00833634 
        66.5       4.3925     0.990902   0.00198713    0.0083155 
        66.5      4.48352     0.990925   0.00199149    0.0082946 
        66.5      4.57538     0.990991   0.00199401   0.00827483 
        66.5      4.66807      0.99106    0.0019994   0.00825506 
        66.5      4.76161     0.991123   0.00200642   0.00823468 
        66.5      4.85599     0.991172   0.00201262   0.00821332 
        66.5      4.95121     0.991201   0.00201531   0.00819087 
        66.5      5.04726     0.991229   0.00201978   0.00816987 
        66.5      5.14415     0.991257   0.00202564   0.00814896 
        66.5      5.24189     0.991282    0.0020311   0.00812753 
        66.5      5.34046     0.991305   0.00203597   0.00810569 
        66.5      5.43987     0.991325   0.00204017   0.00808354 
        66.5      5.54012     0.991346   0.00204374   0.00806121 
        66.5      5.64121     0.991368     0.002048   0.00803872 
        66.5      5.74313     0.991392   0.00205253   0.00801581 
        66.5       5.8459      0.99142   0.00205684   0.00799266 
        66.5       5.9495     0.991452   0.00206105   0.00796946 
        66.5      6.05395     0.991486   0.00206545   0.00794633 
        66.5      6.15923     0.991519   0.00207046   0.00792339 
        66.5      6.26535     0.991548   0.00207465   0.00789976 
        66.5      6.37231     0.991574   0.00207835   0.00787581 
        66.5      6.48011     0.991598   0.00208206   0.00785177 
        66.5      6.58875     0.991621   0.00208581   0.00782764 
        66.5      6.69822     0.991643   0.00208962   0.00780339 
        66.5      6.80854     0.991664   0.00209348     0.007779 
        66.5       6.9197     0.991684   0.00209736   0.00775444 
        66.5      7.03169     0.991704    0.0021012   0.00772969 
        66.5      7.14452     0.991723   0.00210494   0.00770471 
        66.5      7.25819     0.991742    0.0021085   0.00767947 
        66.5       7.3727     0.991761   0.00211181   0.00765393 
        66.5      7.48806     0.991779   0.00211479    0.0076281 
        66.5      7.60424     0.991799   0.00211774   0.00760257 
        66.5      7.72127     0.991819    0.0021206   0.00757696 
        66.5      7.83914     0.991842   0.00212343   0.00755127 
        66.5      7.95784     0.991867   0.00212631   0.00752552 
        66.5      8.07739     0.991896   0.00212935   0.00749975 
        66.5      8.19777     0.991925   0.00213231   0.00747333 
        66.5      8.31899     0.991954   0.00213523   0.00744664 
        66.5      8.44105     0.991984   0.00213807   0.00741974 
        66.5      8.56395     0.992016   0.00214064   0.00739279 
        66.5      8.68769     0.992049    0.0021428   0.00736593 
        66.5      8.81227     0.992082   0.00214484   0.00733895 
        66.5      8.93768     0.992115   0.00214679   0.00731184 
        66.5      9.06394     0.992149   0.00214866   0.00728459 
        66.5      9.19103     0.992183   0.00215047   0.00725721 
        66.5      9.31897     0.992217   0.00215223    0.0072297 
        66.5      9.44774     0.992251   0.00215392   0.00720204 
        66.5      9.57735     0.992284   0.00215554   0.00717425 
        66.5       9.7078     0.992317   0.00215708   0.00714633 
        66.5      9.83909     0.992349   0.00215852   0.00711828 
        66.5      9.97121     0.992381   0.00215984   0.00709011 
        66.5      10.1042     0.992412   0.00216102   0.00706183 
        66.5       10.238     0.992443   0.00216205   0.00703344 
        66.5      10.3726     0.992472   0.00216293   0.00700496 
        66.5      10.5081     0.992501   0.00216364   0.00697641 
        66.5      10.6444     0.992529   0.00216419    0.0069478 
        66.5      10.7816     0.992556   0.00216461   0.00691914 
        66.5      10.9196     0.992581   0.00216493   0.00689047 
        66.5      11.0584     0.992609   0.00216533   0.00686151 
        66.5      11.1981     0.992636   0.00216561   0.00683243 
        66.5      11.3386     0.992664   0.00216574   0.00680328 
        66.5        11.48     0.992692   0.00216572   0.00677408 
        66.5      11.6222      0.99272   0.00216555   0.00674481 
        66.5      11.7652     0.992749   0.00216524   0.00671548 
        66.5      11.9091     0.992778    0.0021648    0.0066861 
        66.5      12.0538     0.992807   0.00216422   0.00665665 
        66.5      12.1993     0.992837   0.00216351   0.00662715 
        66.5      12.3457     0.992867   0.00216267   0.00659759 
        66.5       12.493     0.992897    0.0021617   0.00656797 
        66.5       12.641     0.992928   0.00216062    0.0065383 
        66.5      12.7899     0.992958   0.00215941   0.00650857 
        66.5      12.9397      0.99299   0.00215808   0.00647879 
        66.5      13.0903     0.993021   0.00215664   0.00644896 
        66.5      13.2417     0.993053   0.00215509   0.00641907 
        66.5      13.3939     0.993084   0.00215342   0.00638914 
        66.5       13.547     0.993116   0.00215163   0.00635916 
        66.5       13.701     0.993149   0.00214973   0.00632913 
        66.5      13.8558     0.993181   0.00214772   0.00629905 
        66.5      14.0114     0.993213   0.00214559   0.00626894 
        66.5      14.1678     0.993246   0.00214334   0.00623878 
        66.5      14.3251     0.993278   0.00214096   0.00620864 
        66.5      14.4833      0.99331   0.00213842    0.0061787 
        66.5      14.6422     0.993343   0.00213577   0.00614871 
        66.5       14.802     0.993375   0.00213302   0.00611868 
        66.5      14.9627     0.993407   0.00213015   0.00608862 
        66.5      15.1242     0.993439   0.00212718   0.00605852 
        66.5      15.2865     0.993472   0.00212409   0.00602839 
        66.5      15.4497     0.993504    0.0021209   0.00599822 
        66.5      15.6137     0.993536    0.0021176   0.00596803 
        66.5      15.7785     0.993568    0.0021142   0.00593781 
        66.5      15.9442     0.993599   0.00211056   0.00590775 
        66.5      16.1107      0.99363   0.00210684   0.00587768 
        66.5      16.2781     0.993662   0.00210304   0.00584763 
        66.5      16.4463     0.993693   0.00209915   0.00581759 
        66.5      16.6153     0.993725   0.00209518   0.00578755 
        66.5      16.7852     0.993756   0.00209111   0.00575754 
        66.5      16.9559     0.993787   0.00208696   0.00572755 
        66.5      17.1275     0.993819   0.00208268   0.00569758 
        66.5      17.2999      0.99385   0.00207823   0.00566765 
        66.5      17.4731     0.993881   0.00207369   0.00563775 
        66.5      17.6472     0.993913   0.00206905    0.0056079 
        66.5      17.8221     0.993944   0.00206431   0.00557809 
        66.5      17.9979     0.993975   0.00205948   0.00554832 
        66.5      18.1744     0.994006   0.00205455   0.00551859 
        66.5      18.3519     0.994038   0.00204953   0.00548891 
        66.5      18.5301     0.994069   0.00204442   0.00545928 
        66.5      18.7093       0.9941   0.00203922    0.0054297 
        66.5      18.8892     0.994131   0.00203393   0.00540018 
        66.5        19.07     0.994162   0.00202854   0.00537071 
        66.5      19.2516     0.994193   0.00202307    0.0053413 
        66.5      19.4341     0.994224   0.00201751   0.00531196 
        66.5      19.6174     0.994256   0.00201186   0.00528267 
        66.5      19.8015     0.994286   0.00200612   0.00525345 
        66.5      19.9865     0.994317    0.0020003    0.0052243 
        66.5      20.1723     0.994348    0.0019944   0.00519522 
        66.5       20.359     0.994379   0.00198841   0.00516621 
        66.5      20.5465      0.99441   0.00198235   0.00513728 
        66.5      20.7348     0.994441   0.00197621   0.00510842 
        66.5       20.924     0.994471      0.00197   0.00507964 
        66.5       21.114     0.994502   0.00196371   0.00505095 
        66.5      21.3048     0.994532   0.00195736   0.00502233 
        66.5      21.4965     0.994562   0.00195094   0.00499381 
        66.5       21.689     0.994593   0.00194447   0.00496537 
        66.5      21.8824     0.994623   0.00193794   0.00493703 
        66.5      22.0766     0.994653   0.00193136   0.00490878 
        66.5      22.2717     0.994682   0.00192475   0.00488062 
        66.5      22.4675     0.994712   0.00191809   0.00485256 
        66.5      22.6643     0.994742   0.00191133   0.00482458 
        66.5      22.8618     0.994771   0.00190446   0.00479668 
        66.5      23.0602     0.994801   0.00189754   0.00476887 
        66.5      23.2595     0.994831   0.00189057   0.00474116 
        66.5      23.4596      0.99486   0.00188356   0.00471356 
        66.5      23.6605     0.994889    0.0018765   0.00468606 
        66.5      23.8622     0.994919    0.0018694   0.00465866 
        66.5      24.0648     0.994948   0.00186225   0.00463137 
        66.5      24.2683     0.994977   0.00185507   0.00460419 
        66.5      24.4725     0.995006   0.00184784   0.00457711 
        66.5      24.6776     0.995035   0.00184056   0.00455014 
        66.5      24.8836     0.995064   0.00183325   0.00452328 
        66.5      25.0904     0.995092    0.0018259   0.00449653 
        66.5       25.298     0.995121   0.00181851   0.00446989 
        66.5      25.5065     0.995149   0.00181109   0.00444337 
        66.5      25.7158     0.995178   0.00180363   0.00441696 
        66.5      25.9259     0.995206   0.00179613   0.00439066 
        66.5      26.1369     0.995234   0.00178861   0.00436447 
        66.5      26.3487     0.995262   0.00178105   0.00433841 
        66.5      26.5614      0.99529   0.00177347   0.00431245 
        66.5      26.7749     0.995318   0.00176586   0.00428662 
        66.5      26.9892     0.995346   0.00175823   0.00426091 
        66.5      27.2044     0.995373   0.00175059   0.00423532 
        66.5      27.4204     0.995401   0.00174293   0.00420985 
        66.5      27.6373     0.995428   0.00173524   0.00418451 
        66.5       27.855     0.995456   0.00172753   0.00415928 
        66.5      28.0735     0.995483    0.0017198   0.00413417 
        66.5      28.2929      0.99551   0.00171205   0.00410918 
        66.5      28.5131     0.995537   0.00170428   0.00408432 
        66.5      28.7342     0.995564   0.00169651   0.00405958 
        66.5      28.9561     0.995591   0.00168872   0.00403496 
        66.5      29.1788     0.995617   0.00168093   0.00401047 
        66.5      29.4024     0.995644   0.00167313    0.0039861 
        66.5      29.6268      0.99567   0.00166533   0.00396186 
        66.5       29.852     0.995697   0.00165752   0.00393774 
        66.5      30.0781     0.995723   0.00164972   0.00391375 
        66.5       30.305     0.995749   0.00164192   0.00388988 
        66.5      30.5328     0.995775   0.00163412   0.00386615 
        66.5      30.7614     0.995801   0.00162632   0.00384254 
        66.5      30.9908     0.995827   0.00161852   0.00381905 
        66.5      31.2211     0.995852   0.00161073    0.0037957 
        66.5      31.4522     0.995878   0.00160293   0.00377247 
        66.5      31.6842     0.995903   0.00159514   0.00374937 
        66.5       31.917     0.995928   0.00158734    0.0037264 
        66.5      32.1506     0.995954   0.00157954   0.00370356 
        66.5      32.3851     0.995979   0.00157173   0.00368085 
        66.5      32.6204     0.996004   0.00156391   0.00365826 
        66.5      32.8565     0.996028   0.00155607   0.00363581 
        66.5      33.0935     0.996053   0.00154824   0.00361348 
        66.5      33.3314     0.996078   0.00154055    0.0035913 
        66.5        33.57     0.996102   0.00153287   0.00356925 
        66.5      33.8095     0.996126   0.00152521   0.00354732 
        66.5      34.0499      0.99615   0.00151755   0.00352552 
        66.5      34.2911     0.996174   0.00150991   0.00350384 
        66.5      34.5331     0.996198   0.00150228   0.00348229 
        66.5       34.776     0.996222   0.00149467   0.00346087 
        66.5      35.0197     0.996246   0.00148707   0.00343957 
        66.5      35.2642     0.996269   0.00147948   0.00341841 
        66.5      35.5096     0.996293   0.00147192   0.00339737 
        66.5      35.7558     0.996316   0.00146436   0.00337645 
        66.5      36.0029     0.996339   0.00145683   0.00335567 
        66.5      36.2508     0.996362   0.00144932   0.00333501 
        66.5      36.4995     0.996385   0.00144183   0.00331448 
        66.5      36.7491     0.996408   0.00143435   0.00329407 
        66.5      36.9995     0.996431    0.0014269    0.0032738 
        66.5      37.2507     0.996453   0.00141947   0.00325365 
        66.5      37.5028     0.996476   0.00141207   0.00323363 
        66.5      37.7558     0.996498   0.00140469   0.00321374 
        66.5      38.0095     0.996521   0.00139733   0.00319397 
        66.5      38.2641     0.996543   0.00139001   0.00317433 
        66.5      38.5196     0.996565    0.0013827   0.00315482 
        66.5      38.7759     0.996587   0.00137543   0.00313544 
        66.5       39.033     0.996609   0.00136819   0.00311618 
        66.5      39.2909      0.99663   0.00136097   0.00309704 
        66.5      39.5498     0.996652   0.00135379   0.00307804 
        66.5      39.8094     0.996674   0.00134664   0.00305915 
        66.5      40.0699     0.996695   0.00133952    0.0030404 
        66.5      40.3312     0.996716   0.00133243   0.00302176 
        66.5      40.5933     0.996737   0.00132538   0.00300326 
        66.5      40.8563     0.996759   0.00131837   0.00298487 
        66.5      41.1202     0.996779   0.00131138   0.00296661 
        66.5      41.3849       0.9968   0.00130444   0.00294847 
        66.5      41.6504     0.996821   0.00129753   0.00293045 
        66.5      41.9167     0.996842   0.00129066   0.00291256 
        66.5      42.1839     0.996862   0.00128383   0.00289479 
        66.5      42.4519     0.996883   0.00127704   0.00287713 
        66.5      42.7208     0.996903   0.00127028    0.0028596 
        66.5      42.9905     0.996923   0.00126357   0.00284218 
        66.5      43.2611     0.996943   0.00125689   0.00282488 
        66.5      43.5325     0.996963   0.00125025    0.0028077 
        66.5      43.8047     0.996983   0.00124366   0.00279064 
        66.5      44.0777     0.997003    0.0012371   0.00277369 
        66.5      44.3516     0.997022   0.00123058   0.00275686 
        66.5      44.6264     0.997042    0.0012241   0.00274014 
        66.5       44.902     0.997061   0.00121766   0.00272354 
        66.5      45.1784      0.99708   0.00121126   0.00270704 
        66.5      45.4556       0.9971    0.0012049   0.00269066 
        66.5      45.7337     0.997119   0.00119858   0.00267439 
        66.5      46.0127     0.997137   0.00119229   0.00265823 
        66.5      46.2925     0.997156   0.00118604   0.00264217 
        66.5      46.5731     0.997175   0.00117982   0.00262622 
        66.5      46.8545     0.997193   0.00117364   0.00261038 
        66.5      47.1368     0.997212   0.00116748   0.00259464 
        66.5      47.4199      0.99723   0.00116136   0.00257901 
        66.5      47.7039     0.997248   0.00115527   0.00256347 
        66.5      47.9887     0.997266   0.00114914   0.00254806 
        66.5      48.2744     0.997283   0.00114295   0.00253275 
        66.5      48.5609     0.997301   0.00113672   0.00251752 
        66.5      48.8482     0.997318   0.00113046   0.00250237 
        66.5      49.1363     0.997336   0.00112461   0.00248753 
        66.5      49.4253     0.997353    0.0011194   0.00247302 
        66.5      49.7152     0.997371   0.00111433   0.00245857 
        66.5      50.0059     0.997389   0.00110938   0.00244419 
        66.5      50.2974     0.997406   0.00110353   0.00242984 
        66.5      50.5897     0.997424   0.00109772   0.00241556 
        66.5      50.8829     0.997442   0.00109198   0.00240136 
        66.5       51.177     0.997459   0.00108631   0.00238724 
        66.5      51.4719     0.997477   0.00108069   0.00237321 
        66.5      51.7676     0.997494   0.00107513   0.00235926 
        66.5      52.0641     0.997511   0.00106961   0.00234539 
        66.5      52.3615     0.997528   0.00106414   0.00233162 
        66.5      52.6597     0.997544   0.00105871   0.00231794 
        66.5      52.9588     0.997561   0.00105331   0.00230436 
        66.5      53.2587     0.997577   0.00104795   0.00229087 
        66.5      53.5595     0.997594   0.00104261   0.00227748 
        66.5      53.8611      0.99761   0.00103731   0.00226418 
        66.5      54.1635     0.997626   0.00103204     0.002251 
        66.5      54.4667     0.997642    0.0010268   0.00223791 
        66.5      54.7708     0.997658   0.00102159   0.00222493 
        66.5      55.0758     0.997674   0.00101641   0.00221205 
        66.5      55.3816     0.997689   0.00101126   0.00219928 
        66.5      55.6882     0.997705   0.00100614   0.00218661 
        66.5      55.9956     0.997721   0.00100106   0.00217405 
        66.5      56.3039     0.997736  0.000996016    0.0021616 
        66.5      56.6131     0.997751   0.00099101   0.00214926 
        66.5      56.9231     0.997766  0.000986046   0.00213703 
        66.5      57.2339     0.997781  0.000981125    0.0021249 
        66.5      57.5455     0.997796  0.000976249   0.00211289 
        66.5       57.858     0.997811   0.00097142   0.00210098 
        66.5      58.1713     0.997826  0.000966641   0.00208917 
        66.5      58.4855     0.997841  0.000961912   0.00207748 
        66.5      58.8005     0.997855  0.000957235   0.00206588 
        66.5      59.1164      0.99787  0.000952612   0.00205439 
        66.5      59.4331     0.997884  0.000948042   0.00204301 
        66.5      59.7506     0.997898  0.000943526   0.00203172 
        66.5       60.069     0.997913  0.000939063   0.00202053 
        66.5      60.3882     0.997927  0.000934651   0.00200944 
        66.5      60.7082     0.997941  0.000930288   0.00199845 
        66.5      61.0291     0.997955  0.000925972   0.00198754 
        66.5      61.3508     0.997969  0.000921698   0.00197672 
        66.5      61.6734     0.997983   0.00091746   0.00196599 
        66.5      61.9968     0.997996  0.000913253   0.00195534 
        66.5       62.321      0.99801  0.000909068   0.00194477 
        66.5      62.6461     0.998024  0.000904896   0.00193428 
        66.5       62.972     0.998038  0.000900727   0.00192385 
        66.5      63.2987     0.998051  0.000896548   0.00191349 
        66.5      63.6263     0.998065  0.000892346    0.0019032 
        66.5      63.9548     0.998079  0.000888102   0.00189296 
        66.5       64.284     0.998093  0.000883801   0.00188277 
        66.5      64.6141     0.998107  0.000879421   0.00187262 
        66.5      64.9451     0.998121   0.00087494   0.00186252 
        66.5      65.2769     0.998135  0.000870332   0.00185245 
        66.5      65.6095     0.998147   0.00086695   0.00184237 
        66.5       65.943     0.998158  0.000863709   0.00183237 
        66.5      66.2773     0.998169  0.000860415   0.00182247 
        66.5      66.6124     0.998181  0.000857075   0.00181267 
        66.5      66.9484     0.998192  0.000853696   0.00180297 
        66.5      67.2852     0.998204  0.000850286   0.00179336 
        66.5      67.6229     0.998216  0.000846852   0.00178384 
        66.5      67.9614     0.998228    0.0008434   0.00177442 
        66.5      68.3007      0.99824  0.000839937   0.00176508 
        66.5      68.6409     0.998252  0.000836467   0.00175583 
        66.5      68.9819     0.998264  0.000832996   0.00174667 
        66.5      69.3238     0.998276  0.000829529   0.00173759 
        66.5      69.6664     0.998288   0.00082607    0.0017286 
        66.5        70.01       0.9983  0.000822623   0.00171969 
        66.5      70.3543     0.998312  0.000819192   0.00171086 
        66.5      70.6996     0.998324   0.00081578   0.00170211 
        66.5      71.0456     0.998336   0.00081239   0.00169344 
        66.5      71.3925     0.998348  0.000809024   0.00168485 
        66.5      71.7402      0.99836  0.000805685   0.00167633 
        66.5      72.0888     0.998372  0.000802373   0.00166788 
        66.5      72.4382     0.998383  0.000799092   0.00165951 
        66.5      72.7884     0.998395  0.000795841   0.00165121 
        66.5      73.1395     0.998406  0.000792622   0.00164299 
        66.5      73.4914     0.998417  0.000789436   0.00163483 
        66.5      73.8442     0.998428  0.000786282   0.00162674 
        66.5      74.1978     0.998439  0.000783161   0.00161872 
        66.5      74.5522      0.99845  0.000780072   0.00161076 
        66.5      74.9075     0.998461  0.000777015   0.00160287 
        66.5      75.2636     0.998472   0.00077399   0.00159505 
        66.5      75.6206     0.998483  0.000770994   0.00158729 
        66.5      75.9784     0.998493  0.000768028   0.00157959 
        66.5       76.337     0.998504   0.00076509   0.00157196 
        66.5      76.6965     0.998514  0.000762179   0.00156439 
        66.5      77.0568     0.998524  0.000759293   0.00155688 
        66.5      77.4179     0.998534   0.00075643   0.00154943 
        66.5      77.7799     0.998544  0.000753589   0.00154204 
        66.5      78.1427     0.998554  0.000750767   0.00153471 
        66.5      78.5064     0.998564  0.000747964   0.00152743 
        66.5      78.8709     0.998574  0.000745178   0.00152022 
        66.5      79.2363     0.998584  0.000742405   0.00151306 
        66.5      79.6024     0.998593  0.000739645   0.00150597 
        66.5      79.9695     0.998603  0.000736896   0.00149893 
        66.5      80.3373     0.998613  0.000734156   0.00149194 
        66.5       80.706     0.998622  0.000731424   0.00148502 
        66.5      81.0756     0.998632  0.000728697   0.00147815 
        66.5      81.4459     0.998641  0.000725975   0.00147134 
        66.5      81.8171     0.998651  0.000723257   0.00146458 
        66.5      82.1892      0.99866  0.000720542   0.00145789 
        66.5      82.5621      0.99867  0.000717829   0.00145125 
        66.5      82.9358     0.998679  0.000715118   0.00144467 
        66.5      83.3104     0.998689  0.000712409   0.00143815 
        66.5      83.6858     0.998698  0.000709702   0.00143168 
        66.5      84.0621     0.998708  0.000706998   0.00142528 
        66.5      84.4391     0.998717  0.000704299   0.00141893 
        66.5      84.8171     0.998727  0.000701606   0.00141265 
        66.5      85.1958     0.998736  0.000698921   0.00140643 
        66.5      85.5754     0.998745  0.000696247   0.00140027 
        66.5      85.9559     0.998755  0.000693587   0.00139417 
        66.5      86.3372     0.998764  0.000690946   0.00138814 
        66.5      86.7193     0.998773  0.000688328   0.00138218 
        66.5      87.1022     0.998783  0.000685738   0.00137628 
        66.5       87.486     0.998792  0.000683183   0.00137045 
        66.5      87.8707     0.998801   0.00068067   0.00136468 
        66.5      88.2562      0.99881  0.000678206   0.00135899 
        66.5      88.6425     0.998819  0.000675801   0.00135338 
        66.5      89.0296     0.998827  0.000673464   0.00134783 
        66.5      89.4176     0.998835  0.000671256   0.00134239 
        66.5      89.8065     0.998841  0.000669144   0.00133706 
        66.5      90.1961     0.998847  0.000667097    0.0013318 
        66.5      90.5866     0.998853  0.000665116   0.00132661 
        66.5       90.978     0.998858  0.000663206   0.00132146 
        66.5      91.3702     0.998862  0.000661369   0.00131636 
        66.5      91.7632     0.998865  0.000659605   0.00131129 
        66.5      92.1571     0.998867  0.000657916   0.00130624 
        66.5      92.5518     0.998868    0.0006563   0.00130118 
        66.5      92.9473     0.998866  0.000654755   0.00129611 
        66.5      93.3437     0.998861  0.000653279   0.00129102 
        66.5      93.7409     0.998854  0.000651865   0.00128587 
        66.5       94.139     0.998844  0.000650508   0.00128067 
        66.5      94.5379     0.998835  0.000649153    0.0012756 
        66.5      94.9376     0.998852  0.000647583    0.0012716 
        66.5      95.3382     0.998868  0.000646007    0.0012677 
        66.5      95.7396     0.998884   0.00064443   0.00126388 
        66.5      96.1419       0.9989  0.000642856   0.00126014 
        66.5       96.545     0.998915  0.000641289   0.00125649 
        66.5      96.9489      0.99893  0.000639732   0.00125292 
        66.5      97.3537     0.998944   0.00063819   0.00124944 
        66.5      97.7593     0.998958  0.000636666   0.00124604 
        66.5      98.1657     0.998972  0.000635163   0.00124272 
        66.5       98.573     0.998985  0.000633685   0.00123948 
        66.5      98.9811     0.998998  0.000632235   0.00123632 
        66.5      99.3901      0.99901  0.000630817   0.00123323 
        66.5      99.7999     0.999022  0.000629433   0.00123023 
        66.5      100.211     0.999034  0.000628059   0.00122724 
        66.5      100.622     0.999046  0.000625774   0.00122259 
        66.5      101.034     0.999059  0.000623486   0.00121801 
        66.5      101.448      0.99907  0.000621197    0.0012135 
        66.5      101.862     0.999082  0.000618913   0.00120906 
        66.5      102.276     0.999093  0.000616636   0.00120469 
        66.5      102.692     0.999103   0.00061437   0.00120038 
        66.5      103.109     0.999113  0.000612119   0.00119614 
        66.5      103.526     0.999123  0.000609886   0.00119197 
        66.5      103.944     0.999132  0.000607674   0.00118786 
        66.5      104.363      0.99914  0.000605485   0.00118382 
        66.5      104.783     0.999148  0.000603323   0.00117984 
        66.5      105.204     0.999156   0.00060119   0.00117592 
        66.5      105.625     0.999163  0.000599088   0.00117206 
        66.5      106.048      0.99917   0.00059702   0.00116826 
        66.5      106.471     0.999177  0.000594986   0.00116453 
        66.5      106.895     0.999183  0.000592989   0.00116085 
        66.5       107.32     0.999188  0.000591031   0.00115722 
        66.5      107.746     0.999194  0.000589112   0.00115366 
        66.5      108.172     0.999198  0.000587234   0.00115015 
        66.5        108.6     0.999203  0.000585398    0.0011467 
        66.5      109.028     0.999207  0.000583605    0.0011433 
        66.5      109.457      0.99921  0.000581854   0.00113995 
        66.5      109.887     0.999214  0.000580148   0.00113666 
        66.5      110.318     0.999216  0.000578485   0.00113342 
        66.5      110.749     0.999219  0.000576867   0.00113024 
        66.5      111.182     0.999221  0.000575293    0.0011271 
        66.5      111.615     0.999223  0.000573763   0.00112401 
        66.5      112.049     0.999225  0.000572276   0.00112097 
        66.5      112.484     0.999226  0.000570833   0.00111799 
        66.5       112.92     0.999227  0.000569432   0.00111505 
        66.5      113.357     0.999227  0.000568073   0.00111215 
        66.5      113.794     0.999228  0.000566755   0.00110931 
        66.5      114.232     0.999228  0.000565476   0.00110651 
        66.5      114.672     0.999228  0.000564237   0.00110375 
        66.5      115.112     0.999227  0.000563034   0.00110104 
        66.5      115.552     0.999227  0.000561868   0.00109838 
        66.5      115.994     0.999226  0.000560736   0.00109576 
        66.5      116.437     0.999225  0.000559637   0.00109318 
        66.5       116.88     0.999224   0.00055857   0.00109065 
        66.5      117.324     0.999222  0.000557531   0.00108815 
        66.5      117.769     0.999221   0.00055652    0.0010857 
        66.5      118.215     0.999219  0.000555534    0.0010833 
        66.5      118.662     0.999218  0.000554571   0.00108093 
        66.5      119.109     0.999216   0.00055363    0.0010786 
        66.5      119.558     0.999214  0.000552708   0.00107632 
        66.5      120.007     0.999213  0.000551802   0.00107407 
        66.5      120.457     0.999211   0.00055091   0.00107187 
        66.5      120.908     0.999209   0.00055003    0.0010697 
        66.5       121.36     0.999207   0.00054916   0.00106757 
        66.5      121.812     0.999205  0.000548297   0.00106549 
        66.5      122.266     0.999204  0.000547439   0.00106344 
        66.5       122.72     0.999202  0.000546582   0.00106143 
        66.5      123.175     0.999201  0.000545726   0.00105946 
        66.5      123.631     0.999199  0.000544866   0.00105752 
        66.5      124.088     0.999198  0.000544001   0.00105563 
        66.5      124.546     0.999197  0.000543129   0.00105377 
        66.5      125.004     0.999196  0.000542246   0.00105196 
        66.5      125.463     0.999196   0.00054135   0.00105018 
        66.5      125.923     0.999196   0.00054044   0.00104843 
        66.5      126.384     0.999196  0.000539513   0.00104673 
        66.5      126.846     0.999196  0.000538566   0.00104507 
        66.5      127.309     0.999196  0.000537598   0.00104344 
        66.5      127.772     0.999197  0.000536606   0.00104185 
        66.5      128.237     0.999198  0.000535589   0.00104031 
        66.5      128.702       0.9992  0.000534544    0.0010388 
        66.5      129.168     0.999202  0.000533471   0.00103733 
        66.5      129.635     0.999205  0.000532368    0.0010359 
        66.5      130.102     0.999208  0.000531232   0.00103451 
        66.5      130.571     0.999211  0.000530064   0.00103316 
        66.5       131.04     0.999215  0.000528861   0.00103185 
        66.5      131.511      0.99922  0.000527623   0.00103058 
        66.5      131.982     0.999225   0.00052635   0.00102936 
        66.5      132.453      0.99923  0.000525041   0.00102817 
        66.5      132.926     0.999237  0.000523695   0.00102703 
        66.5        133.4     0.999243  0.000522313   0.00102594 
        66.5      133.874     0.999251  0.000520895   0.00102488 
        66.5      134.349     0.999259  0.000519441   0.00102388 
        66.5      134.825     0.999268  0.000517953   0.00102291 
        66.5      135.302     0.999278  0.000516432     0.001022 
        66.5       135.78     0.999288  0.000514878   0.00102113 
        66.5      136.259     0.999299  0.000513294   0.00102031 
        66.5      136.738     0.999311  0.000511682   0.00101954 
        66.5      137.218     0.999324  0.000510045   0.00101882 
        66.5        137.7     0.999338  0.000508384   0.00101815 
        66.5      138.182     0.999352  0.000506705   0.00101754 
        66.5      138.664     0.999367  0.000505009   0.00101697 
        66.5      139.148     0.999384  0.000503303   0.00101646 
        66.5      139.632     0.999401  0.000501589   0.00101601 
        66.5      140.118     0.999419  0.000499873   0.00101562 
        66.5      140.604     0.999438  0.000498162   0.00101528 
        66.5      141.091     0.999458   0.00049646     0.001015 
        66.5      141.579     0.999479  0.000494774   0.00101478 
        66.5      142.067     0.999501  0.000493112   0.00101463 
        66.5      142.557     0.999524  0.000491482   0.00101454 
        66.5      143.047     0.999548  0.000489891   0.00101452 
        66.5      143.538     0.999573   0.00048835   0.00101456 
        66.5       144.03     0.999599  0.000486866   0.00101467 
        66.5      144.523     0.999626  0.000485451   0.00101486 
        66.5      145.017     0.999655  0.000484116   0.00101512 
        66.5      145.511     0.999684  0.000482872   0.00101545 
        66.5      146.007     0.999715  0.000481731   0.00101586 
        66.5      146.503     0.999746  0.000480707   0.00101634 
        66.5          147     0.999779  0.000479813   0.00101691 
        66.5      147.498     0.999813  0.000479065   0.00101756 
        66.5      147.997     0.999848  0.000478478    0.0010183 
        66.5      148.496     0.999884  0.000478068   0.00101913 
        66.5      148.997     0.999922  0.000477852   0.00102004 
        66.5      149.498      0.99996  0.000477849   0.00102105 
        66.5          150            1  0.000478078   0.00102215 
