Variables = x, y, u, v, p

Zone, I=600, F=POINT
       107.5            0           -0           -0  -0.00399008 
       107.5     0.000418  0.000241785 -2.60242e-08  -0.00399012 
       107.5     0.001672  0.000967664 -9.30078e-08  -0.00399027 
       107.5     0.003763   0.00217978 -1.68187e-07  -0.00399051 
       107.5     0.006689   0.00387955 -1.98368e-07  -0.00399084 
       107.5     0.010451   0.00607111  -1.1225e-07  -0.00399127 
       107.5      0.01505   0.00875953  1.77297e-07  -0.00399177 
       107.5     0.020485    0.0119496  7.70409e-07  -0.00399234 
       107.5     0.026756    0.0156474  1.77803e-06  -0.00399295 
       107.5     0.033863    0.0198597  3.32038e-06  -0.00399359 
       107.5     0.041806     0.024594  5.52661e-06  -0.00399421 
       107.5     0.050585    0.0298581  8.53598e-06  -0.00399477 
       107.5     0.060201    0.0356606  1.25011e-05  -0.00399523 
       107.5     0.070652    0.0420086  1.75905e-05  -0.00399552 
       107.5      0.08194    0.0489116   2.3998e-05   -0.0039956 
       107.5     0.094063    0.0563764  3.19442e-05  -0.00399542 
       107.5     0.107023    0.0644118  4.16879e-05  -0.00399495 
       107.5     0.120819    0.0730242  5.35242e-05  -0.00399418 
       107.5     0.135451    0.0822196  6.77862e-05  -0.00399317 
       107.5     0.150919    0.0920031  8.48349e-05  -0.00399203 
       107.5     0.167224     0.102379  0.000105039  -0.00399095 
       107.5     0.184364     0.113348  0.000128729  -0.00399027 
       107.5     0.202341     0.124911  0.000156148  -0.00399048 
       107.5     0.221153     0.137065  0.000187339  -0.00399227 
       107.5     0.240802     0.149806  0.000222026  -0.00399659 
       107.5     0.261287     0.163277  0.000262321  -0.00399745 
       107.5     0.282608     0.177264  0.000309267  -0.00399408 
       107.5     0.304765      0.19157  0.000360765  -0.00399164 
       107.5     0.327758     0.206172  0.000416415  -0.00399004 
       107.5     0.351588      0.22105  0.000475795  -0.00398917 
       107.5     0.376253     0.236182  0.000538464  -0.00398888 
       107.5     0.401755     0.251547  0.000603989  -0.00398903 
       107.5     0.428092     0.267125  0.000671939  -0.00398944 
       107.5     0.455266     0.282897  0.000741909  -0.00398995 
       107.5     0.483276     0.298843  0.000813501   -0.0039904 
       107.5     0.512122     0.314946  0.000886322  -0.00399061 
       107.5     0.541805     0.331189  0.000959964  -0.00399046 
       107.5     0.572323     0.347555   0.00103395  -0.00398984 
       107.5     0.603677     0.364031    0.0011077  -0.00398871 
       107.5     0.635868     0.380605   0.00118045  -0.00398709 
       107.5     0.668894     0.397263    0.0012511  -0.00398506 
       107.5     0.702757     0.413997   0.00131814  -0.00398285 
       107.5     0.737456     0.430798   0.00137946  -0.00398078 
       107.5     0.772991     0.448452    0.0014464  -0.00397995 
       107.5     0.809362     0.466736    0.0015195  -0.00397917 
       107.5      0.84657     0.485225   0.00159301  -0.00397785 
       107.5     0.884613     0.503892   0.00166721  -0.00397605 
       107.5     0.923492     0.522713   0.00174235   -0.0039738 
       107.5     0.963208     0.541662   0.00181862  -0.00397114 
       107.5      1.00376     0.560709   0.00189611  -0.00396813 
       107.5      1.04515     0.579825   0.00197486  -0.00396479 
       107.5      1.08737     0.598978   0.00205483  -0.00396116 
       107.5      1.13043     0.618135   0.00213589  -0.00395728 
       107.5      1.17433     0.637259   0.00221783  -0.00395316 
       107.5      1.21906     0.656315   0.00230038  -0.00394884 
       107.5      1.26463     0.675262   0.00238319  -0.00394429 
       107.5      1.31103     0.694059   0.00246588  -0.00393952 
       107.5      1.35827     0.712664   0.00254804   -0.0039345 
       107.5      1.40635     0.731029   0.00262924  -0.00392916 
       107.5      1.45526     0.749107   0.00270911  -0.00392346 
       107.5      1.50501     0.766847   0.00278736  -0.00391727 
       107.5       1.5556     0.784197   0.00286383  -0.00391047 
       107.5      1.60702     0.801098   0.00293857  -0.00390289 
       107.5      1.65928     0.817494   0.00301189  -0.00389434 
       107.5      1.71237     0.833323   0.00308449  -0.00388455 
       107.5       1.7663     0.848214   0.00315613  -0.00387424 
       107.5      1.82106     0.861754   0.00322333  -0.00386543 
       107.5      1.87667     0.874654   0.00328788  -0.00385622 
       107.5      1.93311     0.886903   0.00334967  -0.00384658 
       107.5      1.99038     0.898494   0.00340863  -0.00383651 
       107.5      2.04849      0.90942   0.00346468  -0.00382597 
       107.5      2.10744     0.919677   0.00351778  -0.00381496 
       107.5      2.16722     0.929264   0.00356789  -0.00380346 
       107.5      2.22784     0.938181   0.00361502  -0.00379147 
       107.5      2.28929     0.946431   0.00365917  -0.00377897 
       107.5      2.35158      0.95402   0.00370039  -0.00376597 
       107.5      2.41471     0.960954   0.00373871  -0.00375246 
       107.5      2.47867     0.967246   0.00377422  -0.00373844 
       107.5      2.54347     0.972908     0.003807  -0.00372394 
       107.5      2.60911     0.977956   0.00383716  -0.00370895 
       107.5      2.67558      0.98241   0.00386482  -0.00369351 
       107.5      2.74288     0.986292   0.00389013  -0.00367764 
       107.5      2.81103     0.989628   0.00391321  -0.00366137 
       107.5      2.88001     0.992446   0.00393423  -0.00364476 
       107.5      2.94983      0.99478   0.00395334  -0.00362784 
       107.5      3.02048     0.996666   0.00397069  -0.00361067 
       107.5      3.09197     0.998142   0.00398641  -0.00359334 
       107.5      3.16429     0.999254   0.00400064  -0.00357592 
       107.5      3.23745      1.00005   0.00401349   -0.0035585 
       107.5      3.31145      1.00058   0.00402503  -0.00354118 
       107.5      3.38628       1.0009    0.0040353  -0.00352409 
       107.5      3.46195      1.00107   0.00404429  -0.00350736 
       107.5      3.53845      1.00117   0.00405193  -0.00349113 
       107.5      3.61579      1.00125   0.00405808  -0.00347557 
       107.5      3.69397      1.00139    0.0040625  -0.00346085 
       107.5      3.77298      1.00169   0.00406668  -0.00344377 
       107.5      3.85283      1.00201    0.0040756  -0.00341978 
       107.5      3.93352      1.00227   0.00408556  -0.00339736 
       107.5      4.01504      1.00247   0.00409578  -0.00337647 
       107.5       4.0974      1.00263   0.00410564  -0.00335708 
       107.5      4.18059      1.00274   0.00411458  -0.00333847 
       107.5      4.26462      1.00279   0.00412229  -0.00331736 
       107.5      4.34949       1.0028   0.00412947  -0.00329632 
       107.5      4.43519      1.00279   0.00413603  -0.00327537 
       107.5      4.52173      1.00275   0.00414196  -0.00325452 
       107.5       4.6091      1.00269    0.0041473  -0.00323377 
       107.5      4.69731      1.00263   0.00415216  -0.00321309 
       107.5      4.78636      1.00256    0.0041567  -0.00319244 
       107.5      4.87624       1.0025   0.00416113  -0.00317175 
       107.5      4.96696      1.00245   0.00416573  -0.00315093 
       107.5      5.05851      1.00241    0.0041708  -0.00312986 
       107.5       5.1509       1.0024   0.00417668   -0.0031084 
       107.5      5.24413      1.00242   0.00418374  -0.00308635 
       107.5       5.3382      1.00247   0.00419235  -0.00306352 
       107.5      5.43309      1.00255   0.00420292  -0.00303966 
       107.5      5.52883       1.0025   0.00420502  -0.00301743 
       107.5       5.6254      1.00246   0.00420768  -0.00299503 
       107.5      5.72281      1.00242   0.00421101  -0.00297243 
       107.5      5.82105      1.00239   0.00421489  -0.00294962 
       107.5      5.92013      1.00236   0.00421921  -0.00292663 
       107.5      6.02005      1.00234   0.00422384  -0.00290347 
       107.5       6.1208      1.00232   0.00422868  -0.00288013 
       107.5      6.22239       1.0023    0.0042336  -0.00285662 
       107.5      6.32482      1.00228   0.00423849  -0.00283295 
       107.5      6.42808      1.00226   0.00424327  -0.00280913 
       107.5      6.53217      1.00225   0.00424783  -0.00278514 
       107.5      6.63711      1.00223    0.0042521  -0.00276099 
       107.5      6.74287      1.00221   0.00425602  -0.00273667 
       107.5      6.84948      1.00218   0.00425954  -0.00271217 
       107.5      6.95692      1.00216   0.00426264  -0.00268749 
       107.5       7.0652      1.00214   0.00426532   -0.0026626 
       107.5      7.17431      1.00211   0.00426761   -0.0026375 
       107.5      7.28426      1.00208   0.00426962  -0.00261263 
       107.5      7.39505      1.00205   0.00427132  -0.00258844 
       107.5      7.50667      1.00202   0.00427266  -0.00256393 
       107.5      7.61913      1.00198   0.00427383  -0.00253903 
       107.5      7.73242      1.00194   0.00427511  -0.00251368 
       107.5      7.84655       1.0019   0.00427703  -0.00248827 
       107.5      7.96152      1.00188   0.00427909   -0.0024632 
       107.5      8.07732      1.00186   0.00428075  -0.00243795 
       107.5      8.19396      1.00183   0.00428206  -0.00241251 
       107.5      8.31143      1.00181   0.00428306  -0.00238692 
       107.5      8.42974      1.00179   0.00428378  -0.00236118 
       107.5      8.54889      1.00177   0.00428426  -0.00233531 
       107.5      8.66887      1.00174   0.00428453  -0.00230932 
       107.5      8.78969      1.00172   0.00428461  -0.00228323 
       107.5      8.91135       1.0017   0.00428453  -0.00225706 
       107.5      9.03384      1.00168    0.0042843  -0.00223081 
       107.5      9.15717      1.00166   0.00428395  -0.00220451 
       107.5      9.28133      1.00164   0.00428299  -0.00217844 
       107.5      9.40633      1.00161   0.00428176   -0.0021524 
       107.5      9.53216      1.00159    0.0042804  -0.00212633 
       107.5      9.65884      1.00157   0.00427893  -0.00210024 
       107.5      9.78634      1.00155   0.00427735  -0.00207414 
       107.5      9.91469      1.00153   0.00427565  -0.00204803 
       107.5      10.0439       1.0015   0.00427381  -0.00202192 
       107.5      10.1739      1.00148   0.00427183   -0.0019958 
       107.5      10.3047      1.00146   0.00426967  -0.00196969 
       107.5      10.4364      1.00143   0.00426731  -0.00194358 
       107.5      10.5689      1.00141   0.00426471  -0.00191747 
       107.5      10.7023      1.00139   0.00426185  -0.00189136 
       107.5      10.8365      1.00136    0.0042587  -0.00186526 
       107.5      10.9715      1.00133   0.00425523  -0.00183916 
       107.5      11.1074      1.00131   0.00425144  -0.00181306 
       107.5      11.2441      1.00128   0.00424731  -0.00178695 
       107.5      11.3817      1.00125   0.00424286  -0.00176084 
       107.5        11.52      1.00123    0.0042381   -0.0017347 
       107.5      11.6592       1.0012   0.00423309  -0.00170853 
       107.5      11.7993      1.00117   0.00422807  -0.00168239 
       107.5      11.9402      1.00114   0.00422331  -0.00165643 
       107.5      12.0819      1.00112   0.00421819  -0.00163049 
       107.5      12.2245      1.00109    0.0042128  -0.00160456 
       107.5      12.3679      1.00106   0.00420722  -0.00157863 
       107.5      12.5121      1.00103   0.00420157  -0.00155271 
       107.5      12.6572      1.00101   0.00419571  -0.00152712 
       107.5      12.8031      1.00098   0.00418961  -0.00150161 
       107.5      12.9498      1.00096   0.00418329  -0.00147616 
       107.5      13.0974      1.00094   0.00417675  -0.00145077 
       107.5      13.2458      1.00091   0.00416998  -0.00142544 
       107.5       13.395      1.00089     0.004163  -0.00140018 
       107.5      13.5451      1.00087    0.0041558  -0.00137498 
       107.5       13.696      1.00084   0.00414837  -0.00134987 
       107.5      13.8478      1.00082   0.00414072  -0.00132486 
       107.5      14.0004       1.0008   0.00413287  -0.00129993 
       107.5      14.1538      1.00077   0.00412484   -0.0012751 
       107.5      14.3081      1.00075   0.00411663  -0.00125036 
       107.5      14.4632      1.00073   0.00410824  -0.00122573 
       107.5      14.6191      1.00071   0.00409968   -0.0012012 
       107.5      14.7759      1.00068   0.00409095  -0.00117679 
       107.5      14.9335      1.00066   0.00408205  -0.00115248 
       107.5      15.0919      1.00064   0.00407299  -0.00112829 
       107.5      15.2512      1.00062   0.00406376  -0.00110422 
       107.5      15.4113      1.00059   0.00405438  -0.00108028 
       107.5      15.5723      1.00057   0.00404483  -0.00105646 
       107.5      15.7341      1.00055   0.00403513  -0.00103277 
       107.5      15.8967      1.00053   0.00402528  -0.00100921 
       107.5      16.0602      1.00051   0.00401527 -0.000985787 
       107.5      16.2245      1.00048    0.0040051 -0.000962503 
       107.5      16.3896      1.00046   0.00399478  -0.00093936 
       107.5      16.5556      1.00044   0.00398431 -0.000916359 
       107.5      16.7224      1.00042   0.00397368 -0.000893504 
       107.5        16.89       1.0004   0.00396291 -0.000870795 
       107.5      17.0585      1.00038   0.00395198 -0.000848235 
       107.5      17.2278      1.00036    0.0039409 -0.000825826 
       107.5      17.3979      1.00033   0.00392967 -0.000803568 
       107.5      17.5689      1.00031    0.0039183 -0.000781464 
       107.5      17.7408      1.00029   0.00390679 -0.000759513 
       107.5      17.9134      1.00027   0.00389513 -0.000737716 
       107.5      18.0869      1.00025   0.00388334 -0.000716074 
       107.5      18.2612      1.00023   0.00387142 -0.000694588 
       107.5      18.4364      1.00021   0.00385937 -0.000673257 
       107.5      18.6124      1.00019    0.0038472  -0.00065208 
       107.5      18.7892      1.00017   0.00383492 -0.000631057 
       107.5      18.9669      1.00015   0.00382255 -0.000610188 
       107.5      19.1454      1.00013   0.00381008 -0.000589471 
       107.5      19.3248      1.00011   0.00379754 -0.000568904 
       107.5       19.505       1.0001   0.00378485 -0.000548527 
       107.5       19.686      1.00008   0.00377201 -0.000528341 
       107.5      19.8678      1.00006   0.00375907  -0.00050832 
       107.5      20.0505      1.00004   0.00374604 -0.000488464 
       107.5      20.2341      1.00002   0.00373292 -0.000468775 
       107.5      20.4184            1   0.00371972 -0.000449254 
       107.5      20.6036     0.999987   0.00370643 -0.000429902 
       107.5      20.7897     0.999969   0.00369306  -0.00041072 
       107.5      20.9765     0.999952   0.00367961  -0.00039171 
       107.5      21.1642     0.999935   0.00366609 -0.000372873 
       107.5      21.3528     0.999918   0.00365249 -0.000354209 
       107.5      21.5422     0.999901   0.00363882  -0.00033572 
       107.5      21.7324     0.999884   0.00362508 -0.000317406 
       107.5      21.9234     0.999868   0.00361127 -0.000299268 
       107.5      22.1153     0.999851   0.00359739 -0.000281307 
       107.5       22.308     0.999835   0.00358344 -0.000263524 
       107.5      22.5016     0.999819   0.00356943 -0.000245918 
       107.5       22.696     0.999803   0.00355535 -0.000228492 
       107.5      22.8912     0.999788   0.00354121 -0.000211244 
       107.5      23.0873     0.999772   0.00352701 -0.000194176 
       107.5      23.2842     0.999757   0.00351274 -0.000177287 
       107.5       23.482     0.999742   0.00349842 -0.000160578 
       107.5      23.6805     0.999727   0.00348403 -0.000144048 
       107.5        23.88     0.999713   0.00346959 -0.000127675 
       107.5      24.0802     0.999698    0.0034551 -0.000111429 
       107.5      24.2813     0.999684   0.00344058 -9.53621e-05 
       107.5      24.4832      0.99967   0.00342602 -7.94733e-05 
       107.5       24.686     0.999656   0.00341143 -6.37623e-05 
       107.5      24.8896     0.999642   0.00339682 -4.82286e-05 
       107.5       25.094     0.999628   0.00338218 -3.28713e-05 
       107.5      25.2993     0.999615   0.00336752 -1.76896e-05 
       107.5      25.5054     0.999602   0.00335283 -2.68274e-06 
       107.5      25.7123     0.999589   0.00333813  1.21504e-05 
       107.5      25.9201     0.999576    0.0033234   2.6811e-05 
       107.5      26.1287     0.999563   0.00330866  4.13002e-05 
       107.5      26.3381     0.999551   0.00329389  5.56194e-05 
       107.5      26.5484     0.999538   0.00327911  6.97701e-05 
       107.5      26.7595     0.999526    0.0032643  8.37537e-05 
       107.5      26.9715     0.999514   0.00324946   9.7572e-05 
       107.5      27.1843     0.999503    0.0032346  0.000111227 
       107.5      27.3979     0.999491   0.00321971   0.00012472 
       107.5      27.6124      0.99948   0.00320479  0.000138053 
       107.5      27.8277     0.999469   0.00318982  0.000151229 
       107.5      28.0438     0.999458   0.00317481   0.00016425 
       107.5      28.2608     0.999448   0.00315975  0.000177118 
       107.5      28.4786     0.999437   0.00314493  0.000189871 
       107.5      28.6972     0.999426   0.00313013  0.000202465 
       107.5      28.9167     0.999416   0.00311532  0.000214893 
       107.5       29.137     0.999405   0.00310048  0.000227156 
       107.5      29.3582     0.999395   0.00308563  0.000239254 
       107.5      29.5802     0.999385   0.00307076  0.000251189 
       107.5       29.803     0.999376   0.00305588  0.000262962 
       107.5      30.0267     0.999366     0.003041  0.000274573 
       107.5      30.2512     0.999357   0.00302612  0.000286024 
       107.5      30.4765     0.999348   0.00301124  0.000297317 
       107.5      30.7027     0.999338   0.00299636  0.000308453 
       107.5      30.9297      0.99933   0.00298149  0.000319433 
       107.5      31.1575     0.999321   0.00296663   0.00033026 
       107.5      31.3862     0.999312   0.00295179  0.000340934 
       107.5      31.6157     0.999304   0.00293696  0.000351458 
       107.5      31.8461     0.999296   0.00292215  0.000361834 
       107.5      32.0773     0.999288   0.00290737  0.000372063 
       107.5      32.3093      0.99928   0.00289262  0.000382148 
       107.5      32.5421     0.999272   0.00287791  0.000392118 
       107.5      32.7758     0.999264    0.0028633  0.000402021 
       107.5      33.0104     0.999257   0.00284872  0.000411778 
       107.5      33.2457     0.999249   0.00283417  0.000421388 
       107.5      33.4819     0.999242   0.00281966  0.000430855 
       107.5       33.719     0.999235   0.00280519  0.000440179 
       107.5      33.9568     0.999228   0.00279074  0.000449362 
       107.5      34.1956     0.999222   0.00277632  0.000458406 
       107.5      34.4351     0.999215   0.00276193  0.000467311 
       107.5      34.6755     0.999209   0.00274757  0.000476081 
       107.5      34.9167     0.999202   0.00273324  0.000484715 
       107.5      35.1588     0.999196   0.00271894  0.000493217 
       107.5      35.4017      0.99919   0.00270466  0.000501588 
       107.5      35.6454     0.999184   0.00269042  0.000509829 
       107.5      35.8899     0.999179    0.0026762  0.000517942 
       107.5      36.1354     0.999173   0.00266201  0.000525929 
       107.5      36.3816     0.999167   0.00264784  0.000533792 
       107.5      36.6287     0.999162   0.00263371  0.000541532 
       107.5      36.8766     0.999157   0.00261961  0.000549152 
       107.5      37.1253     0.999152   0.00260554  0.000556653 
       107.5      37.3749     0.999147    0.0025915  0.000564038 
       107.5      37.6253     0.999142    0.0025775  0.000571307 
       107.5      37.8766     0.999138   0.00256354  0.000578463 
       107.5      38.1287     0.999133   0.00254962  0.000585508 
       107.5      38.3816     0.999129   0.00253575  0.000592444 
       107.5      38.6353     0.999125   0.00252192  0.000599273 
       107.5      38.8899     0.999121   0.00250815  0.000605996 
       107.5      39.1454     0.999117   0.00249444  0.000612617 
       107.5      39.4016     0.999113   0.00248078  0.000619135 
       107.5      39.6588      0.99911    0.0024672  0.000625555 
       107.5      39.9167     0.999106   0.00245374  0.000631897 
       107.5      40.1755     0.999102   0.00244043  0.000638148 
       107.5      40.4351     0.999099   0.00242713  0.000644255 
       107.5      40.6955     0.999095   0.00241385  0.000650222 
       107.5      40.9568     0.999091   0.00240059  0.000656056 
       107.5      41.2189     0.999088   0.00238735  0.000661761 
       107.5      41.4819     0.999084   0.00237415  0.000667343 
       107.5      41.7457     0.999081   0.00236097  0.000672805 
       107.5      42.0103     0.999078   0.00234783  0.000678154 
       107.5      42.2758     0.999075   0.00233473  0.000683394 
       107.5      42.5421     0.999072   0.00232167   0.00068853 
       107.5      42.8092     0.999069   0.00230865  0.000693567 
       107.5      43.0772     0.999067    0.0022957   0.00069851 
       107.5       43.346     0.999064   0.00228279  0.000703364 
       107.5      43.6157     0.999062   0.00226995  0.000708133 
       107.5      43.8862      0.99906   0.00225718  0.000712823 
       107.5      44.1575     0.999058   0.00224448  0.000717438 
       107.5      44.4296     0.999056   0.00223185  0.000721982 
       107.5      44.7026     0.999055    0.0022193  0.000726462 
       107.5      44.9765     0.999053   0.00220683   0.00073088 
       107.5      45.2511     0.999052   0.00219445  0.000735242 
       107.5      45.5266      0.99905   0.00218215  0.000739552 
       107.5       45.803     0.999049   0.00216994  0.000743814 
       107.5      46.0801     0.999048   0.00215781  0.000748034 
       107.5      46.3581     0.999047   0.00214577  0.000752214 
       107.5       46.637     0.999046   0.00213381   0.00075636 
       107.5      46.9167     0.999046   0.00212193  0.000760476 
       107.5      47.1972     0.999045   0.00211013  0.000764564 
       107.5      47.4785     0.999044   0.00209806  0.000768397 
       107.5      47.7607     0.999044   0.00208557  0.000771837 
       107.5      48.0438     0.999044   0.00207317  0.000775238 
       107.5      48.3276     0.999043   0.00206088  0.000778596 
       107.5      48.6123     0.999043    0.0020487  0.000781911 
       107.5      48.8979     0.999043   0.00203664  0.000785179 
       107.5      49.1842     0.999042   0.00202471  0.000788397 
       107.5      49.4714     0.999042   0.00201291  0.000791563 
       107.5      49.7595     0.999042   0.00200124  0.000794674 
       107.5      50.0484     0.999042   0.00198971  0.000797729 
       107.5      50.3381     0.999042    0.0019783  0.000800724 
       107.5      50.6286     0.999041   0.00196703  0.000803656 
       107.5        50.92     0.999041   0.00195589  0.000806524 
       107.5      51.2122     0.999041   0.00194486  0.000809325 
       107.5      51.5053     0.999041   0.00193394  0.000812056 
       107.5      51.7992     0.999041   0.00192312  0.000814716 
       107.5      52.0939     0.999041   0.00191237    0.0008173 
       107.5      52.3895     0.999041   0.00190169  0.000819808 
       107.5      52.6859     0.999041   0.00189104  0.000822237 
       107.5      52.9831      0.99904   0.00188042  0.000824585 
       107.5      53.2812      0.99904   0.00186978  0.000826848 
       107.5      53.5801      0.99904   0.00185911  0.000829026 
       107.5      53.8799     0.999039   0.00184835  0.000831115 
       107.5      54.1805     0.999039   0.00183749  0.000833114 
       107.5      54.4819     0.999038   0.00182647   0.00083502 
       107.5      54.7841     0.999038   0.00181525  0.000836832 
       107.5      55.0872     0.999037   0.00180377  0.000838546 
       107.5      55.3912     0.999039   0.00179318   0.00084037 
       107.5      55.6959     0.999042   0.00178269  0.000842168 
       107.5      56.0015     0.999045    0.0017723  0.000843936 
       107.5       56.308     0.999047     0.001762  0.000845673 
       107.5      56.6152      0.99905   0.00175181  0.000847378 
       107.5      56.9233     0.999053    0.0017417  0.000849048 
       107.5      57.2323     0.999055   0.00173169  0.000850684 
       107.5      57.5421     0.999058   0.00172177  0.000852282 
       107.5      57.8527     0.999061   0.00171193  0.000853842 
       107.5      58.1641     0.999063   0.00170218  0.000855363 
       107.5      58.4764     0.999066    0.0016925  0.000856842 
       107.5      58.7896     0.999068    0.0016829   0.00085828 
       107.5      59.1035      0.99907   0.00167337  0.000859675 
       107.5      59.4183     0.999072   0.00166391  0.000861025 
       107.5      59.7339     0.999075    0.0016545  0.000862331 
       107.5      60.0504     0.999077   0.00164516  0.000863591 
       107.5      60.3677     0.999079   0.00163586  0.000864805 
       107.5      60.6859     0.999081   0.00162662  0.000865972 
       107.5      61.0048     0.999082   0.00161741  0.000867091 
       107.5      61.3247     0.999084   0.00160824  0.000868162 
       107.5      61.6453     0.999086   0.00159911  0.000869185 
       107.5      61.9668     0.999087      0.00159  0.000870159 
       107.5      62.2891     0.999089   0.00158092  0.000871085 
       107.5      62.6123      0.99909   0.00157186  0.000871962 
       107.5      62.9363     0.999092   0.00156281  0.000872791 
       107.5      63.2611     0.999093   0.00155377  0.000873571 
       107.5      63.5868     0.999094   0.00154474  0.000874304 
       107.5      63.9133     0.999095   0.00153572  0.000874988 
       107.5      64.2406     0.999096    0.0015267  0.000875626 
       107.5      64.5688     0.999098   0.00151767  0.000876218 
       107.5      64.8978     0.999099   0.00150865  0.000876764 
       107.5      65.2277       0.9991   0.00149962  0.000877266 
       107.5      65.5583     0.999101   0.00149059  0.000877724 
       107.5      65.8899     0.999102   0.00148155   0.00087814 
       107.5      66.2222     0.999103   0.00147251  0.000878516 
       107.5      66.5554     0.999104   0.00146347  0.000878852 
       107.5      66.8894     0.999105   0.00145443  0.000879151 
       107.5      67.2243     0.999107   0.00144539  0.000879414 
       107.5        67.56     0.999108   0.00143636  0.000879644 
       107.5      67.8966      0.99911   0.00142774  0.000879822 
       107.5      68.2339     0.999113   0.00142072  0.000879885 
       107.5      68.5721     0.999116   0.00141361  0.000879911 
       107.5      68.9112      0.99912   0.00140644  0.000879902 
       107.5      69.2511     0.999124   0.00139919  0.000879862 
       107.5      69.5918     0.999128   0.00139187  0.000879794 
       107.5      69.9333     0.999132   0.00138449  0.000879702 
       107.5      70.2757     0.999136   0.00137704  0.000879588 
       107.5      70.6189      0.99914   0.00136953  0.000879456 
       107.5       70.963     0.999145   0.00136197  0.000879309 
       107.5      71.3079     0.999149   0.00135435  0.000879151 
       107.5      71.6536     0.999153   0.00134669  0.000878984 
       107.5      72.0002     0.999157   0.00133899  0.000878813 
       107.5      72.3476     0.999161   0.00133126  0.000878641 
       107.5      72.6959     0.999165   0.00132349   0.00087847 
       107.5      73.0449     0.999169   0.00131572  0.000878306 
       107.5      73.3949     0.999173   0.00130793   0.00087815 
       107.5      73.7456     0.999177   0.00130014  0.000878007 
       107.5      74.0972      0.99918   0.00129237  0.000877881 
       107.5      74.4496     0.999184   0.00128462  0.000877774 
       107.5      74.8029     0.999188   0.00127691  0.000877691 
       107.5       75.157     0.999192   0.00126925  0.000877635 
       107.5      75.5119     0.999197   0.00126166   0.00087761 
       107.5      75.8677     0.999201   0.00125415  0.000877619 
       107.5      76.2243     0.999206   0.00124674  0.000877667 
       107.5      76.5817     0.999211   0.00123944  0.000877756 
       107.5        76.94     0.999216   0.00123229  0.000877891 
       107.5      77.2991     0.999222   0.00122529  0.000878076 
       107.5      77.6591     0.999228   0.00121848  0.000878314 
       107.5      78.0198     0.999235   0.00121187   0.00087861 
       107.5      78.3815     0.999242    0.0012055  0.000878967 
       107.5      78.7439     0.999246   0.00119915  0.000878961 
       107.5      79.1072     0.999246   0.00119275  0.000878667 
       107.5      79.4714     0.999246   0.00118635  0.000878274 
       107.5      79.8363     0.999246   0.00117995  0.000877789 
       107.5      80.2021     0.999245   0.00117354  0.000877221 
       107.5      80.5688     0.999244   0.00116712  0.000876577 
       107.5      80.9362     0.999243   0.00116068  0.000875867 
       107.5      81.3045     0.999242   0.00115422  0.000875097 
       107.5      81.6737      0.99924   0.00114774  0.000874276 
       107.5      82.0437     0.999239   0.00114125  0.000873414 
       107.5      82.4145     0.999238   0.00113474  0.000872518 
       107.5      82.7861     0.999236   0.00112822  0.000871597 
       107.5      83.1586     0.999235   0.00112169  0.000870661 
       107.5       83.532     0.999234   0.00111517  0.000869718 
       107.5      83.9061     0.999233   0.00110865  0.000868778 
       107.5      84.2811     0.999233   0.00110215  0.000867849 
       107.5       84.657     0.999233   0.00109567  0.000866942 
       107.5      85.0336     0.999233   0.00108923  0.000866067 
       107.5      85.4111     0.999234   0.00108283  0.000865231 
       107.5      85.7895     0.999235   0.00107649  0.000864447 
       107.5      86.1687     0.999237   0.00107022  0.000863723 
       107.5      86.5487     0.999239   0.00106404  0.000863071 
       107.5      86.9295     0.999241   0.00105796  0.000862499 
       107.5      87.3112     0.999245   0.00105199   0.00086202 
       107.5      87.6937     0.999248   0.00104615  0.000861643 
       107.5      88.0771     0.999252   0.00104045  0.000861379 
       107.5      88.4613     0.999257   0.00103491  0.000861239 
       107.5      88.8463     0.999262   0.00102955  0.000861234 
       107.5      89.2322     0.999268   0.00102438  0.000861376 
       107.5      89.6189     0.999275   0.00101942  0.000861675 
       107.5      90.0064     0.999281   0.00101469  0.000862144 
       107.5      90.3948     0.999289   0.00101019  0.000862794 
       107.5       90.784     0.999296   0.00100595  0.000863636 
       107.5      91.1741     0.999304   0.00100199  0.000864684 
       107.5       91.565     0.999313  0.000997953  0.000865592 
       107.5      91.9567     0.999322  0.000991855  0.000864384 
       107.5      92.3492     0.999331  0.000985775   0.00086319 
       107.5      92.7426      0.99934  0.000979715  0.000862011 
       107.5      93.1369     0.999349  0.000973681  0.000860847 
       107.5      93.5319     0.999357  0.000967675  0.000859697 
       107.5      93.9278     0.999365    0.0009617  0.000858561 
       107.5      94.3246     0.999373   0.00095576  0.000857438 
       107.5      94.7221     0.999381  0.000949858  0.000856329 
       107.5      95.1206     0.999388  0.000943997  0.000855234 
       107.5      95.5198     0.999395  0.000938178  0.000854152 
       107.5      95.9199     0.999402  0.000932406  0.000853083 
       107.5      96.3208     0.999409  0.000926681  0.000852026 
       107.5      96.7226     0.999415  0.000921007  0.000850983 
       107.5      97.1251     0.999421  0.000915384  0.000849951 
       107.5      97.5286     0.999427  0.000909817  0.000848932 
       107.5      97.9328     0.999432  0.000904305  0.000847925 
       107.5      98.3379     0.999437   0.00089885   0.00084693 
       107.5      98.7439     0.999442  0.000893454  0.000845947 
       107.5      99.1506     0.999447  0.000888118  0.000844976 
       107.5      99.5583     0.999451  0.000882844  0.000844016 
       107.5      99.9667     0.999455  0.000877632  0.000843067 
       107.5      100.376     0.999459  0.000872482   0.00084213 
       107.5      100.786     0.999462  0.000867396  0.000841204 
       107.5      101.197     0.999466  0.000862375  0.000840289 
       107.5      101.609     0.999469  0.000857417  0.000839385 
       107.5      102.021     0.999471  0.000852524  0.000838492 
       107.5      102.435     0.999474  0.000847696   0.00083761 
       107.5      102.849     0.999476  0.000842932  0.000836739 
       107.5      103.264     0.999478  0.000838233  0.000835879 
       107.5       103.68      0.99948  0.000833598  0.000835029 
       107.5      104.097     0.999482  0.000829026   0.00083419 
       107.5      104.515     0.999483  0.000824516  0.000833362 
       107.5      104.933     0.999484  0.000820069  0.000832545 
       107.5      105.353     0.999485  0.000815682  0.000831738 
       107.5      105.773     0.999486  0.000811356  0.000830942 
       107.5      106.194     0.999486  0.000807089  0.000830157 
       107.5      106.616     0.999487  0.000802879  0.000829383 
       107.5      107.038     0.999487  0.000798725   0.00082862 
       107.5      107.462     0.999487  0.000794625  0.000827868 
       107.5      107.886     0.999486  0.000790579  0.000827127 
       107.5      108.311     0.999486  0.000786584  0.000826397 
       107.5      108.737     0.999485  0.000782638  0.000825678 
       107.5      109.164     0.999485  0.000778739   0.00082497 
       107.5      109.592     0.999484  0.000774886  0.000824275 
       107.5       110.02     0.999483  0.000771075  0.000823591 
       107.5       110.45     0.999482  0.000767306  0.000822918 
       107.5       110.88     0.999481  0.000763575  0.000822258 
       107.5      111.311     0.999479   0.00075988   0.00082161 
       107.5      111.743     0.999478  0.000756218  0.000820975 
       107.5      112.175     0.999477  0.000752587  0.000820352 
       107.5      112.609     0.999475  0.000748985  0.000819742 
       107.5      113.043     0.999474  0.000745408  0.000819146 
       107.5      113.478     0.999472  0.000741854  0.000818563 
       107.5      113.914      0.99947   0.00073832  0.000817994 
       107.5      114.351     0.999469  0.000734804  0.000817438 
       107.5      114.789     0.999467  0.000731301  0.000816898 
       107.5      115.228     0.999465  0.000727809  0.000816372 
       107.5      115.667     0.999464  0.000724326  0.000815861 
       107.5      116.107     0.999462  0.000720847  0.000815365 
       107.5      116.548      0.99946  0.000717371  0.000814886 
       107.5       116.99     0.999459  0.000713894  0.000814423 
       107.5      117.433     0.999457  0.000710413  0.000813977 
       107.5      117.876     0.999456  0.000706925  0.000813548 
       107.5      118.321     0.999454  0.000703427  0.000813136 
       107.5      118.766     0.999453  0.000699915  0.000812743 
       107.5      119.212     0.999452  0.000696388  0.000812369 
       107.5      119.659     0.999451  0.000692841  0.000812014 
       107.5      120.107      0.99945  0.000689273  0.000811679 
       107.5      120.555     0.999449  0.000685679  0.000811364 
       107.5      121.005     0.999448  0.000682058   0.00081107 
       107.5      121.455     0.999448  0.000678406  0.000810798 
       107.5      121.906     0.999448  0.000674721  0.000810548 
       107.5      122.358     0.999447  0.000670999  0.000810321 
       107.5      122.811     0.999447   0.00066724  0.000810118 
       107.5      123.264     0.999448   0.00066344  0.000809939 
       107.5      123.719     0.999448  0.000659596  0.000809786 
       107.5      124.174     0.999449  0.000655707  0.000809658 
       107.5       124.63      0.99945   0.00065177  0.000809557 
       107.5      125.087     0.999451  0.000647785  0.000809483 
       107.5      125.545     0.999453  0.000643748  0.000809438 
       107.5      126.003     0.999455  0.000639658  0.000809422 
       107.5      126.463     0.999457  0.000635514  0.000809435 
       107.5      126.923     0.999459  0.000631314   0.00080948 
       107.5      127.384     0.999462  0.000627057  0.000809557 
       107.5      127.846     0.999465  0.000622743  0.000809667 
       107.5      128.309     0.999469  0.000618371  0.000809811 
       107.5      128.773     0.999473  0.000613941  0.000809989 
       107.5      129.237     0.999477  0.000609451  0.000810204 
       107.5      129.702     0.999481  0.000604903  0.000810456 
       107.5      130.169     0.999486  0.000600296  0.000810745 
       107.5      130.636     0.999492  0.000595631  0.000811074 
       107.5      131.103     0.999497   0.00059091  0.000811444 
       107.5      131.572     0.999503  0.000586133  0.000811855 
       107.5      132.041      0.99951  0.000581301  0.000812309 
       107.5      132.512     0.999517  0.000576418  0.000812808 
       107.5      132.983     0.999524  0.000571833  0.000813191 
       107.5      133.455     0.999529  0.000568651  0.000812929 
       107.5      133.928     0.999534  0.000565462  0.000812649 
       107.5      134.401      0.99954  0.000562267  0.000812353 
       107.5      134.876     0.999547  0.000559065  0.000812044 
       107.5      135.351     0.999554  0.000555855  0.000811724 
       107.5      135.827     0.999561  0.000552637  0.000811394 
       107.5      136.304     0.999569  0.000549413  0.000811059 
       107.5      136.782     0.999578  0.000546182   0.00081072 
       107.5      137.261     0.999587  0.000542944  0.000810379 
       107.5       137.74     0.999596  0.000539703   0.00081004 
       107.5      138.221     0.999606  0.000536458  0.000809705 
       107.5      138.702     0.999617  0.000533212  0.000809376 
       107.5      139.184     0.999628  0.000529967  0.000809058 
       107.5      139.667      0.99964  0.000526726  0.000808751 
       107.5      140.151     0.999652  0.000523492   0.00080846 
       107.5      140.635     0.999665  0.000520268  0.000808187 
       107.5       141.12     0.999678  0.000517059  0.000807936 
       107.5      141.607     0.999692  0.000513868   0.00080771 
       107.5      142.094     0.999707    0.0005107  0.000807511 
       107.5      142.582     0.999721  0.000507561  0.000807343 
       107.5       143.07     0.999737  0.000504457   0.00080721 
       107.5       143.56     0.999753  0.000501394  0.000807115 
       107.5       144.05      0.99977  0.000498378  0.000807061 
       107.5      144.541     0.999787  0.000495418  0.000807052 
       107.5      145.033     0.999804  0.000492521  0.000807092 
       107.5      145.526     0.999822  0.000489696  0.000807185 
       107.5       146.02      0.99984  0.000486952  0.000807333 
       107.5      146.515     0.999859  0.000484299  0.000807542 
       107.5       147.01     0.999878  0.000481747  0.000807815 
       107.5      147.506     0.999898  0.000479309  0.000808156 
       107.5      148.003     0.999918  0.000476995   0.00080857 
       107.5      148.501     0.999938  0.000474818   0.00080906 
       107.5          149     0.999958  0.000472792  0.000809631 
       107.5        149.5     0.999979  0.000470932  0.000810287 
       107.5          150            1  0.000469251  0.000811032 
