Variables = x, y, u, v, p

Zone, I=600, F=POINT
       233.5            0           -0           -0 -0.000165966 
       233.5     0.000418   0.00021314  8.17465e-11 -0.000165966 
       233.5     0.001672  0.000852571  4.56044e-10 -0.000165966 
       233.5     0.003763   0.00191884  1.51344e-09 -0.000165965 
       233.5     0.006689   0.00341098  3.91181e-09 -0.000165965 
       233.5     0.010451   0.00532957   8.5919e-09 -0.000165964 
       233.5      0.01505   0.00767524  1.67942e-08 -0.000165962 
       233.5     0.020485    0.0104476  3.00737e-08 -0.000165961 
       233.5     0.026756    0.0136467  5.03237e-08 -0.000165959 
       233.5     0.033863    0.0172729  7.97951e-08 -0.000165957 
       233.5     0.041806    0.0213261  1.21114e-07 -0.000165955 
       233.5     0.050585    0.0258067    1.773e-07 -0.000165952 
       233.5     0.060201    0.0307152  2.51781e-07  -0.00016595 
       233.5     0.070652     0.036051  3.48377e-07 -0.000165949 
       233.5      0.08194    0.0418152  4.71358e-07 -0.000165947 
       233.5     0.094063     0.048007  6.25379e-07 -0.000165947 
       233.5     0.107023    0.0546276  8.15574e-07 -0.000165947 
       233.5     0.120819    0.0616767  1.04749e-06 -0.000165949 
       233.5     0.135451    0.0691544  1.32717e-06 -0.000165951 
       233.5     0.150919    0.0770611  1.66119e-06 -0.000165954 
       233.5     0.167224    0.0853973   2.0568e-06 -0.000165956 
       233.5     0.184364    0.0941621  2.52197e-06 -0.000165958 
       233.5     0.202341     0.103357  3.06578e-06 -0.000165956 
       233.5     0.221153      0.11298  3.69857e-06 -0.000165949 
       233.5     0.240802     0.123033   4.4326e-06 -0.000165933 
       233.5     0.261287     0.133515  5.27443e-06 -0.000165933 
       233.5     0.282608     0.144425  6.22862e-06 -0.000165947 
       233.5     0.304765     0.155764   7.3137e-06 -0.000165953 
       233.5     0.327758      0.16753  8.54572e-06 -0.000165953 
       233.5     0.351588     0.179722  9.94109e-06 -0.000165948 
       233.5     0.376253     0.192335  1.15161e-05  -0.00016594 
       233.5     0.401755     0.205368  1.32871e-05 -0.000165931 
       233.5     0.428092     0.218816    1.527e-05 -0.000165922 
       233.5     0.455266     0.232677  1.74808e-05 -0.000165916 
       233.5     0.483276     0.246944  1.99348e-05 -0.000165913 
       233.5     0.512122     0.261612  2.26471e-05 -0.000165913 
       233.5     0.541805     0.276676  2.56334e-05 -0.000165918 
       233.5     0.572323     0.292128  2.89093e-05 -0.000165925 
       233.5     0.603677     0.307961  3.24921e-05 -0.000165934 
       233.5     0.635868     0.324166  3.64013e-05 -0.000165941 
       233.5     0.668894     0.340733  4.06596e-05  -0.00016594 
       233.5     0.702757     0.357653  4.52952e-05 -0.000165924 
       233.5     0.737456     0.374914  5.03435e-05 -0.000165884 
       233.5     0.772991     0.392544  5.56858e-05 -0.000165834 
       233.5     0.809362     0.410473  6.14075e-05 -0.000165812 
       233.5      0.84657      0.42865  6.75763e-05 -0.000165812 
       233.5     0.884613     0.447054    7.417e-05 -0.000165829 
       233.5     0.923492     0.465664  8.11682e-05 -0.000165857 
       233.5     0.963208     0.484455  8.85525e-05 -0.000165891 
       233.5      1.00376     0.503404  9.63067e-05 -0.000165926 
       233.5      1.04515     0.522481  0.000104417 -0.000165957 
       233.5      1.08737     0.541658  0.000112873 -0.000165979 
       233.5      1.13043     0.560905  0.000121667  -0.00016599 
       233.5      1.17433     0.580189  0.000130791 -0.000165985 
       233.5      1.21906     0.599475  0.000140241 -0.000165965 
       233.5      1.26463     0.618726  0.000150014 -0.000165927 
       233.5      1.31103     0.637903  0.000160103 -0.000165875 
       233.5      1.35827     0.656965  0.000170501 -0.000165811 
       233.5      1.40635     0.675867  0.000181195 -0.000165741 
       233.5      1.45526     0.694564  0.000192164 -0.000165675 
       233.5      1.50501     0.713006  0.000203375 -0.000165622 
       233.5       1.5556     0.731143   0.00021478   -0.0001656 
       233.5      1.60702     0.748919  0.000226311 -0.000165627 
       233.5      1.65928     0.766278  0.000237871 -0.000165725 
       233.5      1.71237      0.78316  0.000249333 -0.000165925 
       233.5       1.7663     0.799485  0.000260847 -0.000166145 
       233.5      1.82106     0.815158  0.000272786 -0.000166123 
       233.5      1.87667      0.83019  0.000284427 -0.000166057 
       233.5      1.93311     0.844567  0.000295763 -0.000165956 
       233.5      1.99038     0.858276  0.000306786 -0.000165827 
       233.5      2.04849     0.871309  0.000317487  -0.00016568 
       233.5      2.10744     0.883658  0.000327857 -0.000165522 
       233.5      2.16722     0.895315  0.000337884 -0.000165362 
       233.5      2.22784     0.906278  0.000347556 -0.000165207 
       233.5      2.28929     0.916544  0.000356859 -0.000165065 
       233.5      2.35158     0.926115   0.00036578 -0.000164941 
       233.5      2.41471     0.934994  0.000374303 -0.000164842 
       233.5      2.47867     0.943187  0.000382413 -0.000164772 
       233.5      2.54347     0.950703  0.000390094 -0.000164734 
       233.5      2.60911     0.957551   0.00039733 -0.000164732 
       233.5      2.67558     0.963747  0.000404107 -0.000164765 
       233.5      2.74288     0.969308  0.000410409 -0.000164833 
       233.5      2.81103     0.974253  0.000416223 -0.000164934 
       233.5      2.88001     0.978606   0.00042154 -0.000165061 
       233.5      2.94983     0.982393   0.00042635 -0.000165208 
       233.5      3.02048     0.985645   0.00043065 -0.000165366 
       233.5      3.09197     0.988393   0.00043444  -0.00016552 
       233.5      3.16429     0.990677  0.000437725 -0.000165656 
       233.5      3.23745     0.992535  0.000440519 -0.000165754 
       233.5      3.31145     0.994012  0.000442843 -0.000165791 
       233.5      3.38628     0.995158  0.000444727  -0.00016574 
       233.5      3.46195     0.996023  0.000446215 -0.000165569 
       233.5      3.53845     0.996664  0.000447362 -0.000165242 
       233.5      3.61579     0.997143  0.000448239 -0.000164719 
       233.5      3.69397     0.997523  0.000448935 -0.000163951 
       233.5      3.77298     0.997851  0.000449528 -0.000163348 
       233.5      3.85283     0.998109  0.000449443 -0.000163551 
       233.5      3.93352     0.998347  0.000448543 -0.000163431 
       233.5      4.01504     0.998565  0.000447056    -0.000163 
       233.5       4.0974     0.998757  0.000447686 -0.000162846 
       233.5      4.18059      0.99893  0.000448721 -0.000162715 
       233.5      4.26462     0.999084  0.000450049  -0.00016262 
       233.5      4.34949      0.99922  0.000451557 -0.000162571 
       233.5      4.43519     0.999337  0.000453143 -0.000162576 
       233.5      4.52173     0.999437  0.000454709  -0.00016264 
       233.5       4.6091     0.999519  0.000456169 -0.000162765 
       233.5      4.69731     0.999585  0.000457445 -0.000162951 
       233.5      4.78636     0.999636  0.000458475 -0.000163193 
       233.5      4.87624     0.999672   0.00045921 -0.000163483 
       233.5      4.96696     0.999695  0.000459618 -0.000163807 
       233.5      5.05851     0.999706  0.000459689 -0.000164149 
       233.5       5.1509     0.999707  0.000459431 -0.000164486 
       233.5      5.24413     0.999699   0.00045888  -0.00016479 
       233.5       5.3382     0.999684  0.000458098 -0.000165027 
       233.5      5.43309     0.999664  0.000457178 -0.000165157 
       233.5      5.52883     0.999642  0.000456246 -0.000165134 
       233.5       5.6254     0.999619  0.000455465 -0.000164905 
       233.5      5.72281     0.999597  0.000455038 -0.000164407 
       233.5      5.82105      0.99958  0.000455215 -0.000163571 
       233.5      5.92013      0.99957   0.00045629 -0.000162319 
       233.5      6.02005      0.99957  0.000458613 -0.000160565 
       233.5       6.1208     0.999578  0.000461274 -0.000159306 
       233.5      6.22239      0.99958  0.000461087 -0.000160409 
       233.5      6.32482     0.999582  0.000460731 -0.000161221 
       233.5      6.42808     0.999583  0.000460306 -0.000161789 
       233.5      6.53217     0.999585  0.000459897 -0.000162154 
       233.5      6.63711     0.999586   0.00045957 -0.000162352 
       233.5      6.74287     0.999589  0.000459371 -0.000162419 
       233.5      6.84948     0.999591  0.000459331 -0.000162383 
       233.5      6.95692     0.999595  0.000459464 -0.000162268 
       233.5       7.0652     0.999599  0.000459769 -0.000162092 
       233.5      7.17431     0.999604   0.00046023 -0.000161869 
       233.5      7.28426      0.99961   0.00046082 -0.000161604 
       233.5      7.39505     0.999617  0.000461502 -0.000161297 
       233.5      7.50667     0.999625   0.00046223 -0.000160938 
       233.5      7.61913     0.999631  0.000462991 -0.000160632 
       233.5      7.73242     0.999631  0.000463876 -0.000160602 
       233.5      7.84655     0.999631  0.000464798 -0.000160594 
       233.5      7.96152      0.99963  0.000465716 -0.000160596 
       233.5      8.07732     0.999628  0.000466598 -0.000160599 
       233.5      8.19396     0.999626  0.000467414 -0.000160594 
       233.5      8.31143     0.999624  0.000468142 -0.000160575 
       233.5      8.42974     0.999622  0.000468767 -0.000160536 
       233.5      8.54889      0.99962  0.000469278 -0.000160473 
       233.5      8.66887     0.999618  0.000469668 -0.000160385 
       233.5      8.78969     0.999617  0.000469937 -0.000160273 
       233.5      8.91135     0.999616  0.000470087 -0.000160139 
       233.5      9.03384     0.999616  0.000470123 -0.000159989 
       233.5      9.15717     0.999617  0.000470054  -0.00015983 
       233.5      9.28133     0.999619  0.000469887 -0.000159673 
       233.5      9.40633     0.999622  0.000469634  -0.00015953 
       233.5      9.53216     0.999625  0.000469304  -0.00015942 
       233.5      9.65884     0.999629  0.000468903  -0.00015936 
       233.5      9.78634     0.999633  0.000468437 -0.000159374 
       233.5      9.91469     0.999637  0.000467995 -0.000159462 
       233.5      10.0439     0.999641  0.000469259  -0.00015907 
       233.5      10.1739     0.999644  0.000470375 -0.000158721 
       233.5      10.3047     0.999647  0.000471359 -0.000158412 
       233.5      10.4364     0.999649  0.000472225 -0.000158137 
       233.5      10.5689     0.999651  0.000472985 -0.000157894 
       233.5      10.7023     0.999653  0.000473653 -0.000157678 
       233.5      10.8365     0.999654   0.00047424 -0.000157484 
       233.5      10.9715     0.999655  0.000474757  -0.00015731 
       233.5      11.1074     0.999656  0.000475216  -0.00015715 
       233.5      11.2441     0.999656  0.000475625 -0.000157001 
       233.5      11.3817     0.999656  0.000475994 -0.000156859 
       233.5        11.52     0.999656  0.000476331 -0.000156719 
       233.5      11.6592     0.999656  0.000476646 -0.000156577 
       233.5      11.7993     0.999656  0.000476947  -0.00015643 
       233.5      11.9402     0.999656   0.00047724 -0.000156274 
       233.5      12.0819     0.999656  0.000477533 -0.000156104 
       233.5      12.2245     0.999655  0.000477834 -0.000155916 
       233.5      12.3679     0.999655  0.000478151 -0.000155708 
       233.5      12.5121     0.999654   0.00047849 -0.000155475 
       233.5      12.6572     0.999654  0.000478861 -0.000155214 
       233.5      12.8031     0.999653  0.000479272 -0.000154921 
       233.5      12.9498     0.999653  0.000479731 -0.000154593 
       233.5      13.0974     0.999653  0.000480342 -0.000154445 
       233.5      13.2458     0.999653  0.000480945 -0.000154381 
       233.5       13.395     0.999653  0.000481476 -0.000154296 
       233.5      13.5451     0.999654  0.000481943 -0.000154188 
       233.5       13.696     0.999655  0.000482357 -0.000154054 
       233.5      13.8478     0.999656  0.000482728 -0.000153892 
       233.5      14.0004     0.999657   0.00048307 -0.000153702 
       233.5      14.1538     0.999659  0.000483395 -0.000153482 
       233.5      14.3081      0.99966  0.000483718 -0.000153235 
       233.5      14.4632     0.999661  0.000484049 -0.000152963 
       233.5      14.6191     0.999663  0.000484401 -0.000152667 
       233.5      14.7759     0.999664   0.00048478 -0.000152354 
       233.5      14.9335     0.999666  0.000485192 -0.000152028 
       233.5      15.0919     0.999667  0.000485747 -0.000151857 
       233.5      15.2512     0.999668    0.0004863 -0.000151696 
       233.5      15.4113     0.999669  0.000486834  -0.00015152 
       233.5      15.5723      0.99967  0.000487351  -0.00015133 
       233.5      15.7341     0.999672  0.000487856 -0.000151127 
       233.5      15.8967     0.999673  0.000488349 -0.000150911 
       233.5      16.0602     0.999674  0.000488834 -0.000150684 
       233.5      16.2245     0.999676  0.000489312 -0.000150446 
       233.5      16.3896     0.999677  0.000489785 -0.000150199 
       233.5      16.5556     0.999678  0.000490255 -0.000149943 
       233.5      16.7224     0.999679  0.000490723 -0.000149679 
       233.5        16.89     0.999681  0.000491189 -0.000149408 
       233.5      17.0585     0.999682  0.000491656 -0.000149131 
       233.5      17.2278     0.999683  0.000492124 -0.000148849 
       233.5      17.3979     0.999685  0.000492593 -0.000148562 
       233.5      17.5689     0.999686  0.000493063 -0.000148271 
       233.5      17.7408     0.999687  0.000493535 -0.000147977 
       233.5      17.9134     0.999688  0.000494009 -0.000147681 
       233.5      18.0869      0.99969  0.000494483 -0.000147383 
       233.5      18.2612     0.999691  0.000494959 -0.000147083 
       233.5      18.4364     0.999692  0.000495435 -0.000146783 
       233.5      18.6124     0.999694   0.00049591 -0.000146482 
       233.5      18.7892     0.999695  0.000496384 -0.000146182 
       233.5      18.9669     0.999696  0.000496856 -0.000145882 
       233.5      19.1454     0.999697  0.000497324 -0.000145583 
       233.5      19.3248     0.999699  0.000497788 -0.000145285 
       233.5       19.505       0.9997  0.000498246 -0.000144989 
       233.5       19.686     0.999701  0.000498697 -0.000144694 
       233.5      19.8678     0.999702  0.000499139 -0.000144401 
       233.5      20.0505     0.999703  0.000499572  -0.00014411 
       233.5      20.2341     0.999704  0.000499993 -0.000143821 
       233.5      20.4184     0.999706  0.000500406 -0.000143531 
       233.5      20.6036     0.999707  0.000500897 -0.000143196 
       233.5      20.7897     0.999708  0.000501384  -0.00014286 
       233.5      20.9765     0.999709  0.000501869 -0.000142521 
       233.5      21.1642      0.99971  0.000502354 -0.000142179 
       233.5      21.3528     0.999711  0.000502838 -0.000141832 
       233.5      21.5422     0.999712  0.000503322 -0.000141481 
       233.5      21.7324     0.999713  0.000503807 -0.000141123 
       233.5      21.9234     0.999714  0.000504293 -0.000140759 
       233.5      22.1153     0.999715   0.00050478 -0.000140387 
       233.5       22.308     0.999716  0.000505268 -0.000140006 
       233.5      22.5016     0.999717  0.000505758 -0.000139617 
       233.5       22.696     0.999718  0.000506247 -0.000139217 
       233.5      22.8912     0.999719  0.000506737 -0.000138806 
       233.5      23.0873      0.99972  0.000507225 -0.000138383 
       233.5      23.2842     0.999722  0.000507709 -0.000137949 
       233.5       23.482     0.999723  0.000508163 -0.000137586 
       233.5      23.6805     0.999725  0.000508626 -0.000137218 
       233.5        23.88     0.999726  0.000509098 -0.000136845 
       233.5      24.0802     0.999727  0.000509577 -0.000136467 
       233.5      24.2813     0.999729  0.000510062 -0.000136084 
       233.5      24.4832      0.99973  0.000510551 -0.000135696 
       233.5       24.686     0.999732  0.000511043 -0.000135303 
       233.5      24.8896     0.999733  0.000511538 -0.000134905 
       233.5       25.094     0.999734  0.000512034 -0.000134502 
       233.5      25.2993     0.999736   0.00051253 -0.000134095 
       233.5      25.5054     0.999737  0.000513026 -0.000133683 
       233.5      25.7123     0.999739  0.000513521 -0.000133265 
       233.5      25.9201      0.99974  0.000514014 -0.000132843 
       233.5      26.1287     0.999741  0.000514506 -0.000132416 
       233.5      26.3381     0.999743  0.000514994 -0.000131985 
       233.5      26.5484     0.999744   0.00051548 -0.000131548 
       233.5      26.7595     0.999746  0.000515963 -0.000131107 
       233.5      26.9715     0.999747  0.000516442 -0.000130661 
       233.5      27.1843     0.999749  0.000516918  -0.00013021 
       233.5      27.3979      0.99975  0.000517391 -0.000129754 
       233.5      27.6124     0.999751  0.000517861 -0.000129294 
       233.5      27.8277     0.999753  0.000518327 -0.000128829 
       233.5      28.0438     0.999754  0.000518791  -0.00012836 
       233.5      28.2608     0.999756  0.000519252 -0.000127886 
       233.5      28.4786     0.999757   0.00051971 -0.000127407 
       233.5      28.6972     0.999759  0.000520167 -0.000126924 
       233.5      28.9167      0.99976  0.000520622 -0.000126436 
       233.5       29.137     0.999762  0.000521076 -0.000125943 
       233.5      29.3582     0.999763  0.000521529 -0.000125446 
       233.5      29.5802     0.999765  0.000521983 -0.000124945 
       233.5       29.803     0.999767  0.000522436 -0.000124439 
       233.5      30.0267     0.999768  0.000522891 -0.000123929 
       233.5      30.2512      0.99977  0.000523347 -0.000123415 
       233.5      30.4765     0.999771  0.000523805 -0.000122896 
       233.5      30.7027     0.999773  0.000524266 -0.000122373 
       233.5      30.9297     0.999774   0.00052473 -0.000121845 
       233.5      31.1575     0.999776  0.000525197 -0.000121313 
       233.5      31.3862     0.999777  0.000525668 -0.000120778 
       233.5      31.6157     0.999779  0.000526144 -0.000120238 
       233.5      31.8461      0.99978  0.000526624 -0.000119694 
       233.5      32.0773     0.999782  0.000527109 -0.000119145 
       233.5      32.3093     0.999783  0.000527599 -0.000118593 
       233.5      32.5421     0.999785  0.000528095 -0.000118037 
       233.5      32.7758     0.999787  0.000528595 -0.000117477 
       233.5      33.0104     0.999788  0.000529099 -0.000116913 
       233.5      33.2457      0.99979  0.000529608 -0.000116345 
       233.5      33.4819     0.999792  0.000530121 -0.000115774 
       233.5       33.719     0.999794  0.000530637 -0.000115198 
       233.5      33.9568     0.999795  0.000531155  -0.00011462 
       233.5      34.1956     0.999797  0.000531628 -0.000114092 
       233.5      34.4351     0.999799  0.000532034 -0.000113632 
       233.5      34.6755     0.999801   0.00053242 -0.000113173 
       233.5      34.9167     0.999802  0.000532783 -0.000112716 
       233.5      35.1588     0.999804  0.000533119 -0.000112262 
       233.5      35.4017     0.999806  0.000533425 -0.000111813 
       233.5      35.6454     0.999808  0.000533698 -0.000111369 
       233.5      35.8899      0.99981  0.000533932 -0.000110933 
       233.5      36.1354     0.999812  0.000534123 -0.000110504 
       233.5      36.3816     0.999814  0.000534383 -0.000109997 
       233.5      36.6287     0.999815  0.000534932 -0.000109258 
       233.5      36.8766     0.999817  0.000535482 -0.000108525 
       233.5      37.1253     0.999819  0.000536031 -0.000107795 
       233.5      37.3749      0.99982  0.000536578  -0.00010707 
       233.5      37.6253     0.999822  0.000537121 -0.000106349 
       233.5      37.8766     0.999824  0.000537658 -0.000105632 
       233.5      38.1287     0.999825  0.000538189 -0.000104919 
       233.5      38.3816     0.999827  0.000538712  -0.00010421 
       233.5      38.6353     0.999829  0.000539226 -0.000103503 
       233.5      38.8899     0.999831   0.00053973 -0.000102801 
       233.5      39.1454     0.999832  0.000540224 -0.000102101 
       233.5      39.4016     0.999834  0.000540706 -0.000101404 
       233.5      39.6588     0.999836  0.000541178  -0.00010071 
       233.5      39.9167     0.999838  0.000541637 -0.000100018 
       233.5      40.1755      0.99984  0.000542084 -9.93292e-05 
       233.5      40.4351     0.999841  0.000542518 -9.86419e-05 
       233.5      40.6955     0.999843  0.000542941 -9.79566e-05 
       233.5      40.9568     0.999845  0.000543351 -9.72729e-05 
       233.5      41.2189     0.999847  0.000543749 -9.65906e-05 
       233.5      41.4819     0.999849  0.000544135 -9.59096e-05 
       233.5      41.7457     0.999851   0.00054451 -9.52295e-05 
       233.5      42.0103     0.999853  0.000544873 -9.45502e-05 
       233.5      42.2758     0.999855  0.000545226 -9.38714e-05 
       233.5      42.5421     0.999856  0.000545569 -9.31929e-05 
       233.5      42.8092     0.999858  0.000545902 -9.25144e-05 
       233.5      43.0772      0.99986  0.000546226 -9.18357e-05 
       233.5       43.346     0.999862  0.000546541 -9.11566e-05 
       233.5      43.6157     0.999864  0.000546849 -9.04767e-05 
       233.5      43.8862     0.999866   0.00054715 -8.97958e-05 
       233.5      44.1575     0.999868  0.000547444 -8.91137e-05 
       233.5      44.4296      0.99987  0.000547733 -8.84301e-05 
       233.5      44.7026     0.999872  0.000548016 -8.77447e-05 
       233.5      44.9765     0.999874  0.000548295 -8.70572e-05 
       233.5      45.2511     0.999877  0.000548569 -8.63674e-05 
       233.5      45.5266     0.999879   0.00054884 -8.56749e-05 
       233.5       45.803     0.999881  0.000549108 -8.49795e-05 
       233.5      46.0801     0.999883  0.000549372 -8.42809e-05 
       233.5      46.3581     0.999885  0.000549633 -8.35787e-05 
       233.5       46.637     0.999887  0.000549891 -8.28728e-05 
       233.5      46.9167     0.999889  0.000550146 -8.21627e-05 
       233.5      47.1972     0.999891  0.000550397 -8.14482e-05 
       233.5      47.4785     0.999894  0.000550645 -8.07289e-05 
       233.5      47.7607     0.999896  0.000550887 -8.00045e-05 
       233.5      48.0438     0.999898  0.000551124 -7.92748e-05 
       233.5      48.3276       0.9999  0.000551355 -7.85393e-05 
       233.5      48.6123     0.999902  0.000551577 -7.77978e-05 
       233.5      48.8979     0.999905  0.000551788 -7.70498e-05 
       233.5      49.1842     0.999907  0.000551988 -7.62952e-05 
       233.5      49.4714     0.999909  0.000552174 -7.55334e-05 
       233.5      49.7595     0.999911  0.000552342 -7.47642e-05 
       233.5      50.0484     0.999913   0.00055249 -7.39872e-05 
       233.5      50.3381     0.999916  0.000552615 -7.32021e-05 
       233.5      50.6286     0.999918  0.000552711 -7.24084e-05 
       233.5        50.92      0.99992  0.000552776 -7.16059e-05 
       233.5      51.2122     0.999922  0.000552803 -7.07941e-05 
       233.5      51.5053     0.999924  0.000552975 -6.98808e-05 
       233.5      51.7992     0.999925  0.000553257 -6.89295e-05 
       233.5      52.0939     0.999927  0.000553627  -6.7956e-05 
       233.5      52.3895     0.999928  0.000554075 -6.69653e-05 
       233.5      52.6859      0.99993  0.000554591  -6.5963e-05 
       233.5      52.9831     0.999931  0.000555163 -6.49546e-05 
       233.5      53.2812     0.999932  0.000555779 -6.39461e-05 
       233.5      53.5801     0.999934  0.000556423 -6.29437e-05 
       233.5      53.8799     0.999935  0.000557081 -6.19539e-05 
       233.5      54.1805     0.999936  0.000557734 -6.09836e-05 
       233.5      54.4819     0.999938  0.000558364 -6.00398e-05 
       233.5      54.7841     0.999939  0.000558949 -5.91299e-05 
       233.5      55.0872     0.999941  0.000559467 -5.82617e-05 
       233.5      55.3912     0.999942  0.000559893 -5.74432e-05 
       233.5      55.6959     0.999944  0.000560202 -5.66827e-05 
       233.5      56.0015     0.999946  0.000560365  -5.5989e-05 
       233.5       56.308     0.999948  0.000560352 -5.53711e-05 
       233.5      56.6152     0.999951  0.000560131 -5.48383e-05 
       233.5      56.9233     0.999953  0.000559667 -5.44004e-05 
       233.5      57.2323     0.999956  0.000558923 -5.40675e-05 
       233.5      57.5421      0.99996  0.000557861 -5.38499e-05 
       233.5      57.8527     0.999963   0.00055644 -5.37585e-05 
       233.5      58.1641     0.999967  0.000554614 -5.38046e-05 
       233.5      58.4764     0.999971  0.000553289 -5.34586e-05 
       233.5      58.7896     0.999973  0.000554265 -5.17944e-05 
       233.5      59.1035     0.999975    0.0005552 -5.02034e-05 
       233.5      59.4183     0.999977  0.000556094 -4.86822e-05 
       233.5      59.7339     0.999978  0.000556942 -4.72277e-05 
       233.5      60.0504      0.99998  0.000557744 -4.58365e-05 
       233.5      60.3677     0.999982  0.000558498 -4.45054e-05 
       233.5      60.6859     0.999984  0.000559202 -4.32313e-05 
       233.5      61.0048     0.999985  0.000559855 -4.20109e-05 
       233.5      61.3247     0.999987  0.000560457 -4.08413e-05 
       233.5      61.6453     0.999989  0.000561006 -3.97193e-05 
       233.5      61.9668     0.999991  0.000561503 -3.86419e-05 
       233.5      62.2891     0.999993  0.000561946 -3.76061e-05 
       233.5      62.6123     0.999994  0.000562336 -3.66089e-05 
       233.5      62.9363     0.999996  0.000562673 -3.56475e-05 
       233.5      63.2611     0.999998  0.000562958  -3.4719e-05 
       233.5      63.5868            1   0.00056319 -3.38207e-05 
       233.5      63.9133            1  0.000563371 -3.29497e-05 
       233.5      64.2406            1  0.000563502 -3.21034e-05 
       233.5      64.5688      1.00001  0.000563584 -3.12792e-05 
       233.5      64.8978      1.00001  0.000563618 -3.04745e-05 
       233.5      65.2277      1.00001  0.000563606 -2.96868e-05 
       233.5      65.5583      1.00001   0.00056355 -2.89137e-05 
       233.5      65.8899      1.00001   0.00056345 -2.81528e-05 
       233.5      66.2222      1.00002   0.00056331 -2.74018e-05 
       233.5      66.5554      1.00002  0.000563132 -2.66585e-05 
       233.5      66.8894      1.00002  0.000562917 -2.59207e-05 
       233.5      67.2243      1.00002  0.000562669 -2.51864e-05 
       233.5        67.56      1.00003  0.000562389 -2.44536e-05 
       233.5      67.8966      1.00003  0.000562081 -2.37204e-05 
       233.5      68.2339      1.00003  0.000561746 -2.29849e-05 
       233.5      68.5721      1.00003  0.000561389 -2.22455e-05 
       233.5      68.9112      1.00003  0.000561011 -2.15004e-05 
       233.5      69.2511      1.00004  0.000560617 -2.07483e-05 
       233.5      69.5918      1.00004  0.000560208 -1.99875e-05 
       233.5      69.9333      1.00004  0.000559788 -1.92167e-05 
       233.5      70.2757      1.00004   0.00055936 -1.84348e-05 
       233.5      70.6189      1.00005  0.000558927 -1.76406e-05 
       233.5       70.963      1.00005  0.000558492  -1.6833e-05 
       233.5      71.3079      1.00005  0.000558058 -1.60112e-05 
       233.5      71.6536      1.00005  0.000557629 -1.51742e-05 
       233.5      72.0002      1.00005  0.000557207 -1.43215e-05 
       233.5      72.3476      1.00006  0.000556796 -1.34525e-05 
       233.5      72.6959      1.00006  0.000556398 -1.25667e-05 
       233.5      73.0449      1.00006  0.000556016 -1.16638e-05 
       233.5      73.3949      1.00006  0.000555653 -1.07436e-05 
       233.5      73.7456      1.00006   0.00055531 -9.80606e-06 
       233.5      74.0972      1.00007  0.000554992  -8.8513e-06 
       233.5      74.4496      1.00007    0.0005547 -7.87951e-06 
       233.5      74.8029      1.00007  0.000554435 -6.89105e-06 
       233.5       75.157      1.00007  0.000554201 -5.88644e-06 
       233.5      75.5119      1.00007  0.000553998 -4.86633e-06 
       233.5      75.8677      1.00007  0.000553827 -3.83153e-06 
       233.5      76.2243      1.00008  0.000553691 -2.78302e-06 
       233.5      76.5817      1.00008   0.00055359 -1.72193e-06 
       233.5        76.94      1.00008  0.000553524 -6.49526e-07 
       233.5      77.2991      1.00008  0.000553493  4.32717e-07 
       233.5      77.6591      1.00008  0.000553498  1.52317e-06 
       233.5      78.0198      1.00008  0.000553537  2.62004e-06 
       233.5      78.3815      1.00008   0.00055361  3.72136e-06 
       233.5      78.7439      1.00008  0.000553715  4.82495e-06 
       233.5      79.1072      1.00008   0.00055385  5.92847e-06 
       233.5      79.4714      1.00008  0.000554013   7.0294e-06 
       233.5      79.8363      1.00009  0.000554201  8.12501e-06 
       233.5      80.2021      1.00009   0.00055441  9.21238e-06 
       233.5      80.5688      1.00009  0.000554637  1.02884e-05 
       233.5      80.9362      1.00009  0.000554876  1.13497e-05 
       233.5      81.3045      1.00009  0.000555122  1.23928e-05 
       233.5      81.6737      1.00009  0.000555369   1.3414e-05 
       233.5      82.0437      1.00009  0.000555611  1.44092e-05 
       233.5      82.4145      1.00009  0.000555839  1.53744e-05 
       233.5      82.7861      1.00009  0.000556046   1.6305e-05 
       233.5      83.1586      1.00009  0.000556222  1.71966e-05 
       233.5       83.532       1.0001  0.000556358  1.80441e-05 
       233.5      83.9061       1.0001  0.000556441  1.88426e-05 
       233.5      84.2811       1.0001  0.000556462  1.95866e-05 
       233.5       84.657       1.0001  0.000556406  2.02706e-05 
       233.5      85.0336       1.0001   0.00055626  2.08888e-05 
       233.5      85.4111      1.00011  0.000556009   2.1435e-05 
       233.5      85.7895      1.00011  0.000555638   2.1903e-05 
       233.5      86.1687      1.00011  0.000555075  2.25025e-05 
       233.5      86.5487      1.00012  0.000554232  2.38098e-05 
       233.5      86.9295      1.00012  0.000553333   2.5045e-05 
       233.5      87.3112      1.00013  0.000552369  2.62013e-05 
       233.5      87.6937      1.00013   0.00055133  2.72715e-05 
       233.5      88.0771      1.00014  0.000550205  2.82484e-05 
       233.5      88.4613      1.00014  0.000548984  2.91249e-05 
       233.5      88.8463      1.00015  0.000547653  2.98932e-05 
       233.5      89.2322      1.00016  0.000546199  3.05458e-05 
       233.5      89.6189      1.00016  0.000544609  3.10748e-05 
       233.5      90.0064      1.00017  0.000542867  3.14722e-05 
       233.5      90.3948      1.00018  0.000540956  3.17298e-05 
       233.5       90.784      1.00019   0.00053886  3.18393e-05 
       233.5      91.1741      1.00019  0.000536561  3.17921e-05 
       233.5       91.565       1.0002  0.000534039  3.15794e-05 
       233.5      91.9567      1.00021  0.000531273  3.11925e-05 
       233.5      92.3492      1.00022  0.000528242  3.06223e-05 
       233.5      92.7426      1.00022  0.000528121  3.14482e-05 
       233.5      93.1369      1.00022  0.000528813  3.26664e-05 
       233.5      93.5319      1.00021  0.000529482  3.38665e-05 
       233.5      93.9278      1.00021  0.000530124   3.5049e-05 
       233.5      94.3246      1.00021  0.000530739  3.62143e-05 
       233.5      94.7221       1.0002  0.000531325  3.73629e-05 
       233.5      95.1206       1.0002   0.00053188  3.84951e-05 
       233.5      95.5198       1.0002  0.000532403  3.96115e-05 
       233.5      95.9199       1.0002  0.000532893  4.07124e-05 
       233.5      96.3208       1.0002  0.000533347  4.17984e-05 
       233.5      96.7226       1.0002  0.000533766  4.28697e-05 
       233.5      97.1251      1.00019  0.000534146  4.39268e-05 
       233.5      97.5286      1.00019  0.000534488  4.49701e-05 
       233.5      97.9328      1.00019  0.000534791      4.6e-05 
       233.5      98.3379      1.00019  0.000535053  4.70168e-05 
       233.5      98.7439      1.00019  0.000535274  4.80211e-05 
       233.5      99.1506      1.00019  0.000535452   4.9013e-05 
       233.5      99.5583      1.00019  0.000535587   4.9993e-05 
       233.5      99.9667      1.00019  0.000535678  5.09615e-05 
       233.5      100.376      1.00019  0.000535725  5.19187e-05 
       233.5      100.786      1.00018  0.000535727   5.2865e-05 
       233.5      101.197      1.00018  0.000535684  5.38008e-05 
       233.5      101.609      1.00018  0.000535595  5.47263e-05 
       233.5      102.021      1.00018  0.000535461  5.56418e-05 
       233.5      102.435      1.00018   0.00053528  5.65477e-05 
       233.5      102.849      1.00018  0.000535052  5.74442e-05 
       233.5      103.264      1.00018  0.000534778  5.83317e-05 
       233.5       103.68      1.00018  0.000534458  5.92102e-05 
       233.5      104.097      1.00018  0.000534091  6.00802e-05 
       233.5      104.515      1.00018  0.000533678  6.09419e-05 
       233.5      104.933      1.00018  0.000533219  6.17954e-05 
       233.5      105.353      1.00018  0.000532715   6.2641e-05 
       233.5      105.773      1.00018  0.000532164   6.3479e-05 
       233.5      106.194      1.00018  0.000531569  6.43094e-05 
       233.5      106.616      1.00019  0.000530929  6.51325e-05 
       233.5      107.038      1.00019  0.000530245  6.59484e-05 
       233.5      107.462      1.00019  0.000529518  6.67572e-05 
       233.5      107.886      1.00019  0.000528747  6.75592e-05 
       233.5      108.311      1.00019  0.000527935  6.83545e-05 
       233.5      108.737      1.00019  0.000527081   6.9143e-05 
       233.5      109.164      1.00019  0.000526187   6.9925e-05 
       233.5      109.592      1.00019  0.000525254  7.07005e-05 
       233.5       110.02      1.00019  0.000524282  7.14696e-05 
       233.5       110.45      1.00019  0.000523272  7.22323e-05 
       233.5       110.88      1.00019  0.000522226  7.29886e-05 
       233.5      111.311      1.00019  0.000521144  7.37386e-05 
       233.5      111.743       1.0002  0.000520028  7.44823e-05 
       233.5      112.175       1.0002  0.000518879  7.52196e-05 
       233.5      112.609       1.0002  0.000517699  7.59505e-05 
       233.5      113.043       1.0002  0.000516488  7.66749e-05 
       233.5      113.478       1.0002  0.000515248  7.73927e-05 
       233.5      113.914       1.0002  0.000513981   7.8104e-05 
       233.5      114.351       1.0002  0.000512687  7.88085e-05 
       233.5      114.789      1.00021  0.000511368  7.95061e-05 
       233.5      115.228      1.00021  0.000510027  8.01967e-05 
       233.5      115.667      1.00021  0.000508663    8.088e-05 
       233.5      116.107      1.00021   0.00050728   8.1556e-05 
       233.5      116.548      1.00021  0.000505878  8.22244e-05 
       233.5       116.99      1.00022  0.000504459  8.28849e-05 
       233.5      117.433      1.00022  0.000503026  8.35374e-05 
       233.5      117.876      1.00022  0.000501578  8.41814e-05 
       233.5      118.321      1.00022  0.000500119  8.48168e-05 
       233.5      118.766      1.00022   0.00049865  8.54432e-05 
       233.5      119.212      1.00023  0.000497172  8.60603e-05 
       233.5      119.659      1.00023  0.000495688  8.66677e-05 
       233.5      120.107      1.00023  0.000494198  8.72649e-05 
       233.5      120.555      1.00023  0.000492706  8.78516e-05 
       233.5      121.005      1.00024  0.000491212  8.84274e-05 
       233.5      121.455      1.00024  0.000489719  8.89918e-05 
       233.5      121.906      1.00024  0.000488227  8.95442e-05 
       233.5      122.358      1.00024   0.00048674  9.00842e-05 
       233.5      122.811      1.00025  0.000485257  9.06113e-05 
       233.5      123.264      1.00025  0.000483782  9.11248e-05 
       233.5      123.719      1.00025  0.000482316  9.16241e-05 
       233.5      124.174      1.00025  0.000480861  9.21087e-05 
       233.5       124.63      1.00026  0.000479417  9.25779e-05 
       233.5      125.087      1.00026  0.000477988  9.30309e-05 
       233.5      125.545      1.00026  0.000476573  9.34672e-05 
       233.5      126.003      1.00026  0.000475176  9.38859e-05 
       233.5      126.463      1.00027  0.000473796  9.42863e-05 
       233.5      126.923      1.00027  0.000472437  9.46676e-05 
       233.5      127.384      1.00027  0.000471098   9.5029e-05 
       233.5      127.846      1.00028  0.000469782  9.53695e-05 
       233.5      128.309      1.00028   0.00046849  9.56884e-05 
       233.5      128.773      1.00028  0.000467222  9.59846e-05 
       233.5      129.237      1.00028   0.00046598  9.62573e-05 
       233.5      129.702      1.00029  0.000464765  9.65055e-05 
       233.5      130.169      1.00029  0.000463578   9.6728e-05 
       233.5      130.636      1.00029   0.00046242   9.6924e-05 
       233.5      131.103      1.00029  0.000461291  9.70922e-05 
       233.5      131.572      1.00029  0.000460193  9.72316e-05 
       233.5      132.041       1.0003  0.000459125   9.7341e-05 
       233.5      132.512       1.0003  0.000458089  9.74192e-05 
       233.5      132.983       1.0003  0.000457084  9.74649e-05 
       233.5      133.455       1.0003   0.00045611   9.7477e-05 
       233.5      133.928       1.0003  0.000455169  9.74541e-05 
       233.5      134.401       1.0003   0.00045426  9.73949e-05 
       233.5      134.876       1.0003  0.000453382  9.72979e-05 
       233.5      135.351       1.0003  0.000452535  9.71619e-05 
       233.5      135.827       1.0003   0.00045172  9.69852e-05 
       233.5      136.304       1.0003  0.000450934  9.67665e-05 
       233.5      136.782       1.0003  0.000450178  9.65041e-05 
       233.5      137.261       1.0003  0.000449451  9.61965e-05 
       233.5       137.74       1.0003   0.00044875  9.58422e-05 
       233.5      138.221       1.0003  0.000448076  9.54393e-05 
       233.5      138.702       1.0003  0.000447426  9.49863e-05 
       233.5      139.184       1.0003  0.000446799  9.44814e-05 
       233.5      139.667      1.00029  0.000446192  9.39228e-05 
       233.5      140.151      1.00029  0.000445604  9.33086e-05 
       233.5      140.635      1.00029  0.000445032   9.2637e-05 
       233.5       141.12      1.00028  0.000444474  9.19061e-05 
       233.5      141.607      1.00028  0.000443926  9.11139e-05 
       233.5      142.094      1.00027  0.000443386  9.02584e-05 
       233.5      142.582      1.00026   0.00044285  8.93375e-05 
       233.5       143.07      1.00026  0.000442315  8.83491e-05 
       233.5       143.56      1.00025  0.000441776  8.72911e-05 
       233.5       144.05      1.00024   0.00044123  8.61613e-05 
       233.5      144.541      1.00023  0.000440672  8.49574e-05 
       233.5      145.033      1.00022  0.000440097  8.36771e-05 
       233.5      145.526       1.0002  0.000439567  8.30491e-05 
       233.5       146.02      1.00019  0.000439405  8.55076e-05 
       233.5      146.515      1.00017  0.000439418  8.80524e-05 
       233.5       147.01      1.00015  0.000439613  9.06847e-05 
       233.5      147.506      1.00013  0.000439996  9.34061e-05 
       233.5      148.003      1.00011  0.000440571  9.62178e-05 
       233.5      148.501      1.00008  0.000441345  9.91214e-05 
       233.5          149      1.00006  0.000442322  0.000102118 
       233.5        149.5      1.00003  0.000443507   0.00010521 
       233.5          150            1  0.000444905  0.000108398 
