Variables = x, y, u, v, p

Zone, I=600, F=POINT
       953.5            0            0            0 -2.39431e-05 
       953.5     0.000418   0.00017129 -1.95123e-10 -2.39433e-05 
       953.5     0.001672  0.000685161    -6.49e-10  -2.3944e-05 
       953.5     0.003763   0.00154202 -9.70117e-10 -2.39451e-05 
       953.5     0.006689   0.00274106  -5.1499e-10  -2.3947e-05 
       953.5     0.010451   0.00428268  1.59756e-09 -2.39497e-05 
       953.5      0.01505   0.00616729  6.47243e-09 -2.39534e-05 
       953.5     0.020485   0.00839449  1.54176e-08 -2.39582e-05 
       953.5     0.026756    0.0109643  2.99293e-08 -2.39641e-05 
       953.5     0.033863    0.0138766  5.16783e-08 -2.39712e-05 
       953.5     0.041806    0.0171316  8.25024e-08 -2.39792e-05 
       953.5     0.050585    0.0207291  1.24406e-07 -2.39876e-05 
       953.5     0.060201    0.0246696  1.79574e-07 -2.39961e-05 
       953.5     0.070652    0.0289522  2.50365e-07 -2.40038e-05 
       953.5      0.08194    0.0335777  3.39379e-07   -2.401e-05 
       953.5     0.094063    0.0385452  4.49431e-07 -2.40138e-05 
       953.5     0.107023    0.0438556   5.8364e-07 -2.40147e-05 
       953.5     0.120819    0.0495084  7.45389e-07  -2.4012e-05 
       953.5     0.135451    0.0555034  9.38353e-07 -2.40059e-05 
       953.5     0.150919    0.0618406  1.16645e-06 -2.39972e-05 
       953.5     0.167224    0.0685203  1.43377e-06  -2.3988e-05 
       953.5     0.184364    0.0755416  1.74431e-06 -2.39821e-05 
       953.5     0.202341    0.0829051   2.1018e-06 -2.39853e-05 
       953.5     0.221153    0.0906098  2.50912e-06 -2.40067e-05 
       953.5     0.240802    0.0986564   2.9678e-06  -2.4059e-05 
       953.5     0.261287     0.107046   3.5081e-06 -2.40993e-05 
       953.5     0.282608     0.115776  4.12594e-06 -2.40885e-05 
       953.5     0.304765     0.124846  4.80506e-06 -2.40634e-05 
       953.5     0.327758     0.134254  5.55587e-06 -2.40292e-05 
       953.5     0.351588        0.144  6.38854e-06 -2.39916e-05 
       953.5     0.376253     0.154082  7.31253e-06 -2.39563e-05 
       953.5     0.401755     0.164499  8.33661e-06 -2.39288e-05 
       953.5     0.428092      0.17525  9.46832e-06 -2.39137e-05 
       953.5     0.455266     0.186332  1.07142e-05  -2.3915e-05 
       953.5     0.483276     0.197744  1.20796e-05 -2.39346e-05 
       953.5     0.512122     0.209484   1.3569e-05 -2.39721e-05 
       953.5     0.541805     0.221549  1.51862e-05 -2.40243e-05 
       953.5     0.572323     0.233936  1.69352e-05 -2.40838e-05 
       953.5     0.603677     0.246643  1.88213e-05 -2.41386e-05 
       953.5     0.635868     0.259667  2.08525e-05 -2.41706e-05 
       953.5     0.668894     0.273004  2.30409e-05 -2.41547e-05 
       953.5     0.702757     0.286651  2.54061e-05 -2.40574e-05 
       953.5     0.737456     0.300602  2.79773e-05 -2.38353e-05 
       953.5     0.772991     0.314887  3.06513e-05 -2.37734e-05 
       953.5     0.809362     0.329468  3.34794e-05 -2.38583e-05 
       953.5      0.84657     0.344316  3.65333e-05 -2.39357e-05 
       953.5     0.884613     0.359421  3.98118e-05 -2.40026e-05 
       953.5     0.923492     0.374772  4.33146e-05 -2.40561e-05 
       953.5     0.963208     0.390359  4.70419e-05 -2.40938e-05 
       953.5      1.00376      0.40617  5.09943e-05 -2.41136e-05 
       953.5      1.04515     0.422192   5.5173e-05 -2.41141e-05 
       953.5      1.08737     0.438412  5.95801e-05 -2.40947e-05 
       953.5      1.13043     0.454814  6.42178e-05 -2.40558e-05 
       953.5      1.17433     0.471385  6.90887e-05 -2.39987e-05 
       953.5      1.21906     0.488107  7.41951e-05 -2.39262e-05 
       953.5      1.26463     0.504963  7.95393e-05 -2.38426e-05 
       953.5      1.31103     0.521933  8.51219e-05 -2.37539e-05 
       953.5      1.35827     0.538999  9.09423e-05 -2.36681e-05 
       953.5      1.40635     0.556139   9.6997e-05 -2.35955e-05 
       953.5      1.45526     0.573331  0.000103279  -2.3549e-05 
       953.5      1.50501     0.590552  0.000109777 -2.35443e-05 
       953.5       1.5556     0.607777  0.000116473 -2.36003e-05 
       953.5      1.60702     0.624979   0.00012334 -2.37395e-05 
       953.5      1.65928     0.642131  0.000130343 -2.39884e-05 
       953.5      1.71237     0.659205  0.000137433 -2.43776e-05 
       953.5       1.7663     0.676218  0.000144358 -2.43547e-05 
       953.5      1.82106     0.693098  0.000151317 -2.32848e-05 
       953.5      1.87667     0.709653  0.000158888 -2.25647e-05 
       953.5      1.93311     0.725864  0.000166914 -2.21456e-05 
       953.5      1.99038     0.741714  0.000175249 -2.19779e-05 
       953.5      2.04849     0.757188  0.000183762 -2.20119e-05 
       953.5      2.10744      0.77227  0.000192337  -2.2198e-05 
       953.5      2.16722     0.786944  0.000200875 -2.24876e-05 
       953.5      2.22784     0.801196  0.000209294 -2.28339e-05 
       953.5      2.28929     0.815011  0.000217529 -2.31921e-05 
       953.5      2.35158     0.828376  0.000225533 -2.35208e-05 
       953.5      2.41471     0.841278  0.000233279 -2.37821e-05 
       953.5      2.47867     0.853706  0.000240756 -2.39432e-05 
       953.5      2.54347     0.865647  0.000247967 -2.39767e-05 
       953.5      2.60911     0.877091  0.000254932  -2.3862e-05 
       953.5      2.67558     0.888029   0.00026168 -2.35862e-05 
       953.5      2.74288     0.898451  0.000268252 -2.31452e-05 
       953.5      2.81103      0.90835   0.00027469 -2.25448e-05 
       953.5      2.88001     0.917718  0.000281038 -2.18021e-05 
       953.5      2.94983      0.92655  0.000287333  -2.0947e-05 
       953.5      3.02048      0.93484  0.000293602  -2.0023e-05 
       953.5      3.09197     0.942584  0.000299849 -1.90891e-05 
       953.5      3.16429     0.949779  0.000306051 -1.82214e-05 
       953.5      3.23745     0.956424  0.000312143 -1.75144e-05 
       953.5      3.31145     0.962517  0.000318013 -1.70828e-05 
       953.5      3.38628      0.96806  0.000323481 -1.70635e-05 
       953.5      3.46195     0.973053  0.000328292 -1.76171e-05 
       953.5      3.53845       0.9775  0.000332095 -1.89302e-05 
       953.5      3.61579     0.981405  0.000334425 -2.12171e-05 
       953.5      3.69397     0.984773  0.000334686 -2.47221e-05 
       953.5      3.77298     0.987097   0.00033406 -2.78955e-05 
       953.5      3.85283     0.987953  0.000336815  -2.7259e-05 
       953.5      3.93352     0.988784  0.000339298 -2.67345e-05 
       953.5      4.01504     0.989588  0.000341528  -2.6317e-05 
       953.5       4.0974     0.990367  0.000343525 -2.60015e-05 
       953.5      4.18059     0.991118  0.000345306 -2.57825e-05 
       953.5      4.26462     0.991842   0.00034689 -2.56543e-05 
       953.5      4.34949     0.992538  0.000348293 -2.56111e-05 
       953.5      4.43519     0.993207  0.000349531 -2.56465e-05 
       953.5      4.52173     0.993847  0.000350619 -2.57541e-05 
       953.5       4.6091     0.994459  0.000351573 -2.59274e-05 
       953.5      4.69731     0.995043  0.000352405 -2.61594e-05 
       953.5      4.78636     0.995598  0.000353127  -2.6443e-05 
       953.5      4.87624     0.996124  0.000353752 -2.67711e-05 
       953.5      4.96696     0.996622  0.000354288 -2.71361e-05 
       953.5      5.05851     0.997091  0.000354746 -2.75307e-05 
       953.5       5.1509     0.997531  0.000355133  -2.7947e-05 
       953.5      5.24413     0.997943  0.000355455 -2.83773e-05 
       953.5       5.3382     0.998326  0.000355719 -2.88137e-05 
       953.5      5.43309     0.998681  0.000355929 -2.92482e-05 
       953.5      5.52883     0.999008  0.000356088  -2.9673e-05 
       953.5       5.6254     0.999307  0.000356198 -3.00799e-05 
       953.5      5.72281     0.999578  0.000356262  -3.0461e-05 
       953.5      5.82105     0.999823   0.00035628 -3.08084e-05 
       953.5      5.92013      1.00004  0.000356252 -3.11141e-05 
       953.5      6.02005      1.00023  0.000356177 -3.13704e-05 
       953.5       6.1208       1.0004  0.000356055 -3.15695e-05 
       953.5      6.22239      1.00054  0.000355884  -3.1704e-05 
       953.5      6.32482      1.00066  0.000355663 -3.17666e-05 
       953.5      6.42808      1.00075  0.000355391 -3.17501e-05 
       953.5      6.53217      1.00082  0.000355068 -3.16478e-05 
       953.5      6.63711      1.00087  0.000354695 -3.14531e-05 
       953.5      6.74287       1.0009  0.000354273 -3.11598e-05 
       953.5      6.84948       1.0009  0.000353805 -3.07621e-05 
       953.5      6.95692      1.00089  0.000353298 -3.02548e-05 
       953.5       7.0652      1.00086  0.000352759 -2.96328e-05 
       953.5      7.17431      1.00081  0.000352198 -2.88918e-05 
       953.5      7.28426      1.00075  0.000351631  -2.8028e-05 
       953.5      7.39505      1.00067  0.000351075 -2.70383e-05 
       953.5      7.50667      1.00058  0.000350554 -2.59201e-05 
       953.5      7.61913      1.00048  0.000350096 -2.46716e-05 
       953.5      7.73242      1.00036  0.000349737 -2.32919e-05 
       953.5      7.84655      1.00024  0.000349518 -2.17807e-05 
       953.5      7.96152      1.00011  0.000349489 -2.01388e-05 
       953.5      8.07732     0.999979  0.000349709 -1.83678e-05 
       953.5      8.19396     0.999841  0.000350287 -1.68381e-05 
       953.5      8.31143     0.999706  0.000351435 -1.85374e-05 
       953.5      8.42974      0.99957  0.000352579 -2.00172e-05 
       953.5      8.54889     0.999437  0.000353691 -2.12842e-05 
       953.5      8.66887     0.999308  0.000354736 -2.23466e-05 
       953.5      8.78969     0.999186  0.000355674 -2.32143e-05 
       953.5      8.91135     0.999072  0.000356461 -2.38991e-05 
       953.5      9.03384      0.99897  0.000357041 -2.44145e-05 
       953.5      9.15717     0.998883  0.000357356 -2.47761e-05 
       953.5      9.28133     0.998812  0.000357337 -2.50016e-05 
       953.5      9.40633     0.998761  0.000356907  -2.5111e-05 
       953.5      9.53216     0.998734  0.000355983 -2.51264e-05 
       953.5      9.65884     0.998732  0.000354469 -2.50725e-05 
       953.5      9.78634     0.998777  0.000355453 -2.43242e-05 
       953.5      9.91469     0.998824  0.000356349   -2.355e-05 
       953.5      10.0439     0.998872   0.00035699 -2.28508e-05 
       953.5      10.1739     0.998921  0.000357373 -2.22915e-05 
       953.5      10.3047      0.99897  0.000357491 -2.19375e-05 
       953.5      10.4364      0.99902  0.000357332 -2.18557e-05 
       953.5      10.5689     0.999069  0.000356879 -2.21133e-05 
       953.5      10.7023     0.999118  0.000356109 -2.27787e-05 
       953.5      10.8365     0.999166  0.000354997 -2.39208e-05 
       953.5      10.9715     0.999214  0.000353509 -2.56095e-05 
       953.5      11.1074     0.999262  0.000351608  -2.7915e-05 
       953.5      11.2441     0.999308  0.000349253 -3.09082e-05 
       953.5      11.3817     0.999351  0.000346802 -3.28992e-05 
       953.5        11.52     0.999385   0.00034537 -3.05954e-05 
       953.5      11.6592     0.999419   0.00034423 -2.82741e-05 
       953.5      11.7993     0.999451  0.000343424 -2.59598e-05 
       953.5      11.9402     0.999481  0.000342976 -2.36761e-05 
       953.5      12.0819      0.99951  0.000342903 -2.14457e-05 
       953.5      12.2245     0.999538  0.000343207 -1.92906e-05 
       953.5      12.3679     0.999564  0.000343879 -1.72314e-05 
       953.5      12.5121     0.999588  0.000344898 -1.52878e-05 
       953.5      12.6572     0.999611  0.000346236 -1.34781e-05 
       953.5      12.8031     0.999631  0.000347853 -1.18196e-05 
       953.5      12.9498      0.99965    0.0003497 -1.03277e-05 
       953.5      13.0974     0.999667  0.000351722  -9.0167e-06 
       953.5      13.2458     0.999681  0.000353858 -7.89895e-06 
       953.5       13.395     0.999693   0.00035604 -6.98517e-06 
       953.5      13.5451     0.999703  0.000358197  -6.2842e-06 
       953.5       13.696      0.99971  0.000360257  -5.8029e-06 
       953.5      13.8478     0.999714  0.000362146 -5.54599e-06 
       953.5      14.0004     0.999716  0.000363791 -5.51599e-06 
       953.5      14.1538     0.999714  0.000365124 -5.71307e-06 
       953.5      14.3081     0.999709  0.000366079  -6.1349e-06 
       953.5      14.4632     0.999701  0.000366599 -6.77655e-06 
       953.5      14.6191      0.99969  0.000366639 -7.63032e-06 
       953.5      14.7759     0.999676  0.000366161 -8.68565e-06 
       953.5      14.9335     0.999658  0.000365147 -9.92893e-06 
       953.5      15.0919     0.999637  0.000363594 -1.13434e-05 
       953.5      15.2512     0.999613  0.000361521 -1.29089e-05 
       953.5      15.4113     0.999586  0.000358971 -1.46019e-05 
       953.5      15.5723     0.999556  0.000356014 -1.63952e-05 
       953.5      15.7341     0.999523  0.000352752 -1.82578e-05 
       953.5      15.8967     0.999488  0.000349323 -2.01547e-05 
       953.5      16.0602     0.999452  0.000345903 -2.20469e-05 
       953.5      16.2245     0.999413  0.000342713 -2.38911e-05 
       953.5      16.3896     0.999408  0.000343021 -2.47727e-05 
       953.5      16.5556     0.999439  0.000346439 -2.46899e-05 
       953.5      16.7224     0.999466  0.000349396 -2.46332e-05 
       953.5        16.89      0.99949  0.000351921  -2.4599e-05 
       953.5      17.0585     0.999512  0.000354047  -2.4584e-05 
       953.5      17.2278     0.999531  0.000355804 -2.45848e-05 
       953.5      17.3979     0.999547  0.000357221 -2.45977e-05 
       953.5      17.5689     0.999561  0.000358327 -2.46193e-05 
       953.5      17.7408     0.999573  0.000359151 -2.46458e-05 
       953.5      17.9134     0.999583   0.00035972 -2.46736e-05 
       953.5      18.0869     0.999591  0.000360061 -2.46988e-05 
       953.5      18.2612     0.999598  0.000360199 -2.47178e-05 
       953.5      18.4364     0.999603   0.00036016 -2.47266e-05 
       953.5      18.6124     0.999607  0.000359966 -2.47212e-05 
       953.5      18.7892     0.999609  0.000359642 -2.46977e-05 
       953.5      18.9669      0.99961  0.000359209 -2.46522e-05 
       953.5      19.1454     0.999611  0.000358688 -2.45804e-05 
       953.5      19.3248     0.999611    0.0003581 -2.44782e-05 
       953.5       19.505      0.99961  0.000357463 -2.43416e-05 
       953.5       19.686     0.999608  0.000356796 -2.41662e-05 
       953.5      19.8678     0.999606  0.000356114 -2.39478e-05 
       953.5      20.0505     0.999604  0.000355435 -2.36822e-05 
       953.5      20.2341     0.999601  0.000354773 -2.33649e-05 
       953.5      20.4184     0.999598  0.000354141 -2.29916e-05 
       953.5      20.6036     0.999596  0.000353552 -2.25579e-05 
       953.5      20.7897     0.999593  0.000353017 -2.20593e-05 
       953.5      20.9765      0.99959  0.000352547 -2.14914e-05 
       953.5      21.1642     0.999588   0.00035215 -2.08495e-05 
       953.5      21.3528     0.999586  0.000351835 -2.01294e-05 
       953.5      21.5422     0.999584  0.000351609 -1.93262e-05 
       953.5      21.7324     0.999582  0.000351478 -1.84355e-05 
       953.5      21.9234     0.999581  0.000351446 -1.74527e-05 
       953.5      22.1153     0.999581  0.000351516  -1.6373e-05 
       953.5       22.308      0.99958  0.000351692  -1.5192e-05 
       953.5      22.5016      0.99958  0.000351773 -1.58783e-05 
       953.5       22.696      0.99958  0.000351798 -1.69531e-05 
       953.5      22.8912     0.999579  0.000351818 -1.78867e-05 
       953.5      23.0873     0.999578  0.000351841 -1.86891e-05 
       953.5      23.2842     0.999578  0.000351874 -1.93704e-05 
       953.5       23.482     0.999577  0.000351922  -1.9941e-05 
       953.5      23.6805     0.999577  0.000351988 -2.04114e-05 
       953.5        23.88     0.999577  0.000352076 -2.07923e-05 
       953.5      24.0802     0.999577  0.000352186 -2.10944e-05 
       953.5      24.2813     0.999578   0.00035232 -2.13288e-05 
       953.5      24.4832     0.999579  0.000352474 -2.15064e-05 
       953.5       24.686      0.99958  0.000352648 -2.16387e-05 
       953.5      24.8896     0.999583  0.000352838  -2.1737e-05 
       953.5       25.094     0.999586  0.000353039 -2.18129e-05 
       953.5      25.2993      0.99959  0.000353246  -2.1878e-05 
       953.5      25.5054     0.999596  0.000353452 -2.19442e-05 
       953.5      25.7123     0.999603  0.000353652 -2.20234e-05 
       953.5      25.9201     0.999612  0.000353835 -2.21277e-05 
       953.5      26.1287     0.999623  0.000353995 -2.22693e-05 
       953.5      26.3381     0.999636  0.000354123 -2.24606e-05 
       953.5      26.5484     0.999653  0.000354207 -2.27139e-05 
       953.5      26.7595     0.999658  0.000353839 -2.20616e-05 
       953.5      26.9715     0.999662  0.000353516 -2.14409e-05 
       953.5      27.1843     0.999666  0.000353249 -2.08825e-05 
       953.5      27.3979     0.999669  0.000353034 -2.03958e-05 
       953.5      27.6124     0.999671  0.000352869 -1.99899e-05 
       953.5      27.8277     0.999672  0.000352745 -1.96736e-05 
       953.5      28.0438     0.999672  0.000352652 -1.94555e-05 
       953.5      28.2608     0.999672  0.000352575 -1.93438e-05 
       953.5      28.4786     0.999672  0.000352498 -1.93464e-05 
       953.5      28.6972     0.999671  0.000352399 -1.94707e-05 
       953.5      28.9167      0.99967  0.000352254 -1.97241e-05 
       953.5       29.137     0.999669  0.000352114 -1.98901e-05 
       953.5      29.3582     0.999668  0.000352098 -1.97197e-05 
       953.5      29.5802     0.999667  0.000352097  -1.9576e-05 
       953.5       29.803     0.999667  0.000352109 -1.94572e-05 
       953.5      30.0267     0.999666  0.000352132 -1.93614e-05 
       953.5      30.2512     0.999666  0.000352164 -1.92869e-05 
       953.5      30.4765     0.999667  0.000352203  -1.9232e-05 
       953.5      30.7027     0.999667  0.000352249 -1.91949e-05 
       953.5      30.9297     0.999668  0.000352299  -1.9174e-05 
       953.5      31.1575     0.999669  0.000352351 -1.91675e-05 
       953.5      31.3862      0.99967  0.000352405  -1.9174e-05 
       953.5      31.6157     0.999671  0.000352459 -1.91918e-05 
       953.5      31.8461     0.999672  0.000352513 -1.92193e-05 
       953.5      32.0773     0.999674  0.000352565 -1.92551e-05 
       953.5      32.3093     0.999675  0.000352614 -1.92977e-05 
       953.5      32.5421     0.999677   0.00035266 -1.93458e-05 
       953.5      32.7758     0.999679  0.000352701 -1.93979e-05 
       953.5      33.0104     0.999681  0.000352738 -1.94528e-05 
       953.5      33.2457     0.999683  0.000352771 -1.95093e-05 
       953.5      33.4819     0.999685  0.000352797  -1.9566e-05 
       953.5       33.719     0.999687  0.000352818 -1.96221e-05 
       953.5      33.9568      0.99969  0.000352834 -1.96762e-05 
       953.5      34.1956     0.999692  0.000352843 -1.97276e-05 
       953.5      34.4351     0.999695  0.000352847 -1.97752e-05 
       953.5      34.6755     0.999697  0.000352846 -1.98183e-05 
       953.5      34.9167       0.9997  0.000352838  -1.9856e-05 
       953.5      35.1588     0.999703  0.000352826 -1.98876e-05 
       953.5      35.4017     0.999705  0.000352809 -1.99126e-05 
       953.5      35.6454     0.999708  0.000352788 -1.99304e-05 
       953.5      35.8899     0.999711  0.000352763 -1.99406e-05 
       953.5      36.1354     0.999714  0.000352734 -1.99428e-05 
       953.5      36.3816     0.999717  0.000352703 -1.99369e-05 
       953.5      36.6287      0.99972   0.00035267 -1.99226e-05 
       953.5      36.8766     0.999723  0.000352635 -1.98999e-05 
       953.5      37.1253     0.999726    0.0003526 -1.98689e-05 
       953.5      37.3749     0.999729  0.000352565 -1.98297e-05 
       953.5      37.6253     0.999732   0.00035253 -1.97826e-05 
       953.5      37.8766     0.999736  0.000352497 -1.97281e-05 
       953.5      38.1287     0.999739  0.000352466 -1.96666e-05 
       953.5      38.3816     0.999742  0.000352439 -1.95989e-05 
       953.5      38.6353     0.999745  0.000352414 -1.95256e-05 
       953.5      38.8899     0.999748  0.000352395 -1.94477e-05 
       953.5      39.1454     0.999751   0.00035238 -1.93662e-05 
       953.5      39.4016     0.999755  0.000352371 -1.92823e-05 
       953.5      39.6588     0.999758  0.000352367 -1.91974e-05 
       953.5      39.9167     0.999761   0.00035237 -1.91128e-05 
       953.5      40.1755     0.999764   0.00035238 -1.90303e-05 
       953.5      40.4351     0.999767  0.000352397 -1.89517e-05 
       953.5      40.6955     0.999769  0.000352421 -1.88788e-05 
       953.5      40.9568     0.999772  0.000352452 -1.88138e-05 
       953.5      41.2189     0.999775  0.000352489 -1.87589e-05 
       953.5      41.4819     0.999777  0.000352533 -1.87167e-05 
       953.5      41.7457     0.999779  0.000352583 -1.86898e-05 
       953.5      42.0103     0.999781  0.000352638 -1.86809e-05 
       953.5      42.2758     0.999783  0.000352697 -1.86931e-05 
       953.5      42.5421     0.999785  0.000352746 -1.87086e-05 
       953.5      42.8092     0.999786  0.000352746 -1.86493e-05 
       953.5      43.0772     0.999788   0.00035275 -1.85962e-05 
       953.5       43.346      0.99979  0.000352758 -1.85487e-05 
       953.5      43.6157     0.999792  0.000352768 -1.85063e-05 
       953.5      43.8862     0.999793  0.000352776 -1.84683e-05 
       953.5      44.1575     0.999795  0.000352782 -1.84344e-05 
       953.5      44.4296     0.999797  0.000352784  -1.8404e-05 
       953.5      44.7026     0.999799  0.000352782 -1.83768e-05 
       953.5      44.9765     0.999801  0.000352773 -1.83524e-05 
       953.5      45.2511     0.999804  0.000352758 -1.83302e-05 
       953.5      45.5266     0.999806  0.000352736 -1.83101e-05 
       953.5       45.803     0.999808  0.000352707 -1.82917e-05 
       953.5      46.0801     0.999811   0.00035267 -1.82748e-05 
       953.5      46.3581     0.999813  0.000352627  -1.8259e-05 
       953.5       46.637     0.999816  0.000352577 -1.82443e-05 
       953.5      46.9167     0.999818  0.000352522 -1.82304e-05 
       953.5      47.1972     0.999821  0.000352462 -1.82172e-05 
       953.5      47.4785     0.999824  0.000352398 -1.82047e-05 
       953.5      47.7607     0.999827  0.000352334 -1.81929e-05 
       953.5      48.0438      0.99983  0.000352269 -1.81816e-05 
       953.5      48.3276     0.999833  0.000352208  -1.8171e-05 
       953.5      48.6123     0.999836  0.000352152 -1.81613e-05 
       953.5      48.8979     0.999839  0.000352103 -1.81524e-05 
       953.5      49.1842     0.999842  0.000352067 -1.81448e-05 
       953.5      49.4714     0.999845  0.000352045 -1.81384e-05 
       953.5      49.7595     0.999848  0.000352041 -1.81338e-05 
       953.5      50.0484     0.999852  0.000352061 -1.81312e-05 
       953.5      50.3381     0.999855  0.000352108 -1.81311e-05 
       953.5      50.6286     0.999858  0.000352188 -1.81339e-05 
       953.5        50.92     0.999862  0.000352305 -1.81401e-05 
       953.5      51.2122     0.999865  0.000352465 -1.81504e-05 
       953.5      51.5053     0.999868   0.00035254  -1.8084e-05 
       953.5      51.7992      0.99987  0.000352511  -1.7958e-05 
       953.5      52.0939     0.999873  0.000352481 -1.78408e-05 
       953.5      52.3895     0.999876  0.000352449 -1.77319e-05 
       953.5      52.6859     0.999878  0.000352417 -1.76311e-05 
       953.5      52.9831     0.999881  0.000352384 -1.75382e-05 
       953.5      53.2812     0.999884  0.000352351 -1.74528e-05 
       953.5      53.5801     0.999886  0.000352319 -1.73746e-05 
       953.5      53.8799     0.999889  0.000352288 -1.73033e-05 
       953.5      54.1805     0.999892  0.000352258 -1.72386e-05 
       953.5      54.4819     0.999895  0.000352229   -1.718e-05 
       953.5      54.7841     0.999898  0.000352202 -1.71272e-05 
       953.5      55.0872       0.9999  0.000352177 -1.70799e-05 
       953.5      55.3912     0.999903  0.000352153 -1.70376e-05 
       953.5      55.6959     0.999906  0.000352132 -1.69999e-05 
       953.5      56.0015     0.999909  0.000352112 -1.69663e-05 
       953.5       56.308     0.999912  0.000352095 -1.69364e-05 
       953.5      56.6152     0.999915  0.000352079 -1.69097e-05 
       953.5      56.9233     0.999918  0.000352065 -1.68858e-05 
       953.5      57.2323     0.999921  0.000352053 -1.68641e-05 
       953.5      57.5421     0.999924  0.000352044 -1.68441e-05 
       953.5      57.8527     0.999927  0.000352037 -1.68253e-05 
       953.5      58.1641      0.99993  0.000352032  -1.6807e-05 
       953.5      58.4764     0.999933  0.000352029 -1.67888e-05 
       953.5      58.7896     0.999936   0.00035203   -1.677e-05 
       953.5      59.1035     0.999939  0.000352033 -1.67499e-05 
       953.5      59.4183     0.999942  0.000352041  -1.6728e-05 
       953.5      59.7339     0.999944  0.000352052 -1.67036e-05 
       953.5      60.0504     0.999947  0.000352068 -1.66761e-05 
       953.5      60.3677      0.99995   0.00035209 -1.66446e-05 
       953.5      60.6859     0.999953  0.000352118 -1.66085e-05 
       953.5      61.0048     0.999956  0.000352154 -1.65671e-05 
       953.5      61.3247     0.999959  0.000352198 -1.65195e-05 
       953.5      61.6453     0.999962  0.000352253  -1.6465e-05 
       953.5      61.9668     0.999964  0.000352319 -1.64028e-05 
       953.5      62.2891     0.999967  0.000352399  -1.6332e-05 
       953.5      62.6123      0.99997  0.000352495 -1.62518e-05 
       953.5      62.9363     0.999973  0.000352608 -1.61614e-05 
       953.5      63.2611     0.999976  0.000352742 -1.60597e-05 
       953.5      63.5868     0.999978  0.000352831 -1.59943e-05 
       953.5      63.9133     0.999981  0.000352819 -1.59935e-05 
       953.5      64.2406     0.999983  0.000352801 -1.59872e-05 
       953.5      64.5688     0.999985  0.000352777 -1.59757e-05 
       953.5      64.8978     0.999988  0.000352749 -1.59594e-05 
       953.5      65.2277      0.99999  0.000352716 -1.59386e-05 
       953.5      65.5583     0.999993   0.00035268 -1.59137e-05 
       953.5      65.8899     0.999996  0.000352641 -1.58849e-05 
       953.5      66.2222     0.999998    0.0003526 -1.58525e-05 
       953.5      66.5554            1  0.000352557  -1.5817e-05 
       953.5      66.8894            1  0.000352514 -1.57785e-05 
       953.5      67.2243      1.00001   0.00035247 -1.57373e-05 
       953.5        67.56      1.00001  0.000352426 -1.56938e-05 
       953.5      67.8966      1.00001  0.000352383 -1.56483e-05 
       953.5      68.2339      1.00002  0.000352341 -1.56009e-05 
       953.5      68.5721      1.00002  0.000352301 -1.55521e-05 
       953.5      68.9112      1.00002  0.000352262 -1.55019e-05 
       953.5      69.2511      1.00003  0.000352226 -1.54508e-05 
       953.5      69.5918      1.00003  0.000352192 -1.53988e-05 
       953.5      69.9333      1.00003  0.000352161 -1.53464e-05 
       953.5      70.2757      1.00004  0.000352134 -1.52936e-05 
       953.5      70.6189      1.00004   0.00035211 -1.52407e-05 
       953.5       70.963      1.00004  0.000352089 -1.51879e-05 
       953.5      71.3079      1.00005  0.000352073 -1.51355e-05 
       953.5      71.6536      1.00005  0.000352061 -1.50835e-05 
       953.5      72.0002      1.00005  0.000352053 -1.50322e-05 
       953.5      72.3476      1.00006  0.000352049 -1.49818e-05 
       953.5      72.6959      1.00006   0.00035205 -1.49323e-05 
       953.5      73.0449      1.00006  0.000352055 -1.48841e-05 
       953.5      73.3949      1.00007  0.000352065  -1.4837e-05 
       953.5      73.7456      1.00007   0.00035208 -1.47914e-05 
       953.5      74.0972      1.00007  0.000352099 -1.47474e-05 
       953.5      74.4496      1.00008  0.000352122 -1.47049e-05 
       953.5      74.8029      1.00008   0.00035215 -1.46641e-05 
       953.5       75.157      1.00008  0.000352181 -1.46251e-05 
       953.5      75.5119      1.00009  0.000352217  -1.4588e-05 
       953.5      75.8677      1.00009  0.000352257 -1.45527e-05 
       953.5      76.2243      1.00009  0.000352301 -1.45193e-05 
       953.5      76.5817       1.0001  0.000352348 -1.44879e-05 
       953.5        76.94       1.0001  0.000352398 -1.44584e-05 
       953.5      77.2991      1.00011  0.000352452 -1.44309e-05 
       953.5      77.6591      1.00011  0.000352508 -1.44053e-05 
       953.5      78.0198      1.00011  0.000352566 -1.43815e-05 
       953.5      78.3815      1.00012  0.000352626 -1.43595e-05 
       953.5      78.7439      1.00012  0.000352688 -1.43393e-05 
       953.5      79.1072      1.00012  0.000352751 -1.43207e-05 
       953.5      79.4714      1.00012  0.000352815 -1.43036e-05 
       953.5      79.8363      1.00013   0.00035288  -1.4288e-05 
       953.5      80.2021      1.00013  0.000352944 -1.42736e-05 
       953.5      80.5688      1.00013  0.000353007 -1.42603e-05 
       953.5      80.9362      1.00014   0.00035307  -1.4248e-05 
       953.5      81.3045      1.00014   0.00035313 -1.42364e-05 
       953.5      81.6737      1.00014  0.000353189 -1.42253e-05 
       953.5      82.0437      1.00015  0.000353245 -1.42145e-05 
       953.5      82.4145      1.00015  0.000353297 -1.42037e-05 
       953.5      82.7861      1.00015  0.000353346 -1.41926e-05 
       953.5      83.1586      1.00015   0.00035339 -1.41811e-05 
       953.5       83.532      1.00016  0.000353429 -1.41686e-05 
       953.5      83.9061      1.00016  0.000353446 -1.41253e-05 
       953.5      84.2811      1.00016  0.000353449 -1.40698e-05 
       953.5       84.657      1.00016  0.000353447 -1.40195e-05 
       953.5      85.0336      1.00017  0.000353439 -1.39737e-05 
       953.5      85.4111      1.00017  0.000353425 -1.39317e-05 
       953.5      85.7895      1.00017  0.000353403 -1.38931e-05 
       953.5      86.1687      1.00017  0.000353373 -1.38571e-05 
       953.5      86.5487      1.00018  0.000353335  -1.3823e-05 
       953.5      86.9295      1.00018  0.000353288 -1.37901e-05 
       953.5      87.3112      1.00018  0.000353232 -1.37578e-05 
       953.5      87.6937      1.00018  0.000353167 -1.37252e-05 
       953.5      88.0771      1.00019  0.000353092 -1.36916e-05 
       953.5      88.4613      1.00019  0.000353008 -1.36563e-05 
       953.5      88.8463      1.00019  0.000352914 -1.36183e-05 
       953.5      89.2322      1.00019  0.000352812 -1.35769e-05 
       953.5      89.6189       1.0002  0.000352702 -1.35313e-05 
       953.5      90.0064       1.0002  0.000352583 -1.34804e-05 
       953.5      90.3948       1.0002  0.000352458 -1.34234e-05 
       953.5       90.784       1.0002  0.000352327 -1.33594e-05 
       953.5      91.1741      1.00021   0.00035219 -1.32874e-05 
       953.5       91.565      1.00021   0.00035205 -1.32065e-05 
       953.5      91.9567      1.00021  0.000351908 -1.31155e-05 
       953.5      92.3492      1.00021  0.000351765 -1.30135e-05 
       953.5      92.7426      1.00022  0.000351624 -1.28994e-05 
       953.5      93.1369      1.00022  0.000351486  -1.2772e-05 
       953.5      93.5319      1.00022  0.000351453 -1.26369e-05 
       953.5      93.9278      1.00022  0.000351618 -1.25148e-05 
       953.5      94.3246      1.00021  0.000351776 -1.24001e-05 
       953.5      94.7221      1.00021  0.000351928 -1.22926e-05 
       953.5      95.1206      1.00021  0.000352074  -1.2192e-05 
       953.5      95.5198      1.00021  0.000352214 -1.20979e-05 
       953.5      95.9199      1.00021  0.000352348 -1.20102e-05 
       953.5      96.3208      1.00021  0.000352475 -1.19285e-05 
       953.5      96.7226      1.00021  0.000352597 -1.18526e-05 
       953.5      97.1251      1.00021  0.000352712 -1.17822e-05 
       953.5      97.5286       1.0002  0.000352821 -1.17169e-05 
       953.5      97.9328       1.0002  0.000352924 -1.16567e-05 
       953.5      98.3379       1.0002  0.000353021 -1.16011e-05 
       953.5      98.7439       1.0002  0.000353111   -1.155e-05 
       953.5      99.1506       1.0002  0.000353196 -1.15031e-05 
       953.5      99.5583      1.00021  0.000353275 -1.14601e-05 
       953.5      99.9667      1.00021  0.000353349 -1.14207e-05 
       953.5      100.376      1.00021  0.000353416 -1.13848e-05 
       953.5      100.786      1.00021  0.000353478  -1.1352e-05 
       953.5      101.197      1.00021  0.000353535 -1.13222e-05 
       953.5      101.609      1.00021  0.000353586 -1.12951e-05 
       953.5      102.021      1.00021  0.000353632 -1.12704e-05 
       953.5      102.435      1.00021  0.000353672  -1.1248e-05 
       953.5      102.849      1.00022  0.000353708 -1.12276e-05 
       953.5      103.264      1.00022  0.000353739  -1.1209e-05 
       953.5       103.68      1.00022  0.000353765  -1.1192e-05 
       953.5      104.097      1.00022  0.000353786 -1.11763e-05 
       953.5      104.515      1.00023  0.000353803 -1.11618e-05 
       953.5      104.933      1.00023  0.000353816 -1.11482e-05 
       953.5      105.353      1.00023  0.000353824 -1.11354e-05 
       953.5      105.773      1.00024  0.000353829 -1.11231e-05 
       953.5      106.194      1.00024   0.00035383 -1.11113e-05 
       953.5      106.616      1.00024  0.000353827 -1.10996e-05 
       953.5      107.038      1.00025  0.000353821 -1.10879e-05 
       953.5      107.462      1.00025  0.000353812 -1.10761e-05 
       953.5      107.886      1.00025    0.0003538 -1.10639e-05 
       953.5      108.311      1.00026  0.000353784 -1.10513e-05 
       953.5      108.737      1.00026  0.000353767  -1.1038e-05 
       953.5      109.164      1.00026  0.000353747  -1.1024e-05 
       953.5      109.592      1.00027  0.000353724  -1.1009e-05 
       953.5       110.02      1.00027    0.0003537 -1.09929e-05 
       953.5       110.45      1.00028  0.000353674 -1.09757e-05 
       953.5       110.88      1.00028  0.000353646 -1.09572e-05 
       953.5      111.311      1.00029  0.000353617 -1.09372e-05 
       953.5      111.743      1.00029  0.000353586 -1.09158e-05 
       953.5      112.175      1.00029  0.000353555 -1.08926e-05 
       953.5      112.609       1.0003  0.000353523 -1.08678e-05 
       953.5      113.043       1.0003  0.000353491 -1.08412e-05 
       953.5      113.478      1.00031  0.000353458 -1.08126e-05 
       953.5      113.914      1.00031  0.000353425 -1.07821e-05 
       953.5      114.351      1.00032  0.000353392 -1.07496e-05 
       953.5      114.789      1.00032  0.000353359 -1.07151e-05 
       953.5      115.228      1.00033  0.000353327 -1.06784e-05 
       953.5      115.667      1.00033  0.000353296 -1.06395e-05 
       953.5      116.107      1.00034  0.000353265 -1.05985e-05 
       953.5      116.548      1.00034  0.000353236 -1.05553e-05 
       953.5       116.99      1.00034  0.000353208 -1.05098e-05 
       953.5      117.433      1.00035  0.000353181 -1.04622e-05 
       953.5      117.876      1.00035  0.000353156 -1.04123e-05 
       953.5      118.321      1.00036  0.000353133 -1.03603e-05 
       953.5      118.766      1.00036  0.000353111 -1.03061e-05 
       953.5      119.212      1.00037  0.000353092 -1.02498e-05 
       953.5      119.659      1.00037  0.000353075 -1.01914e-05 
       953.5      120.107      1.00038   0.00035306 -1.01311e-05 
       953.5      120.555      1.00038  0.000353048 -1.00687e-05 
       953.5      121.005      1.00038  0.000353038 -1.00045e-05 
       953.5      121.455      1.00039  0.000353031 -9.93857e-06 
       953.5      121.906      1.00039  0.000353027 -9.87093e-06 
       953.5      122.358      1.00039  0.000353026 -9.80173e-06 
       953.5      122.811       1.0004  0.000353028 -9.73109e-06 
       953.5      123.264       1.0004  0.000353032 -9.65914e-06 
       953.5      123.719       1.0004   0.00035304 -9.58604e-06 
       953.5      124.174      1.00041   0.00035305 -9.51195e-06 
       953.5       124.63      1.00041  0.000353064 -9.43703e-06 
       953.5      125.087      1.00041  0.000353081 -9.36147e-06 
       953.5      125.545      1.00041    0.0003531 -9.28546e-06 
       953.5      126.003      1.00042  0.000353123 -9.20921e-06 
       953.5      126.463      1.00042  0.000353148 -9.13295e-06 
       953.5      126.923      1.00042  0.000353177 -9.05691e-06 
       953.5      127.384      1.00042  0.000353208 -8.98134e-06 
       953.5      127.846      1.00042  0.000353241  -8.9065e-06 
       953.5      128.309      1.00042  0.000353277 -8.83266e-06 
       953.5      128.773      1.00042  0.000353314 -8.76012e-06 
       953.5      129.237      1.00042  0.000353354 -8.68918e-06 
       953.5      129.702      1.00042  0.000353396 -8.62016e-06 
       953.5      130.169      1.00042  0.000353439 -8.55339e-06 
       953.5      130.636      1.00042  0.000353483 -8.48922e-06 
       953.5      131.103      1.00042  0.000353528 -8.42802e-06 
       953.5      131.572      1.00042  0.000353574 -8.37015e-06 
       953.5      132.041      1.00042   0.00035362 -8.31602e-06 
       953.5      132.512      1.00042  0.000353665 -8.26604e-06 
       953.5      132.983      1.00041   0.00035371 -8.22062e-06 
       953.5      133.455      1.00041  0.000353753 -8.18022e-06 
       953.5      133.928      1.00041  0.000353795 -8.14529e-06 
       953.5      134.401       1.0004  0.000353834 -8.11631e-06 
       953.5      134.876       1.0004  0.000353871 -8.09377e-06 
       953.5      135.351       1.0004  0.000353904 -8.07817e-06 
       953.5      135.827      1.00039  0.000353933 -8.07006e-06 
       953.5      136.304      1.00039  0.000353957 -8.06995e-06 
       953.5      136.782      1.00038  0.000353975 -8.07844e-06 
       953.5      137.261      1.00037  0.000353987 -8.09608e-06 
       953.5       137.74      1.00037  0.000353992 -8.12348e-06 
       953.5      138.221      1.00036  0.000353989 -8.16126e-06 
       953.5      138.702      1.00035  0.000353976 -8.21006e-06 
       953.5      139.184      1.00034  0.000353953 -8.27052e-06 
       953.5      139.667      1.00033  0.000353919 -8.34333e-06 
       953.5      140.151      1.00032  0.000353873 -8.42918e-06 
       953.5      140.635      1.00031  0.000353814 -8.52877e-06 
       953.5       141.12       1.0003  0.000353739 -8.64286e-06 
       953.5      141.607      1.00029  0.000353649 -8.77219e-06 
       953.5      142.094      1.00028  0.000353542 -8.91753e-06 
       953.5      142.582      1.00027  0.000353416 -9.07968e-06 
       953.5       143.07      1.00025  0.000353271 -9.25947e-06 
       953.5       143.56      1.00024  0.000353103 -9.45772e-06 
       953.5       144.05      1.00023  0.000353063 -9.36472e-06 
       953.5      144.541      1.00021  0.000353082 -9.15157e-06 
       953.5      145.033       1.0002  0.000353115 -8.91438e-06 
       953.5      145.526      1.00018  0.000353161  -8.6527e-06 
       953.5       146.02      1.00016  0.000353222 -8.36606e-06 
       953.5      146.515      1.00015  0.000353297 -8.05398e-06 
       953.5       147.01      1.00013  0.000353386 -7.71599e-06 
       953.5      147.506      1.00011   0.00035349 -7.35161e-06 
       953.5      148.003      1.00009  0.000353608 -6.96037e-06 
       953.5      148.501      1.00007   0.00035374 -6.54177e-06 
       953.5          149      1.00005  0.000353887 -6.09534e-06 
       953.5        149.5      1.00002  0.000354047 -5.62057e-06 
       953.5          150            1  0.000354222 -5.11698e-06 
