Variables = x, y, u, v, p

Zone, I=600, F=POINT
       126.5            0            0            0  -0.00216755 
       126.5     0.000418  0.000220002  -1.7881e-09  -0.00216755 
       126.5     0.001672  0.000880231 -5.81872e-09  -0.00216757 
       126.5     0.003763   0.00198188 -8.09021e-09  -0.00216759 
       126.5     0.006689   0.00352499 -1.92631e-09  -0.00216762 
       126.5     0.010451   0.00551163   2.2031e-08  -0.00216766 
       126.5      0.01505   0.00794428  7.58856e-08   -0.0021677 
       126.5     0.020485    0.0108248  1.74538e-07  -0.00216775 
       126.5     0.026756    0.0141558  3.35851e-07   -0.0021678 
       126.5     0.033863    0.0179406  5.80872e-07  -0.00216785 
       126.5     0.041806    0.0221825  9.34165e-07  -0.00216789 
       126.5     0.050585    0.0268854  1.42425e-06  -0.00216793 
       126.5     0.060201    0.0320538  2.08425e-06  -0.00216796 
       126.5     0.070652    0.0376911  2.95228e-06  -0.00216797 
       126.5      0.08194    0.0438028  4.07275e-06  -0.00216797 
       126.5     0.094063    0.0503926  5.49652e-06  -0.00216795 
       126.5     0.107023    0.0574664  7.28256e-06   -0.0021679 
       126.5     0.120819    0.0650288  9.49791e-06  -0.00216784 
       126.5     0.135451    0.0730848  1.22186e-05  -0.00216776 
       126.5     0.150919    0.0816393  1.55298e-05  -0.00216768 
       126.5     0.167224     0.090698  1.95255e-05   -0.0021676 
       126.5     0.184364     0.100265  2.43061e-05  -0.00216755 
       126.5     0.202341     0.110345   2.9978e-05  -0.00216756 
       126.5     0.221153     0.120942  3.66466e-05  -0.00216767 
       126.5     0.240802     0.132062  4.44134e-05  -0.00216795 
       126.5     0.261287     0.143741   5.3557e-05  -0.00216805 
       126.5     0.282608      0.15594  6.42207e-05  -0.00216786 
       126.5     0.304765     0.168616  7.63519e-05  -0.00216768 
       126.5     0.327758     0.181763  9.00179e-05   -0.0021675 
       126.5     0.351588     0.195372   0.00010527  -0.00216735 
       126.5     0.376253     0.209433  0.000122139  -0.00216722 
       126.5     0.401755     0.223935  0.000140637  -0.00216712 
       126.5     0.428092     0.238861  0.000160748  -0.00216705 
       126.5     0.455266     0.254199  0.000182435  -0.00216701 
       126.5     0.483276     0.269927  0.000205627    -0.002167 
       126.5     0.512122     0.286026  0.000230232  -0.00216701 
       126.5     0.541805     0.302473  0.000256125  -0.00216701 
       126.5     0.572323     0.319239  0.000283159    -0.002167 
       126.5     0.603677     0.336296  0.000311165  -0.00216693 
       126.5     0.635868     0.353613  0.000339958  -0.00216675 
       126.5     0.668894     0.371151  0.000369346  -0.00216642 
       126.5     0.702757     0.388873   0.00039914  -0.00216586 
       126.5     0.737456     0.406734   0.00042917  -0.00216497 
       126.5     0.772991     0.424744  0.000458982  -0.00216461 
       126.5     0.809362     0.443003  0.000488946   -0.0021646 
       126.5      0.84657     0.461492  0.000519313  -0.00216446 
       126.5     0.884613     0.480189  0.000550092   -0.0021642 
       126.5     0.923492     0.499071  0.000581293  -0.00216382 
       126.5     0.963208     0.518111  0.000612921  -0.00216333 
       126.5      1.00376     0.537284  0.000644974  -0.00216273 
       126.5      1.04515     0.556559  0.000677445  -0.00216202 
       126.5      1.08737     0.575905  0.000710323  -0.00216121 
       126.5      1.13043     0.595291  0.000743588  -0.00216029 
       126.5      1.17433      0.61468  0.000777214  -0.00215929 
       126.5      1.21906     0.634037  0.000811169  -0.00215819 
       126.5      1.26463     0.653321  0.000845413  -0.00215702 
       126.5      1.31103     0.672492    0.0008799  -0.00215576 
       126.5      1.35827     0.691505   0.00091458  -0.00215443 
       126.5      1.40635     0.710315  0.000949398  -0.00215302 
       126.5      1.45526     0.728873  0.000984296  -0.00215155 
       126.5      1.50501     0.747126   0.00101922  -0.00215001 
       126.5       1.5556     0.765022    0.0010541  -0.00214841 
       126.5      1.60702     0.782503    0.0010889  -0.00214674 
       126.5      1.65928      0.79951   0.00112357  -0.00214501 
       126.5      1.71237      0.81598   0.00115809   -0.0021432 
       126.5       1.7663     0.831607   0.00119201  -0.00214119 
       126.5      1.82106     0.846028   0.00122416  -0.00213881 
       126.5      1.87667     0.859794   0.00125523  -0.00213631 
       126.5      1.93311     0.872892   0.00128518  -0.00213369 
       126.5      1.99038     0.885313   0.00131399  -0.00213096 
       126.5      2.04849     0.897049   0.00134163  -0.00212812 
       126.5      2.10744     0.908096   0.00136808  -0.00212518 
       126.5      2.16722      0.91845   0.00139331  -0.00212213 
       126.5      2.22784      0.92811   0.00141732  -0.00211898 
       126.5      2.28929     0.937078   0.00144008  -0.00211574 
       126.5      2.35158     0.945359    0.0014616   -0.0021124 
       126.5      2.41471     0.952959   0.00148187  -0.00210897 
       126.5      2.47867     0.959889   0.00150089  -0.00210545 
       126.5      2.54347     0.966159   0.00151866  -0.00210185 
       126.5      2.60911     0.971787   0.00153521  -0.00209816 
       126.5      2.67558      0.97679   0.00155055  -0.00209439 
       126.5      2.74288     0.981191    0.0015647  -0.00209054 
       126.5      2.81103     0.985014   0.00157771  -0.00208661 
       126.5      2.88001     0.988288   0.00158961  -0.00208259 
       126.5      2.94983     0.991045   0.00160046  -0.00207849 
       126.5      3.02048      0.99332   0.00161031  -0.00207431 
       126.5      3.09197     0.995153   0.00161924  -0.00207003 
       126.5      3.16429     0.996587   0.00162733  -0.00206566 
       126.5      3.23745      0.99767   0.00163467  -0.00206119 
       126.5      3.31145     0.998453   0.00164137  -0.00205662 
       126.5      3.38628     0.998991   0.00164755  -0.00205193 
       126.5      3.46195     0.999344   0.00165335  -0.00204711 
       126.5      3.53845     0.999578   0.00165893  -0.00204215 
       126.5      3.61579      0.99976   0.00166445  -0.00203704 
       126.5      3.69397     0.999966   0.00167011  -0.00203176 
       126.5      3.77298      1.00024   0.00167596  -0.00202648 
       126.5      3.85283      1.00048   0.00168114  -0.00202161 
       126.5      3.93352      1.00069   0.00168572  -0.00201681 
       126.5      4.01504      1.00087   0.00168992  -0.00201205 
       126.5       4.0974      1.00103   0.00169392  -0.00200731 
       126.5      4.18059      1.00116   0.00169785  -0.00200258 
       126.5      4.26462      1.00127   0.00170183  -0.00199784 
       126.5      4.34949      1.00135   0.00170593  -0.00199306 
       126.5      4.43519      1.00141   0.00171058  -0.00198726 
       126.5      4.52173      1.00145   0.00171597  -0.00198054 
       126.5       4.6091      1.00147   0.00172167  -0.00197402 
       126.5      4.69731      1.00148   0.00172752  -0.00196773 
       126.5      4.78636      1.00147    0.0017333  -0.00196169 
       126.5      4.87624      1.00145   0.00173882   -0.0019559 
       126.5      4.96696      1.00142   0.00174392   -0.0019503 
       126.5      5.05851      1.00139   0.00174849  -0.00194479 
       126.5       5.1509      1.00135   0.00175249  -0.00193925 
       126.5      5.24413      1.00132   0.00175603  -0.00193349 
       126.5       5.3382      1.00129   0.00175937  -0.00192729 
       126.5      5.43309      1.00127   0.00176297  -0.00192034 
       126.5      5.52883      1.00127   0.00176757  -0.00191232 
       126.5       5.6254      1.00128   0.00177348  -0.00190604 
       126.5      5.72281       1.0013    0.0017792  -0.00190019 
       126.5      5.82105      1.00131    0.0017846  -0.00189427 
       126.5      5.92013      1.00132   0.00178962  -0.00188826 
       126.5      6.02005      1.00133   0.00179421  -0.00188209 
       126.5       6.1208      1.00134   0.00179835  -0.00187568 
       126.5      6.22239      1.00134   0.00180233  -0.00186893 
       126.5      6.32482      1.00135    0.0018067  -0.00186207 
       126.5      6.42808      1.00135    0.0018114  -0.00185516 
       126.5      6.53217      1.00134   0.00181638   -0.0018482 
       126.5      6.63711      1.00134   0.00182155  -0.00184118 
       126.5      6.74287      1.00133   0.00182681  -0.00183409 
       126.5      6.84948      1.00131   0.00183208  -0.00182694 
       126.5      6.95692       1.0013   0.00183723  -0.00181971 
       126.5       7.0652      1.00128    0.0018422  -0.00181241 
       126.5      7.17431      1.00127   0.00184689  -0.00180503 
       126.5      7.28426      1.00125   0.00185127  -0.00179758 
       126.5      7.39505      1.00124   0.00185532  -0.00179006 
       126.5      7.50667      1.00122    0.0018591  -0.00178247 
       126.5      7.61913      1.00121   0.00186269  -0.00177481 
       126.5      7.73242       1.0012     0.001867  -0.00176693 
       126.5      7.84655      1.00119   0.00187265  -0.00175874 
       126.5      7.96152      1.00119   0.00187811  -0.00175064 
       126.5      8.07732      1.00118   0.00188338  -0.00174259 
       126.5      8.19396      1.00118   0.00188844  -0.00173459 
       126.5      8.31143      1.00117   0.00189332  -0.00172661 
       126.5      8.42974      1.00116   0.00189803  -0.00171863 
       126.5      8.54889      1.00116   0.00190258  -0.00171063 
       126.5      8.66887      1.00115     0.001907   -0.0017026 
       126.5      8.78969      1.00114   0.00191131  -0.00169451 
       126.5      8.91135      1.00114   0.00191555  -0.00168635 
       126.5      9.03384      1.00113   0.00191974  -0.00167811 
       126.5      9.15717      1.00113   0.00192394  -0.00166976 
       126.5      9.28133      1.00112   0.00192817   -0.0016613 
       126.5      9.40633      1.00111   0.00193249  -0.00165271 
       126.5      9.53216      1.00111   0.00193692  -0.00164398 
       126.5      9.65884       1.0011   0.00194152   -0.0016351 
       126.5      9.78634       1.0011   0.00194617  -0.00162624 
       126.5      9.91469       1.0011   0.00195047  -0.00161768 
       126.5      10.0439      1.00109   0.00195467  -0.00160897 
       126.5      10.1739      1.00109    0.0019588  -0.00160012 
       126.5      10.3047      1.00108   0.00196288  -0.00159114 
       126.5      10.4364      1.00108   0.00196694  -0.00158204 
       126.5      10.5689      1.00107   0.00197098  -0.00157281 
       126.5      10.7023      1.00107   0.00197503  -0.00156349 
       126.5      10.8365      1.00106   0.00197911  -0.00155407 
       126.5      10.9715      1.00105   0.00198324  -0.00154457 
       126.5      11.1074      1.00104   0.00198716  -0.00153528 
       126.5      11.2441      1.00103   0.00199102  -0.00152596 
       126.5      11.3817      1.00102   0.00199486  -0.00151658 
       126.5        11.52        1.001   0.00199866  -0.00150714 
       126.5      11.6592      1.00099   0.00200242  -0.00149764 
       126.5      11.7993      1.00098   0.00200615  -0.00148808 
       126.5      11.9402      1.00097   0.00200985  -0.00147846 
       126.5      12.0819      1.00096    0.0020135  -0.00146879 
       126.5      12.2245      1.00095   0.00201711  -0.00145906 
       126.5      12.3679      1.00094   0.00202067  -0.00144927 
       126.5      12.5121      1.00093   0.00202419  -0.00143942 
       126.5      12.6572      1.00092   0.00202767  -0.00142952 
       126.5      12.8031      1.00091   0.00203109  -0.00141956 
       126.5      12.9498       1.0009   0.00203446  -0.00140955 
       126.5      13.0974      1.00089   0.00203778  -0.00139948 
       126.5      13.2458      1.00088   0.00204105  -0.00138937 
       126.5       13.395      1.00087   0.00204425  -0.00137921 
       126.5      13.5451      1.00087    0.0020474  -0.00136899 
       126.5       13.696      1.00086   0.00205049  -0.00135874 
       126.5      13.8478      1.00085   0.00205352  -0.00134843 
       126.5      14.0004      1.00084   0.00205648  -0.00133809 
       126.5      14.1538      1.00083   0.00205938   -0.0013277 
       126.5      14.3081      1.00082   0.00206222  -0.00131728 
       126.5      14.4632      1.00081   0.00206499  -0.00130682 
       126.5      14.6191       1.0008    0.0020677  -0.00129633 
       126.5      14.7759       1.0008   0.00207034  -0.00128581 
       126.5      14.9335      1.00079   0.00207292  -0.00127527 
       126.5      15.0919      1.00078   0.00207543   -0.0012647 
       126.5      15.2512      1.00077   0.00207788  -0.00125411 
       126.5      15.4113      1.00076   0.00208027  -0.00124351 
       126.5      15.5723      1.00075   0.00208259  -0.00123289 
       126.5      15.7341      1.00074   0.00208486  -0.00122227 
       126.5      15.8967      1.00073   0.00208699  -0.00121149 
       126.5      16.0602      1.00073   0.00208907  -0.00120068 
       126.5      16.2245      1.00072   0.00209113  -0.00118988 
       126.5      16.3896      1.00071   0.00209315  -0.00117908 
       126.5      16.5556       1.0007   0.00209514  -0.00116829 
       126.5      16.7224      1.00069   0.00209707   -0.0011575 
       126.5        16.89      1.00068   0.00209894  -0.00114671 
       126.5      17.0585      1.00067   0.00210071  -0.00113582 
       126.5      17.2278      1.00066   0.00210239  -0.00112483 
       126.5      17.3979      1.00065   0.00210399  -0.00111382 
       126.5      17.5689      1.00064   0.00210552  -0.00110278 
       126.5      17.7408      1.00063   0.00210697  -0.00109173 
       126.5      17.9134      1.00062   0.00210835  -0.00108065 
       126.5      18.0869      1.00061   0.00210965  -0.00106956 
       126.5      18.2612       1.0006   0.00211088  -0.00105846 
       126.5      18.4364      1.00059   0.00211203  -0.00104733 
       126.5      18.6124      1.00058   0.00211312   -0.0010362 
       126.5      18.7892      1.00057   0.00211413  -0.00102505 
       126.5      18.9669      1.00056   0.00211507  -0.00101389 
       126.5      19.1454      1.00055   0.00211593  -0.00100272 
       126.5      19.3248      1.00054   0.00211672 -0.000991542 
       126.5       19.505      1.00053   0.00211744 -0.000980356 
       126.5       19.686      1.00052   0.00211809 -0.000969163 
       126.5      19.8678      1.00051   0.00211866 -0.000957965 
       126.5      20.0505       1.0005   0.00211916 -0.000946762 
       126.5      20.2341      1.00049   0.00211958 -0.000935556 
       126.5      20.4184      1.00048   0.00211992 -0.000924348 
       126.5      20.6036      1.00047   0.00212019 -0.000913139 
       126.5      20.7897      1.00046   0.00212039  -0.00090193 
       126.5      20.9765      1.00045    0.0021205 -0.000890721 
       126.5      21.1642      1.00044   0.00212054 -0.000879514 
       126.5      21.3528      1.00044    0.0021205  -0.00086831 
       126.5      21.5422      1.00043   0.00212038  -0.00085711 
       126.5      21.7324      1.00042   0.00212019 -0.000845914 
       126.5      21.9234      1.00041   0.00211991 -0.000834723 
       126.5      22.1153       1.0004   0.00211955 -0.000823538 
       126.5       22.308      1.00039   0.00211911  -0.00081236 
       126.5      22.5016      1.00038    0.0021186 -0.000801189 
       126.5       22.696      1.00037     0.002118 -0.000790026 
       126.5      22.8912      1.00036   0.00211733 -0.000778871 
       126.5      23.0873      1.00035   0.00211657 -0.000767725 
       126.5      23.2842      1.00034   0.00211574 -0.000756589 
       126.5       23.482      1.00033   0.00211483 -0.000745462 
       126.5      23.6805      1.00032   0.00211385 -0.000734346 
       126.5        23.88      1.00031   0.00211279  -0.00072324 
       126.5      24.0802       1.0003   0.00211166 -0.000712145 
       126.5      24.2813      1.00029   0.00211047  -0.00070106 
       126.5      24.4832      1.00028   0.00210921 -0.000689987 
       126.5       24.686      1.00027   0.00210788 -0.000678924 
       126.5      24.8896      1.00026    0.0021065 -0.000667871 
       126.5       25.094      1.00025   0.00210506  -0.00065683 
       126.5      25.2993      1.00025   0.00210357 -0.000645798 
       126.5      25.5054      1.00024   0.00210205 -0.000634777 
       126.5      25.7123      1.00023   0.00210048 -0.000623765 
       126.5      25.9201      1.00022   0.00209888 -0.000612763 
       126.5      26.1287      1.00021   0.00209702 -0.000601932 
       126.5      26.3381       1.0002   0.00209504 -0.000591146 
       126.5      26.5484      1.00019     0.002093 -0.000580378 
       126.5      26.7595      1.00018   0.00209089  -0.00056963 
       126.5      26.9715      1.00017   0.00208872 -0.000558903 
       126.5      27.1843      1.00017   0.00208648 -0.000548198 
       126.5      27.3979      1.00016   0.00208418 -0.000537518 
       126.5      27.6124      1.00015   0.00208182 -0.000526862 
       126.5      27.8277      1.00014   0.00207938 -0.000516234 
       126.5      28.0438      1.00013   0.00207688 -0.000505634 
       126.5      28.2608      1.00012   0.00207432 -0.000495063 
       126.5      28.4786      1.00011   0.00207169 -0.000484523 
       126.5      28.6972      1.00011   0.00206899 -0.000474015 
       126.5      28.9167       1.0001   0.00206623 -0.000463541 
       126.5       29.137      1.00009    0.0020634 -0.000453101 
       126.5      29.3582      1.00008    0.0020605 -0.000442697 
       126.5      29.5802      1.00007   0.00205754 -0.000432331 
       126.5       29.803      1.00006   0.00205452 -0.000422003 
       126.5      30.0267      1.00006   0.00205143 -0.000411715 
       126.5      30.2512      1.00005   0.00204828 -0.000401468 
       126.5      30.4765      1.00004   0.00204507 -0.000391262 
       126.5      30.7027      1.00003   0.00204179 -0.000381099 
       126.5      30.9297      1.00002   0.00203845  -0.00037098 
       126.5      31.1575      1.00001   0.00203506 -0.000360906 
       126.5      31.3862      1.00001    0.0020316 -0.000350877 
       126.5      31.6157     0.999999   0.00202808 -0.000340895 
       126.5      31.8461     0.999991   0.00202451 -0.000330961 
       126.5      32.0773     0.999983   0.00202088 -0.000321075 
       126.5      32.3093     0.999975   0.00201719 -0.000311238 
       126.5      32.5421     0.999968   0.00201345 -0.000301451 
       126.5      32.7758      0.99996   0.00200965 -0.000291714 
       126.5      33.0104     0.999953    0.0020058 -0.000282029 
       126.5      33.2457     0.999945   0.00200189 -0.000272394 
       126.5      33.4819     0.999938   0.00199793 -0.000262812 
       126.5       33.719      0.99993   0.00199392 -0.000253282 
       126.5      33.9568     0.999923   0.00198986 -0.000243805 
       126.5      34.1956     0.999916   0.00198575 -0.000234381 
       126.5      34.4351     0.999909   0.00198158 -0.000225011 
       126.5      34.6755     0.999902   0.00197737 -0.000215694 
       126.5      34.9167     0.999895   0.00197311  -0.00020643 
       126.5      35.1588     0.999888   0.00196879 -0.000197221 
       126.5      35.4017     0.999881   0.00196443 -0.000188064 
       126.5      35.6454     0.999874   0.00196002 -0.000178962 
       126.5      35.8899     0.999868   0.00195555 -0.000169912 
       126.5      36.1354     0.999861   0.00195103 -0.000160915 
       126.5      36.3816     0.999855   0.00194646 -0.000151971 
       126.5      36.6287     0.999848   0.00194184 -0.000143079 
       126.5      36.8766     0.999842   0.00193716 -0.000134239 
       126.5      37.1253     0.999836   0.00193243  -0.00012545 
       126.5      37.3749      0.99983   0.00192764 -0.000116711 
       126.5      37.6253     0.999825   0.00192278 -0.000108021 
       126.5      37.8766     0.999819   0.00191787 -9.93798e-05 
       126.5      38.1287     0.999813   0.00191303 -9.07874e-05 
       126.5      38.3816     0.999806   0.00190819 -8.22516e-05 
       126.5      38.6353       0.9998    0.0019033 -7.37737e-05 
       126.5      38.8899     0.999794   0.00189837 -6.53546e-05 
       126.5      39.1454     0.999787   0.00189339  -5.6995e-05 
       126.5      39.4016     0.999781   0.00188838 -4.86957e-05 
       126.5      39.6588     0.999775   0.00188333 -4.04573e-05 
       126.5      39.9167     0.999769   0.00187823 -3.22804e-05 
       126.5      40.1755     0.999763   0.00187309 -2.41656e-05 
       126.5      40.4351     0.999757   0.00186791 -1.61135e-05 
       126.5      40.6955     0.999752   0.00186269 -8.12442e-06 
       126.5      40.9568     0.999746   0.00185742 -1.98899e-07 
       126.5      41.2189     0.999741   0.00185212  7.66275e-06 
       126.5      41.4819     0.999735   0.00184678  1.54602e-05 
       126.5      41.7457      0.99973   0.00184139  2.31933e-05 
       126.5      42.0103     0.999725   0.00183597  3.08619e-05 
       126.5      42.2758      0.99972   0.00183051  3.84658e-05 
       126.5      42.5421     0.999715   0.00182502   4.6005e-05 
       126.5      42.8092      0.99971   0.00181949  5.34795e-05 
       126.5      43.0772     0.999706   0.00181392  6.08894e-05 
       126.5       43.346     0.999701   0.00180833   6.8235e-05 
       126.5      43.6157     0.999697    0.0018027  7.55165e-05 
       126.5      43.8862     0.999693   0.00179705  8.27342e-05 
       126.5      44.1575     0.999688   0.00179137  8.98885e-05 
       126.5      44.4296     0.999684   0.00178566  9.69798e-05 
       126.5      44.7026      0.99968   0.00177993  0.000104009 
       126.5      44.9765     0.999676   0.00177418  0.000110976 
       126.5      45.2511     0.999673   0.00176842  0.000117883 
       126.5      45.5266     0.999669   0.00176276  0.000124862 
       126.5       45.803     0.999665   0.00175713  0.000131817 
       126.5      46.0801     0.999661   0.00175147   0.00013869 
       126.5      46.3581     0.999657   0.00174579  0.000145481 
       126.5       46.637     0.999653   0.00174008  0.000152192 
       126.5      46.9167      0.99965   0.00173435  0.000158823 
       126.5      47.1972     0.999646   0.00172858  0.000165375 
       126.5      47.4785     0.999642   0.00172278  0.000171849 
       126.5      47.7607     0.999639   0.00171695  0.000178245 
       126.5      48.0438     0.999635   0.00171109  0.000184565 
       126.5      48.3276     0.999632   0.00170519  0.000190811 
       126.5      48.6123     0.999628   0.00169926  0.000196982 
       126.5      48.8979     0.999624    0.0016933  0.000203081 
       126.5      49.1842     0.999621    0.0016873   0.00020911 
       126.5      49.4714     0.999617   0.00168126  0.000215069 
       126.5      49.7595     0.999613    0.0016752  0.000220961 
       126.5      50.0484      0.99961   0.00166909  0.000226786 
       126.5      50.3381     0.999606   0.00166296  0.000232548 
       126.5      50.6286     0.999602   0.00165679  0.000238247 
       126.5        50.92     0.999598   0.00165059  0.000243886 
       126.5      51.2122     0.999594   0.00164436  0.000249468 
       126.5      51.5053     0.999592   0.00163817   0.00025532 
       126.5      51.7992     0.999589   0.00163204  0.000261254 
       126.5      52.0939     0.999587   0.00162596  0.000267087 
       126.5      52.3895     0.999585   0.00161992   0.00027282 
       126.5      52.6859     0.999583   0.00161392  0.000278453 
       126.5      52.9831     0.999581   0.00160794  0.000283988 
       126.5      53.2812     0.999579   0.00160199  0.000289424 
       126.5      53.5801     0.999577   0.00159607  0.000294763 
       126.5      53.8799     0.999575   0.00159017  0.000300006 
       126.5      54.1805     0.999574   0.00158428  0.000305153 
       126.5      54.4819     0.999572   0.00157841  0.000310207 
       126.5      54.7841      0.99957   0.00157254  0.000315169 
       126.5      55.0872     0.999568   0.00156669  0.000320039 
       126.5      55.3912     0.999567   0.00156083  0.000324819 
       126.5      55.6959     0.999565   0.00155498  0.000329512 
       126.5      56.0015     0.999563   0.00154912  0.000334119 
       126.5       56.308     0.999562   0.00154325  0.000338641 
       126.5      56.6152      0.99956   0.00153738  0.000343081 
       126.5      56.9233     0.999559   0.00153149  0.000347441 
       126.5      57.2323     0.999557   0.00152559  0.000351723 
       126.5      57.5421     0.999556   0.00151939  0.000356114 
       126.5      57.8527     0.999554   0.00151304  0.000360566 
       126.5      58.1641     0.999553    0.0015067  0.000364971 
       126.5      58.4764     0.999551   0.00150039   0.00036933 
       126.5      58.7896      0.99955   0.00149409  0.000373646 
       126.5      59.1035     0.999548   0.00148781  0.000377919 
       126.5      59.4183     0.999547   0.00148155  0.000382151 
       126.5      59.7339     0.999545   0.00147532  0.000386342 
       126.5      60.0504     0.999544   0.00146911  0.000390495 
       126.5      60.3677     0.999543   0.00146293  0.000394609 
       126.5      60.6859     0.999541   0.00145678  0.000398686 
       126.5      61.0048      0.99954   0.00145065  0.000402725 
       126.5      61.3247     0.999539   0.00144455  0.000406727 
       126.5      61.6453     0.999537   0.00143848  0.000410693 
       126.5      61.9668     0.999536   0.00143245  0.000414622 
       126.5      62.2891     0.999535   0.00142644  0.000418515 
       126.5      62.6123     0.999533   0.00142047   0.00042237 
       126.5      62.9363     0.999532   0.00141452  0.000426187 
       126.5      63.2611     0.999531   0.00140861  0.000429966 
       126.5      63.5868      0.99953   0.00140273  0.000433706 
       126.5      63.9133     0.999529   0.00139688  0.000437404 
       126.5      64.2406     0.999528   0.00139105  0.000441061 
       126.5      64.5688     0.999527   0.00138525  0.000444675 
       126.5      64.8978     0.999526   0.00137946  0.000448243 
       126.5      65.2277     0.999525    0.0013737  0.000451764 
       126.5      65.5583     0.999524   0.00136795  0.000455235 
       126.5      65.8899     0.999524   0.00136221  0.000458655 
       126.5      66.2222     0.999523   0.00135648   0.00046202 
       126.5      66.5554     0.999523   0.00135074  0.000465327 
       126.5      66.8894     0.999522   0.00134499  0.000468574 
       126.5      67.2243     0.999522   0.00133922  0.000471756 
       126.5        67.56     0.999522   0.00133343   0.00047487 
       126.5      67.8966     0.999521   0.00132759  0.000477913 
       126.5      68.2339     0.999521   0.00132171  0.000480879 
       126.5      68.5721     0.999522   0.00131576  0.000483765 
       126.5      68.9112     0.999522   0.00130974  0.000486565 
       126.5      69.2511     0.999522   0.00130363  0.000489275 
       126.5      69.5918     0.999522   0.00129741  0.000491888 
       126.5      69.9333     0.999523   0.00129107    0.0004944 
       126.5      70.2757     0.999523   0.00128458  0.000496804 
       126.5      70.6189     0.999524   0.00127792  0.000499095 
       126.5       70.963     0.999525   0.00127108  0.000501265 
       126.5      71.3079     0.999525   0.00126402  0.000503307 
       126.5      71.6536     0.999526   0.00125783  0.000505866 
       126.5      72.0002     0.999527   0.00125283  0.000509029 
       126.5      72.3476     0.999528   0.00124789  0.000512089 
       126.5      72.6959     0.999529   0.00124298  0.000515051 
       126.5      73.0449      0.99953    0.0012381  0.000517919 
       126.5      73.3949     0.999531   0.00123324  0.000520697 
       126.5      73.7456     0.999532   0.00122838  0.000523389 
       126.5      74.0972     0.999533   0.00122352  0.000525999 
       126.5      74.4496     0.999534   0.00121865   0.00052853 
       126.5      74.8029     0.999535   0.00121375  0.000530988 
       126.5       75.157     0.999535   0.00120883  0.000533375 
       126.5      75.5119     0.999536   0.00120388  0.000535695 
       126.5      75.8677     0.999537   0.00119889  0.000537952 
       126.5      76.2243     0.999538   0.00119386  0.000540149 
       126.5      76.5817     0.999538   0.00118879   0.00054229 
       126.5        76.94     0.999539   0.00118366  0.000544377 
       126.5      77.2991     0.999539   0.00117849  0.000546413 
       126.5      77.6591     0.999539   0.00117327  0.000548402 
       126.5      78.0198      0.99954   0.00116799  0.000550347 
       126.5      78.3815      0.99954   0.00116267  0.000552251 
       126.5      78.7439      0.99954   0.00115729  0.000554115 
       126.5      79.1072      0.99954   0.00115187  0.000555942 
       126.5      79.4714      0.99954    0.0011464  0.000557735 
       126.5      79.8363      0.99954   0.00114089  0.000559496 
       126.5      80.2021      0.99954   0.00113533  0.000561228 
       126.5      80.5688      0.99954   0.00112974  0.000562931 
       126.5      80.9362      0.99954   0.00112411  0.000564608 
       126.5      81.3045      0.99954   0.00111846   0.00056626 
       126.5      81.6737      0.99954   0.00111278  0.000567889 
       126.5      82.0437      0.99954   0.00110708  0.000569496 
       126.5      82.4145      0.99954   0.00110137  0.000571082 
       126.5      82.7861      0.99954   0.00109565  0.000572649 
       126.5      83.1586      0.99954   0.00108993  0.000574196 
       126.5       83.532      0.99954   0.00108422  0.000575726 
       126.5      83.9061      0.99954   0.00107851  0.000577237 
       126.5      84.2811      0.99954   0.00107282   0.00057873 
       126.5       84.657      0.99954   0.00106716  0.000580206 
       126.5      85.0336      0.99954   0.00106152  0.000581665 
       126.5      85.4111      0.99954   0.00105592  0.000583105 
       126.5      85.7895     0.999541   0.00105036  0.000584526 
       126.5      86.1687     0.999541   0.00104485  0.000585928 
       126.5      86.5487     0.999542   0.00103939   0.00058731 
       126.5      86.9295     0.999543   0.00103399   0.00058867 
       126.5      87.3112     0.999544   0.00102865  0.000590007 
       126.5      87.6937     0.999545   0.00102337   0.00059132 
       126.5      88.0771     0.999546   0.00101817  0.000592606 
       126.5      88.4613     0.999548   0.00101305  0.000593864 
       126.5      88.8463      0.99955     0.001008  0.000595091 
       126.5      89.2322     0.999552   0.00100303  0.000596285 
       126.5      89.6189     0.999554  0.000998134  0.000597443 
       126.5      90.0064     0.999556  0.000993322  0.000598561 
       126.5      90.3948     0.999559  0.000988589  0.000599636 
       126.5       90.784     0.999562  0.000983933  0.000600666 
       126.5      91.1741     0.999565  0.000979352  0.000601645 
       126.5       91.565     0.999568  0.000974841   0.00060257 
       126.5      91.9567     0.999572  0.000970394  0.000603436 
       126.5      92.3492     0.999576  0.000966005  0.000604239 
       126.5      92.7426      0.99958  0.000961665  0.000604974 
       126.5      93.1369     0.999585  0.000957364  0.000605634 
       126.5      93.5319      0.99959  0.000953092  0.000606216 
       126.5      93.9278     0.999595  0.000948833  0.000606712 
       126.5      94.3246       0.9996  0.000944573  0.000607117 
       126.5      94.7221     0.999606  0.000940296  0.000607424 
       126.5      95.1206     0.999612   0.00093598  0.000607626 
       126.5      95.5198     0.999618  0.000931605  0.000607716 
       126.5      95.9199     0.999625  0.000927147  0.000607686 
       126.5      96.3208     0.999632  0.000922579  0.000607529 
       126.5      96.7226     0.999638  0.000918143  0.000608514 
       126.5      97.1251     0.999643  0.000913786  0.000610297 
       126.5      97.5286      0.99965  0.000909322   0.00061214 
       126.5      97.9328     0.999656  0.000904705  0.000614041 
       126.5      98.3379     0.999664  0.000899884  0.000615999 
       126.5      98.7439     0.999673  0.000894803  0.000618015 
       126.5      99.1506     0.999682  0.000889403  0.000620086 
       126.5      99.5583     0.999693  0.000883617  0.000622214 
       126.5      99.9667     0.999706  0.000877377  0.000624396 
       126.5      100.376     0.999708  0.000872557  0.000625791 
       126.5      100.786     0.999705  0.000868668  0.000626599 
       126.5      101.197     0.999703  0.000864738  0.000627237 
       126.5      101.609       0.9997   0.00086076  0.000627699 
       126.5      102.021     0.999698  0.000856725  0.000627982 
       126.5      102.435     0.999696  0.000852626  0.000628082 
       126.5      102.849     0.999694  0.000848262  0.000628617 
       126.5      103.264     0.999692  0.000843715  0.000629704 
       126.5       103.68      0.99969  0.000839201  0.000630766 
       126.5      104.097     0.999688  0.000834724    0.0006318 
       126.5      104.515     0.999686  0.000830282  0.000632807 
       126.5      104.933     0.999684  0.000825877  0.000633786 
       126.5      105.353     0.999682  0.000821508  0.000634738 
       126.5      105.773      0.99968  0.000817177  0.000635662 
       126.5      106.194     0.999678  0.000812883  0.000636557 
       126.5      106.616     0.999676  0.000808626  0.000637424 
       126.5      107.038     0.999674  0.000804406  0.000638262 
       126.5      107.462     0.999672  0.000800223  0.000639071 
       126.5      107.886      0.99967  0.000796077   0.00063985 
       126.5      108.311     0.999667  0.000791967  0.000640601 
       126.5      108.737     0.999665  0.000787892  0.000641322 
       126.5      109.164     0.999663  0.000783851  0.000642013 
       126.5      109.592     0.999661  0.000779845  0.000642675 
       126.5       110.02     0.999658  0.000775872  0.000643308 
       126.5       110.45     0.999656   0.00077193   0.00064391 
       126.5       110.88     0.999653   0.00076802  0.000644483 
       126.5      111.311     0.999651  0.000764139  0.000645026 
       126.5      111.743     0.999648  0.000760286   0.00064554 
       126.5      112.175     0.999646  0.000756461  0.000646024 
       126.5      112.609     0.999643  0.000752661  0.000646479 
       126.5      113.043     0.999641  0.000748886  0.000646904 
       126.5      113.478     0.999638  0.000745132    0.0006473 
       126.5      113.914     0.999636    0.0007414  0.000647667 
       126.5      114.351     0.999634  0.000737686  0.000648005 
       126.5      114.789     0.999631   0.00073399  0.000648315 
       126.5      115.228     0.999629   0.00073031  0.000648597 
       126.5      115.667     0.999626  0.000726643   0.00064885 
       126.5      116.107     0.999624  0.000722988  0.000649076 
       126.5      116.548     0.999622  0.000719342  0.000649275 
       126.5       116.99      0.99962  0.000715704  0.000649447 
       126.5      117.433     0.999618  0.000712073  0.000649592 
       126.5      117.876     0.999616  0.000708444  0.000649712 
       126.5      118.321     0.999614  0.000704818  0.000649806 
       126.5      118.766     0.999612  0.000701192  0.000649875 
       126.5      119.212     0.999611  0.000697563   0.00064992 
       126.5      119.659     0.999609  0.000693929  0.000649941 
       126.5      120.107     0.999608   0.00069029  0.000649939 
       126.5      120.555     0.999607  0.000686642  0.000649915 
       126.5      121.005     0.999606  0.000682984  0.000649869 
       126.5      121.455     0.999606  0.000679314  0.000649802 
       126.5      121.906     0.999605   0.00067563  0.000649714 
       126.5      122.358     0.999605   0.00067193  0.000649608 
       126.5      122.811     0.999605  0.000668213  0.000649483 
       126.5      123.264     0.999605  0.000664477   0.00064934 
       126.5      123.719     0.999605   0.00066072  0.000649181 
       126.5      124.174     0.999606   0.00065694  0.000649006 
       126.5       124.63     0.999607  0.000653137  0.000648817 
       126.5      125.087     0.999608  0.000649309  0.000648614 
       126.5      125.545     0.999609  0.000645456  0.000648399 
       126.5      126.003     0.999611  0.000641575  0.000648172 
       126.5      126.463     0.999613  0.000637666  0.000647935 
       126.5      126.923     0.999616  0.000633728   0.00064769 
       126.5      127.384     0.999618  0.000629761  0.000647437 
       126.5      127.846     0.999621  0.000625764  0.000647178 
       126.5      128.309     0.999625  0.000621737  0.000646914 
       126.5      128.773     0.999629  0.000617681  0.000646647 
       126.5      129.237     0.999633  0.000613594  0.000646379 
       126.5      129.702     0.999637  0.000609478  0.000646109 
       126.5      130.169     0.999642  0.000605332  0.000645842 
       126.5      130.636     0.999647  0.000601159  0.000645577 
       126.5      131.103     0.999652  0.000596959  0.000645316 
       126.5      131.572     0.999658  0.000592733  0.000645062 
       126.5      132.041     0.999665  0.000588483  0.000644816 
       126.5      132.512     0.999671   0.00058421   0.00064458 
       126.5      132.983     0.999678  0.000579918  0.000644356 
       126.5      133.455     0.999685  0.000575608  0.000644146 
       126.5      133.928     0.999693  0.000571284  0.000643952 
       126.5      134.401     0.999701  0.000566948  0.000643775 
       126.5      134.876     0.999709  0.000562604  0.000643618 
       126.5      135.351     0.999718  0.000558257  0.000643484 
       126.5      135.827     0.999727  0.000553909  0.000643374 
       126.5      136.304     0.999736  0.000549567  0.000643291 
       126.5      136.782     0.999746  0.000545235  0.000643236 
       126.5      137.261     0.999755  0.000540919  0.000643213 
       126.5       137.74     0.999765  0.000536625  0.000643224 
       126.5      138.221     0.999776  0.000532359  0.000643272 
       126.5      138.702     0.999786  0.000528129  0.000643358 
       126.5      139.184     0.999797  0.000523941  0.000643486 
       126.5      139.667     0.999808  0.000519804  0.000643659 
       126.5      140.151     0.999819  0.000515726  0.000643879 
       126.5      140.635      0.99983  0.000511717  0.000644148 
       126.5       141.12     0.999841  0.000507785  0.000644471 
       126.5      141.607     0.999852  0.000503942  0.000644849 
       126.5      142.094     0.999864  0.000500198  0.000645287 
       126.5      142.582     0.999875  0.000496565  0.000645787 
       126.5       143.07     0.999886  0.000493055  0.000646351 
       126.5       143.56     0.999897   0.00048968  0.000646985 
       126.5       144.05     0.999907  0.000486454   0.00064769 
       126.5      144.541     0.999918  0.000483392  0.000648471 
       126.5      145.033     0.999928  0.000480507   0.00064933 
       126.5      145.526     0.999938  0.000477817  0.000650271 
       126.5       146.02     0.999948  0.000475337  0.000651299 
       126.5      146.515     0.999957  0.000473085  0.000652415 
       126.5       147.01     0.999965  0.000471079  0.000653626 
       126.5      147.506     0.999973  0.000469337  0.000654933 
       126.5      148.003      0.99998   0.00046788  0.000656342 
       126.5      148.501     0.999986  0.000466728  0.000657855 
       126.5          149     0.999992  0.000465902  0.000659478 
       126.5        149.5     0.999996  0.000465426  0.000661214 
       126.5          150            1  0.000465322  0.000663068 
