Variables = x, y, u, v, p

Zone, I=600, F=POINT
       433.5            0  2.15285e-07  7.03158e-11 -5.28162e-05 
       433.5     0.000418  0.000158175  8.96338e-11 -5.28161e-05 
       433.5     0.001672  0.000632054  4.04796e-10 -5.28158e-05 
       433.5     0.003763   0.00142223  1.78834e-09 -5.28153e-05 
       433.5     0.006689   0.00252796  5.52515e-09 -5.28146e-05 
       433.5     0.010451   0.00394961   1.3416e-08 -5.28137e-05 
       433.5      0.01505   0.00568758  2.77792e-08 -5.28125e-05 
       433.5     0.020485   0.00774149  5.14425e-08 -5.28112e-05 
       433.5     0.026756    0.0101113  8.77497e-08 -5.28097e-05 
       433.5     0.033863    0.0127971  1.40558e-07 -5.28079e-05 
       433.5     0.041806    0.0157989   2.1424e-07  -5.2806e-05 
       433.5     0.050585    0.0191166   3.1368e-07 -5.28038e-05 
       433.5     0.060201    0.0227506  4.44292e-07 -5.28015e-05 
       433.5     0.070652    0.0267002  6.11962e-07 -5.27989e-05 
       433.5      0.08194    0.0309661  8.23147e-07 -5.27961e-05 
       433.5     0.094063    0.0355475  1.08475e-06 -5.27932e-05 
       433.5     0.107023    0.0404452  1.40427e-06   -5.279e-05 
       433.5     0.120819    0.0456587  1.78964e-06 -5.27866e-05 
       433.5     0.135451     0.051188  2.24935e-06  -5.2783e-05 
       433.5     0.150919     0.057033  2.79238e-06 -5.27792e-05 
       433.5     0.167224     0.063194  3.42828e-06 -5.27752e-05 
       433.5     0.184364    0.0696701  4.16698e-06  -5.2771e-05 
       433.5     0.202341    0.0764621  5.01909e-06 -5.27666e-05 
       433.5     0.221153     0.083569  5.99555e-06  -5.2762e-05 
       433.5     0.240802    0.0909913  7.10802e-06 -5.27572e-05 
       433.5     0.261287    0.0987301  8.37112e-06 -5.27521e-05 
       433.5     0.282608      0.10678  9.78946e-06 -5.27469e-05 
       433.5     0.304765     0.115144  1.13822e-05 -5.27414e-05 
       433.5     0.327758     0.123822  1.31625e-05 -5.27358e-05 
       433.5     0.351588     0.132814  1.51445e-05 -5.27299e-05 
       433.5     0.376253     0.142118   1.7342e-05 -5.27238e-05 
       433.5     0.401755     0.151734    1.977e-05 -5.27176e-05 
       433.5     0.428092      0.16166  2.24433e-05 -5.27111e-05 
       433.5     0.455266     0.171894  2.53775e-05 -5.27043e-05 
       433.5     0.483276     0.182437  2.85883e-05 -5.26974e-05 
       433.5     0.512122     0.193284  3.20921e-05 -5.26903e-05 
       433.5     0.541805     0.204436  3.59056e-05 -5.26829e-05 
       433.5     0.572323     0.215889  4.00455e-05 -5.26753e-05 
       433.5     0.603677      0.22764  4.45293e-05 -5.26675e-05 
       433.5     0.635868     0.239689  4.93748e-05 -5.26594e-05 
       433.5     0.668894     0.252031  5.45998e-05 -5.26511e-05 
       433.5     0.702757     0.264663   6.0223e-05 -5.26426e-05 
       433.5     0.737456     0.277582  6.62629e-05 -5.26338e-05 
       433.5     0.772991     0.290783  7.27897e-05 -5.26246e-05 
       433.5     0.809362     0.304249  7.96557e-05 -5.26154e-05 
       433.5      0.84657     0.317987  8.70071e-05 -5.26059e-05 
       433.5     0.884613      0.33199  9.48575e-05 -5.25962e-05 
       433.5     0.923492      0.34625   0.00010322 -5.25861e-05 
       433.5     0.963208     0.360758  0.000112108 -5.25757e-05 
       433.5      1.00376     0.375505  0.000121533  -5.2565e-05 
       433.5      1.04515     0.390481  0.000131506 -5.25539e-05 
       433.5      1.08737     0.405674  0.000142036 -5.25425e-05 
       433.5      1.13043     0.421072  0.000153133 -5.25308e-05 
       433.5      1.17433     0.436662  0.000164805 -5.25186e-05 
       433.5      1.21906     0.452431  0.000177059 -5.25061e-05 
       433.5      1.26463     0.468363    0.0001899 -5.24932e-05 
       433.5      1.31103     0.484442  0.000203333 -5.24799e-05 
       433.5      1.35827     0.500651  0.000217362 -5.24661e-05 
       433.5      1.40635     0.516972  0.000231988 -5.24518e-05 
       433.5      1.45526     0.533385  0.000247211 -5.24371e-05 
       433.5      1.50501      0.54987  0.000263029 -5.24219e-05 
       433.5       1.5556     0.566404  0.000279441 -5.24061e-05 
       433.5      1.60702     0.582965  0.000296441 -5.23898e-05 
       433.5      1.65928     0.599528  0.000314023  -5.2373e-05 
       433.5      1.71237     0.616066  0.000332178 -5.23555e-05 
       433.5       1.7663     0.631693  0.000348812 -5.23376e-05 
       433.5      1.82106     0.648552  0.000368826 -5.23186e-05 
       433.5      1.87667     0.665185  0.000389098 -5.22989e-05 
       433.5      1.93311     0.681573  0.000409603 -5.22784e-05 
       433.5      1.99038     0.697699  0.000430317 -5.22571e-05 
       433.5      2.04849     0.713546  0.000451211 -5.22349e-05 
       433.5      2.10744     0.729095  0.000472256 -5.22119e-05 
       433.5      2.16722     0.744328  0.000493418  -5.2188e-05 
       433.5      2.22784      0.75923  0.000514665 -5.21632e-05 
       433.5      2.28929     0.773781  0.000535957 -5.21375e-05 
       433.5      2.35158     0.787966  0.000557257 -5.21108e-05 
       433.5      2.41471     0.801766  0.000578523 -5.20832e-05 
       433.5      2.47867     0.815166   0.00059971 -5.20546e-05 
       433.5      2.54347     0.828149   0.00062077  -5.2025e-05 
       433.5      2.60911     0.840697  0.000641655 -5.19944e-05 
       433.5      2.67558     0.852795  0.000662311 -5.19627e-05 
       433.5      2.74288     0.864427  0.000682683   -5.193e-05 
       433.5      2.81103     0.875577  0.000702712 -5.18962e-05 
       433.5      2.88001      0.88623  0.000722336 -5.18612e-05 
       433.5      2.94983      0.89637   0.00074149 -5.18252e-05 
       433.5      3.02048     0.905982  0.000760106  -5.1788e-05 
       433.5      3.09197     0.915052  0.000778112 -5.17496e-05 
       433.5      3.16429     0.923565  0.000795434   -5.171e-05 
       433.5      3.23745     0.931507  0.000811991 -5.16693e-05 
       433.5      3.31145     0.938866  0.000827703 -5.16273e-05 
       433.5      3.38628     0.945627  0.000842483  -5.1584e-05 
       433.5      3.46195     0.951778  0.000856242 -5.15395e-05 
       433.5      3.53845     0.957307  0.000868884 -5.14936e-05 
       433.5      3.61579     0.962202  0.000880313 -5.14465e-05 
       433.5      3.69397      0.96645  0.000890427  -5.1398e-05 
       433.5      3.77298     0.971945  0.000903037  -5.1347e-05 
       433.5      3.85283     0.975319  0.000911789 -5.12993e-05 
       433.5      3.93352      0.97843  0.000919908 -5.12507e-05 
       433.5      4.01504     0.981281  0.000927403 -5.12013e-05 
       433.5       4.0974     0.983879  0.000934286 -5.11509e-05 
       433.5      4.18059     0.986231  0.000940571 -5.10997e-05 
       433.5      4.26462     0.988344  0.000946273 -5.10477e-05 
       433.5      4.34949     0.990225  0.000951409 -5.09948e-05 
       433.5      4.43519     0.991885  0.000955998 -5.09411e-05 
       433.5      4.52173     0.993332  0.000960063 -5.08865e-05 
       433.5       4.6091     0.994578  0.000963627 -5.08311e-05 
       433.5      4.69731     0.995635  0.000966716 -5.07748e-05 
       433.5      4.78636     0.996516  0.000969357 -5.07178e-05 
       433.5      4.87624     0.997234  0.000971582   -5.066e-05 
       433.5      4.96696     0.997804  0.000973421 -5.06013e-05 
       433.5      5.05851     0.998242  0.000974911 -5.05419e-05 
       433.5       5.1509     0.998566   0.00097609 -5.04818e-05 
       433.5      5.24413     0.998793  0.000976996 -5.04209e-05 
       433.5       5.3382     0.998943  0.000977672 -5.03593e-05 
       433.5      5.43309     0.999035  0.000978165  -5.0297e-05 
       433.5      5.52883     0.999092  0.000978521  -5.0234e-05 
       433.5       5.6254     0.999611  0.000979785 -5.01814e-05 
       433.5      5.72281      0.99971   0.00098015 -5.01182e-05 
       433.5      5.82105     0.999766   0.00098039 -5.00548e-05 
       433.5      5.92013     0.999788  0.000980524 -4.99912e-05 
       433.5      6.02005     0.999782  0.000980573 -4.99276e-05 
       433.5       6.1208     0.999755  0.000980557 -4.98638e-05 
       433.5      6.22239     0.999714  0.000980498 -4.98002e-05 
       433.5      6.32482      0.99967  0.000980419 -4.97367e-05 
       433.5      6.42808     0.999629  0.000980346 -4.96735e-05 
       433.5      6.53217     0.999601  0.000980304 -4.96107e-05 
       433.5      6.63711     0.999757  0.000980738 -4.95278e-05 
       433.5      6.74287     0.999761  0.000980751 -4.94603e-05 
       433.5      6.84948     0.999763  0.000980764 -4.93917e-05 
       433.5      6.95692     0.999766  0.000980777 -4.93222e-05 
       433.5       7.0652     0.999768  0.000980792 -4.92518e-05 
       433.5      7.17431      0.99977  0.000980807 -4.91807e-05 
       433.5      7.28426     0.999771  0.000980822 -4.91089e-05 
       433.5      7.39505     0.999773  0.000980837 -4.90365e-05 
       433.5      7.50667     0.999774  0.000980853 -4.89637e-05 
       433.5      7.61913     0.999775  0.000980869 -4.88905e-05 
       433.5      7.73242     0.999775  0.000980884 -4.88172e-05 
       433.5      7.84655     0.999776    0.0009809 -4.87437e-05 
       433.5      7.96152     0.999776  0.000980915 -4.86703e-05 
       433.5      8.07732     0.999777   0.00098093 -4.85971e-05 
       433.5      8.19396     0.999777  0.000980944 -4.85242e-05 
       433.5      8.31143     0.999777  0.000980958 -4.84517e-05 
       433.5      8.42974     0.999777  0.000980971 -4.83799e-05 
       433.5      8.54889     0.999777  0.000980983 -4.83088e-05 
       433.5      8.66887     0.999777  0.000980994 -4.82387e-05 
       433.5      8.78969     0.999777  0.000981003 -4.81697e-05 
       433.5      8.91135     0.999778  0.000981011  -4.8102e-05 
       433.5      9.03384     0.999778  0.000981017 -4.80358e-05 
       433.5      9.15717     0.999779  0.000981022 -4.79712e-05 
       433.5      9.28133     0.999779  0.000981025 -4.79084e-05 
       433.5      9.40633      0.99978  0.000981025 -4.78477e-05 
       433.5      9.53216     0.999782  0.000981023 -4.77893e-05 
       433.5      9.65884     0.999781  0.000981018 -4.76817e-05 
       433.5      9.78634     0.999782  0.000981039 -4.75826e-05 
       433.5      9.91469     0.999782  0.000981061 -4.74786e-05 
       433.5      10.0439     0.999782  0.000981084 -4.73692e-05 
       433.5      10.1739     0.999783  0.000981108 -4.72541e-05 
       433.5      10.3047     0.999783  0.000981132 -4.71329e-05 
       433.5      10.4364     0.999784  0.000981142 -4.70937e-05 
       433.5      10.5689     0.999784  0.000981121 -4.70023e-05 
       433.5      10.7023     0.999785  0.000981104 -4.69116e-05 
       433.5      10.8365     0.999785  0.000981091 -4.68214e-05 
       433.5      10.9715     0.999785  0.000981083 -4.67316e-05 
       433.5      11.1074     0.999786  0.000981079 -4.66423e-05 
       433.5      11.2441     0.999786  0.000981079 -4.65534e-05 
       433.5      11.3817     0.999787  0.000981083 -4.64648e-05 
       433.5        11.52     0.999787   0.00098109 -4.63765e-05 
       433.5      11.6592     0.999788    0.0009811 -4.62884e-05 
       433.5      11.7993     0.999788  0.000981114 -4.62005e-05 
       433.5      11.9402     0.999789   0.00098113 -4.61126e-05 
       433.5      12.0819     0.999789  0.000981149 -4.60248e-05 
       433.5      12.2245      0.99979  0.000981171 -4.59369e-05 
       433.5      12.3679      0.99979  0.000981195  -4.5849e-05 
       433.5      12.5121     0.999791   0.00098122 -4.57608e-05 
       433.5      12.6572     0.999791  0.000981247 -4.56724e-05 
       433.5      12.8031     0.999792  0.000981276 -4.55836e-05 
       433.5      12.9498     0.999792  0.000981305 -4.54944e-05 
       433.5      13.0974     0.999793  0.000981336 -4.54046e-05 
       433.5      13.2458     0.999793  0.000981366 -4.53143e-05 
       433.5       13.395     0.999794  0.000981397 -4.52233e-05 
       433.5      13.5451     0.999794  0.000981428 -4.51315e-05 
       433.5       13.696     0.999795  0.000981458 -4.50388e-05 
       433.5      13.8478     0.999795  0.000981487 -4.49451e-05 
       433.5      14.0004     0.999796  0.000981514 -4.48503e-05 
       433.5      14.1538     0.999796   0.00098154 -4.47543e-05 
       433.5      14.3081     0.999797  0.000981564  -4.4657e-05 
       433.5      14.4632     0.999797  0.000981585 -4.45582e-05 
       433.5      14.6191     0.999798  0.000981603 -4.44579e-05 
       433.5      14.7759     0.999799  0.000981618  -4.4356e-05 
       433.5      14.9335     0.999799  0.000981629 -4.42522e-05 
       433.5      15.0919       0.9998  0.000981636 -4.41466e-05 
       433.5      15.2512       0.9998  0.000981638 -4.40388e-05 
       433.5      15.4113     0.999801  0.000981635 -4.39289e-05 
       433.5      15.5723     0.999801  0.000981347 -4.38444e-05 
       433.5      15.7341     0.999802  0.000981365 -4.37301e-05 
       433.5      15.8967     0.999802  0.000981386 -4.36146e-05 
       433.5      16.0602     0.999803  0.000981409 -4.34981e-05 
       433.5      16.2245     0.999804  0.000981435 -4.33805e-05 
       433.5      16.3896     0.999804  0.000981464 -4.32618e-05 
       433.5      16.5556     0.999805  0.000981609 -4.30933e-05 
       433.5      16.7224     0.999805  0.000981631 -4.30037e-05 
       433.5        16.89     0.999806  0.000981651 -4.29118e-05 
       433.5      17.0585     0.999807  0.000981668 -4.28176e-05 
       433.5      17.2278     0.999807  0.000981683 -4.27211e-05 
       433.5      17.3979     0.999808  0.000981696 -4.26225e-05 
       433.5      17.5689     0.999809  0.000981707 -4.25217e-05 
       433.5      17.7408     0.999809  0.000981717 -4.24189e-05 
       433.5      17.9134      0.99981  0.000981725 -4.23142e-05 
       433.5      18.0869      0.99981  0.000981731 -4.22075e-05 
       433.5      18.2612     0.999811  0.000981737 -4.20991e-05 
       433.5      18.4364     0.999812  0.000981741 -4.19888e-05 
       433.5      18.6124     0.999812  0.000981745  -4.1877e-05 
       433.5      18.7892     0.999813  0.000981748 -4.17635e-05 
       433.5      18.9669     0.999813   0.00098175 -4.16486e-05 
       433.5      19.1454     0.999814  0.000981753 -4.15322e-05 
       433.5      19.3248     0.999815  0.000981756 -4.14145e-05 
       433.5       19.505     0.999815  0.000981759 -4.12957e-05 
       433.5       19.686     0.999816  0.000981763 -4.11756e-05 
       433.5      19.8678     0.999816  0.000981767 -4.10546e-05 
       433.5      20.0505     0.999817  0.000981773 -4.09327e-05 
       433.5      20.2341     0.999818   0.00098178 -4.08099e-05 
       433.5      20.4184     0.999818  0.000981789 -4.06865e-05 
       433.5      20.6036     0.999819  0.000981799 -4.05625e-05 
       433.5      20.7897      0.99982  0.000981812  -4.0438e-05 
       433.5      20.9765      0.99982  0.000981827 -4.03131e-05 
       433.5      21.1642     0.999821  0.000981845  -4.0188e-05 
       433.5      21.3528     0.999822  0.000981866 -4.00628e-05 
       433.5      21.5422     0.999822  0.000981891 -3.99377e-05 
       433.5      21.7324     0.999823  0.000981919 -3.98127e-05 
       433.5      21.9234     0.999824  0.000981951 -3.96879e-05 
       433.5      22.1153     0.999824  0.000981987 -3.95637e-05 
       433.5       22.308     0.999825  0.000981997  -3.9495e-05 
       433.5      22.5016     0.999825  0.000982017 -3.93668e-05 
       433.5       22.696     0.999826  0.000982034 -3.92373e-05 
       433.5      22.8912     0.999827  0.000982051 -3.91064e-05 
       433.5      23.0873     0.999828  0.000982065 -3.89742e-05 
       433.5      23.2842     0.999828  0.000982078 -3.88406e-05 
       433.5       23.482     0.999829   0.00098209 -3.87057e-05 
       433.5      23.6805      0.99983  0.000982101 -3.85692e-05 
       433.5        23.88      0.99983  0.000982111 -3.84314e-05 
       433.5      24.0802     0.999831  0.000982119 -3.82921e-05 
       433.5      24.2813     0.999832  0.000982127 -3.81513e-05 
       433.5      24.4832     0.999833  0.000982134  -3.8009e-05 
       433.5       24.686     0.999833  0.000982141 -3.78651e-05 
       433.5      24.8896     0.999834  0.000982147 -3.77197e-05 
       433.5       25.094     0.999835  0.000982153 -3.75728e-05 
       433.5      25.2993     0.999835  0.000982159 -3.74242e-05 
       433.5      25.5054     0.999836  0.000982165  -3.7274e-05 
       433.5      25.7123     0.999837  0.000982141 -3.72045e-05 
       433.5      25.9201     0.999838  0.000982156 -3.70693e-05 
       433.5      26.1287     0.999839  0.000982172 -3.69343e-05 
       433.5      26.3381     0.999839  0.000982188 -3.67992e-05 
       433.5      26.5484      0.99984  0.000982203 -3.66642e-05 
       433.5      26.7595     0.999841  0.000982219 -3.65291e-05 
       433.5      26.9715     0.999842  0.000982235  -3.6394e-05 
       433.5      27.1843     0.999843   0.00098225 -3.62589e-05 
       433.5      27.3979     0.999843  0.000982266 -3.61236e-05 
       433.5      27.6124     0.999844  0.000982281 -3.59882e-05 
       433.5      27.8277     0.999845  0.000982296 -3.58527e-05 
       433.5      28.0438     0.999846  0.000982312  -3.5717e-05 
       433.5      28.2608     0.999847  0.000982327 -3.55811e-05 
       433.5      28.4786     0.999847  0.000982342 -3.54449e-05 
       433.5      28.6972     0.999848  0.000982357 -3.53085e-05 
       433.5      28.9167     0.999849  0.000982372 -3.51718e-05 
       433.5       29.137      0.99985  0.000982386 -3.50347e-05 
       433.5      29.3582     0.999851  0.000982401 -3.48973e-05 
       433.5      29.5802     0.999852  0.000982415 -3.47595e-05 
       433.5       29.803     0.999852  0.000982429 -3.46212e-05 
       433.5      30.0267     0.999853  0.000982443 -3.44825e-05 
       433.5      30.2512     0.999854  0.000982457 -3.43433e-05 
       433.5      30.4765     0.999855   0.00098247 -3.42036e-05 
       433.5      30.7027     0.999856  0.000982484 -3.40633e-05 
       433.5      30.9297     0.999857  0.000982496 -3.39223e-05 
       433.5      31.1575     0.999858  0.000982509 -3.37807e-05 
       433.5      31.3862     0.999858  0.000982522 -3.36385e-05 
       433.5      31.6157     0.999859  0.000982534 -3.34955e-05 
       433.5      31.8461      0.99986  0.000982545 -3.33517e-05 
       433.5      32.0773     0.999861  0.000982557 -3.32071e-05 
       433.5      32.3093     0.999862  0.000982568 -3.30616e-05 
       433.5      32.5421     0.999862  0.000982579 -3.29152e-05 
       433.5      32.7758     0.999863  0.000982589 -3.27679e-05 
       433.5      33.0104     0.999864  0.000982599 -3.26195e-05 
       433.5      33.2457     0.999865  0.000982608 -3.24702e-05 
       433.5      33.4819     0.999866  0.000982617 -3.23197e-05 
       433.5       33.719     0.999866  0.000982608 -3.20563e-05 
       433.5      33.9568     0.999867  0.000982603 -3.19077e-05 
       433.5      34.1956     0.999868    0.0009826 -3.17578e-05 
       433.5      34.4351     0.999868  0.000982599 -3.16066e-05 
       433.5      34.6755     0.999869    0.0009826 -3.14541e-05 
       433.5      34.9167      0.99987  0.000982602 -3.13005e-05 
       433.5      35.1588     0.999871  0.000982606 -3.11456e-05 
       433.5      35.4017     0.999872  0.000982611 -3.09896e-05 
       433.5      35.6454     0.999873  0.000982618 -3.08324e-05 
       433.5      35.8899     0.999874  0.000982627 -3.06741e-05 
       433.5      36.1354     0.999874  0.000982637 -3.05147e-05 
       433.5      36.3816     0.999875  0.000982648 -3.03543e-05 
       433.5      36.6287     0.999876  0.000982661 -3.01927e-05 
       433.5      36.8766     0.999877  0.000982675 -3.00302e-05 
       433.5      37.1253     0.999878   0.00098269 -2.98667e-05 
       433.5      37.3749     0.999879  0.000982707 -2.97022e-05 
       433.5      37.6253      0.99988  0.000982724 -2.95368e-05 
       433.5      37.8766     0.999881  0.000982743 -2.93705e-05 
       433.5      38.1287     0.999882  0.000982762 -2.92033e-05 
       433.5      38.3816     0.999883  0.000982783 -2.90353e-05 
       433.5      38.6353     0.999884  0.000982804 -2.88665e-05 
       433.5      38.8899     0.999885  0.000982826 -2.86969e-05 
       433.5      39.1454     0.999885  0.000982849 -2.85266e-05 
       433.5      39.4016     0.999886  0.000982873 -2.83555e-05 
       433.5      39.6588     0.999887  0.000982897 -2.81838e-05 
       433.5      39.9167     0.999888  0.000982921 -2.80115e-05 
       433.5      40.1755     0.999889  0.000982946 -2.78385e-05 
       433.5      40.4351      0.99989  0.000982971  -2.7665e-05 
       433.5      40.6955     0.999891  0.000982997  -2.7491e-05 
       433.5      40.9568     0.999892  0.000983023 -2.73165e-05 
       433.5      41.2189     0.999893  0.000983048 -2.71416e-05 
       433.5      41.4819     0.999894  0.000983074 -2.69662e-05 
       433.5      41.7457     0.999895    0.0009831 -2.67905e-05 
       433.5      42.0103     0.999896  0.000983126 -2.66145e-05 
       433.5      42.2758     0.999897  0.000983151 -2.64382e-05 
       433.5      42.5421     0.999898  0.000983176 -2.62616e-05 
       433.5      42.8092     0.999899  0.000983201 -2.60849e-05 
       433.5      43.0772       0.9999  0.000983225  -2.5908e-05 
       433.5       43.346     0.999902  0.000983249  -2.5731e-05 
       433.5      43.6157     0.999903  0.000983271  -2.5554e-05 
       433.5      43.8862     0.999904  0.000983293 -2.53769e-05 
       433.5      44.1575     0.999905  0.000983315 -2.51999e-05 
       433.5      44.4296     0.999906  0.000983335  -2.5023e-05 
       433.5      44.7026     0.999907  0.000983439 -2.48701e-05 
       433.5      44.9765     0.999908  0.000983453 -2.47059e-05 
       433.5      45.2511     0.999909  0.000983464 -2.45396e-05 
       433.5      45.5266      0.99991  0.000983474 -2.43713e-05 
       433.5       45.803     0.999911  0.000983481 -2.42009e-05 
       433.5      46.0801     0.999912  0.000983486 -2.40286e-05 
       433.5      46.3581     0.999913  0.000983489 -2.38545e-05 
       433.5       46.637     0.999914   0.00098349 -2.36786e-05 
       433.5      46.9167     0.999915  0.000983489 -2.35009e-05 
       433.5      47.1972     0.999916  0.000983485 -2.33216e-05 
       433.5      47.4785     0.999917  0.000983479 -2.31407e-05 
       433.5      47.7607     0.999918   0.00098347 -2.29582e-05 
       433.5      48.0438     0.999919  0.000983459 -2.27743e-05 
       433.5      48.3276      0.99992  0.000983446 -2.25891e-05 
       433.5      48.6123     0.999921   0.00098343 -2.24025e-05 
       433.5      48.8979     0.999922  0.000983411 -2.22146e-05 
       433.5      49.1842     0.999923   0.00098339 -2.20257e-05 
       433.5      49.4714     0.999924  0.000983367 -2.18356e-05 
       433.5      49.7595     0.999925   0.00098334 -2.16446e-05 
       433.5      50.0484     0.999926  0.000983311 -2.14526e-05 
       433.5      50.3381     0.999927  0.000983279 -2.12598e-05 
       433.5      50.6286     0.999926  0.000983262 -2.11066e-05 
       433.5        50.92     0.999928  0.000983269 -2.08966e-05 
       433.5      51.2122     0.999929  0.000983276 -2.06882e-05 
       433.5      51.5053      0.99993  0.000983283 -2.04816e-05 
       433.5      51.7992     0.999931  0.000983291 -2.02766e-05 
       433.5      52.0939     0.999932  0.000983298 -2.00733e-05 
       433.5      52.3895     0.999933  0.000983306 -1.98717e-05 
       433.5      52.6859     0.999934  0.000983314 -1.96717e-05 
       433.5      52.9831     0.999935  0.000983321 -1.94735e-05 
       433.5      53.2812     0.999936  0.000983329 -1.92769e-05 
       433.5      53.5801     0.999937  0.000983336 -1.90821e-05 
       433.5      53.8799     0.999939  0.000983342 -1.88889e-05 
       433.5      54.1805      0.99994  0.000983348 -1.86975e-05 
       433.5      54.4819     0.999941  0.000983353 -1.85077e-05 
       433.5      54.7841     0.999942  0.000983357 -1.83197e-05 
       433.5      55.0872     0.999943   0.00098336 -1.81333e-05 
       433.5      55.3912     0.999944  0.000983362 -1.79487e-05 
       433.5      55.6959     0.999946  0.000983884 -1.78377e-05 
       433.5      56.0015     0.999946   0.00098393 -1.76144e-05 
       433.5       56.308     0.999947  0.000983973 -1.73921e-05 
       433.5      56.6152     0.999948  0.000984013 -1.71708e-05 
       433.5      56.9233     0.999949  0.000984049 -1.69504e-05 
       433.5      57.2323      0.99995  0.000984082 -1.67309e-05 
       433.5      57.5421     0.999951  0.000984112 -1.65124e-05 
       433.5      57.8527     0.999952   0.00098414 -1.62947e-05 
       433.5      58.1641     0.999953  0.000984164 -1.60779e-05 
       433.5      58.4764     0.999953  0.000984186  -1.5862e-05 
       433.5      58.7896     0.999954  0.000984204 -1.56468e-05 
       433.5      59.1035     0.999955   0.00098422 -1.54324e-05 
       433.5      59.4183     0.999956  0.000984234 -1.52188e-05 
       433.5      59.7339     0.999957  0.000984244 -1.50058e-05 
       433.5      60.0504     0.999958  0.000984252 -1.47936e-05 
       433.5      60.3677     0.999959  0.000984258  -1.4582e-05 
       433.5      60.6859      0.99996  0.000984261  -1.4371e-05 
       433.5      61.0048     0.999961  0.000984262 -1.41607e-05 
       433.5      61.3247     0.999962   0.00098426 -1.39508e-05 
       433.5      61.6453     0.999963  0.000984257 -1.37416e-05 
       433.5      61.9668     0.999964  0.000984251 -1.35328e-05 
       433.5      62.2891     0.999966  0.000984243 -1.33245e-05 
       433.5      62.6123     0.999967  0.000984233 -1.31166e-05 
       433.5      62.9363     0.999968  0.000984221 -1.29091e-05 
       433.5      63.2611     0.999969  0.000984207  -1.2702e-05 
       433.5      63.5868      0.99997  0.000984192 -1.24952e-05 
       433.5      63.9133     0.999971  0.000984174 -1.22887e-05 
       433.5      64.2406     0.999972  0.000984155 -1.20824e-05 
       433.5      64.5688     0.999973  0.000984135 -1.18763e-05 
       433.5      64.8978     0.999974  0.000984113 -1.16704e-05 
       433.5      65.2277     0.999976   0.00098409 -1.14647e-05 
       433.5      65.5583     0.999977  0.000984066  -1.1259e-05 
       433.5      65.8899     0.999978   0.00098404 -1.10534e-05 
       433.5      66.2222     0.999979  0.000984013 -1.08477e-05 
       433.5      66.5554      0.99998  0.000983985 -1.06421e-05 
       433.5      66.8894     0.999981  0.000983957 -1.04364e-05 
       433.5      67.2243     0.999983  0.000983927 -1.02305e-05 
       433.5        67.56     0.999984  0.000983897 -1.00245e-05 
       433.5      67.8966     0.999985  0.000983866 -9.81827e-06 
       433.5      68.2339     0.999986  0.000983834 -9.61179e-06 
       433.5      68.5721     0.999987  0.000983802   -9.405e-06 
       433.5      68.9112     0.999989   0.00098377 -9.19786e-06 
       433.5      69.2511      0.99999  0.000983738 -8.99033e-06 
       433.5      69.5918     0.999991  0.000983705 -8.78234e-06 
       433.5      69.9333     0.999992  0.000983672 -8.57386e-06 
       433.5      70.2757     0.999993   0.00098364 -8.36483e-06 
       433.5      70.6189     0.999995  0.000983607 -8.15521e-06 
       433.5       70.963     0.999996  0.000983575 -7.94493e-06 
       433.5      71.3079     0.999997  0.000983544 -7.73395e-06 
       433.5      71.6536     0.999998  0.000983513 -7.52222e-06 
       433.5      72.0002            1  0.000983482 -7.30968e-06 
       433.5      72.3476            1  0.000983452 -7.09627e-06 
       433.5      72.6959            1  0.000983424 -6.88194e-06 
       433.5      73.0449            1  0.000983396 -6.66664e-06 
       433.5      73.3949            1  0.000983369 -6.45031e-06 
       433.5      73.7456      1.00001  0.000983344 -6.23289e-06 
       433.5      74.0972      1.00001  0.000983319 -6.01431e-06 
       433.5      74.4496      1.00001  0.000983297 -5.79453e-06 
       433.5      74.8029      1.00001  0.000983276 -5.57348e-06 
       433.5       75.157      1.00001  0.000983257  -5.3511e-06 
       433.5      75.5119      1.00001  0.000983239 -5.12733e-06 
       433.5      75.8677      1.00001  0.000983224 -4.90211e-06 
       433.5      76.2243      1.00001  0.000983211 -4.67537e-06 
       433.5      76.5817      1.00001    0.0009832 -4.44705e-06 
       433.5        76.94      1.00002  0.000983191 -4.21708e-06 
       433.5      77.2991      1.00002  0.000983186  -3.9854e-06 
       433.5      77.6591      1.00002  0.000983182 -3.75195e-06 
       433.5      78.0198      1.00002  0.000983182 -3.51664e-06 
       433.5      78.3815      1.00002  0.000983185 -3.27942e-06 
       433.5      78.7439      1.00002  0.000983191 -3.04022e-06 
       433.5      79.1072      1.00002    0.0009832 -2.79897e-06 
       433.5      79.4714      1.00002  0.000983212 -2.55559e-06 
       433.5      79.8363      1.00002  0.000983229 -2.31001e-06 
       433.5      80.2021      1.00003  0.000983249 -2.06216e-06 
       433.5      80.5688      1.00003  0.000983272 -1.81198e-06 
       433.5      80.9362      1.00003    0.0009833 -1.55937e-06 
       433.5      81.3045      1.00003  0.000983333 -1.30428e-06 
       433.5      81.6737      1.00003  0.000983369 -1.04661e-06 
       433.5      82.0437      1.00003   0.00098341 -7.86303e-07 
       433.5      82.4145      1.00003  0.000983456 -5.23272e-07 
       433.5      82.7861      1.00003  0.000983507 -2.57438e-07 
       433.5      83.1586      1.00003  0.000983563  1.12765e-08 
       433.5       83.532      1.00004  0.000982974  1.80023e-07 
       433.5      83.9061      1.00004   0.00098299  4.13337e-07 
       433.5      84.2811      1.00004  0.000983009    6.485e-07 
       433.5       84.657      1.00004   0.00098303  8.85543e-07 
       433.5      85.0336      1.00004  0.000983053   1.1245e-06 
       433.5      85.4111      1.00004  0.000983078  1.36539e-06 
       433.5      85.7895      1.00004  0.000983107  1.60825e-06 
       433.5      86.1687      1.00004  0.000983137  1.85312e-06 
       433.5      86.5487      1.00005  0.000983171  2.10002e-06 
       433.5      86.9295      1.00005  0.000983206  2.34899e-06 
       433.5      87.3112      1.00005  0.000983245  2.60006e-06 
       433.5      87.6937      1.00005  0.000983286  2.85326e-06 
       433.5      88.0771      1.00005   0.00098333  3.10862e-06 
       433.5      88.4613      1.00005  0.000983377  3.36617e-06 
       433.5      88.8463      1.00005  0.000983427  3.62596e-06 
       433.5      89.2322      1.00005   0.00098348  3.88801e-06 
       433.5      89.6189      1.00005  0.000983535  4.15236e-06 
       433.5      90.0064      1.00005  0.000983594  4.41904e-06 
       433.5      90.3948      1.00006  0.000983655  4.68809e-06 
       433.5       90.784      1.00006   0.00098372  4.95954e-06 
       433.5      91.1741      1.00006  0.000983788  5.23342e-06 
       433.5       91.565      1.00006  0.000983859  5.50978e-06 
       433.5      91.9567      1.00007  0.000983776  5.94085e-06 
       433.5      92.3492      1.00007   0.00098377  6.18406e-06 
       433.5      92.7426      1.00007  0.000983764  6.42833e-06 
       433.5      93.1369      1.00007  0.000983757  6.67364e-06 
       433.5      93.5319      1.00007   0.00098375  6.91999e-06 
       433.5      93.9278      1.00007  0.000983741  7.16738e-06 
       433.5      94.3246      1.00007  0.000983732   7.4158e-06 
       433.5      94.7221      1.00007  0.000983722  7.66523e-06 
       433.5      95.1206      1.00007  0.000983712  7.91568e-06 
       433.5      95.5198      1.00007    0.0009837  8.16714e-06 
       433.5      95.9199      1.00007  0.000983688   8.4196e-06 
       433.5      96.3208      1.00007  0.000983675  8.67304e-06 
       433.5      96.7226      1.00008  0.000983662  8.92748e-06 
       433.5      97.1251      1.00008  0.000983647  9.18289e-06 
       433.5      97.5286      1.00008  0.000983632  9.43927e-06 
       433.5      97.9328      1.00008  0.000983617  9.69662e-06 
       433.5      98.3379      1.00008    0.0009836  9.95492e-06 
       433.5      98.7439      1.00008  0.000983583  1.02142e-05 
       433.5      99.1506      1.00008  0.000983565  1.04744e-05 
       433.5      99.5583      1.00008  0.000983547  1.07355e-05 
       433.5      99.9667      1.00008  0.000983528  1.09975e-05 
       433.5      100.376      1.00008  0.000983508  1.12605e-05 
       433.5      100.786      1.00008  0.000983488  1.15243e-05 
       433.5      101.197      1.00008  0.000983466  1.17891e-05 
       433.5      101.609      1.00008  0.000983445  1.20547e-05 
       433.5      102.021      1.00009  0.000983422  1.23212e-05 
       433.5      102.435      1.00009  0.000983399  1.25886e-05 
       433.5      102.849      1.00009  0.000983376  1.28569e-05 
       433.5      103.264      1.00009  0.000983352   1.3126e-05 
       433.5       103.68      1.00009  0.000983327  1.33959e-05 
       433.5      104.097      1.00009  0.000983301  1.36667e-05 
       433.5      104.515      1.00009  0.000983275  1.39383e-05 
       433.5      104.933      1.00009  0.000983249  1.42107e-05 
       433.5      105.353       1.0001  0.000983222  1.44839e-05 
       433.5      105.773       1.0001  0.000983194  1.47579e-05 
       433.5      106.194       1.0001  0.000983166  1.50327e-05 
       433.5      106.616       1.0001  0.000983137  1.53083e-05 
       433.5      107.038       1.0001  0.000983107  1.55846e-05 
       433.5      107.462       1.0001  0.000983078  1.58617e-05 
       433.5      107.886       1.0001  0.000983047  1.61395e-05 
       433.5      108.311       1.0001  0.000983016   1.6418e-05 
       433.5      108.737      1.00011  0.000982985  1.66973e-05 
       433.5      109.164      1.00011  0.000982953  1.69772e-05 
       433.5      109.592      1.00011  0.000982921  1.72579e-05 
       433.5       110.02      1.00011  0.000982888  1.75392e-05 
       433.5       110.45      1.00011  0.000982855  1.78212e-05 
       433.5       110.88      1.00011  0.000982821  1.81039e-05 
       433.5      111.311      1.00012  0.000982787  1.83872e-05 
       433.5      111.743      1.00012  0.000982752  1.86711e-05 
       433.5      112.175      1.00012  0.000982718  1.89557e-05 
       433.5      112.609      1.00012  0.000982682  1.92409e-05 
       433.5      113.043      1.00012  0.000982646  1.95267e-05 
       433.5      113.478      1.00012   0.00098261   1.9813e-05 
       433.5      113.914      1.00012  0.000982574     2.01e-05 
       433.5      114.351      1.00013  0.000982537  2.03875e-05 
       433.5      114.789      1.00013    0.0009825  2.06755e-05 
       433.5      115.228      1.00013  0.000982462  2.09641e-05 
       433.5      115.667      1.00013  0.000982425  2.12532e-05 
       433.5      116.107      1.00013  0.000982387  2.15428e-05 
       433.5      116.548      1.00013  0.000982348  2.18329e-05 
       433.5       116.99      1.00014  0.000982309  2.21234e-05 
       433.5      117.433      1.00014   0.00098227  2.24145e-05 
       433.5      117.876      1.00014  0.000982231  2.27059e-05 
       433.5      118.321      1.00014  0.000982192  2.29979e-05 
       433.5      118.766      1.00014  0.000982152  2.32902e-05 
       433.5      119.212      1.00014  0.000982112  2.35829e-05 
       433.5      119.659      1.00014  0.000982072  2.38761e-05 
       433.5      120.107      1.00015  0.000982032  2.41696e-05 
       433.5      120.555      1.00015  0.000981991  2.44634e-05 
       433.5      121.005      1.00015  0.000981951  2.47577e-05 
       433.5      121.455      1.00015   0.00098191  2.50522e-05 
       433.5      121.906      1.00015  0.000981869  2.53471e-05 
       433.5      122.358      1.00015  0.000981828  2.56422e-05 
       433.5      122.811      1.00015  0.000981787  2.59376e-05 
       433.5      123.264      1.00016  0.000981746  2.62333e-05 
       433.5      123.719      1.00016  0.000981705  2.65293e-05 
       433.5      124.174      1.00016  0.000981663  2.68255e-05 
       433.5       124.63      1.00016  0.000981622  2.71219e-05 
       433.5      125.087      1.00016  0.000981581  2.74185e-05 
       433.5      125.545      1.00016  0.000981539  2.77153e-05 
       433.5      126.003      1.00016  0.000981498  2.80122e-05 
       433.5      126.463      1.00016  0.000981457  2.83093e-05 
       433.5      126.923      1.00016  0.000981415  2.86065e-05 
       433.5      127.384      1.00017  0.000981374  2.89038e-05 
       433.5      127.846      1.00017  0.000981333  2.92013e-05 
       433.5      128.309      1.00017  0.000981292  2.94988e-05 
       433.5      128.773      1.00017  0.000981251  2.97963e-05 
       433.5      129.237      1.00017   0.00098121  3.00939e-05 
       433.5      129.702      1.00017  0.000981169  3.03916e-05 
       433.5      130.169      1.00017  0.000981129  3.06892e-05 
       433.5      130.636      1.00017  0.000981088  3.09868e-05 
       433.5      131.103      1.00017  0.000981048  3.12844e-05 
       433.5      131.572      1.00017  0.000981008  3.15819e-05 
       433.5      132.041      1.00017  0.000980968  3.18793e-05 
       433.5      132.512      1.00017  0.000980929  3.21767e-05 
       433.5      132.983      1.00017  0.000980889  3.24739e-05 
       433.5      133.455      1.00017   0.00098085   3.2771e-05 
       433.5      133.928      1.00017  0.000980812   3.3068e-05 
       433.5      134.401      1.00017  0.000980773  3.33647e-05 
       433.5      134.876      1.00017  0.000980735  3.36613e-05 
       433.5      135.351      1.00017  0.000980698  3.39577e-05 
       433.5      135.827      1.00017   0.00098066  3.42538e-05 
       433.5      136.304      1.00017  0.000980624  3.45496e-05 
       433.5      136.782      1.00017  0.000980587  3.48452e-05 
       433.5      137.261      1.00017  0.000980551  3.51405e-05 
       433.5       137.74      1.00017  0.000980516  3.54355e-05 
       433.5      138.221      1.00017  0.000980481  3.57301e-05 
       433.5      138.702      1.00017  0.000980446  3.60243e-05 
       433.5      139.184      1.00017  0.000980412  3.63182e-05 
       433.5      139.667      1.00017  0.000980378  3.66116e-05 
       433.5      140.151      1.00017  0.000980345  3.69046e-05 
       433.5      140.635      1.00017  0.000980313  3.71972e-05 
       433.5       141.12      1.00017  0.000980281  3.74893e-05 
       433.5      141.607       1.0002  0.000980372  3.69751e-05 
       433.5      142.094      1.00019  0.000980322  3.72263e-05 
       433.5      142.582      1.00019  0.000980274  3.74886e-05 
       433.5       143.07      1.00018  0.000980229  3.77624e-05 
       433.5       143.56      1.00017  0.000980188  3.80483e-05 
       433.5       144.05      1.00016   0.00098015  3.83466e-05 
       433.5      144.541      1.00016  0.000980115  3.86579e-05 
       433.5      145.033      1.00015  0.000980083  3.89824e-05 
       433.5      145.526      1.00014  0.000980055  3.93208e-05 
       433.5       146.02      1.00013  0.000980031  3.96735e-05 
       433.5      146.515      1.00012  0.000980011  4.00409e-05 
       433.5       147.01       1.0001  0.000979994  4.04235e-05 
       433.5      147.506      1.00009  0.000979981  4.08217e-05 
       433.5      148.003      1.00008  0.000979973  4.12362e-05 
       433.5      148.501      1.00007  0.000979969  4.16672e-05 
       433.5          149      1.00005  0.000979969  4.21153e-05 
       433.5        149.5      1.00004  0.000979974  4.25811e-05 
       433.5          150      1.00002  0.000979983  4.30649e-05 
