Variables = x, y, u, v, p

Zone, I=600, F=POINT
        24.5            0  6.62453e-06  9.06666e-07  0.000593283 
        24.5     0.000418  0.000307252  8.79673e-07  0.000593295 
        24.5     0.001672    0.0012089  8.32779e-07  0.000593334 
        24.5     0.003763   0.00271155  8.67767e-07  0.000593398 
        24.5     0.006689   0.00481255  1.15244e-06  0.000593487 
        24.5     0.010451   0.00751084  1.91805e-06    0.0005936 
        24.5      0.01505    0.0108048  3.45607e-06  0.000593736 
        24.5     0.020485    0.0146907  6.11258e-06  0.000593894 
        24.5     0.026756    0.0191648  1.02832e-05  0.000594072 
        24.5     0.033863    0.0242227  1.64059e-05   0.00059427 
        24.5     0.041806     0.029859  2.49535e-05  0.000594486 
        24.5     0.050585    0.0360672  3.64246e-05  0.000594718 
        24.5     0.060201    0.0428406  5.13352e-05  0.000594966 
        24.5     0.070652     0.050169  7.02015e-05  0.000595228 
        24.5      0.08194    0.0580435  9.35392e-05  0.000595504 
        24.5     0.094063     0.066451  0.000121836  0.000595793 
        24.5     0.107023    0.0753795  0.000155554  0.000596096 
        24.5     0.120819    0.0848127  0.000195098  0.000596412 
        24.5     0.135451    0.0947331  0.000240812  0.000596744 
        24.5     0.150919     0.105121  0.000292953  0.000597093 
        24.5     0.167224     0.115954  0.000351684  0.000597462 
        24.5     0.184364     0.127206  0.000417033  0.000597855 
        24.5     0.202341      0.13885  0.000488905  0.000598277 
        24.5     0.221153     0.150852  0.000567024  0.000598734 
        24.5     0.240802      0.16318  0.000650947  0.000599235 
        24.5     0.261287     0.175999  0.000733601  0.000599814 
        24.5     0.282608     0.188753  0.000832028  0.000600424 
        24.5     0.304765     0.201736  0.000927712  0.000601135 
        24.5     0.327758     0.214936   0.00102024  0.000601959 
        24.5     0.351588     0.228344   0.00110927  0.000602903 
        24.5     0.376253     0.241956   0.00119448  0.000603977 
        24.5     0.401755     0.255771   0.00127566  0.000605192 
        24.5     0.428092     0.269792   0.00135264  0.000606556 
        24.5     0.455266     0.284031   0.00142535  0.000608081 
        24.5     0.483276     0.298499   0.00149381  0.000609776 
        24.5     0.512122     0.313218   0.00155812  0.000611654 
        24.5     0.541805     0.328216   0.00161853  0.000613724 
        24.5     0.572323     0.343524   0.00167536  0.000615998 
        24.5     0.603677     0.359186   0.00172909  0.000618488 
        24.5     0.635868      0.37525   0.00178034  0.000621206 
        24.5     0.668894     0.391775   0.00182984  0.000624163 
        24.5     0.702757     0.408828   0.00187853  0.000627372 
        24.5     0.737456     0.426486   0.00192748  0.000630846 
        24.5     0.772991     0.443966   0.00199235  0.000634633 
        24.5     0.809362     0.462389   0.00205674  0.000638567 
        24.5      0.84657     0.481055   0.00212321  0.000642838 
        24.5     0.884613     0.499935   0.00219168  0.000647455 
        24.5     0.923492     0.519003   0.00226203  0.000652428 
        24.5     0.963208     0.538227   0.00233413  0.000657767 
        24.5      1.00376     0.557574   0.00240781  0.000663479 
        24.5      1.04515     0.577007   0.00248293  0.000669573 
        24.5      1.08737      0.59649   0.00255927  0.000676056 
        24.5      1.13043     0.615981   0.00263662  0.000682934 
        24.5      1.17433     0.635435   0.00271474  0.000690213 
        24.5      1.21906     0.654807   0.00279336  0.000697898 
        24.5      1.26463     0.674046    0.0028722  0.000705992 
        24.5      1.31103     0.693099   0.00295093  0.000714498 
        24.5      1.35827      0.71191    0.0030292  0.000723418 
        24.5      1.40635     0.730419   0.00310663  0.000732752 
        24.5      1.45526     0.748563   0.00318281  0.000742501 
        24.5      1.50501     0.766275   0.00325731  0.000752661 
        24.5       1.5556     0.783483   0.00332963  0.000763231 
        24.5      1.60702     0.800112   0.00339927  0.000774206 
        24.5      1.65928     0.816084   0.00346568  0.000785579 
        24.5      1.71237     0.831315   0.00352827  0.000797345 
        24.5       1.7663     0.847467   0.00359486  0.000808237 
        24.5      1.82106     0.861165   0.00365332  0.000821145 
        24.5      1.87667     0.874164   0.00370782  0.000834174 
        24.5      1.93311     0.886456    0.0037583  0.000847312 
        24.5      1.99038     0.898034   0.00380472  0.000860546 
        24.5      2.04849     0.908895   0.00384705  0.000873862 
        24.5      2.10744     0.919037   0.00388528  0.000887246 
        24.5      2.16722     0.928462   0.00391939  0.000900683 
        24.5      2.22784     0.937174   0.00394939  0.000914156 
        24.5      2.28929      0.94518   0.00397532  0.000927648 
        24.5      2.35158     0.952489   0.00399721  0.000941142 
        24.5      2.41471     0.959115   0.00401511  0.000954618 
        24.5      2.47867     0.965074   0.00402909  0.000968055 
        24.5      2.54347     0.970386   0.00403925  0.000981433 
        24.5      2.60911     0.975074   0.00404569  0.000994729 
        24.5      2.67558     0.979165   0.00404853   0.00100792 
        24.5      2.74288      0.98269   0.00404792   0.00102098 
        24.5      2.81103     0.985682   0.00404402   0.00103388 
        24.5      2.88001     0.988182   0.00403701    0.0010466 
        24.5      2.94983      0.99023   0.00402709   0.00105911 
        24.5      3.02048     0.991874   0.00401449   0.00107138 
        24.5      3.09197     0.993165   0.00399946   0.00108337 
        24.5      3.16429     0.994159   0.00398226   0.00109506 
        24.5      3.23745     0.994917    0.0039632   0.00110641 
        24.5      3.31145     0.995504   0.00394259   0.00111739 
        24.5      3.38628      0.99599   0.00392077   0.00112795 
        24.5      3.46195     0.996451   0.00389812   0.00113806 
        24.5      3.53845     0.996968   0.00387502   0.00114769 
        24.5      3.61579     0.997626   0.00385191   0.00115678 
        24.5      3.69397     0.998517   0.00382923    0.0011653 
        24.5      3.77298     0.998078   0.00380351   0.00117472 
        24.5      3.85283     0.998196    0.0037781   0.00118307 
        24.5      3.93352     0.998285   0.00375239   0.00119103 
        24.5      4.01504     0.998349   0.00372641    0.0011986 
        24.5       4.0974     0.998392   0.00370021   0.00120578 
        24.5      4.18059      0.99842   0.00367384   0.00121258 
        24.5      4.26462     0.998436   0.00364734   0.00121899 
        24.5      4.34949     0.998446   0.00362077   0.00122501 
        24.5      4.43519     0.998457   0.00359418   0.00123064 
        24.5      4.52173     0.998458   0.00356755   0.00123587 
        24.5       4.6091     0.998459    0.0035409   0.00124074 
        24.5      4.69731     0.998458   0.00351426   0.00124521 
        24.5      4.78636     0.998457   0.00348766   0.00124929 
        24.5      4.87624     0.998455   0.00346111   0.00125301 
        24.5      4.96696     0.998453   0.00343462   0.00125634 
        24.5      5.05851     0.998451    0.0034082   0.00125931 
        24.5       5.1509     0.998449   0.00338185   0.00126191 
        24.5      5.24413     0.998447    0.0033556   0.00126415 
        24.5       5.3382     0.998446   0.00332946   0.00126604 
        24.5      5.43309     0.998445   0.00330344   0.00126757 
        24.5      5.52883     0.998444   0.00327754   0.00126874 
        24.5       5.6254     0.998444   0.00325178   0.00126959 
        24.5      5.72281     0.998444   0.00322616   0.00127011 
        24.5      5.82105     0.998444   0.00320068    0.0012703 
        24.5      5.92013     0.998445   0.00317535   0.00127015 
        24.5      6.02005     0.998446   0.00315027   0.00126973 
        24.5       6.1208     0.998447   0.00312528   0.00126898 
        24.5      6.22239     0.998448   0.00310047   0.00126792 
        24.5      6.32482      0.99845   0.00307587   0.00126657 
        24.5      6.42808     0.998452   0.00305145   0.00126492 
        24.5      6.53217     0.998455   0.00302724     0.001263 
        24.5      6.63711     0.998458   0.00300324   0.00126079 
        24.5      6.74287      0.99846   0.00297944   0.00125832 
        24.5      6.84948     0.998464   0.00295585   0.00125559 
        24.5      6.95692     0.998467   0.00293247   0.00125261 
        24.5       7.0652     0.998471   0.00290931    0.0012494 
        24.5      7.17431     0.998475   0.00288636   0.00124595 
        24.5      7.28426     0.998479   0.00286366   0.00124221 
        24.5      7.39505     0.998484   0.00284122   0.00123833 
        24.5      7.50667     0.998488     0.002819   0.00123422 
        24.5      7.61913     0.998493   0.00279701    0.0012299 
        24.5      7.73242     0.998498   0.00277526   0.00122536 
        24.5      7.84655     0.998503   0.00275375   0.00122061 
        24.5      7.96152     0.998509   0.00273249   0.00121566 
        24.5      8.07732     0.998514   0.00271149   0.00121052 
        24.5      8.19396      0.99852   0.00269075   0.00120535 
        24.5      8.31143     0.998526    0.0026702   0.00119987 
        24.5      8.42974     0.998532   0.00264991   0.00119425 
        24.5      8.54889     0.998539   0.00262988   0.00118848 
        24.5      8.66887     0.998545    0.0026101   0.00118257 
        24.5      8.78969     0.998552   0.00259058   0.00117652 
        24.5      8.91135     0.998558   0.00257132   0.00117034 
        24.5      9.03384     0.998565   0.00255231   0.00116403 
        24.5      9.15717     0.998572   0.00253355    0.0011576 
        24.5      9.28133     0.998579   0.00251504   0.00115104 
        24.5      9.40633     0.998587   0.00249678   0.00114438 
        24.5      9.53216     0.998594   0.00247877    0.0011376 
        24.5      9.65884     0.998601     0.002461   0.00113072 
        24.5      9.78634     0.998609   0.00244346   0.00112375 
        24.5      9.91469     0.998617   0.00242616   0.00111668 
        24.5      10.0439     0.998624    0.0024091   0.00110954 
        24.5      10.1739     0.998632   0.00239226   0.00110231 
        24.5      10.3047      0.99864   0.00237586   0.00109497 
        24.5      10.4364     0.998648   0.00235953    0.0010876 
        24.5      10.5689     0.998656   0.00234343   0.00108015 
        24.5      10.7023     0.998664   0.00232758   0.00107262 
        24.5      10.8365     0.998672   0.00231198   0.00106501 
        24.5      10.9715      0.99868   0.00229658   0.00105745 
        24.5      11.1074     0.998688   0.00228149   0.00104976 
        24.5      11.2441     0.998697   0.00226662   0.00104204 
        24.5      11.3817     0.998705   0.00225197   0.00103427 
        24.5        11.52     0.998713   0.00223755   0.00102648 
        24.5      11.6592     0.998722   0.00222334   0.00101866 
        24.5      11.7993      0.99873   0.00220935    0.0010108 
        24.5      11.9402     0.998739   0.00219559   0.00100293 
        24.5      12.0819     0.998747   0.00218204  0.000995029 
        24.5      12.2245     0.998756   0.00216871   0.00098711 
        24.5      12.3679     0.998765   0.00215559  0.000979174 
        24.5      12.5121     0.998773   0.00214269  0.000971224 
        24.5      12.6572     0.998782   0.00212999  0.000963263 
        24.5      12.8031      0.99879   0.00211751  0.000955294 
        24.5      12.9498     0.998799   0.00210523  0.000947319 
        24.5      13.0974     0.998808   0.00209316  0.000939342 
        24.5      13.2458     0.998816   0.00208129  0.000931366 
        24.5       13.395     0.998825   0.00206962  0.000923395 
        24.5      13.5451     0.998834   0.00205814  0.000915431 
        24.5       13.696     0.998842   0.00204685  0.000907479 
        24.5      13.8478     0.998851   0.00203576  0.000899542 
        24.5      14.0004     0.998859   0.00202484  0.000891624 
        24.5      14.1538     0.998868    0.0020141  0.000883728 
        24.5      14.3081     0.998876   0.00200354  0.000875859 
        24.5      14.4632     0.998885   0.00199323  0.000868036 
        24.5      14.6191     0.998893   0.00198304  0.000860116 
        24.5      14.7759     0.998902   0.00197305  0.000852211 
        24.5      14.9335      0.99891   0.00196317  0.000844466 
        24.5      15.0919     0.998919   0.00195356  0.000836661 
        24.5      15.2512     0.998927    0.0019441  0.000828891 
        24.5      15.4113     0.998936   0.00193481  0.000821156 
        24.5      15.5723     0.998944   0.00192567  0.000813458 
        24.5      15.7341     0.998952   0.00191669  0.000805797 
        24.5      15.8967     0.998961   0.00190786  0.000798174 
        24.5      16.0602     0.998969   0.00189918   0.00079059 
        24.5      16.2245     0.998977   0.00189066  0.000783045 
        24.5      16.3896     0.998986   0.00188229  0.000775541 
        24.5      16.5556     0.998994   0.00187407  0.000768077 
        24.5      16.7224     0.999002     0.001866  0.000760655 
        24.5        16.89      0.99901   0.00185807  0.000753275 
        24.5      17.0585     0.999018   0.00185028  0.000745939 
        24.5      17.2278     0.999026   0.00184264  0.000738646 
        24.5      17.3979     0.999034   0.00183514  0.000731397 
        24.5      17.5689     0.999042   0.00182778  0.000724194 
        24.5      17.7408      0.99905   0.00182055  0.000717037 
        24.5      17.9134     0.999058   0.00181345  0.000709926 
        24.5      18.0869     0.999066   0.00180648  0.000702862 
        24.5      18.2612     0.999073   0.00179964  0.000695845 
        24.5      18.4364     0.999081   0.00179293  0.000688878 
        24.5      18.6124     0.999089   0.00178633  0.000681959 
        24.5      18.7892     0.999096   0.00177986   0.00067509 
        24.5      18.9669     0.999104   0.00177349  0.000668271 
        24.5      19.1454     0.999111   0.00176724  0.000661502 
        24.5      19.3248     0.999119    0.0017611  0.000654786 
        24.5       19.505     0.999126   0.00175505  0.000648121 
        24.5       19.686     0.999133   0.00174957  0.000641525 
        24.5      19.8678     0.999141    0.0017437  0.000634957 
        24.5      20.0505     0.999148   0.00173796  0.000628424 
        24.5      20.2341     0.999155   0.00173234  0.000621928 
        24.5      20.4184     0.999162   0.00172684  0.000615471 
        24.5      20.6036      0.99917   0.00172146  0.000609055 
        24.5      20.7897     0.999177   0.00171621  0.000602684 
        24.5      20.9765     0.999184   0.00171107  0.000596359 
        24.5      21.1642     0.999191   0.00170606  0.000590083 
        24.5      21.3528     0.999197   0.00170077  0.000584174 
        24.5      21.5422     0.999204   0.00169596  0.000578104 
        24.5      21.7324     0.999211   0.00169123  0.000572087 
        24.5      21.9234     0.999218   0.00168659  0.000566123 
        24.5      22.1153     0.999225   0.00168203  0.000560211 
        24.5       22.308     0.999231   0.00167755  0.000554352 
        24.5      22.5016     0.999238   0.00167316  0.000548547 
        24.5       22.696     0.999245   0.00166885  0.000542795 
        24.5      22.8912     0.999251   0.00166462  0.000537096 
        24.5      23.0873     0.999258   0.00166047   0.00053145 
        24.5      23.2842     0.999264    0.0016564  0.000525858 
        24.5       23.482     0.999271    0.0016524   0.00052032 
        24.5      23.6805     0.999277   0.00164849  0.000514835 
        24.5        23.88     0.999284   0.00164465  0.000509403 
        24.5      24.0802      0.99929   0.00164089  0.000504025 
        24.5      24.2813     0.999296   0.00163721    0.0004987 
        24.5      24.4832     0.999302   0.00163359  0.000493429 
        24.5       24.686     0.999309   0.00163005  0.000488211 
        24.5      24.8896     0.999315   0.00162658  0.000483046 
        24.5       25.094     0.999321   0.00162318  0.000477934 
        24.5      25.2993     0.999327   0.00161985  0.000472875 
        24.5      25.5054     0.999333   0.00161658  0.000467869 
        24.5      25.7123     0.999339   0.00161338  0.000462916 
        24.5      25.9201     0.999345   0.00161025  0.000458014 
        24.5      26.1287      0.99935   0.00160717  0.000453165 
        24.5      26.3381     0.999356   0.00160416  0.000448367 
        24.5      26.5484     0.999362    0.0016012  0.000443621 
        24.5      26.7595     0.999367   0.00159831  0.000438927 
        24.5      26.9715     0.999373   0.00159546  0.000434283 
        24.5      27.1843     0.999379   0.00159267  0.000429689 
        24.5      27.3979     0.999384   0.00158994  0.000425146 
        24.5      27.6124      0.99939   0.00158725  0.000420652 
        24.5      27.8277     0.999395   0.00158461  0.000416207 
        24.5      28.0438       0.9994   0.00158201  0.000411812 
        24.5      28.2608     0.999405   0.00157946  0.000407464 
        24.5      28.4786     0.999411   0.00157695  0.000403164 
        24.5      28.6972     0.999416   0.00157448  0.000398912 
        24.5      28.9167     0.999421   0.00157204  0.000394706 
        24.5       29.137     0.999426   0.00156964  0.000390546 
        24.5      29.3582      0.99943   0.00156725  0.000386548 
        24.5      29.5802     0.999435   0.00156505   0.00038248 
        24.5       29.803      0.99944   0.00156309  0.000378533 
        24.5      30.0267     0.999446   0.00156094  0.000374553 
        24.5      30.2512     0.999451   0.00155884  0.000370622 
        24.5      30.4765     0.999456   0.00155677  0.000366739 
        24.5      30.7027     0.999461   0.00155474  0.000362903 
        24.5      30.9297     0.999466   0.00155275  0.000359115 
        24.5      31.1575      0.99947    0.0015508  0.000355374 
        24.5      31.3862     0.999475   0.00154889   0.00035168 
        24.5      31.6157      0.99948   0.00154701  0.000348033 
        24.5      31.8461     0.999484   0.00154517  0.000344431 
        24.5      32.0773     0.999489   0.00154337  0.000340876 
        24.5      32.3093     0.999493    0.0015416  0.000337365 
        24.5      32.5421     0.999498   0.00153987    0.0003339 
        24.5      32.7758     0.999502   0.00153817  0.000330479 
        24.5      33.0104     0.999506   0.00153651  0.000327102 
        24.5      33.2457      0.99951   0.00153488  0.000323769 
        24.5      33.4819     0.999514   0.00153328  0.000320479 
        24.5       33.719     0.999519   0.00153171  0.000317232 
        24.5      33.9568     0.999523   0.00153018  0.000314026 
        24.5      34.1956     0.999527   0.00152868  0.000310862 
        24.5      34.4351     0.999531    0.0015272  0.000307739 
        24.5      34.6755     0.999535   0.00152576  0.000304656 
        24.5      34.9167     0.999539   0.00152434  0.000301613 
        24.5      35.1588     0.999543   0.00152295  0.000298609 
        24.5      35.4017     0.999546   0.00152158  0.000295643 
        24.5      35.6454      0.99955   0.00152025  0.000292715 
        24.5      35.8899     0.999554   0.00151893  0.000289824 
        24.5      36.1354     0.999558   0.00151764  0.000286969 
        24.5      36.3816     0.999562   0.00151638  0.000284149 
        24.5      36.6287     0.999566   0.00151513  0.000281364 
        24.5      36.8766      0.99957   0.00151391  0.000278613 
        24.5      37.1253     0.999574   0.00151271  0.000275895 
        24.5      37.3749     0.999578   0.00151152  0.000273209 
        24.5      37.6253     0.999583   0.00151074  0.000270379 
        24.5      37.8766     0.999586   0.00150962  0.000267804 
        24.5      38.1287      0.99959   0.00150852  0.000265262 
        24.5      38.3816     0.999593   0.00150743  0.000262752 
        24.5      38.6353     0.999597   0.00150637  0.000260274 
        24.5      38.8899       0.9996   0.00150533  0.000257829 
        24.5      39.1454     0.999604   0.00150431  0.000255415 
        24.5      39.4016     0.999607   0.00150332  0.000253034 
        24.5      39.6588     0.999611   0.00150234  0.000250684 
        24.5      39.9167     0.999614   0.00150138  0.000248365 
        24.5      40.1755     0.999617   0.00150044  0.000246079 
        24.5      40.4351     0.999621   0.00149952  0.000243823 
        24.5      40.6955     0.999624   0.00149862  0.000241599 
        24.5      40.9568     0.999627   0.00149774  0.000239405 
        24.5      41.2189     0.999631   0.00149688  0.000237242 
        24.5      41.4819     0.999634   0.00149604   0.00023511 
        24.5      41.7457     0.999637   0.00149522  0.000233008 
        24.5      42.0103      0.99964   0.00149441  0.000230936 
        24.5      42.2758     0.999643   0.00149363  0.000228893 
        24.5      42.5421     0.999647   0.00149286  0.000226881 
        24.5      42.8092      0.99965   0.00149211  0.000224897 
        24.5      43.0772     0.999653   0.00149137  0.000222943 
        24.5       43.346     0.999656   0.00149066  0.000221017 
        24.5      43.6157     0.999659   0.00148996   0.00021912 
        24.5      43.8862     0.999662   0.00148927  0.000217251 
        24.5      44.1575     0.999665   0.00148861   0.00021541 
        24.5      44.4296     0.999668   0.00148795  0.000213596 
        24.5      44.7026     0.999671   0.00148732   0.00021181 
        24.5      44.9765     0.999674    0.0014867   0.00021005 
        24.5      45.2511     0.999677   0.00148609  0.000208317 
        24.5      45.5266      0.99968    0.0014855   0.00020661 
        24.5       45.803     0.999683   0.00148492  0.000204929 
        24.5      46.0801     0.999686   0.00148436  0.000203274 
        24.5      46.3581     0.999689   0.00148381  0.000201643 
        24.5       46.637     0.999692   0.00148327  0.000200037 
        24.5      46.9167     0.999694   0.00148274  0.000198455 
        24.5      47.1972     0.999697   0.00148223  0.000196896 
        24.5      47.4785       0.9997   0.00148173  0.000195361 
        24.5      47.7607     0.999703   0.00148124  0.000193849 
        24.5      48.0438     0.999705   0.00148076  0.000192359 
        24.5      48.3276     0.999708   0.00148029  0.000190891 
        24.5      48.6123     0.999711   0.00147983  0.000189445 
        24.5      48.8979     0.999713   0.00147938  0.000188019 
        24.5      49.1842     0.999716   0.00147903   0.00018638 
        24.5      49.4714     0.999719   0.00147854  0.000185037 
        24.5      49.7595     0.999721   0.00147805  0.000183716 
        24.5      50.0484     0.999724   0.00147756  0.000182416 
        24.5      50.3381     0.999726   0.00147707  0.000181136 
        24.5      50.6286     0.999729   0.00147656  0.000179877 
        24.5        50.92     0.999731   0.00147605  0.000178636 
        24.5      51.2122     0.999734   0.00147554  0.000177414 
        24.5      51.5053     0.999736   0.00147495  0.000176328 
        24.5      51.7992     0.999739   0.00147462  0.000175117 
        24.5      52.0939     0.999741   0.00147429  0.000173927 
        24.5      52.3895     0.999743   0.00147396   0.00017276 
        24.5      52.6859     0.999746   0.00147362  0.000171615 
        24.5      52.9831     0.999748    0.0014733  0.000170491 
        24.5      53.2812      0.99975   0.00147297  0.000169389 
        24.5      53.5801     0.999752   0.00147264  0.000168309 
        24.5      53.8799     0.999755   0.00147231  0.000167249 
        24.5      54.1805     0.999757   0.00147199  0.000166211 
        24.5      54.4819     0.999759   0.00147166  0.000165194 
        24.5      54.7841     0.999761   0.00147134  0.000164198 
        24.5      55.0872     0.999763   0.00147102  0.000163222 
        24.5      55.3912     0.999765    0.0014707  0.000162267 
        24.5      55.6959     0.999768   0.00147039  0.000161332 
        24.5      56.0015      0.99977   0.00147008  0.000160417 
        24.5       56.308     0.999772   0.00146976  0.000159521 
        24.5      56.6152     0.999774   0.00146946  0.000158645 
        24.5      56.9233     0.999776   0.00146915  0.000157788 
        24.5      57.2323     0.999778   0.00146885  0.000156951 
        24.5      57.5421      0.99978   0.00146855  0.000156132 
        24.5      57.8527     0.999782   0.00146826  0.000155331 
        24.5      58.1641     0.999784   0.00146796  0.000154549 
        24.5      58.4764     0.999786   0.00146768  0.000153785 
        24.5      58.7896     0.999788   0.00146739  0.000153039 
        24.5      59.1035      0.99979   0.00146711  0.000152311 
        24.5      59.4183     0.999792   0.00146684  0.000151599 
        24.5      59.7339     0.999794   0.00146657  0.000150904 
        24.5      60.0504     0.999795   0.00146631  0.000150226 
        24.5      60.3677     0.999797   0.00146605  0.000149565 
        24.5      60.6859     0.999799   0.00146579  0.000148919 
        24.5      61.0048     0.999801   0.00146554  0.000148289 
        24.5      61.3247     0.999803    0.0014653  0.000147675 
        24.5      61.6453     0.999805   0.00146506  0.000147076 
        24.5      61.9668     0.999806   0.00146483  0.000146491 
        24.5      62.2891     0.999808   0.00146461  0.000145921 
        24.5      62.6123      0.99981   0.00146439  0.000145364 
        24.5      62.9363     0.999812   0.00146418  0.000144822 
        24.5      63.2611     0.999813   0.00146398  0.000144292 
        24.5      63.5868     0.999815   0.00146378  0.000143776 
        24.5      63.9133     0.999817   0.00146359  0.000143272 
        24.5      64.2406     0.999819   0.00146341  0.000142781 
        24.5      64.5688      0.99982   0.00146324  0.000142301 
        24.5      64.8978     0.999822   0.00146308  0.000141833 
        24.5      65.2277     0.999824   0.00146292  0.000141375 
        24.5      65.5583     0.999825   0.00146278  0.000140929 
        24.5      65.8899     0.999827   0.00146264  0.000140492 
        24.5      66.2222     0.999829   0.00146252  0.000140065 
        24.5      66.5554      0.99983    0.0014624  0.000139648 
        24.5      66.8894     0.999832   0.00146229  0.000139239 
        24.5      67.2243     0.999833    0.0014622  0.000138838 
        24.5        67.56     0.999835   0.00146211  0.000138446 
        24.5      67.8966     0.999837   0.00146203  0.000138061 
        24.5      68.2339     0.999838   0.00146197  0.000137683 
        24.5      68.5721      0.99984   0.00146192  0.000137312 
        24.5      68.9112     0.999841   0.00146188  0.000136946 
        24.5      69.2511     0.999845   0.00146146  0.000137086 
        24.5      69.5918     0.999847   0.00146128  0.000136853 
        24.5      69.9333     0.999848   0.00146109  0.000136634 
        24.5      70.2757      0.99985   0.00146089   0.00013643 
        24.5      70.6189      0.99985   0.00146091  0.000135258 
        24.5       70.963     0.999852   0.00146142  0.000135967 
        24.5      71.3079     0.999859    0.0014604  0.000135325 
        24.5      71.6536     0.999861   0.00146033  0.000135128 
        24.5      72.0002     0.999862   0.00146027  0.000134942 
        24.5      72.3476     0.999864    0.0014602  0.000134766 
        24.5      72.6959     0.999866   0.00146013  0.000134601 
        24.5      73.0449     0.999867   0.00146006  0.000134447 
        24.5      73.3949     0.999869   0.00145999  0.000134303 
        24.5      73.7456      0.99987   0.00145992  0.000134169 
        24.5      74.0972     0.999872   0.00145984  0.000134046 
        24.5      74.4496     0.999874   0.00145977  0.000133933 
        24.5      74.8029     0.999875   0.00145969  0.000133831 
        24.5       75.157     0.999877   0.00145961  0.000133739 
        24.5      75.5119     0.999878   0.00145953  0.000133657 
        24.5      75.8677      0.99988   0.00145945  0.000133585 
        24.5      76.2243     0.999881   0.00145937  0.000133523 
        24.5      76.5817     0.999883   0.00145929  0.000133472 
        24.5        76.94     0.999884   0.00145921   0.00013343 
        24.5      77.2991     0.999885   0.00145912  0.000133399 
        24.5      77.6591     0.999887   0.00145904  0.000133377 
        24.5      78.0198     0.999888   0.00145895  0.000133365 
        24.5      78.3815     0.999889   0.00145886  0.000133363 
        24.5      78.7439     0.999891   0.00145877  0.000133371 
        24.5      79.1072     0.999892   0.00145868  0.000133388 
        24.5      79.4714     0.999893   0.00145859  0.000133415 
        24.5      79.8363     0.999895   0.00145849  0.000133451 
        24.5      80.2021     0.999896    0.0014584  0.000133497 
        24.5      80.5688     0.999897    0.0014583  0.000133552 
        24.5      80.9362     0.999898   0.00145821  0.000133617 
        24.5      81.3045       0.9999   0.00145811  0.000133691 
        24.5      81.6737     0.999901   0.00145801  0.000133774 
        24.5      82.0437     0.999902   0.00145791  0.000133866 
        24.5      82.4145     0.999903   0.00145781  0.000133967 
        24.5      82.7861     0.999904    0.0014577  0.000134077 
        24.5      83.1586     0.999905    0.0014576  0.000134195 
        24.5       83.532     0.999907   0.00145749  0.000134323 
        24.5      83.9061     0.999908   0.00145739  0.000134459 
        24.5      84.2811     0.999909   0.00145728  0.000134604 
        24.5       84.657      0.99991   0.00145717  0.000134757 
        24.5      85.0336     0.999911   0.00145706  0.000134918 
        24.5      85.4111     0.999912   0.00145695  0.000135088 
        24.5      85.7895     0.999913   0.00145684  0.000135266 
        24.5      86.1687     0.999914   0.00145672  0.000135452 
        24.5      86.5487     0.999915   0.00145661  0.000135646 
        24.5      86.9295     0.999916   0.00145649  0.000135848 
        24.5      87.3112     0.999917   0.00145638  0.000136058 
        24.5      87.6937     0.999918   0.00145626  0.000136275 
        24.5      88.0771     0.999919   0.00145614    0.0001365 
        24.5      88.4613      0.99992   0.00145602  0.000136733 
        24.5      88.8463     0.999921    0.0014559  0.000136973 
        24.5      89.2322     0.999922   0.00145578   0.00013722 
        24.5      89.6189     0.999923   0.00145565  0.000137474 
        24.5      90.0064     0.999924   0.00145553  0.000137735 
        24.5      90.3948     0.999925    0.0014554  0.000138003 
        24.5       90.784     0.999926   0.00145528  0.000138277 
        24.5      91.1741     0.999927   0.00145515  0.000138559 
        24.5       91.565     0.999928   0.00145502  0.000138846 
        24.5      91.9567     0.999929   0.00145489  0.000139141 
        24.5      92.3492      0.99993   0.00145476  0.000139441 
        24.5      92.7426     0.999931   0.00145463  0.000139748 
        24.5      93.1369     0.999932    0.0014545   0.00014006 
        24.5      93.5319     0.999933   0.00145436  0.000140378 
        24.5      93.9278     0.999934   0.00145423  0.000140703 
        24.5      94.3246     0.999935   0.00145409  0.000141032 
        24.5      94.7221     0.999936   0.00145396  0.000141367 
        24.5      95.1206     0.999937   0.00145382  0.000141707 
        24.5      95.5198     0.999938   0.00145368  0.000142053 
        24.5      95.9199     0.999939   0.00145354  0.000142403 
        24.5      96.3208      0.99994    0.0014534  0.000142758 
        24.5      96.7226     0.999941   0.00145326  0.000143118 
        24.5      97.1251     0.999942   0.00145312  0.000143483 
        24.5      97.5286     0.999943   0.00145297  0.000143851 
        24.5      97.9328     0.999944   0.00145283  0.000144224 
        24.5      98.3379     0.999945   0.00145268  0.000144601 
        24.5      98.7439     0.999946   0.00145254  0.000144982 
        24.5      99.1506     0.999947   0.00145239  0.000145367 
        24.5      99.5583     0.999949   0.00145199  0.000146038 
        24.5      99.9667      0.99995   0.00145184  0.000146504 
        24.5      100.376      0.99995   0.00145169  0.000146976 
        24.5      100.786     0.999951   0.00145154  0.000147452 
        24.5      101.197     0.999952   0.00145139  0.000147933 
        24.5      101.609     0.999953   0.00145125  0.000148419 
        24.5      102.021     0.999954    0.0014511  0.000148909 
        24.5      102.435     0.999955   0.00145095  0.000149405 
        24.5      102.849     0.999955   0.00145081  0.000149905 
        24.5      103.264     0.999956   0.00145067  0.000150409 
        24.5       103.68     0.999957   0.00145052  0.000150919 
        24.5      104.097     0.999958   0.00145038  0.000151433 
        24.5      104.515     0.999959   0.00145024  0.000151953 
        24.5      104.933      0.99996    0.0014501  0.000152477 
        24.5      105.353     0.999961   0.00144996  0.000153005 
        24.5      105.773     0.999961   0.00144982  0.000153539 
        24.5      106.194     0.999962   0.00144968  0.000154077 
        24.5      106.616     0.999963   0.00144954  0.000154621 
        24.5      107.038     0.999964    0.0014494  0.000155169 
        24.5      107.462     0.999965   0.00144926  0.000155721 
        24.5      107.886     0.999966   0.00144913  0.000156279 
        24.5      108.311     0.999967   0.00144899  0.000156842 
        24.5      108.737     0.999968   0.00144885  0.000157409 
        24.5      109.164     0.999969   0.00144871  0.000157981 
        24.5      109.592      0.99997   0.00144858  0.000158559 
        24.5       110.02     0.999971   0.00144844   0.00015914 
        24.5       110.45     0.999971    0.0014483  0.000159727 
        24.5       110.88     0.999972   0.00144816  0.000160319 
        24.5      111.311     0.999973   0.00144802  0.000160915 
        24.5      111.743     0.999974   0.00144788  0.000161517 
        24.5      112.175     0.999975   0.00144775  0.000162123 
        24.5      112.609     0.999976   0.00144761  0.000162734 
        24.5      113.043     0.999977   0.00144747   0.00016335 
        24.5      113.478     0.999978   0.00144733  0.000163971 
        24.5      113.914     0.999979   0.00144718  0.000164597 
        24.5      114.351      0.99998   0.00144704  0.000165227 
        24.5      114.789     0.999981    0.0014469  0.000165863 
        24.5      115.228     0.999982   0.00144675  0.000166503 
        24.5      115.667     0.999983   0.00144661  0.000167149 
        24.5      116.107     0.999984   0.00144646  0.000167799 
        24.5      116.548     0.999985   0.00144632  0.000168454 
        24.5       116.99     0.999986   0.00144617  0.000169114 
        24.5      117.433     0.999987   0.00144602  0.000169778 
        24.5      117.876     0.999988   0.00144587  0.000170448 
        24.5      118.321     0.999988   0.00144571  0.000171123 
        24.5      118.766     0.999989   0.00144556  0.000171802 
        24.5      119.212      0.99999    0.0014454  0.000172486 
        24.5      119.659     0.999991   0.00144525  0.000173175 
        24.5      120.107     0.999992   0.00144509  0.000173869 
        24.5      120.555     0.999993   0.00144493  0.000174568 
        24.5      121.005     0.999994   0.00144476  0.000175272 
        24.5      121.455     0.999995    0.0014446  0.000175981 
        24.5      121.906     0.999996   0.00144443  0.000176694 
        24.5      122.358     0.999997   0.00144426  0.000177413 
        24.5      122.811     0.999998   0.00144409  0.000178136 
        24.5      123.264     0.999999   0.00144392  0.000178864 
        24.5      123.719            1   0.00144374  0.000179597 
        24.5      124.174            1   0.00144356  0.000180335 
        24.5       124.63            1   0.00144338  0.000181078 
        24.5      125.087            1    0.0014432  0.000181826 
        24.5      125.545            1   0.00144301  0.000182578 
        24.5      126.003            1   0.00144282  0.000183335 
        24.5      126.463      1.00001   0.00144263  0.000184097 
        24.5      126.923      1.00001   0.00144243  0.000184864 
        24.5      127.384      1.00001   0.00144223  0.000185636 
        24.5      127.846      1.00001   0.00144203  0.000186413 
        24.5      128.309      1.00001   0.00144182  0.000187194 
        24.5      128.773      1.00001   0.00144161  0.000187981 
        24.5      129.237      1.00001    0.0014414  0.000188772 
        24.5      129.702      1.00001   0.00144118  0.000189568 
        24.5      130.169      1.00001   0.00144096  0.000190368 
        24.5      130.636      1.00001   0.00144073  0.000191174 
        24.5      131.103      1.00001   0.00144051  0.000191984 
        24.5      131.572      1.00002   0.00144027  0.000192799 
        24.5      132.041      1.00002   0.00144004  0.000193619 
        24.5      132.512      1.00002   0.00143979  0.000194444 
        24.5      132.983      1.00002   0.00143955  0.000195273 
        24.5      133.455      1.00002    0.0014393  0.000196108 
        24.5      133.928      1.00002   0.00143904  0.000196946 
        24.5      134.401      1.00002   0.00143878   0.00019779 
        24.5      134.876      1.00002   0.00143852  0.000198639 
        24.5      135.351      1.00002   0.00143825  0.000199492 
        24.5      135.827      1.00002   0.00143797   0.00020035 
        24.5      136.304      1.00002   0.00143769  0.000201212 
        24.5      136.782      1.00002   0.00143741  0.000202079 
        24.5      137.261      1.00002   0.00143712  0.000202951 
        24.5       137.74      1.00003   0.00143682  0.000203828 
        24.5      138.221      1.00003   0.00143582  0.000204539 
        24.5      138.702      1.00003   0.00143564  0.000205452 
        24.5      139.184      1.00003   0.00143546  0.000206369 
        24.5      139.667      1.00003   0.00143527  0.000207291 
        24.5      140.151      1.00003   0.00143508  0.000208218 
        24.5      140.635      1.00003   0.00143488   0.00020915 
        24.5       141.12      1.00003   0.00143469  0.000210087 
        24.5      141.607      1.00003   0.00143449  0.000211028 
        24.5      142.094      1.00003   0.00143429  0.000211974 
        24.5      142.582      1.00003   0.00143408  0.000212924 
        24.5       143.07      1.00003   0.00143387  0.000213879 
        24.5       143.56      1.00003   0.00143366  0.000214839 
        24.5       144.05      1.00003   0.00143345  0.000215803 
        24.5      144.541      1.00003   0.00143323  0.000216771 
        24.5      145.033      1.00003   0.00143301  0.000217744 
        24.5      145.526      1.00003   0.00143278  0.000218722 
        24.5       146.02      1.00003   0.00143256  0.000219704 
        24.5      146.515      1.00003   0.00143233   0.00022069 
        24.5       147.01      1.00003   0.00143209  0.000221681 
        24.5      147.506      1.00003   0.00143186  0.000222676 
        24.5      148.003      1.00003   0.00143162  0.000223675 
        24.5      148.501      1.00003   0.00143137  0.000224679 
        24.5          149      1.00003   0.00143113  0.000225686 
        24.5        149.5      1.00003   0.00143088  0.000226698 
        24.5          150      1.00003   0.00143063  0.000227714 
