Variables = x, y, u, v, p

Zone, I=600, F=POINT
        65.5            0  9.64961e-06   1.7715e-07  -0.00156247 
        65.5     0.000418  0.000268007  1.72667e-07  -0.00156247 
        65.5     0.001672   0.00104313  1.68619e-07  -0.00156246 
        65.5     0.003763   0.00233578  1.93191e-07  -0.00156244 
        65.5     0.006689   0.00414495   2.9317e-07  -0.00156242 
        65.5     0.010451   0.00647157  5.33795e-07   -0.0015624 
        65.5      0.01505   0.00931663  9.98569e-07  -0.00156236 
        65.5     0.020485    0.0126799  1.78863e-06  -0.00156232 
        65.5     0.026756    0.0165618  3.02247e-06  -0.00156227 
        65.5     0.033863    0.0209627  4.83538e-06  -0.00156221 
        65.5     0.041806    0.0258828  7.37884e-06  -0.00156215 
        65.5     0.050585    0.0313225  1.08198e-05  -0.00156207 
        65.5     0.060201    0.0372822  1.53403e-05  -0.00156199 
        65.5     0.070652    0.0437607   2.1135e-05  -0.00156189 
        65.5      0.08194    0.0507586  2.84133e-05  -0.00156179 
        65.5     0.094063     0.058274  3.73941e-05  -0.00156168 
        65.5     0.107023    0.0663068  4.83099e-05  -0.00156156 
        65.5     0.120819    0.0748546  6.14004e-05  -0.00156143 
        65.5     0.135451    0.0839153  7.69145e-05   -0.0015613 
        65.5     0.150919    0.0934858  9.51078e-05  -0.00156116 
        65.5     0.167224     0.103563  0.000116243  -0.00156102 
        65.5     0.184364     0.114141  0.000140583  -0.00156089 
        65.5     0.202341     0.125217  0.000168397  -0.00156076 
        65.5     0.221153     0.136781  0.000199951  -0.00156064 
        65.5     0.240802     0.148827  0.000235516  -0.00156054 
        65.5     0.261287     0.161188  0.000273491  -0.00156036 
        65.5     0.282608      0.17426  0.000318416  -0.00155995 
        65.5     0.304765      0.18772  0.000367412  -0.00155958 
        65.5     0.327758     0.201551  0.000420497  -0.00155922 
        65.5     0.351588     0.215739  0.000477646  -0.00155889 
        65.5     0.376253     0.230262  0.000538773  -0.00155857 
        65.5     0.401755     0.245103  0.000603749  -0.00155825 
        65.5     0.428092     0.260241  0.000672369  -0.00155792 
        65.5     0.455266     0.275654  0.000744372  -0.00155756 
        65.5     0.483276     0.291321  0.000819415  -0.00155717 
        65.5     0.512122     0.307218  0.000897078  -0.00155671 
        65.5     0.541805     0.323319  0.000976854  -0.00155617 
        65.5     0.572323     0.339597   0.00105814  -0.00155552 
        65.5     0.603677     0.356025   0.00114024  -0.00155472 
        65.5     0.635868     0.372574   0.00122234  -0.00155375 
        65.5     0.668894     0.389213   0.00130352  -0.00155257 
        65.5     0.702757     0.405911   0.00138275  -0.00155113 
        65.5     0.737456     0.422632   0.00145885  -0.00154939 
        65.5     0.772991     0.439897   0.00154216  -0.00154842 
        65.5     0.809362     0.456911   0.00161403   -0.0015466 
        65.5      0.84657      0.47418   0.00168711  -0.00154466 
        65.5     0.884613     0.491684   0.00176136  -0.00154259 
        65.5     0.923492     0.509401   0.00183675  -0.00154039 
        65.5     0.963208     0.527308   0.00191322  -0.00153803 
        65.5      1.00376      0.54538   0.00199074  -0.00153551 
        65.5      1.04515      0.56359   0.00206925   -0.0015328 
        65.5      1.08737     0.581909   0.00214871   -0.0015299 
        65.5      1.13043     0.600306   0.00222905  -0.00152679 
        65.5      1.17433     0.618747   0.00231024  -0.00152344 
        65.5      1.21906     0.637198    0.0023922  -0.00151984 
        65.5      1.26463      0.65562   0.00247489  -0.00151597 
        65.5      1.31103     0.673973   0.00255822   -0.0015118 
        65.5      1.35827     0.692215   0.00264216  -0.00150732 
        65.5      1.40635     0.710301   0.00272661  -0.00150249 
        65.5      1.45526     0.728181   0.00281151  -0.00149728 
        65.5      1.50501     0.745806   0.00289679  -0.00149169 
        65.5       1.5556     0.763121   0.00298236  -0.00148566 
        65.5      1.60702     0.780069   0.00306815  -0.00147917 
        65.5      1.65928     0.796592   0.00315408  -0.00147219 
        65.5      1.71237     0.812625   0.00324005  -0.00146468 
        65.5       1.7663     0.827814   0.00330926  -0.00145459 
        65.5      1.82106     0.842301   0.00338971  -0.00144709 
        65.5      1.87667     0.856123   0.00346679  -0.00143919 
        65.5      1.93311     0.869269   0.00354045  -0.00143088 
        65.5      1.99038     0.881729   0.00361061  -0.00142217 
        65.5      2.04849     0.893498   0.00367722  -0.00141307 
        65.5      2.10744     0.904571   0.00374026  -0.00140357 
        65.5      2.16722     0.914946   0.00379967  -0.00139368 
        65.5      2.22784     0.924623   0.00385546   -0.0013834 
        65.5      2.28929     0.933605   0.00390761  -0.00137275 
        65.5      2.35158     0.941898   0.00395612  -0.00136174 
        65.5      2.41471      0.94951   0.00400102  -0.00135036 
        65.5      2.47867     0.956453   0.00404234  -0.00133864 
        65.5      2.54347     0.962741   0.00408012  -0.00132658 
        65.5      2.60911     0.968391   0.00411442  -0.00131421 
        65.5      2.67558     0.973425   0.00414533  -0.00130154 
        65.5      2.74288     0.977865   0.00417292  -0.00128858 
        65.5      2.81103      0.98174   0.00419731  -0.00127535 
        65.5      2.88001      0.98508   0.00421862  -0.00126188 
        65.5      2.94983      0.98792   0.00423698  -0.00124819 
        65.5      3.02048     0.990299   0.00425256   -0.0012343 
        65.5      3.09197     0.992259   0.00426554  -0.00122024 
        65.5      3.16429     0.993846    0.0042761  -0.00120604 
        65.5      3.23745     0.995112   0.00428447  -0.00119173 
        65.5      3.31145     0.996111   0.00429087  -0.00117734 
        65.5      3.38628     0.996903   0.00429556  -0.00116291 
        65.5      3.46195     0.997552   0.00429882  -0.00114847 
        65.5      3.53845     0.998126   0.00430095  -0.00113407 
        65.5      3.61579       0.9987   0.00430227  -0.00111974 
        65.5      3.69397     0.999351   0.00430311  -0.00110552 
        65.5      3.77298     0.999867   0.00430945  -0.00109168 
        65.5      3.85283     0.999991   0.00430789  -0.00107575 
        65.5      3.93352       1.0001   0.00430616  -0.00105982 
        65.5      4.01504       1.0002   0.00430425  -0.00104389 
        65.5       4.0974      1.00028   0.00430215  -0.00102796 
        65.5      4.18059      1.00034   0.00429988  -0.00101203 
        65.5      4.26462       1.0004   0.00429743   -0.0009961 
        65.5      4.34949      1.00044    0.0042948 -0.000980161 
        65.5      4.43519      1.00047   0.00429199 -0.000964212 
        65.5      4.52173      1.00049   0.00428899 -0.000948249 
        65.5       4.6091       1.0005   0.00428582 -0.000932267 
        65.5      4.69731       1.0005   0.00428246 -0.000916262 
        65.5      4.78636      1.00049   0.00427892 -0.000900228 
        65.5      4.87624      1.00048   0.00427521  -0.00088416 
        65.5      4.96696      1.00046   0.00427131 -0.000868052 
        65.5      5.05851      1.00044   0.00426724 -0.000851897 
        65.5       5.1509      1.00042   0.00426256 -0.000835139 
        65.5      5.24413       1.0004   0.00425816  -0.00081865 
        65.5       5.3382      1.00037   0.00425361 -0.000802117 
        65.5      5.43309      1.00035   0.00424889 -0.000785545 
        65.5      5.52883      1.00033   0.00424402 -0.000768938 
        65.5       5.6254      1.00032   0.00423901   -0.0007523 
        65.5      5.72281      1.00031   0.00423411 -0.000735678 
        65.5      5.82105      1.00029   0.00422874 -0.000719013 
        65.5      5.92013      1.00028   0.00422319 -0.000702314 
        65.5      6.02005      1.00026   0.00421758 -0.000685651 
        65.5       6.1208      1.00025   0.00421181 -0.000668904 
        65.5      6.22239      1.00023   0.00420586 -0.000652141 
        65.5      6.32482      1.00021   0.00419976 -0.000635368 
        65.5      6.42808       1.0002   0.00419349 -0.000618588 
        65.5      6.53217      1.00018   0.00418706 -0.000601804 
        65.5      6.63711      1.00017   0.00418046  -0.00058502 
        65.5      6.74287      1.00015    0.0041737 -0.000568241 
        65.5      6.84948      1.00014   0.00416677  -0.00055147 
        65.5      6.95692      1.00012   0.00415969 -0.000534712 
        65.5       7.0652       1.0001   0.00415243 -0.000517971 
        65.5      7.17431      1.00009   0.00414502 -0.000501251 
        65.5      7.28426      1.00007   0.00413744 -0.000484556 
        65.5      7.39505      1.00005    0.0041297 -0.000467891 
        65.5      7.50667      1.00004    0.0041218  -0.00045126 
        65.5      7.61913      1.00002   0.00411374 -0.000434668 
        65.5      7.73242            1   0.00410555 -0.000418115 
        65.5      7.84655     0.999988   0.00409716 -0.000401593 
        65.5      7.96152     0.999972   0.00408863 -0.000385118 
        65.5      8.07732     0.999957   0.00407993 -0.000368694 
        65.5      8.19396     0.999941   0.00407109 -0.000352324 
        65.5      8.31143     0.999926   0.00406209 -0.000336011 
        65.5      8.42974      0.99991   0.00405294 -0.000319758 
        65.5      8.54889     0.999895   0.00404365  -0.00030357 
        65.5      8.66887      0.99988    0.0040342 -0.000287449 
        65.5      8.78969     0.999864    0.0040246 -0.000271399 
        65.5      8.91135     0.999849   0.00401485 -0.000255423 
        65.5      9.03384     0.999834   0.00400495 -0.000239524 
        65.5      9.15717     0.999818   0.00399491 -0.000223706 
        65.5      9.28133     0.999803   0.00398472 -0.000207972 
        65.5      9.40633     0.999788   0.00397439 -0.000192325 
        65.5      9.53216     0.999773   0.00396391  -0.00017677 
        65.5      9.65884     0.999758   0.00395329 -0.000161309 
        65.5      9.78634     0.999743   0.00394254 -0.000145946 
        65.5      9.91469     0.999729   0.00393164 -0.000130684 
        65.5      10.0439     0.999714   0.00392061 -0.000115526 
        65.5      10.1739       0.9997   0.00390944 -0.000100477 
        65.5      10.3047     0.999686   0.00389835 -8.56055e-05 
        65.5      10.4364     0.999672   0.00388691 -7.07881e-05 
        65.5      10.5689     0.999658   0.00387534 -5.60763e-05 
        65.5      10.7023     0.999644   0.00386366 -4.14722e-05 
        65.5      10.8365      0.99963   0.00385186 -2.69785e-05 
        65.5      10.9715     0.999617   0.00383995 -1.25974e-05 
        65.5      11.1074     0.999603   0.00382794  1.66891e-06 
        65.5      11.2441      0.99959   0.00381583  1.58178e-05 
        65.5      11.3817     0.999576   0.00380362  2.98473e-05 
        65.5        11.52     0.999563   0.00379117  4.36609e-05 
        65.5      11.6592     0.999551    0.0037788  5.73494e-05 
        65.5      11.7993     0.999538   0.00376631  7.08888e-05 
        65.5      11.9402     0.999525    0.0037537  8.42793e-05 
        65.5      12.0819     0.999513   0.00374098  9.75216e-05 
        65.5      12.2245       0.9995   0.00372814  0.000110616 
        65.5      12.3679     0.999488   0.00371519  0.000123564 
        65.5      12.5121     0.999476   0.00370228  0.000136686 
        65.5      12.6572     0.999464   0.00368917  0.000149384 
        65.5      12.8031     0.999452   0.00367598  0.000161939 
        65.5      12.9498     0.999441   0.00366272  0.000174349 
        65.5      13.0974     0.999429   0.00364939  0.000186612 
        65.5      13.2458     0.999418   0.00363599  0.000198727 
        65.5       13.395     0.999407   0.00362252  0.000210694 
        65.5      13.5451     0.999396   0.00360898  0.000222509 
        65.5       13.696     0.999385   0.00359538  0.000234173 
        65.5      13.8478     0.999375   0.00358173  0.000245684 
        65.5      14.0004     0.999364   0.00356801  0.000257041 
        65.5      14.1538     0.999354   0.00355424  0.000268243 
        65.5      14.3081     0.999344   0.00354041  0.000279288 
        65.5      14.4632     0.999334   0.00352653  0.000290176 
        65.5      14.6191     0.999324   0.00351261  0.000300907 
        65.5      14.7759     0.999314   0.00349864  0.000311479 
        65.5      14.9335     0.999305   0.00348463  0.000321891 
        65.5      15.0919     0.999295   0.00347058  0.000332143 
        65.5      15.2512     0.999286    0.0034565  0.000342235 
        65.5      15.4113     0.999277   0.00344239  0.000352165 
        65.5      15.5723     0.999268   0.00342824  0.000361933 
        65.5      15.7341      0.99926   0.00341407   0.00037154 
        65.5      15.8967     0.999251   0.00339988  0.000380984 
        65.5      16.0602     0.999243   0.00338567  0.000390265 
        65.5      16.2245     0.999235   0.00337144  0.000399384 
        65.5      16.3896     0.999227   0.00335721   0.00040834 
        65.5      16.5556     0.999219   0.00334296  0.000417133 
        65.5      16.7224     0.999211   0.00332872  0.000425764 
        65.5        16.89     0.999204   0.00331447  0.000434232 
        65.5      17.0585     0.999196   0.00330023  0.000442537 
        65.5      17.2278     0.999189   0.00328575   0.00045075 
        65.5      17.3979     0.999182   0.00327151  0.000458783 
        65.5      17.5689     0.999175   0.00325727  0.000466644 
        65.5      17.7408     0.999169   0.00324302  0.000474335 
        65.5      17.9134     0.999162   0.00322878   0.00048186 
        65.5      18.0869     0.999156   0.00321452   0.00048922 
        65.5      18.2612      0.99915   0.00320027  0.000496418 
        65.5      18.4364     0.999144   0.00318602  0.000503456 
        65.5      18.6124     0.999138   0.00317176  0.000510338 
        65.5      18.7892     0.999132   0.00315755  0.000517466 
        65.5      18.9669     0.999126    0.0031434  0.000524034 
        65.5      19.1454     0.999121   0.00312926  0.000530461 
        65.5      19.3248     0.999116   0.00311515  0.000536748 
        65.5       19.505     0.999111   0.00310107  0.000542896 
        65.5       19.686     0.999106   0.00308701  0.000548903 
        65.5      19.8678     0.999101   0.00307298  0.000554772 
        65.5      20.0505     0.999096   0.00305898  0.000560502 
        65.5      20.2341     0.999092   0.00304501  0.000566093 
        65.5      20.4184     0.999088   0.00303108  0.000571546 
        65.5      20.6036     0.999083   0.00301718  0.000576862 
        65.5      20.7897     0.999079   0.00300332  0.000582041 
        65.5      20.9765     0.999075    0.0029895  0.000587085 
        65.5      21.1642     0.999072   0.00297572  0.000591993 
        65.5      21.3528     0.999068   0.00296198  0.000596767 
        65.5      21.5422     0.999065   0.00294829  0.000601408 
        65.5      21.7324     0.999061   0.00293465  0.000605916 
        65.5      21.9234     0.999058   0.00292106  0.000610293 
        65.5      22.1153     0.999055   0.00290752  0.000614539 
        65.5       22.308     0.999052   0.00289404  0.000618657 
        65.5      22.5016     0.999049   0.00288061  0.000622647 
        65.5       22.696     0.999047   0.00286723  0.000626511 
        65.5      22.8912     0.999044   0.00285392   0.00063025 
        65.5      23.0873     0.999042   0.00284067  0.000633866 
        65.5      23.2842     0.999039   0.00282749   0.00063736 
        65.5       23.482     0.999037   0.00281437  0.000640733 
        65.5      23.6805     0.999035   0.00280132  0.000643989 
        65.5        23.88     0.999033   0.00278835  0.000647128 
        65.5      24.0802     0.999031   0.00277544  0.000650152 
        65.5      24.2813      0.99903   0.00276261  0.000653064 
        65.5      24.4832     0.999028   0.00274986  0.000655866 
        65.5       24.686     0.999027    0.0027372  0.000658559 
        65.5      24.8896     0.999026   0.00272436  0.000660661 
        65.5       25.094     0.999025   0.00271172  0.000663279 
        65.5      25.2993     0.999023   0.00269917  0.000665778 
        65.5      25.5054     0.999022    0.0026867   0.00066816 
        65.5      25.7123     0.999021   0.00267432  0.000670424 
        65.5      25.9201     0.999021   0.00266201  0.000672572 
        65.5      26.1287      0.99902   0.00264979  0.000674605 
        65.5      26.3381     0.999019   0.00263764  0.000676525 
        65.5      26.5484     0.999019   0.00262557  0.000678332 
        65.5      26.7595     0.999018   0.00261358  0.000680028 
        65.5      26.9715     0.999018   0.00260166  0.000681615 
        65.5      27.1843     0.999018   0.00258981  0.000683093 
        65.5      27.3979     0.999018   0.00257804  0.000684465 
        65.5      27.6124     0.999018   0.00256633  0.000685731 
        65.5      27.8277     0.999018   0.00255469  0.000686894 
        65.5      28.0438     0.999019   0.00254311  0.000687955 
        65.5      28.2608     0.999019   0.00253159  0.000688916 
        65.5      28.4786     0.999019   0.00252013  0.000690509 
        65.5      28.6972      0.99902   0.00250883  0.000691323 
        65.5      28.9167      0.99902   0.00249761  0.000692068 
        65.5       29.137     0.999021   0.00248646  0.000692746 
        65.5      29.3582     0.999022   0.00247539  0.000693356 
        65.5      29.5802     0.999023    0.0024644  0.000693899 
        65.5       29.803     0.999024   0.00245348  0.000694377 
        65.5      30.0267     0.999025   0.00244265  0.000694788 
        65.5      30.2512     0.999026   0.00243189  0.000695135 
        65.5      30.4765     0.999027   0.00242121  0.000695418 
        65.5      30.7027     0.999028   0.00241061  0.000695637 
        65.5      30.9297     0.999029   0.00240009  0.000695793 
        65.5      31.1575     0.999031   0.00238965  0.000695887 
        65.5      31.3862     0.999032   0.00237929   0.00069592 
        65.5      31.6157     0.999034   0.00236901  0.000695893 
        65.5      31.8461     0.999035   0.00235881  0.000695806 
        65.5      32.0773     0.999037   0.00234869   0.00069566 
        65.5      32.3093     0.999039   0.00233865  0.000695457 
        65.5      32.5421     0.999041   0.00232869  0.000695197 
        65.5      32.7758     0.999042   0.00231881  0.000694881 
        65.5      33.0104     0.999044   0.00230901   0.00069451 
        65.5      33.2457     0.999046   0.00229929  0.000694086 
        65.5      33.4819     0.999048   0.00228965  0.000693609 
        65.5       33.719      0.99905    0.0022801   0.00069308 
        65.5      33.9568     0.999052   0.00227062  0.000692501 
        65.5      34.1956     0.999055   0.00226123  0.000691872 
        65.5      34.4351     0.999057   0.00225191  0.000691196 
        65.5      34.6755     0.999059   0.00224268  0.000690473 
        65.5      34.9167     0.999062   0.00223353  0.000689704 
        65.5      35.1588     0.999064   0.00222446  0.000688891 
        65.5      35.4017     0.999066   0.00221546  0.000688036 
        65.5      35.6454     0.999069   0.00220655  0.000687139 
        65.5      35.8899     0.999071   0.00219772  0.000686201 
        65.5      36.1354     0.999074   0.00218897  0.000685226 
        65.5      36.3816     0.999077    0.0021803  0.000684213 
        65.5      36.6287     0.999079    0.0021717  0.000683164 
        65.5      36.8766     0.999082   0.00216319  0.000682082 
        65.5      37.1253     0.999085   0.00215476  0.000680967 
        65.5      37.3749     0.999088    0.0021464  0.000679822 
        65.5      37.6253      0.99909   0.00213812  0.000678647 
        65.5      37.8766     0.999093   0.00212992  0.000677446 
        65.5      38.1287     0.999096    0.0021218  0.000676218 
        65.5      38.3816     0.999099   0.00211375  0.000674967 
        65.5      38.6353     0.999103   0.00210569  0.000673291 
        65.5      38.8899     0.999105    0.0020978  0.000672026 
        65.5      39.1454     0.999108      0.00209  0.000670721 
        65.5      39.4016     0.999112    0.0020823  0.000669377 
        65.5      39.6588     0.999115   0.00207468  0.000667994 
        65.5      39.9167     0.999118   0.00206687  0.000666509 
        65.5      40.1755     0.999121   0.00205936  0.000665034 
        65.5      40.4351     0.999124   0.00205192  0.000663537 
        65.5      40.6955     0.999127   0.00204455  0.000662017 
        65.5      40.9568     0.999131   0.00203725  0.000660475 
        65.5      41.2189     0.999134   0.00203002  0.000658911 
        65.5      41.4819     0.999137   0.00202285  0.000657327 
        65.5      41.7457     0.999141   0.00201575  0.000655721 
        65.5      42.0103     0.999144   0.00200872  0.000654096 
        65.5      42.2758     0.999148   0.00200176  0.000652452 
        65.5      42.5421     0.999151   0.00199486  0.000650789 
        65.5      42.8092     0.999154   0.00198803  0.000649107 
        65.5      43.0772     0.999158   0.00198127  0.000647408 
        65.5       43.346     0.999161   0.00197457  0.000645692 
        65.5      43.6157     0.999165   0.00196794   0.00064396 
        65.5      43.8862     0.999169   0.00196137  0.000642212 
        65.5      44.1575     0.999172   0.00195487  0.000640449 
        65.5      44.4296     0.999176   0.00194844  0.000638672 
        65.5      44.7026     0.999179   0.00194207  0.000636881 
        65.5      44.9765     0.999183   0.00193576  0.000635077 
        65.5      45.2511     0.999187   0.00192952  0.000633261 
        65.5      45.5266      0.99919   0.00192334  0.000631434 
        65.5       45.803     0.999194   0.00191723  0.000629595 
        65.5      46.0801     0.999198   0.00191118  0.000627747 
        65.5      46.3581     0.999201   0.00190519   0.00062589 
        65.5       46.637     0.999205   0.00189926  0.000624024 
        65.5      46.9167     0.999209    0.0018934   0.00062215 
        65.5      47.1972     0.999212    0.0018876   0.00062027 
        65.5      47.4785     0.999216   0.00188185  0.000618384 
        65.5      47.7607      0.99922   0.00187617  0.000616492 
        65.5      48.0438     0.999224   0.00187055  0.000614597 
        65.5      48.3276     0.999228   0.00186499  0.000612698 
        65.5      48.6123     0.999231   0.00185948  0.000610796 
        65.5      48.8979     0.999235   0.00185403  0.000608893 
        65.5      49.1842     0.999239   0.00184865  0.000606989 
        65.5      49.4714     0.999243   0.00184331  0.000605086 
        65.5      49.7595     0.999247   0.00183804  0.000603184 
        65.5      50.0484      0.99925   0.00183281  0.000601284 
        65.5      50.3381     0.999254   0.00182765  0.000599388 
        65.5      50.6286     0.999258   0.00182254  0.000597495 
        65.5        50.92     0.999262   0.00181748  0.000595608 
        65.5      51.2122     0.999266   0.00181247  0.000593727 
        65.5      51.5053     0.999269   0.00180751  0.000591854 
        65.5      51.7992     0.999273   0.00180261  0.000589989 
        65.5      52.0939     0.999277   0.00179775  0.000588134 
        65.5      52.3895     0.999281   0.00179295  0.000586289 
        65.5      52.6859     0.999285   0.00178901  0.000584296 
        65.5      52.9831     0.999289   0.00178418  0.000582333 
        65.5      53.2812     0.999293    0.0017794  0.000580385 
        65.5      53.5801     0.999297   0.00177468  0.000578448 
        65.5      53.8799       0.9993   0.00177002  0.000576525 
        65.5      54.1805     0.999304   0.00176542  0.000574613 
        65.5      54.4819     0.999308   0.00176088  0.000572712 
        65.5      54.7841     0.999312    0.0017564  0.000570821 
        65.5      55.0872     0.999316   0.00175197  0.000568941 
        65.5      55.3912      0.99932    0.0017476   0.00056707 
        65.5      55.6959     0.999324   0.00174328  0.000565208 
        65.5      56.0015     0.999328   0.00173903  0.000563355 
        65.5       56.308     0.999331   0.00173482  0.000561509 
        65.5      56.6152     0.999335   0.00173068   0.00055967 
        65.5      56.9233     0.999339   0.00172659  0.000557837 
        65.5      57.2323     0.999343   0.00172255   0.00055601 
        65.5      57.5421     0.999347   0.00171857  0.000554188 
        65.5      57.8527     0.999351   0.00171464   0.00055237 
        65.5      58.1641     0.999354   0.00171077  0.000550556 
        65.5      58.4764     0.999358   0.00170695  0.000548745 
        65.5      58.7896     0.999362   0.00170318  0.000546937 
        65.5      59.1035     0.999366   0.00169946  0.000545129 
        65.5      59.4183      0.99937   0.00169579  0.000543323 
        65.5      59.7339     0.999374   0.00169218  0.000541516 
        65.5      60.0504     0.999378   0.00168861  0.000539709 
        65.5      60.3677     0.999381    0.0016851    0.0005379 
        65.5      60.6859     0.999385   0.00168163  0.000536089 
        65.5      61.0048     0.999389   0.00167821  0.000534275 
        65.5      61.3247     0.999393   0.00167289   0.00053265 
        65.5      61.6453     0.999397    0.0016696  0.000530891 
        65.5      61.9668       0.9994   0.00166634  0.000529142 
        65.5      62.2891     0.999404   0.00166311  0.000527405 
        65.5      62.6123     0.999408    0.0016599   0.00052568 
        65.5      62.9363     0.999412   0.00165672  0.000523965 
        65.5      63.2611     0.999416   0.00165357  0.000522262 
        65.5      63.5868     0.999419   0.00165044  0.000520571 
        65.5      63.9133     0.999423   0.00164734  0.000518891 
        65.5      64.2406     0.999427   0.00164427  0.000517222 
        65.5      64.5688      0.99943   0.00164122  0.000515565 
        65.5      64.8978     0.999434   0.00163821   0.00051392 
        65.5      65.2277     0.999438   0.00163521  0.000512287 
        65.5      65.5583     0.999442   0.00163225  0.000510665 
        65.5      65.8899     0.999445   0.00162931  0.000509055 
        65.5      66.2222     0.999449    0.0016264  0.000507457 
        65.5      66.5554     0.999453   0.00162351   0.00050587 
        65.5      66.8894     0.999456   0.00162065  0.000504296 
        65.5      67.2243      0.99946   0.00161782  0.000502733 
        65.5        67.56     0.999464   0.00161501  0.000501183 
        65.5      67.8966     0.999467   0.00161223  0.000499644 
        65.5      68.2339     0.999471   0.00160948  0.000498118 
        65.5      68.5721     0.999475   0.00160675  0.000496604 
        65.5      68.9112     0.999478   0.00160405  0.000495102 
        65.5      69.2511     0.999482   0.00160137  0.000493612 
        65.5      69.5918     0.999485   0.00159872  0.000492134 
        65.5      69.9333     0.999489    0.0015961  0.000490669 
        65.5      70.2757     0.999492    0.0015935  0.000489215 
        65.5      70.6189     0.999496   0.00159093  0.000487775 
        65.5       70.963     0.999499   0.00158838  0.000486346 
        65.5      71.3079     0.999503   0.00158586   0.00048493 
        65.5      71.6536     0.999506   0.00158336  0.000483526 
        65.5      72.0002      0.99951   0.00158089  0.000482135 
        65.5      72.3476     0.999513   0.00157845  0.000480756 
        65.5      72.6959     0.999517   0.00157603   0.00047939 
        65.5      73.0449      0.99952   0.00157363  0.000478037 
        65.5      73.3949     0.999524   0.00157126  0.000476695 
        65.5      73.7456     0.999527   0.00156892  0.000475367 
        65.5      74.0972     0.999531    0.0015666  0.000474051 
        65.5      74.4496     0.999534    0.0015643  0.000472748 
        65.5      74.8029     0.999538   0.00156203  0.000471457 
        65.5       75.157     0.999541   0.00155978  0.000470179 
        65.5      75.5119     0.999544   0.00155756  0.000468914 
        65.5      75.8677     0.999548   0.00155536  0.000467661 
        65.5      76.2243     0.999551   0.00155318  0.000466421 
        65.5      76.5817     0.999554   0.00155103  0.000465194 
        65.5        76.94     0.999558    0.0015489  0.000463979 
        65.5      77.2991     0.999561    0.0015468  0.000462778 
        65.5      77.6591     0.999564   0.00154471  0.000461589 
        65.5      78.0198     0.999568   0.00154265  0.000460413 
        65.5      78.3815     0.999571   0.00154062   0.00045925 
        65.5      78.7439     0.999574    0.0015386  0.000458099 
        65.5      79.1072     0.999577   0.00153661  0.000456961 
        65.5      79.4714     0.999581   0.00153464  0.000455837 
        65.5      79.8363     0.999584   0.00153269  0.000454725 
        65.5      80.2021     0.999587   0.00153076  0.000453625 
        65.5      80.5688      0.99959   0.00152886  0.000452539 
        65.5      80.9362     0.999593   0.00152697  0.000451466 
        65.5      81.3045     0.999597   0.00152511  0.000450405 
        65.5      81.6737       0.9996   0.00152327  0.000449357 
        65.5      82.0437     0.999603   0.00152144  0.000448322 
        65.5      82.4145     0.999606   0.00151964    0.0004473 
        65.5      82.7861     0.999609   0.00151786  0.000446291 
        65.5      83.1586     0.999612    0.0015161  0.000445295 
        65.5       83.532     0.999615   0.00151435  0.000444311 
        65.5      83.9061     0.999618   0.00151263   0.00044334 
        65.5      84.2811     0.999621   0.00151092  0.000442382 
        65.5       84.657     0.999624   0.00150924  0.000441437 
        65.5      85.0336     0.999628   0.00150757  0.000440505 
        65.5      85.4111     0.999631   0.00150592  0.000439585 
        65.5      85.7895     0.999634   0.00150429  0.000438678 
        65.5      86.1687     0.999637   0.00150267  0.000437784 
        65.5      86.5487      0.99964   0.00150108  0.000436903 
        65.5      86.9295     0.999642    0.0014995  0.000436035 
        65.5      87.3112     0.999645   0.00149793  0.000435179 
        65.5      87.6937     0.999648   0.00149638  0.000434336 
        65.5      88.0771     0.999651   0.00149485  0.000433505 
        65.5      88.4613     0.999654   0.00149334  0.000432687 
        65.5      88.8463     0.999657   0.00149184  0.000431882 
        65.5      89.2322      0.99966   0.00149035  0.000431089 
        65.5      89.6189     0.999663   0.00148888  0.000430309 
        65.5      90.0064     0.999666   0.00148742  0.000429542 
        65.5      90.3948     0.999668   0.00148598  0.000428787 
        65.5       90.784     0.999671   0.00148455  0.000428044 
        65.5      91.1741     0.999674   0.00148313  0.000427314 
        65.5       91.565     0.999677   0.00148173  0.000426596 
        65.5      91.9567      0.99968   0.00148034  0.000425891 
        65.5      92.3492     0.999682   0.00147896  0.000425198 
        65.5      92.7426     0.999685   0.00147759  0.000424517 
        65.5      93.1369     0.999688   0.00147623  0.000423849 
        65.5      93.5319     0.999691   0.00147488  0.000423193 
        65.5      93.9278     0.999693   0.00147355  0.000422549 
        65.5      94.3246     0.999696   0.00147222  0.000421917 
        65.5      94.7221     0.999699   0.00147091  0.000421298 
        65.5      95.1206     0.999701    0.0014696   0.00042069 
        65.5      95.5198     0.999704    0.0014683  0.000420094 
        65.5      95.9199     0.999707   0.00146701  0.000419511 
        65.5      96.3208     0.999709   0.00146573  0.000418939 
        65.5      96.7226     0.999712   0.00146445  0.000418379 
        65.5      97.1251     0.999714   0.00146318  0.000417831 
        65.5      97.5286     0.999717   0.00146192  0.000417295 
        65.5      97.9328      0.99972   0.00146066   0.00041677 
        65.5      98.3379     0.999722   0.00145941  0.000416257 
        65.5      98.7439     0.999725   0.00145816  0.000415756 
        65.5      99.1506     0.999727   0.00145692  0.000415266 
        65.5      99.5583      0.99973   0.00145568  0.000414788 
        65.5      99.9667     0.999732   0.00145445   0.00041432 
        65.5      100.376     0.999735   0.00145322  0.000413865 
        65.5      100.786     0.999737   0.00145199   0.00041342 
        65.5      101.197     0.999739   0.00145099  0.000413676 
        65.5      101.609     0.999741   0.00144989  0.000413454 
        65.5      102.021     0.999743    0.0014488   0.00041326 
        65.5      102.435     0.999745   0.00144771  0.000413092 
        65.5      102.849     0.999747   0.00144663  0.000412952 
        65.5      103.264     0.999744   0.00144538  0.000411496 
        65.5       103.68     0.999747   0.00144421  0.000411179 
        65.5      104.097     0.999693   0.00144251  0.000410621 
        65.5      104.515       0.9997   0.00144145  0.000410356 
        65.5      104.933     0.999707   0.00144039    0.0004101 
        65.5      105.353     0.999715   0.00143934  0.000409855 
        65.5      105.773     0.999721    0.0014383  0.000409621 
        65.5      106.194     0.999728   0.00143726  0.000409397 
        65.5      106.616     0.999734   0.00143623  0.000409184 
        65.5      107.038     0.999741    0.0014352  0.000408981 
        65.5      107.462     0.999747   0.00143418  0.000408789 
        65.5      107.886     0.999752   0.00143316  0.000408608 
        65.5      108.311     0.999758   0.00143215  0.000408437 
        65.5      108.737     0.999763   0.00143115  0.000408277 
        65.5      109.164     0.999769   0.00143015  0.000408127 
        65.5      109.592     0.999774   0.00142916  0.000407989 
        65.5       110.02     0.999779   0.00142817  0.000407861 
        65.5       110.45     0.999783   0.00142719  0.000407744 
        65.5       110.88     0.999788   0.00142621  0.000407638 
        65.5      111.311     0.999792   0.00142524  0.000407542 
        65.5      111.743     0.999796   0.00142427  0.000407458 
        65.5      112.175       0.9998   0.00142331  0.000407384 
        65.5      112.609     0.999804   0.00142235  0.000407322 
        65.5      113.043     0.999807    0.0014214   0.00040727 
        65.5      113.478     0.999811   0.00142046  0.000407229 
        65.5      113.914     0.999814   0.00141951    0.0004072 
        65.5      114.351     0.999817   0.00141858  0.000407181 
        65.5      114.789      0.99982   0.00141764  0.000407173 
        65.5      115.228     0.999823   0.00141672  0.000407177 
        65.5      115.667     0.999826   0.00141579  0.000407191 
        65.5      116.107     0.999828   0.00141487  0.000407217 
        65.5      116.548     0.999831   0.00141396  0.000407254 
        65.5       116.99     0.999833   0.00141305  0.000407302 
        65.5      117.433     0.999835   0.00141214  0.000407361 
        65.5      117.876     0.999837   0.00141124  0.000407431 
        65.5      118.321     0.999839   0.00141034  0.000407513 
        65.5      118.766     0.999841   0.00140944  0.000407606 
        65.5      119.212     0.999843   0.00140855   0.00040771 
        65.5      119.659     0.999844   0.00140766  0.000407825 
        65.5      120.107     0.999846   0.00140678  0.000407952 
        65.5      120.555     0.999847    0.0014059   0.00040809 
        65.5      121.005     0.999848   0.00140502  0.000408239 
        65.5      121.455      0.99985   0.00140414    0.0004084 
        65.5      121.906     0.999851   0.00140327  0.000408572 
        65.5      122.358     0.999852    0.0014024  0.000408756 
        65.5      122.811     0.999853   0.00140154   0.00040895 
        65.5      123.264     0.999854   0.00140067  0.000409157 
        65.5      123.719     0.999854   0.00139981  0.000409374 
        65.5      124.174     0.999855   0.00139896  0.000409604 
        65.5       124.63     0.999856    0.0013981  0.000409844 
        65.5      125.087     0.999857   0.00139725  0.000410097 
        65.5      125.545     0.999857    0.0013964   0.00041036 
        65.5      126.003     0.999858   0.00139555  0.000410635 
        65.5      126.463     0.999858    0.0013947  0.000410922 
        65.5      126.923     0.999859   0.00139386   0.00041122 
        65.5      127.384     0.999859   0.00139302   0.00041153 
        65.5      127.846      0.99986   0.00139217  0.000411852 
        65.5      128.309      0.99986   0.00139133  0.000412185 
        65.5      128.773     0.999861    0.0013905  0.000412529 
        65.5      129.237     0.999861   0.00138966  0.000412886 
        65.5      129.702     0.999862   0.00138882  0.000413253 
        65.5      130.169     0.999862   0.00138799  0.000413633 
        65.5      130.636     0.999863   0.00138715  0.000414024 
        65.5      131.103     0.999863   0.00138632  0.000414427 
        65.5      131.572     0.999864   0.00138549  0.000414841 
        65.5      132.041     0.999864   0.00138466  0.000415267 
        65.5      132.512     0.999865   0.00138382  0.000415705 
        65.5      132.983     0.999866   0.00138299  0.000416154 
        65.5      133.455     0.999866   0.00138216  0.000416615 
        65.5      133.928     0.999867   0.00138133  0.000417088 
        65.5      134.401     0.999868    0.0013805  0.000417573 
        65.5      134.876     0.999869   0.00137966  0.000418069 
        65.5      135.351      0.99987   0.00137883  0.000418577 
        65.5      135.827     0.999871     0.001378  0.000419096 
        65.5      136.304     0.999872   0.00137716  0.000419628 
        65.5      136.782     0.999873   0.00137633  0.000420171 
        65.5      137.261     0.999874   0.00137549  0.000420726 
        65.5       137.74     0.999876   0.00137465  0.000421292 
        65.5      138.221     0.999877   0.00137381   0.00042187 
        65.5      138.702     0.999879   0.00137297   0.00042246 
        65.5      139.184     0.999881   0.00137213  0.000423062 
        65.5      139.667     0.999883   0.00137129  0.000423676 
        65.5      140.151     0.999885   0.00137044  0.000424301 
        65.5      140.635     0.999887   0.00136959  0.000424938 
        65.5       141.12      0.99989   0.00136874  0.000425587 
        65.5      141.607     0.999892   0.00136789  0.000426247 
        65.5      142.094     0.999895   0.00136703   0.00042692 
        65.5      142.582     0.999898   0.00136617  0.000427604 
        65.5       143.07     0.999901   0.00136531    0.0004283 
        65.5       143.56     0.999904   0.00136444  0.000429007 
        65.5       144.05     0.999908   0.00136357  0.000429726 
        65.5      144.541     0.999911    0.0013627  0.000430457 
        65.5      145.033     0.999915   0.00136182    0.0004312 
        65.5      145.526     0.999919   0.00136094  0.000431954 
        65.5       146.02     0.999924   0.00136006  0.000432721 
        65.5      146.515     0.999928   0.00135917  0.000433499 
        65.5       147.01     0.999933   0.00135828  0.000434288 
        65.5      147.506     0.999938   0.00135738  0.000435089 
        65.5      148.003     0.999944   0.00135647  0.000435903 
        65.5      148.501     0.999949   0.00135557  0.000436727 
        65.5          149     0.999955   0.00135465  0.000437564 
        65.5        149.5     0.999961   0.00135373  0.000438412 
        65.5          150     0.999968   0.00135281  0.000439271 
