Variables = x, y, u, v, p

Zone, I=600, F=POINT
        16.5         -1.5  1.37621e-05 -1.37791e-06  0.000271428 
        16.5     -1.49958 -5.35561e-05 -1.36355e-06   0.00027143 
        16.5     -1.49831 -0.000255371 -1.31614e-06  0.000271436 
        16.5      -1.4962 -0.000590627 -1.22289e-06  0.000271445 
        16.5     -1.49324  -0.00105798 -1.06252e-06  0.000271458 
        16.5     -1.48944  -0.00165519 -8.05683e-07  0.000271475 
        16.5      -1.4848  -0.00237969 -4.15056e-07  0.000271495 
        16.5     -1.47931  -0.00322804  1.53993e-07  0.000271518 
        16.5     -1.47298  -0.00419632  9.53093e-07  0.000271544 
        16.5      -1.4658  -0.00528015  2.04039e-06  0.000271573 
        16.5     -1.45778  -0.00647439  3.47964e-06  0.000271605 
        16.5     -1.44891  -0.00777313  5.33928e-06  0.000271639 
        16.5      -1.4392  -0.00917011  7.69221e-06  0.000271675 
        16.5     -1.42864    -0.010658  1.06137e-05  0.000271713 
        16.5     -1.41724   -0.0122297  1.41823e-05  0.000271752 
        16.5       -1.405   -0.0138764  1.84763e-05  0.000271792 
        16.5     -1.39191   -0.0155893  2.35742e-05  0.000271833 
        16.5     -1.37797   -0.0173589   2.9553e-05  0.000271874 
        16.5     -1.36319   -0.0191748  3.64869e-05  0.000271914 
        16.5     -1.34757    -0.021026  4.44446e-05  0.000271953 
        16.5      -1.3311   -0.0229008  5.34894e-05  0.000271991 
        16.5     -1.31379   -0.0247869  6.36772e-05  0.000272027 
        16.5     -1.29564   -0.0266711  7.50535e-05   0.00027206 
        16.5     -1.27663   -0.0285398  8.76534e-05   0.00027209 
        16.5     -1.25679   -0.0303783  0.000101498  0.000272116 
        16.5      -1.2361   -0.0321713  0.000116592  0.000272137 
        16.5     -1.21457   -0.0339029  0.000132926  0.000272153 
        16.5     -1.19219   -0.0355561  0.000150467  0.000272163 
        16.5     -1.16896   -0.0371133  0.000169161  0.000272167 
        16.5      -1.1449   -0.0385562  0.000188932  0.000272162 
        16.5     -1.11998   -0.0398654  0.000209674   0.00027215 
        16.5     -1.09423   -0.0410208  0.000231253  0.000272128 
        16.5     -1.06763   -0.0420016  0.000253503  0.000272096 
        16.5     -1.04018   -0.0427858  0.000276222  0.000272053 
        16.5     -1.01189   -0.0433509  0.000299171  0.000271998 
        16.5    -0.982756   -0.0436731  0.000322071  0.000271929 
        16.5    -0.952777   -0.0437279  0.000344596  0.000271848 
        16.5    -0.921954   -0.0434898  0.000366377  0.000271751 
        16.5    -0.890286   -0.0429324  0.000386994  0.000271638 
        16.5    -0.857774   -0.0420282  0.000405971  0.000271508 
        16.5    -0.824417   -0.0407487  0.000422779   0.00027136 
        16.5    -0.790215   -0.0390644  0.000436826  0.000271192 
        16.5    -0.755169   -0.0369448  0.000447456  0.000271005 
        16.5    -0.719279   -0.0343873  0.000456793  0.000270855 
        16.5    -0.682544   -0.0313249  0.000460947  0.000270671 
        16.5    -0.644965   -0.0277421  0.000460306  0.000270482 
        16.5    -0.606541   -0.0236034  0.000454329   0.00027029 
        16.5    -0.567273   -0.0188726  0.000442438  0.000270097 
        16.5     -0.52716   -0.0135118   0.00042402  0.000269907 
        16.5    -0.486203  -0.00748199  0.000398421  0.000269722 
        16.5    -0.444401  -0.00074254  0.000364948  0.000269547 
        16.5    -0.401755   0.00674832  0.000322867  0.000269385 
        16.5    -0.358264    0.0150342  0.000271398  0.000269241 
        16.5    -0.313929    0.0241829  0.000210812  0.000269125 
        16.5    -0.268749    0.0342346   0.00013981  0.000269042 
        16.5    -0.222725     0.045255  5.81546e-05  0.000268993 
        16.5    -0.175857    0.0573083  -3.4192e-05  0.000268996 
        16.5    -0.128143    0.0704622 -0.000137228  0.000269066 
        16.5    -0.079586    0.0847865 -0.000250895  0.000269225 
        16.5    -0.030184     0.100355 -0.000375099  0.000269492 
        16.5     0.020063     0.117242 -0.000509107   0.00026996 
        16.5     0.071154      0.13551 -0.000650947   0.00027067 
        16.5     0.123089     0.155224 -0.000801577  0.000268638 
        16.5     0.175869     0.176403 -0.000956432  0.000268692 
        16.5     0.229494     0.199064  -0.00111048  0.000276141 
        16.5     0.283962      0.22318  -0.00125868   0.00027845 
        16.5     0.339276     0.248848  -0.00141339  0.000273187 
        16.5     0.395434     0.275873  -0.00156769  0.000270761 
        16.5     0.452436     0.304109  -0.00171987  0.000270636 
        16.5     0.510283     0.333393  -0.00186808  0.000272219 
        16.5     0.568974     0.363545   -0.0020103  0.000274857 
        16.5      0.62851     0.394367  -0.00214438  0.000277834 
        16.5      0.68889     0.425644    -0.002268  0.000280369 
        16.5     0.750115      0.45697  -0.00237135  0.000282579 
        16.5     0.812184     0.488912  -0.00248246   0.00028333 
        16.5     0.875098     0.520585   -0.0025891  0.000284527 
        16.5     0.938856     0.551906  -0.00269097  0.000286158 
        16.5      1.00346     0.582789  -0.00278773  0.000288212 
        16.5      1.06891      0.61314  -0.00287905  0.000290673 
        16.5       1.1352     0.642861  -0.00296456  0.000293524 
        16.5      1.20233     0.671849  -0.00304392  0.000296745 
        16.5      1.27031     0.699996  -0.00311676  0.000300315 
        16.5      1.33914     0.727189  -0.00318268  0.000304208 
        16.5      1.40881     0.753308  -0.00324131  0.000308399 
        16.5      1.47932     0.778227  -0.00329224  0.000312858 
        16.5      1.55068     0.801814  -0.00333505  0.000317552 
        16.5      1.62288     0.823933  -0.00336932  0.000322447 
        16.5      1.69593      0.84444  -0.00339461  0.000327505 
        16.5      1.76982     0.864628  -0.00343083  0.000335128 
        16.5      1.84456     0.881646  -0.00344403  0.000343438 
        16.5      1.92014     0.897283  -0.00345366  0.000351521 
        16.5      1.99657     0.911564  -0.00345981  0.000359392 
        16.5      2.07384      0.92452  -0.00346261  0.000367067 
        16.5      2.15195     0.936187  -0.00346218  0.000374565 
        16.5      2.23091     0.946604  -0.00345867  0.000381905 
        16.5      2.31071     0.955818  -0.00345224  0.000389108 
        16.5      2.39136      0.96388  -0.00344305  0.000396197 
        16.5      2.47285     0.970845  -0.00343131  0.000403199 
        16.5      2.55519     0.976775  -0.00341721  0.000410138 
        16.5      2.63837     0.981739  -0.00340098  0.000417045 
        16.5       2.7224      0.98581  -0.00338286   0.00042395 
        16.5      2.80727     0.989067  -0.00336311  0.000430885 
        16.5      2.89298     0.991597  -0.00334201  0.000437887 
        16.5      2.97954     0.993492  -0.00331985  0.000444991 
        16.5      3.06694      0.99485  -0.00329694  0.000452237 
        16.5      3.15519     0.995778  -0.00327362  0.000459667 
        16.5      3.24428     0.996387  -0.00325025  0.000467324 
        16.5      3.33422     0.996798  -0.00322719  0.000475254 
        16.5        3.425     0.997138  -0.00320485  0.000483507 
        16.5      3.51663      0.99754  -0.00318364  0.000492133 
        16.5       3.6091     0.998146    -0.003164  0.000501185 
        16.5      3.70241     0.999107  -0.00314639  0.000510721 
        16.5      3.79657     0.998569  -0.00311817   0.00051938 
        16.5      3.89158     0.998743  -0.00309189  0.000528394 
        16.5      3.98743     0.998876  -0.00306594  0.000536875 
        16.5      4.08412     0.998974   -0.0030403  0.000544865 
        16.5      4.18166     0.999044  -0.00301494  0.000552407 
        16.5      4.28004     0.999092  -0.00298981  0.000559545 
        16.5      4.37927     0.999084  -0.00296586  0.000567397 
        16.5      4.47933     0.999062  -0.00294367  0.000574749 
        16.5      4.58025     0.999033  -0.00292095  0.000582608 
        16.5      4.68201     0.999008  -0.00289727  0.000591093 
        16.5      4.78461     0.998997  -0.00287219  0.000600329 
        16.5      4.88806     0.998992  -0.00284861  0.000605223 
        16.5      4.99236      0.99897   -0.0028254   0.00061287 
        16.5      5.09749     0.998952   -0.0028018  0.000620412 
        16.5      5.20348     0.998939  -0.00277785  0.000627876 
        16.5       5.3103      0.99893  -0.00275362  0.000635287 
        16.5      5.41797     0.998924  -0.00272918  0.000642676 
        16.5      5.52649      0.99892  -0.00270461  0.000650072 
        16.5      5.63585     0.998918  -0.00267997  0.000657507 
        16.5      5.74605     0.998917  -0.00265535  0.000665013 
        16.5       5.8571     0.998911   -0.0026299  0.000672016 
        16.5        5.969     0.998909  -0.00260393  0.000679225 
        16.5      6.08174     0.998905  -0.00257827  0.000686303 
        16.5      6.19532     0.998899  -0.00255305  0.000693322 
        16.5      6.30974     0.998891   -0.0025284   0.00070036 
        16.5      6.42502     0.998881  -0.00250445  0.000707498 
        16.5      6.54113     0.998873  -0.00247989  0.000712587 
        16.5      6.65809     0.998867  -0.00245499  0.000719484 
        16.5       6.7759      0.99886   -0.0024301  0.000726351 
        16.5      6.89455     0.998854  -0.00240521  0.000733177 
        16.5      7.01404     0.998848  -0.00238031  0.000739954 
        16.5      7.13438     0.998842   -0.0023554  0.000746672 
        16.5      7.25556     0.998836  -0.00233048  0.000753321 
        16.5      7.37759      0.99883  -0.00230554   0.00075989 
        16.5      7.50046     0.998824  -0.00228057  0.000766369 
        16.5      7.62418     0.998819  -0.00225558  0.000772745 
        16.5      7.74874     0.998813  -0.00223056  0.000779008 
        16.5      7.87414     0.998807  -0.00220549  0.000785146 
        16.5      8.00039     0.998802  -0.00218038  0.000791146 
        16.5      8.12749     0.998796  -0.00215522  0.000796996 
        16.5      8.25542     0.998791  -0.00212999  0.000802682 
        16.5      8.38421     0.998786  -0.00210471  0.000808191 
        16.5      8.51384     0.998783  -0.00207977  0.000813529 
        16.5      8.64431     0.998778  -0.00205521  0.000819196 
        16.5      8.77562     0.998773  -0.00203057  0.000824772 
        16.5      8.90779     0.998768  -0.00200586  0.000830256 
        16.5      9.04079     0.998764  -0.00198108  0.000835648 
        16.5      9.17464     0.998759  -0.00195621  0.000840948 
        16.5      9.30933     0.998755  -0.00193128  0.000846153 
        16.5      9.44487      0.99875  -0.00190585  0.000851046 
        16.5      9.58126     0.998746  -0.00188111  0.000856094 
        16.5      9.71848     0.998742  -0.00185641  0.000861036 
        16.5      9.85656     0.998738  -0.00183174  0.000865874 
        16.5      9.99547     0.998734  -0.00180711  0.000870607 
        16.5      10.1352      0.99873  -0.00178252  0.000875235 
        16.5      10.2758     0.998726  -0.00175797  0.000879759 
        16.5      10.4173     0.998723  -0.00173346  0.000884179 
        16.5      10.5596     0.998719    -0.001709  0.000888496 
        16.5      10.7027     0.998716  -0.00168458  0.000892711 
        16.5      10.8467     0.998712  -0.00166022  0.000896824 
        16.5      10.9915     0.998709  -0.00163591  0.000900836 
        16.5      11.1372     0.998706  -0.00161165  0.000904748 
        16.5      11.2837     0.998703  -0.00158745  0.000908562 
        16.5      11.4311       0.9987  -0.00156331  0.000912277 
        16.5      11.5793     0.998697  -0.00153926  0.000916057 
        16.5      11.7283     0.998694  -0.00151525  0.000919636 
        16.5      11.8782     0.998691   -0.0014913  0.000923118 
        16.5       12.029     0.998689  -0.00146743  0.000926502 
        16.5      12.1806     0.998686  -0.00144362  0.000929788 
        16.5       12.333     0.998684  -0.00141989  0.000932975 
        16.5      12.4863     0.998682  -0.00139624  0.000936065 
        16.5      12.6404      0.99868  -0.00137267  0.000939056 
        16.5      12.7953     0.998678  -0.00134918  0.000941949 
        16.5      12.9512     0.998676  -0.00132577  0.000944744 
        16.5      13.1078     0.998674  -0.00130245  0.000947441 
        16.5      13.2653     0.998673  -0.00127922   0.00095004 
        16.5      13.4236     0.998671   -0.0012561  0.000952564 
        16.5      13.5828     0.998669  -0.00123303  0.000954984 
        16.5      13.7429     0.998668  -0.00121006  0.000957307 
        16.5      13.9037     0.998666  -0.00118717  0.000959535 
        16.5      14.0654     0.998665  -0.00116438  0.000961667 
        16.5       14.228     0.998664  -0.00114167  0.000963703 
        16.5      14.3914     0.998663  -0.00111907  0.000965645 
        16.5      14.5557     0.998662  -0.00109657  0.000967472 
        16.5      14.7208     0.998661  -0.00107416  0.000969223 
        16.5      14.8867     0.998661  -0.00105185  0.000970881 
        16.5      15.0535      0.99866  -0.00102964  0.000972445 
        16.5      15.2211      0.99866  -0.00100753  0.000973916 
        16.5      15.3896     0.998659 -0.000985526  0.000975294 
        16.5      15.5589     0.998659 -0.000963628  0.000976581 
        16.5      15.7291     0.998659 -0.000941837  0.000977775 
        16.5      15.9001     0.998658 -0.000920153  0.000978879 
        16.5      16.0719     0.998658 -0.000898578  0.000979892 
        16.5      16.2446     0.998658 -0.000877112  0.000980815 
        16.5      16.4182     0.998659 -0.000855757   0.00098165 
        16.5      16.5925     0.998659 -0.000834514  0.000982396 
        16.5      16.7678     0.998659 -0.000813384  0.000983054 
        16.5      16.9438      0.99866 -0.000792366  0.000983627 
        16.5      17.1208      0.99866 -0.000771463  0.000984114 
        16.5      17.2985     0.998661 -0.000750676  0.000984516 
        16.5      17.4771     0.998661 -0.000730003  0.000984835 
        16.5      17.6566     0.998662 -0.000709457  0.000985066 
        16.5      17.8369     0.998663  -0.00068903  0.000985207 
        16.5       18.018     0.998664 -0.000668721  0.000985267 
        16.5         18.2     0.998665 -0.000648531  0.000985248 
        16.5      18.3828     0.998666 -0.000628461  0.000985149 
        16.5      18.5665     0.998668 -0.000608512  0.000984971 
        16.5       18.751     0.998669 -0.000588684  0.000984715 
        16.5      18.9364      0.99867  -0.00056898  0.000984381 
        16.5      19.1226     0.998672 -0.000549399   0.00098397 
        16.5      19.3097     0.998674 -0.000529942  0.000983483 
        16.5      19.4976     0.998675 -0.000510611  0.000982921 
        16.5      19.6863     0.998677 -0.000491406  0.000982284 
        16.5      19.8759     0.998679 -0.000472327  0.000981573 
        16.5      20.0663     0.998681 -0.000453376   0.00098079 
        16.5      20.2576     0.998683 -0.000434553  0.000979934 
        16.5      20.4497     0.998685 -0.000415858  0.000979008 
        16.5      20.6427     0.998687 -0.000397292  0.000978011 
        16.5      20.8365     0.998689 -0.000378855  0.000976946 
        16.5      21.0311     0.998691 -0.000360548  0.000975813 
        16.5      21.2266     0.998694 -0.000342371  0.000974614 
        16.5       21.423     0.998696 -0.000324325  0.000973349 
        16.5      21.6202     0.998699 -0.000306409   0.00097202 
        16.5      21.8182     0.998701 -0.000288624  0.000970629 
        16.5      22.0171     0.998704 -0.000270971  0.000969176 
        16.5      22.2168     0.998707 -0.000253448  0.000967663 
        16.5      22.4173     0.998709 -0.000236056  0.000966092 
        16.5      22.6187     0.998712 -0.000218738  0.000964489 
        16.5       22.821     0.998715 -0.000201603  0.000962785 
        16.5      23.0241     0.998718 -0.000184592  0.000961023 
        16.5       23.228     0.998721 -0.000167706  0.000959203 
        16.5      23.4328     0.998724 -0.000150943  0.000957329 
        16.5      23.6385     0.998727 -0.000134302    0.0009554 
        16.5      23.8449     0.998731 -0.000117785  0.000953362 
        16.5      24.0523     0.998734 -0.000101438  0.000951394 
        16.5      24.2604     0.998737 -8.52323e-05  0.000949368 
        16.5      24.4694     0.998741 -6.91681e-05  0.000947285 
        16.5      24.6793     0.998744 -5.32444e-05  0.000945144 
        16.5        24.89     0.998748 -3.73316e-05  0.000942929 
        16.5      25.1015     0.998751 -2.16474e-05  0.000940653 
        16.5      25.3139     0.998755  -6.0892e-06  0.000938335 
        16.5      25.5271     0.998758  9.34274e-06  0.000935975 
        16.5      25.7412     0.998762  2.46483e-05  0.000933574 
        16.5      25.9561     0.998766  3.98272e-05  0.000931132 
        16.5      26.1719      0.99877  5.48793e-05   0.00092865 
        16.5      26.3885     0.998774  6.98048e-05  0.000926129 
        16.5       26.606     0.998778  8.46035e-05   0.00092357 
        16.5      26.8243     0.998782  9.92755e-05  0.000920974 
        16.5      27.0434     0.998786  0.000113821  0.000918341 
        16.5      27.2634      0.99879   0.00012824  0.000915672 
        16.5      27.4842     0.998794  0.000142532  0.000912968 
        16.5      27.7059     0.998798  0.000156698   0.00091023 
        16.5      27.9284     0.998802  0.000170738  0.000907459 
        16.5      28.1518     0.998806  0.000184653  0.000904656 
        16.5       28.376      0.99881  0.000198442  0.000901822 
        16.5       28.601     0.998815  0.000212107  0.000898958 
        16.5      28.8269     0.998819  0.000225647  0.000896065 
        16.5      29.0537     0.998823  0.000239062  0.000893144 
        16.5      29.2813     0.998828  0.000252355  0.000890196 
        16.5      29.5097     0.998832  0.000265524  0.000887222 
        16.5       29.739     0.998837  0.000278571  0.000884224 
        16.5      29.9691     0.998841  0.000291496  0.000881202 
        16.5      30.2001     0.998846  0.000304301  0.000878158 
        16.5      30.4319      0.99885  0.000316985  0.000875093 
        16.5      30.6645     0.998855   0.00032955  0.000872009 
        16.5       30.898     0.998859  0.000341997  0.000868906 
        16.5      31.1324     0.998864  0.000354326  0.000865786 
        16.5      31.3676     0.998868  0.000366538  0.000862651 
        16.5      31.6036     0.998873  0.000378635  0.000859501 
        16.5      31.8405     0.998878  0.000390617  0.000856338 
        16.5      32.0782     0.998882  0.000402486  0.000853164 
        16.5      32.3167     0.998887  0.000414243   0.00084998 
        16.5      32.5562     0.998892  0.000425889  0.000846788 
        16.5      32.7964     0.998897  0.000437425  0.000843588 
        16.5      33.0375     0.998902  0.000448632  0.000840225 
        16.5      33.2795     0.998906  0.000459952  0.000836951 
        16.5      33.5222     0.998911  0.000471156  0.000833672 
        16.5      33.7659     0.998916  0.000482244  0.000830388 
        16.5      34.0104     0.998921  0.000493218  0.000827099 
        16.5      34.2557     0.998926  0.000504077  0.000823805 
        16.5      34.5018     0.998931  0.000514822  0.000820506 
        16.5      34.7488     0.998936  0.000525454  0.000817202 
        16.5      34.9967     0.998941  0.000535975  0.000813892 
        16.5      35.2454     0.998945  0.000546384  0.000810578 
        16.5      35.4949      0.99895  0.000556682  0.000807257 
        16.5      35.7453     0.998955  0.000566871  0.000803932 
        16.5      35.9966      0.99896  0.000576951  0.000800601 
        16.5      36.2486     0.998965  0.000586924  0.000797265 
        16.5      36.5016      0.99897   0.00059679  0.000793922 
        16.5      36.7553     0.998975   0.00060655  0.000790575 
        16.5      37.0099      0.99898  0.000616206  0.000787221 
        16.5      37.2654     0.998985  0.000625759  0.000783862 
        16.5      37.5217      0.99899   0.00063521  0.000780496 
        16.5      37.7788     0.998995   0.00064456  0.000777125 
        16.5      38.0368     0.999001   0.00065381  0.000773747 
        16.5      38.2957     0.999006  0.000663063  0.000770438 
        16.5      38.5553     0.999011  0.000672172  0.000767101 
        16.5      38.8159     0.999016  0.000681182  0.000763764 
        16.5      39.0772     0.999021  0.000690096  0.000760428 
        16.5      39.3394     0.999026  0.000698913  0.000757093 
        16.5      39.6025     0.999031  0.000707635  0.000753761 
        16.5      39.8664     0.999036  0.000716262  0.000750433 
        16.5      40.1311     0.999041  0.000724794   0.00074711 
        16.5      40.3967     0.999046  0.000733234  0.000743792 
        16.5      40.6632     0.999051   0.00074158  0.000740482 
        16.5      40.9304     0.999056  0.000749835  0.000737179 
        16.5      41.1986     0.999061  0.000757998  0.000733884 
        16.5      41.4675     0.999066  0.000766072    0.0007306 
        16.5      41.7373     0.999071  0.000774056  0.000727327 
        16.5       42.008     0.999076  0.000781953  0.000724066 
        16.5      42.2795     0.999081  0.000789762  0.000720819 
        16.5      42.5518     0.999086  0.000797485  0.000717586 
        16.5       42.825     0.999091  0.000805123  0.000714368 
        16.5      43.0991     0.999096  0.000812678  0.000711167 
        16.5      43.3739     0.999101  0.000820149  0.000707985 
        16.5      43.6497     0.999106  0.000827539  0.000704821 
        16.5      43.9262     0.999111  0.000835347  0.000701487 
        16.5      44.2036     0.999117  0.000842478  0.000698286 
        16.5      44.4819     0.999122   0.00084954  0.000695101 
        16.5       44.761     0.999127  0.000856535  0.000691932 
        16.5      45.0409     0.999132  0.000863462  0.000688778 
        16.5      45.3217     0.999137  0.000870322   0.00068564 
        16.5      45.6034     0.999142  0.000877115  0.000682518 
        16.5      45.8858     0.999146   0.00088384  0.000679412 
        16.5      46.1692     0.999151  0.000890498  0.000676322 
        16.5      46.4533     0.999156   0.00089709  0.000673248 
        16.5      46.7383     0.999161  0.000903614   0.00067019 
        16.5      47.0242     0.999166  0.000910071  0.000667148 
        16.5      47.3109     0.999171  0.000916463  0.000664123 
        16.5      47.5984     0.999176  0.000922787  0.000661114 
        16.5      47.8868     0.999181  0.000929046  0.000658122 
        16.5      48.1761     0.999186  0.000935239  0.000655147 
        16.5      48.4661     0.999191  0.000941366  0.000652188 
        16.5      48.7571     0.999196  0.000947428  0.000649247 
        16.5      49.0488       0.9992  0.000953424  0.000646322 
        16.5      49.3415     0.999205  0.000959356  0.000643414 
        16.5      49.6349      0.99921  0.000965223  0.000640524 
        16.5      49.9292     0.999215  0.000971026   0.00063765 
        16.5      50.2244      0.99922  0.000976765  0.000634794 
        16.5      50.5203     0.999224  0.000982441  0.000631955 
        16.5      50.8172     0.999229  0.000988053  0.000629134 
        16.5      51.1149     0.999234  0.000993602   0.00062633 
        16.5      51.4134     0.999239  0.000999089  0.000623544 
        16.5      51.7127     0.999244   0.00100451  0.000620775 
        16.5       52.013     0.999248   0.00100988  0.000618024 
        16.5       52.314     0.999253   0.00101518  0.000615291 
        16.5      52.6159     0.999258   0.00102042  0.000612575 
        16.5      52.9187     0.999262    0.0010256  0.000609878 
        16.5      53.2223     0.999267   0.00103072  0.000607198 
        16.5      53.5267     0.999272   0.00103579  0.000604537 
        16.5       53.832     0.999276   0.00104079  0.000601893 
        16.5      54.1381     0.999281   0.00104574  0.000599268 
        16.5      54.4451     0.999286   0.00105062   0.00059666 
        16.5      54.7529      0.99929   0.00105545  0.000594071 
        16.5      55.0615     0.999295   0.00106023    0.0005915 
        16.5       55.371     0.999299   0.00106495  0.000588948 
        16.5      55.6814     0.999304   0.00106961  0.000586413 
        16.5      55.9926     0.999308   0.00107422  0.000583898 
        16.5      56.3046     0.999313   0.00107877    0.0005814 
        16.5      56.6175     0.999317   0.00108328  0.000578921 
        16.5      56.9312     0.999322   0.00108773   0.00057646 
        16.5      57.2458     0.999326   0.00109212  0.000574018 
        16.5      57.5612     0.999331   0.00109647  0.000571595 
        16.5      57.8774     0.999335   0.00110077   0.00056919 
        16.5      58.1945      0.99934   0.00110501  0.000566803 
        16.5      58.5125     0.999344   0.00110921  0.000564436 
        16.5      58.8313     0.999349   0.00111336  0.000562087 
        16.5      59.1509     0.999353   0.00111747  0.000559756 
        16.5      59.4714     0.999357   0.00112152  0.000557444 
        16.5      59.7927     0.999362   0.00112553  0.000555151 
        16.5      60.1149     0.999366    0.0011295  0.000552876 
        16.5      60.4379      0.99937   0.00113343  0.000550621 
        16.5      60.7618     0.999375   0.00113731  0.000548383 
        16.5      61.0865     0.999379   0.00114115  0.000546165 
        16.5       61.412     0.999383   0.00114495  0.000543965 
        16.5      61.7384     0.999387   0.00114871  0.000541784 
        16.5      62.0656     0.999392   0.00115243  0.000539622 
        16.5      62.3937     0.999396   0.00115611  0.000537478 
        16.5      62.7226       0.9994   0.00115976  0.000535353 
        16.5      63.0524     0.999404   0.00116337  0.000533247 
        16.5       63.383     0.999409   0.00116695  0.000531159 
        16.5      63.7145     0.999413   0.00117049   0.00052909 
        16.5      64.0468     0.999417     0.001174  0.000527039 
        16.5      64.3799     0.999421   0.00117748  0.000525007 
        16.5      64.7139     0.999425   0.00118094  0.000522994 
        16.5      65.0488     0.999429   0.00118436  0.000520999 
        16.5      65.3844     0.999433   0.00118759   0.00051934 
        16.5       65.721     0.999437   0.00119077  0.000517391 
        16.5      66.0583     0.999441    0.0011939  0.000515475 
        16.5      66.3966     0.999445   0.00119698  0.000513594 
        16.5      66.7356     0.999449   0.00120001  0.000511748 
        16.5      67.0755     0.999453     0.001203  0.000509938 
        16.5      67.4163     0.999457   0.00120595  0.000508166 
        16.5      67.7579     0.999461   0.00120885  0.000506432 
        16.5      68.1003     0.999465   0.00121197  0.000504727 
        16.5      68.4436     0.999468   0.00121503  0.000503025 
        16.5      68.7877     0.999472   0.00121805  0.000501333 
        16.5      69.1327     0.999476   0.00122104  0.000499651 
        16.5      69.4785      0.99948     0.001224  0.000497978 
        16.5      69.8251     0.999484   0.00122692  0.000496316 
        16.5      70.1726     0.999487    0.0012298  0.000494665 
        16.5       70.521     0.999491   0.00123266  0.000493024 
        16.5      70.8702     0.999495   0.00123548  0.000491394 
        16.5      71.2202     0.999499   0.00123825  0.000489837 
        16.5      71.5711     0.999502    0.0012409  0.000488241 
        16.5      71.9228     0.999506   0.00124353  0.000486666 
        16.5      72.2754      0.99951   0.00124613  0.000485109 
        16.5      72.6288     0.999513    0.0012487  0.000483572 
        16.5      72.9831     0.999517   0.00125125  0.000482055 
        16.5      73.3382     0.999521   0.00125377  0.000480556 
        16.5      73.6941     0.999524   0.00125627  0.000479078 
        16.5      74.0509     0.999528   0.00125873  0.000477618 
        16.5      74.4086     0.999531   0.00126118  0.000476178 
        16.5       74.767     0.999535    0.0012636  0.000474757 
        16.5      75.1264     0.999538   0.00126599  0.000473356 
        16.5      75.4865     0.999542   0.00126835  0.000471973 
        16.5      75.8475     0.999545   0.00127069   0.00047061 
        16.5      76.2094     0.999549   0.00127301  0.000469266 
        16.5      76.5721     0.999552    0.0012753  0.000467941 
        16.5      76.9357     0.999556   0.00127756  0.000466635 
        16.5         77.3     0.999559    0.0012798  0.000465349 
        16.5      77.6653     0.999563   0.00128202  0.000464081 
        16.5      78.0314     0.999566   0.00128421  0.000462832 
        16.5      78.3983     0.999569   0.00128638  0.000461602 
        16.5      78.7661     0.999573   0.00128852  0.000460391 
        16.5      79.1347     0.999576   0.00129064  0.000459199 
        16.5      79.5041     0.999579   0.00129273  0.000458025 
        16.5      79.8744     0.999583    0.0012948   0.00045687 
        16.5      80.2456     0.999586   0.00129685  0.000455734 
        16.5      80.6176     0.999589   0.00129887  0.000454616 
        16.5      80.9904     0.999592   0.00130087  0.000453517 
        16.5      81.3641     0.999596   0.00130285  0.000452436 
        16.5      81.7386     0.999599    0.0013048  0.000451373 
        16.5       82.114     0.999602   0.00130673  0.000450328 
        16.5      82.4902     0.999605   0.00130864  0.000449302 
        16.5      82.8673     0.999608   0.00131053  0.000448294 
        16.5      83.2452     0.999611   0.00131239  0.000447304 
        16.5      83.6239     0.999614   0.00131424  0.000446331 
        16.5      84.0035     0.999617   0.00131606  0.000445376 
        16.5       84.384     0.999621   0.00131786   0.00044444 
        16.5      84.7652     0.999624   0.00131964   0.00044352 
        16.5      85.1474     0.999627   0.00132139  0.000442618 
        16.5      85.5303      0.99963   0.00132313  0.000441734 
        16.5      85.9142     0.999633   0.00132485  0.000440867 
        16.5      86.2988     0.999636   0.00132654  0.000440017 
        16.5      86.6843     0.999639   0.00132822  0.000439184 
        16.5      87.0707     0.999641   0.00132987  0.000438369 
        16.5      87.4579     0.999644   0.00133151   0.00043757 
        16.5      87.8459     0.999647   0.00133313  0.000436787 
        16.5      88.2348      0.99965   0.00133473  0.000436022 
        16.5      88.6245     0.999653   0.00133631  0.000435273 
        16.5      89.0151     0.999656   0.00133787   0.00043454 
        16.5      89.4065     0.999659   0.00133941  0.000433823 
        16.5      89.7988     0.999662   0.00134094  0.000433123 
        16.5      90.1919     0.999664   0.00134245  0.000432438 
        16.5      90.5858     0.999667   0.00134394   0.00043177 
        16.5      90.9806      0.99967   0.00134541  0.000431117 
        16.5      91.3762     0.999673   0.00134687  0.000430479 
        16.5      91.7727     0.999675   0.00134831  0.000429857 
        16.5      92.1701     0.999678   0.00134974  0.000429251 
        16.5      92.5682     0.999681   0.00135115  0.000428659 
        16.5      92.9672     0.999683   0.00135254  0.000428082 
        16.5      93.3671     0.999686   0.00135392   0.00042752 
        16.5      93.7678     0.999689   0.00135529  0.000426973 
        16.5      94.1694     0.999691   0.00135664   0.00042644 
        16.5      94.5718     0.999694   0.00135798  0.000425921 
        16.5       94.975     0.999696    0.0013593  0.000425417 
        16.5      95.3791     0.999699   0.00136062  0.000424926 
        16.5       95.784     0.999701   0.00136192  0.000424449 
        16.5      96.1898     0.999704    0.0013632  0.000423985 
        16.5      96.5964     0.999707   0.00136448  0.000423535 
        16.5      97.0039     0.999709   0.00136574  0.000423099 
        16.5      97.4122     0.999711   0.00136699  0.000422675 
        16.5      97.8213     0.999714   0.00136823  0.000422264 
        16.5      98.2313     0.999716   0.00136947  0.000421865 
        16.5      98.6422     0.999719   0.00137069  0.000421479 
        16.5      99.0538     0.999721    0.0013719  0.000421105 
        16.5      99.4664     0.999724    0.0013731  0.000420743 
        16.5      99.8797     0.999726    0.0013743  0.000420393 
        16.5      100.294     0.999728   0.00137549  0.000420054 
        16.5      100.709     0.999731   0.00137666  0.000419727 
        16.5      101.125     0.999733   0.00137784   0.00041941 
        16.5      101.542     0.999735   0.00137881   0.00041916 
        16.5      101.959     0.999738   0.00137988  0.000418933 
        16.5      102.378      0.99974   0.00138093  0.000418718 
        16.5      102.797     0.999742   0.00138197  0.000418515 
        16.5      103.217     0.999745     0.001383  0.000418323 
        16.5      103.638     0.999747   0.00138402  0.000418143 
        16.5       104.06      0.99975   0.00138503  0.000417975 
        16.5      104.483     0.999752   0.00138602  0.000417818 
        16.5      104.906     0.999754     0.001387  0.000417674 
        16.5       105.33     0.999756   0.00138798  0.000417541 
        16.5      105.756     0.999759   0.00138894  0.000417421 
        16.5      106.182     0.999761   0.00138989  0.000417312 
        16.5      106.609     0.999763   0.00139083  0.000417216 
        16.5      107.036     0.999765   0.00139176  0.000417131 
        16.5      107.465     0.999767   0.00139268  0.000417059 
        16.5      107.894     0.999769   0.00139358  0.000416999 
        16.5      108.325     0.999771   0.00139448  0.000416951 
        16.5      108.756     0.999773   0.00139537  0.000416915 
        16.5      109.188     0.999775   0.00139625  0.000416891 
        16.5       109.62     0.999777   0.00139712   0.00041688 
        16.5      110.054     0.999779   0.00139798  0.000416881 
        16.5      110.489     0.999781   0.00139883  0.000416895 
        16.5      110.924     0.999783   0.00139967  0.000416921 
        16.5       111.36     0.999784    0.0014005  0.000416959 
        16.5      111.797     0.999786   0.00140132   0.00041701 
        16.5      112.235     0.999788   0.00140214  0.000417073 
        16.5      112.674      0.99979   0.00140294  0.000417149 
        16.5      113.113     0.999791   0.00140374  0.000417237 
        16.5      113.554     0.999793   0.00140453  0.000417338 
        16.5      113.995     0.999795   0.00140531  0.000417451 
        16.5      114.437     0.999796   0.00140609  0.000417578 
        16.5       114.88     0.999798   0.00140686  0.000417717 
        16.5      115.324     0.999799   0.00140762  0.000417868 
        16.5      115.768     0.999801   0.00140837  0.000418033 
        16.5      116.214     0.999803   0.00140912   0.00041821 
        16.5       116.66     0.999804   0.00140986    0.0004184 
        16.5      117.107     0.999805   0.00141059  0.000418602 
        16.5      117.555     0.999807   0.00141132  0.000418818 
        16.5      118.004     0.999808   0.00141204  0.000419047 
        16.5      118.454      0.99981   0.00141276  0.000419288 
        16.5      118.904     0.999811   0.00141347  0.000419542 
        16.5      119.356     0.999812   0.00141418   0.00041981 
        16.5      119.808     0.999814   0.00141488   0.00042009 
        16.5      120.261     0.999815   0.00141557  0.000420384 
        16.5      120.715     0.999816   0.00141626   0.00042069 
        16.5      121.169     0.999817   0.00141695   0.00042101 
        16.5      121.625     0.999819   0.00141764  0.000421342 
        16.5      122.082      0.99982   0.00141832  0.000421688 
        16.5      122.539     0.999821   0.00141899  0.000422047 
        16.5      122.997     0.999822   0.00141967  0.000422419 
        16.5      123.456     0.999823   0.00142034  0.000422805 
        16.5      123.916     0.999824     0.001421  0.000423204 
        16.5      124.376     0.999825   0.00142167  0.000423615 
        16.5      124.838     0.999826   0.00142233  0.000424041 
        16.5        125.3     0.999831   0.00142319  0.000425285 
        16.5      125.763     0.999832   0.00142377   0.00042569 
        16.5      126.227     0.999833   0.00142434  0.000426106 
        16.5      126.692     0.999834   0.00142491  0.000426535 
        16.5      127.158     0.999835   0.00142546  0.000426977 
        16.5      127.625     0.999836   0.00142601  0.000427431 
        16.5      128.092     0.999837   0.00142656  0.000427898 
        16.5       128.56     0.999838   0.00142709  0.000428378 
        16.5      129.029      0.99984   0.00142763   0.00042887 
        16.5      129.499     0.999841   0.00142815  0.000429374 
        16.5       129.97     0.999842   0.00142867  0.000429892 
        16.5      130.442     0.999843   0.00142918  0.000430422 
        16.5      130.914     0.999844   0.00142969  0.000430964 
        16.5      131.388     0.999845   0.00143019   0.00043152 
        16.5      131.862     0.999846   0.00143069  0.000432088 
        16.5      132.337     0.999847   0.00143118  0.000432669 
        16.5      132.813     0.999849   0.00143166  0.000433263 
        16.5      133.289      0.99985   0.00143214   0.00043387 
        16.5      133.767     0.999851   0.00143262  0.000434489 
        16.5      134.245     0.999852   0.00143308  0.000435122 
        16.5      134.725     0.999854   0.00143355  0.000435767 
        16.5      135.205     0.999855   0.00143401  0.000436426 
        16.5      135.686     0.999857   0.00143446  0.000437097 
        16.5      136.167     0.999858   0.00143491  0.000437781 
        16.5       136.65      0.99986   0.00143535  0.000438479 
        16.5      137.134     0.999862   0.00143579  0.000439189 
        16.5      137.618     0.999863   0.00143623  0.000439912 
        16.5      138.103     0.999865   0.00143666  0.000440649 
        16.5      138.589     0.999867   0.00143709  0.000441398 
        16.5      139.076     0.999869   0.00143751  0.000442161 
        16.5      139.564     0.999871   0.00143793  0.000442937 
        16.5      140.052     0.999874   0.00143834  0.000443726 
        16.5      140.541     0.999876   0.00143875  0.000444528 
        16.5      141.032     0.999878   0.00143916  0.000445344 
        16.5      141.523     0.999881   0.00143956  0.000446172 
        16.5      142.015     0.999883   0.00143996  0.000447014 
        16.5      142.507     0.999886   0.00144036  0.000447869 
        16.5      143.001     0.999889   0.00144075  0.000448738 
        16.5      143.495     0.999892   0.00144114  0.000449619 
        16.5      143.991     0.999895   0.00144153  0.000450514 
        16.5      144.487     0.999898   0.00144191  0.000451422 
        16.5      144.984     0.999902   0.00144229  0.000452344 
        16.5      145.482     0.999905   0.00144267  0.000453279 
        16.5       145.98     0.999909   0.00144305  0.000454227 
        16.5       146.48     0.999913   0.00144343  0.000455189 
        16.5       146.98     0.999917    0.0014438  0.000456164 
        16.5      147.481     0.999921   0.00144417  0.000457153 
        16.5      147.983     0.999925   0.00144454  0.000458155 
        16.5      148.486      0.99993    0.0014449   0.00045917 
        16.5       148.99     0.999935   0.00144527  0.000460199 
        16.5      149.495     0.999939   0.00144563  0.000461242 
        16.5          150     0.999945     0.001446  0.000462298 
