Variables = x, y, u, v, p

Zone, I=600, F=POINT
       483.5            0           -0           -0 -6.58263e-05 
       483.5     0.000418  0.000152994 -4.37952e-10 -6.58266e-05 
       483.5     0.001672  0.000611977 -1.44836e-09 -6.58278e-05 
       483.5     0.003763   0.00137732 -2.13106e-09   -6.583e-05 
       483.5     0.006689   0.00244828 -1.01758e-09 -6.58335e-05 
       483.5     0.010451   0.00382525  3.88129e-09 -6.58386e-05 
       483.5      0.01505   0.00550858   1.5025e-08 -6.58456e-05 
       483.5     0.020485   0.00749791  3.52772e-08 -6.58546e-05 
       483.5     0.026756   0.00979325   6.7855e-08 -6.58656e-05 
       483.5     0.033863    0.0123946  1.16286e-07 -6.58784e-05 
       483.5     0.041806     0.015302  1.84389e-07 -6.58922e-05 
       483.5     0.050585    0.0185153  2.76278e-07 -6.59061e-05 
       483.5     0.060201    0.0220351  3.96415e-07 -6.59187e-05 
       483.5     0.070652    0.0258604  5.49626e-07 -6.59283e-05 
       483.5      0.08194    0.0299922   7.4129e-07 -6.59329e-05 
       483.5     0.094063    0.0344295  9.77331e-07 -6.59308e-05 
       483.5     0.107023    0.0391731  1.26445e-06 -6.59202e-05 
       483.5     0.120819    0.0442226  1.61008e-06 -6.59005e-05 
       483.5     0.135451     0.049578   2.0224e-06 -6.58722e-05 
       483.5     0.150919    0.0552392  2.51021e-06  -6.5838e-05 
       483.5     0.167224    0.0612065  3.08254e-06 -6.58037e-05 
       483.5     0.184364     0.067479  3.74785e-06 -6.57794e-05 
       483.5     0.202341    0.0740575  4.51315e-06 -6.57809e-05 
       483.5     0.221153    0.0809411  5.38198e-06 -6.58312e-05 
       483.5     0.240802    0.0881303  6.35234e-06 -6.59632e-05 
       483.5     0.261287    0.0956241  7.51325e-06 -6.60441e-05 
       483.5     0.282608     0.103423  8.85017e-06 -6.59905e-05 
       483.5     0.304765     0.111526  1.03051e-05 -6.59165e-05 
       483.5     0.327758     0.119933  1.19038e-05  -6.5832e-05 
       483.5     0.351588     0.128644  1.36714e-05 -6.57473e-05 
       483.5     0.376253     0.137658  1.56312e-05 -6.56725e-05 
       483.5     0.401755     0.146973  1.78043e-05 -6.56173e-05 
       483.5     0.428092     0.156589  2.02085e-05 -6.55896e-05 
       483.5     0.455266     0.166506  2.28592e-05 -6.55951e-05 
       483.5     0.483276      0.17672  2.57683e-05 -6.56357e-05 
       483.5     0.512122     0.187231  2.89458e-05 -6.57087e-05 
       483.5     0.541805     0.198038  3.24009e-05 -6.58053e-05 
       483.5     0.572323     0.209137  3.61437e-05 -6.59087e-05 
       483.5     0.603677     0.220528  4.01893e-05 -6.59925e-05 
       483.5     0.635868     0.232208  4.45615e-05 -6.60185e-05 
       483.5     0.668894     0.244174  4.92984e-05 -6.59348e-05 
       483.5     0.702757     0.256424   5.4461e-05 -6.56729e-05 
       483.5     0.737456     0.268955  6.01409e-05 -6.51449e-05 
       483.5     0.772991     0.281763  6.60013e-05 -6.49876e-05 
       483.5     0.809362     0.294842  7.21835e-05 -6.51908e-05 
       483.5      0.84657     0.308187   7.8893e-05 -6.54112e-05 
       483.5     0.884613     0.321791  8.61058e-05 -6.56336e-05 
       483.5     0.923492     0.335646  9.38035e-05 -6.58431e-05 
       483.5     0.963208     0.349746  0.000101973 -6.60258e-05 
       483.5      1.00376     0.364081  0.000110608  -6.6169e-05 
       483.5      1.04515     0.378643  0.000119707 -6.62618e-05 
       483.5      1.08737     0.393422  0.000129277 -6.62959e-05 
       483.5      1.13043     0.408408   0.00013933 -6.62662e-05 
       483.5      1.17433     0.423589  0.000149885 -6.61714e-05 
       483.5      1.21906     0.438954  0.000160962  -6.6015e-05 
       483.5      1.26463     0.454489  0.000172586 -6.58058e-05 
       483.5      1.31103      0.47018   0.00018478 -6.55594e-05 
       483.5      1.35827     0.486014  0.000197563  -6.5299e-05 
       483.5      1.40635     0.501974  0.000210946 -6.50561e-05 
       483.5      1.45526     0.518043  0.000224925 -6.48725e-05 
       483.5      1.50501     0.534204  0.000239478 -6.48006e-05 
       483.5       1.5556     0.550437  0.000254552 -6.49058e-05 
       483.5      1.60702     0.566724  0.000270061 -6.52671e-05 
       483.5      1.65928     0.583042  0.000285867 -6.59793e-05 
       483.5      1.71237     0.599371  0.000301773 -6.71541e-05 
       483.5       1.7663     0.615777  0.000318119 -6.79028e-05 
       483.5      1.82106     0.632278  0.000336151 -6.66831e-05 
       483.5      1.87667       0.6486  0.000354731 -6.57071e-05 
       483.5      1.93311     0.664727  0.000373789 -6.49559e-05 
       483.5      1.99038     0.680642  0.000393253 -6.44092e-05 
       483.5      2.04849     0.696328  0.000413055 -6.40462e-05 
       483.5      2.10744     0.711769  0.000433127 -6.38451e-05 
       483.5      2.16722     0.726948  0.000453402 -6.37833e-05 
       483.5      2.22784     0.741849  0.000473816 -6.38382e-05 
       483.5      2.28929     0.756454  0.000494306 -6.39865e-05 
       483.5      2.35158     0.770748  0.000514816 -6.42052e-05 
       483.5      2.41471     0.784714  0.000535288 -6.44711e-05 
       483.5      2.47867     0.798336  0.000555669 -6.47618e-05 
       483.5      2.54347     0.811597  0.000575909 -6.50553e-05 
       483.5      2.60911     0.824482  0.000595961 -6.53306e-05 
       483.5      2.67558     0.836974  0.000615781 -6.55679e-05 
       483.5      2.74288     0.849057  0.000635326 -6.57491e-05 
       483.5      2.81103     0.860715  0.000654556 -6.58578e-05 
       483.5      2.88001     0.871933  0.000673431 -6.58798e-05 
       483.5      2.94983     0.882696  0.000691913 -6.58038e-05 
       483.5      3.02048     0.892987  0.000709962 -6.56211e-05 
       483.5      3.09197     0.902791  0.000727537 -6.53269e-05 
       483.5      3.16429     0.912095  0.000744594 -6.49198e-05 
       483.5      3.23745     0.920882  0.000761082 -6.44032e-05 
       483.5      3.31145     0.929138  0.000776945 -6.37849e-05 
       483.5      3.38628     0.936849  0.000792118 -6.30784e-05 
       483.5      3.46195     0.944002  0.000806524  -6.2303e-05 
       483.5      3.53845     0.950581   0.00082007 -6.14843e-05 
       483.5      3.61579     0.956573  0.000832647 -6.06554e-05 
       483.5      3.69397     0.961966  0.000844124 -5.98566e-05 
       483.5      3.77298      0.96634  0.000855111 -6.10886e-05 
       483.5      3.85283     0.969402  0.000865968 -6.72617e-05 
       483.5      3.93352     0.972315  0.000874624 -7.35699e-05 
       483.5      4.01504     0.975079  0.000881316 -7.99481e-05 
       483.5       4.0974     0.977695  0.000886742 -8.53384e-05 
       483.5      4.18059     0.980156  0.000894741 -8.26235e-05 
       483.5      4.26462     0.982472  0.000902056 -7.98015e-05 
       483.5      4.34949     0.984644  0.000908731 -7.69321e-05 
       483.5      4.43519     0.986671  0.000914805 -7.40727e-05 
       483.5      4.52173     0.988555  0.000920312 -7.12787e-05 
       483.5       4.6091     0.990297  0.000925281 -6.86028e-05 
       483.5      4.69731     0.991899  0.000929736 -6.60942e-05 
       483.5      4.78636     0.993362  0.000933695 -6.37986e-05 
       483.5      4.87624      0.99469  0.000937174 -6.17572e-05 
       483.5      4.96696     0.995884  0.000940186 -6.00064e-05 
       483.5      5.05851     0.996947  0.000942741 -5.85771e-05 
       483.5       5.1509     0.997882  0.000944849 -5.74939e-05 
       483.5      5.24413     0.998694  0.000946517  -5.6775e-05 
       483.5       5.3382     0.999386  0.000947757 -5.64308e-05 
       483.5      5.43309     0.999962  0.000948582 -5.64638e-05 
       483.5      5.52883      1.00043   0.00094901 -5.68673e-05 
       483.5       5.6254      1.00079  0.000949065 -5.76251e-05 
       483.5      5.72281      1.00105  0.000948779 -5.87107e-05 
       483.5      5.82105      1.00121  0.000948199  -6.0086e-05 
       483.5      5.92013      1.00129   0.00094738 -6.17009e-05 
       483.5      6.02005      1.00128    0.0009464 -6.34923e-05 
       483.5       6.1208      1.00121  0.000945353  -6.5383e-05 
       483.5      6.22239      1.00106  0.000944356  -6.7281e-05 
       483.5      6.32482      1.00086  0.000943558 -6.90782e-05 
       483.5      6.42808      1.00061  0.000943136 -7.06497e-05 
       483.5      6.53217      1.00031  0.000943303 -7.18525e-05 
       483.5      6.63711      0.99999  0.000944314 -7.25246e-05 
       483.5      6.74287     0.999646  0.000946473 -7.24836e-05 
       483.5      6.84948     0.999291  0.000950131 -7.15259e-05 
       483.5      6.95692     0.998936  0.000955702 -6.94249e-05 
       483.5       7.0652     0.998594  0.000963661 -6.59306e-05 
       483.5      7.17431     0.998378  0.000969032 -6.21992e-05 
       483.5      7.28426     0.998465  0.000960682 -6.17546e-05 
       483.5      7.39505     0.998553  0.000953779 -6.11789e-05 
       483.5      7.50667     0.998641  0.000948362 -6.05649e-05 
       483.5      7.61913     0.998729  0.000944419 -5.99972e-05 
       483.5      7.73242     0.998817  0.000941894 -5.95516e-05 
       483.5      7.84655     0.998904  0.000940679 -5.92943e-05 
       483.5      7.96152      0.99899  0.000940622 -5.92811e-05 
       483.5      8.07732     0.999075  0.000941521  -5.9556e-05 
       483.5      8.19396     0.999158   0.00094313 -6.01508e-05 
       483.5      8.31143     0.999239  0.000945155 -6.10836e-05 
       483.5      8.42974     0.999318   0.00094726  -6.2358e-05 
       483.5      8.54889     0.999393  0.000949067 -6.39624e-05 
       483.5      8.66887     0.999465  0.000950158 -6.58681e-05 
       483.5      8.78969     0.999532  0.000950077 -6.80288e-05 
       483.5      8.91135     0.999594  0.000948334 -7.03792e-05 
       483.5      9.03384      0.99965  0.000944407  -7.2834e-05 
       483.5      9.15717     0.999697  0.000941396 -7.28504e-05 
       483.5      9.28133     0.999735  0.000942703 -7.02932e-05 
       483.5      9.40633     0.999768  0.000944449 -6.85136e-05 
       483.5      9.53216     0.999796  0.000946457  -6.7399e-05 
       483.5      9.65884     0.999819  0.000948561  -6.6833e-05 
       483.5      9.78634     0.999836  0.000950611 -6.66949e-05 
       483.5      9.91469     0.999847   0.00095247 -6.68598e-05 
       483.5      10.0439     0.999852   0.00095402 -6.71986e-05 
       483.5      10.1739      0.99985  0.000955162  -6.7578e-05 
       483.5      10.3047      0.99984   0.00095582 -6.78605e-05 
       483.5      10.4364     0.999823  0.000955942 -6.79042e-05 
       483.5      10.5689     0.999796  0.000955505  -6.7563e-05 
       483.5      10.7023      0.99976  0.000954515 -6.66864e-05 
       483.5      10.8365     0.999714  0.000953013 -6.51197e-05 
       483.5      10.9715     0.999657  0.000951075 -6.27039e-05 
       483.5      11.1074     0.999588  0.000948817 -5.92755e-05 
       483.5      11.2441     0.999506    0.0009464 -5.46666e-05 
       483.5      11.3817     0.999413  0.000944134 -4.89666e-05 
       483.5        11.52     0.999448  0.000945474 -5.16571e-05 
       483.5      11.6592      0.99948   0.00094642 -5.38035e-05 
       483.5      11.7993      0.99951  0.000947061 -5.54568e-05 
       483.5      11.9402     0.999537  0.000947474 -5.66713e-05 
       483.5      12.0819     0.999562  0.000947728 -5.75047e-05 
       483.5      12.2245     0.999584   0.00094788 -5.80181e-05 
       483.5      12.3679     0.999605  0.000947976 -5.82763e-05 
       483.5      12.5121     0.999623  0.000948049 -5.83478e-05 
       483.5      12.6572     0.999639  0.000948119 -5.83049e-05 
       483.5      12.8031     0.999653  0.000948192 -5.82239e-05 
       483.5      12.9498     0.999664   0.00094826 -5.81849e-05 
       483.5      13.0974     0.999674  0.000948297 -5.82725e-05 
       483.5      13.2458     0.999682  0.000948263 -5.85752e-05 
       483.5       13.395     0.999689  0.000948099 -5.91864e-05 
       483.5      13.5451     0.999693  0.000947728 -6.02035e-05 
       483.5       13.696     0.999697  0.000947052 -6.17289e-05 
       483.5      13.8478     0.999699  0.000945953 -6.38695e-05 
       483.5      14.0004       0.9997  0.000944294 -6.67375e-05 
       483.5      14.1538       0.9997  0.000942491 -6.94882e-05 
       483.5      14.3081     0.999696  0.000944187 -6.62841e-05 
       483.5      14.4632      0.99969  0.000945766 -6.33679e-05 
       483.5      14.6191     0.999685  0.000947228 -6.07451e-05 
       483.5      14.7759     0.999678  0.000948569 -5.84194e-05 
       483.5      14.9335     0.999672  0.000949785  -5.6392e-05 
       483.5      15.0919     0.999665  0.000950871 -5.46623e-05 
       483.5      15.2512     0.999657  0.000951819 -5.32268e-05 
       483.5      15.4113      0.99965  0.000952623   -5.208e-05 
       483.5      15.5723     0.999642  0.000953276 -5.12135e-05 
       483.5      15.7341     0.999635  0.000953773 -5.06163e-05 
       483.5      15.8967     0.999628  0.000954109 -5.02745e-05 
       483.5      16.0602     0.999621  0.000954281 -5.01712e-05 
       483.5      16.2245     0.999615  0.000954289 -5.02865e-05 
       483.5      16.3896     0.999609  0.000954137  -5.0597e-05 
       483.5      16.5556     0.999604  0.000953831 -5.10762e-05 
       483.5      16.7224     0.999601  0.000953383 -5.16938e-05 
       483.5        16.89     0.999599  0.000952811 -5.24159e-05 
       483.5      17.0585     0.999598   0.00095214 -5.32048e-05 
       483.5      17.2278       0.9996  0.000951401 -5.40188e-05 
       483.5      17.3979     0.999604  0.000950635 -5.48122e-05 
       483.5      17.5689      0.99961  0.000949892 -5.55346e-05 
       483.5      17.7408      0.99962  0.000949231 -5.61317e-05 
       483.5      17.9134     0.999632  0.000948727  -5.6544e-05 
       483.5      18.0869     0.999649  0.000948466 -5.67077e-05 
       483.5      18.2612     0.999671  0.000948546 -5.65537e-05 
       483.5      18.4364     0.999697  0.000949086  -5.6008e-05 
       483.5      18.6124     0.999715  0.000949771 -5.53088e-05 
       483.5      18.7892     0.999712  0.000949905   -5.504e-05 
       483.5      18.9669     0.999709  0.000950043 -5.48331e-05 
       483.5      19.1454     0.999706   0.00095018 -5.46817e-05 
       483.5      19.3248     0.999703  0.000950312 -5.45795e-05 
       483.5       19.505     0.999701  0.000950435   -5.452e-05 
       483.5       19.686     0.999699  0.000950545 -5.44971e-05 
       483.5      19.8678     0.999697   0.00095064 -5.45046e-05 
       483.5      20.0505     0.999696  0.000950719 -5.45365e-05 
       483.5      20.2341     0.999694  0.000950781 -5.45868e-05 
       483.5      20.4184     0.999693  0.000950825 -5.46498e-05 
       483.5      20.6036     0.999692  0.000950853 -5.47197e-05 
       483.5      20.7897     0.999691  0.000950865 -5.47911e-05 
       483.5      20.9765      0.99969  0.000950863 -5.48587e-05 
       483.5      21.1642      0.99969  0.000950848 -5.49173e-05 
       483.5      21.3528      0.99969  0.000950823 -5.49619e-05 
       483.5      21.5422     0.999689  0.000950791 -5.49877e-05 
       483.5      21.7324     0.999689  0.000950753 -5.49902e-05 
       483.5      21.9234      0.99969  0.000950713  -5.4965e-05 
       483.5      22.1153      0.99969  0.000950673 -5.49081e-05 
       483.5       22.308      0.99969  0.000950636 -5.48157e-05 
       483.5      22.5016     0.999691  0.000950604 -5.46841e-05 
       483.5       22.696     0.999691  0.000950579 -5.45101e-05 
       483.5      22.8912     0.999692  0.000950561 -5.42907e-05 
       483.5      23.0873     0.999693  0.000950553 -5.40234e-05 
       483.5      23.2842     0.999694  0.000950552 -5.37057e-05 
       483.5       23.482     0.999695   0.00095056 -5.33357e-05 
       483.5      23.6805     0.999696  0.000950572 -5.29117e-05 
       483.5        23.88     0.999697  0.000950586 -5.24327e-05 
       483.5      24.0802     0.999698  0.000950597 -5.18976e-05 
       483.5      24.2813     0.999699  0.000950651 -5.16785e-05 
       483.5      24.4832     0.999701  0.000950768 -5.21125e-05 
       483.5       24.686     0.999703  0.000950827 -5.24515e-05 
       483.5      24.8896     0.999705  0.000950837 -5.26998e-05 
       483.5       25.094     0.999707  0.000950806 -5.28623e-05 
       483.5      25.2993     0.999709  0.000950742 -5.29442e-05 
       483.5      25.5054     0.999711  0.000950652 -5.29512e-05 
       483.5      25.7123     0.999713  0.000950544 -5.28892e-05 
       483.5      25.9201     0.999715  0.000950426 -5.27649e-05 
       483.5      26.1287     0.999718  0.000950306 -5.25851e-05 
       483.5      26.3381      0.99972   0.00095019 -5.23574e-05 
       483.5      26.5484     0.999722  0.000950085 -5.20895e-05 
       483.5      26.7595     0.999724  0.000949997 -5.17899e-05 
       483.5      26.9715     0.999726   0.00094993 -5.14675e-05 
       483.5      27.1843     0.999728  0.000949888 -5.11316e-05 
       483.5      27.3979      0.99973  0.000949874 -5.07923e-05 
       483.5      27.6124     0.999732  0.000949889   -5.046e-05 
       483.5      27.8277     0.999733  0.000949932 -5.01457e-05 
       483.5      28.0438     0.999735  0.000950001 -4.98611e-05 
       483.5      28.2608     0.999736  0.000950091 -4.96185e-05 
       483.5      28.4786     0.999738  0.000950197 -4.94306e-05 
       483.5      28.6972     0.999739  0.000950309 -4.93108e-05 
       483.5      28.9167      0.99974  0.000950415 -4.92733e-05 
       483.5       29.137     0.999741  0.000950501 -4.93329e-05 
       483.5      29.3582     0.999741  0.000950549 -4.95048e-05 
       483.5      29.5802     0.999742  0.000950539 -4.98052e-05 
       483.5       29.803     0.999742  0.000950443  -5.0251e-05 
       483.5      30.0267     0.999743  0.000950286 -5.02717e-05 
       483.5      30.2512     0.999745   0.00095018 -4.99053e-05 
       483.5      30.4765     0.999746  0.000950119 -4.95681e-05 
       483.5      30.7027     0.999748  0.000950097 -4.92592e-05 
       483.5      30.9297      0.99975  0.000950105 -4.89775e-05 
       483.5      31.1575     0.999752   0.00095014  -4.8722e-05 
       483.5      31.3862     0.999754  0.000950195 -4.84914e-05 
       483.5      31.6157     0.999755  0.000950266 -4.82846e-05 
       483.5      31.8461     0.999757  0.000950349 -4.81003e-05 
       483.5      32.0773     0.999759  0.000950439 -4.79373e-05 
       483.5      32.3093      0.99976  0.000950536  -4.7794e-05 
       483.5      32.5421     0.999762  0.000950636 -4.76691e-05 
       483.5      32.7758     0.999764  0.000950738 -4.75611e-05 
       483.5      33.0104     0.999766  0.000950842 -4.74685e-05 
       483.5      33.2457     0.999767  0.000950949 -4.73896e-05 
       483.5      33.4819     0.999769   0.00095106 -4.73228e-05 
       483.5       33.719     0.999771  0.000951178 -4.72662e-05 
       483.5      33.9568     0.999772  0.000951305 -4.72182e-05 
       483.5      34.1956     0.999774  0.000951448 -4.71768e-05 
       483.5      34.4351     0.999776  0.000951611 -4.71401e-05 
       483.5      34.6755     0.999778  0.000951579  -4.7001e-05 
       483.5      34.9167     0.999779  0.000951469 -4.68212e-05 
       483.5      35.1588      0.99978  0.000951369 -4.66425e-05 
       483.5      35.4017     0.999782  0.000951278 -4.64648e-05 
       483.5      35.6454     0.999783  0.000951195 -4.62882e-05 
       483.5      35.8899     0.999785  0.000951121 -4.61126e-05 
       483.5      36.1354     0.999786  0.000951055  -4.5938e-05 
       483.5      36.3816     0.999788  0.000950997 -4.57643e-05 
       483.5      36.6287     0.999789  0.000950947 -4.55914e-05 
       483.5      36.8766     0.999791  0.000950903 -4.54194e-05 
       483.5      37.1253     0.999792  0.000950867 -4.52482e-05 
       483.5      37.3749     0.999794  0.000950837 -4.50777e-05 
       483.5      37.6253     0.999796  0.000950812  -4.4908e-05 
       483.5      37.8766     0.999797  0.000950794 -4.47389e-05 
       483.5      38.1287     0.999799   0.00095078 -4.45705e-05 
       483.5      38.3816     0.999801   0.00095077 -4.44028e-05 
       483.5      38.6353     0.999803  0.000950765 -4.42356e-05 
       483.5      38.8899     0.999804  0.000950763  -4.4069e-05 
       483.5      39.1454     0.999806  0.000950765  -4.3903e-05 
       483.5      39.4016     0.999808  0.000950768 -4.37374e-05 
       483.5      39.6588      0.99981  0.000950774 -4.35724e-05 
       483.5      39.9167     0.999812  0.000950782 -4.34077e-05 
       483.5      40.1755     0.999814   0.00095079 -4.32436e-05 
       483.5      40.4351     0.999816  0.000950799 -4.30798e-05 
       483.5      40.6955     0.999817  0.000950808 -4.29164e-05 
       483.5      40.9568     0.999819  0.000950818 -4.27535e-05 
       483.5      41.2189     0.999821  0.000950827 -4.25908e-05 
       483.5      41.4819     0.999823  0.000950835 -4.24285e-05 
       483.5      41.7457     0.999825  0.000950842 -4.22666e-05 
       483.5      42.0103     0.999827  0.000950848  -4.2105e-05 
       483.5      42.2758     0.999829  0.000950853 -4.19437e-05 
       483.5      42.5421     0.999831  0.000950856 -4.17827e-05 
       483.5      42.8092     0.999833  0.000950859  -4.1622e-05 
       483.5      43.0772     0.999835   0.00095086 -4.14616e-05 
       483.5       43.346     0.999837  0.000950861 -4.13015e-05 
       483.5      43.6157     0.999839  0.000950861 -4.11418e-05 
       483.5      43.8862     0.999841  0.000950861 -4.09823e-05 
       483.5      44.1575     0.999843  0.000950861 -4.08232e-05 
       483.5      44.4296     0.999844  0.000950863 -4.06645e-05 
       483.5      44.7026     0.999846  0.000950867 -4.05061e-05 
       483.5      44.9765     0.999848  0.000950875  -4.0348e-05 
       483.5      45.2511      0.99985  0.000950886 -4.01904e-05 
       483.5      45.5266     0.999852  0.000950903 -4.00331e-05 
       483.5       45.803     0.999854  0.000950927 -3.98763e-05 
       483.5      46.0801     0.999856  0.000950961   -3.972e-05 
       483.5      46.3581     0.999858  0.000951004 -3.95642e-05 
       483.5       46.637      0.99986  0.000951061 -3.94089e-05 
       483.5      46.9167     0.999862  0.000951133 -3.92543e-05 
       483.5      47.1972     0.999863  0.000951223 -3.91002e-05 
       483.5      47.4785     0.999865  0.000951334 -3.89469e-05 
       483.5      47.7607     0.999867  0.000951468 -3.87942e-05 
       483.5      48.0438     0.999869   0.00095163 -3.86424e-05 
       483.5      48.3276     0.999871  0.000951822 -3.84914e-05 
       483.5      48.6123     0.999873  0.000951789 -3.83295e-05 
       483.5      48.8979     0.999875   0.00095171 -3.81636e-05 
       483.5      49.1842     0.999876  0.000951635  -3.7996e-05 
       483.5      49.4714     0.999878  0.000951565 -3.78265e-05 
       483.5      49.7595      0.99988  0.000951499 -3.76554e-05 
       483.5      50.0484     0.999882  0.000951439 -3.74827e-05 
       483.5      50.3381     0.999883  0.000951384 -3.73084e-05 
       483.5      50.6286     0.999885  0.000951335 -3.71327e-05 
       483.5        50.92     0.999887  0.000951292 -3.69555e-05 
       483.5      51.2122     0.999889  0.000951255  -3.6777e-05 
       483.5      51.5053     0.999891  0.000951225 -3.65973e-05 
       483.5      51.7992     0.999893  0.000951201 -3.64163e-05 
       483.5      52.0939     0.999895  0.000951184 -3.62342e-05 
       483.5      52.3895     0.999897  0.000951172 -3.60511e-05 
       483.5      52.6859     0.999899  0.000951167 -3.58671e-05 
       483.5      52.9831     0.999901  0.000951169 -3.56821e-05 
       483.5      53.2812     0.999903  0.000951175 -3.54963e-05 
       483.5      53.5801     0.999905  0.000951188 -3.53098e-05 
       483.5      53.8799     0.999907  0.000951206 -3.51227e-05 
       483.5      54.1805      0.99991  0.000951229  -3.4935e-05 
       483.5      54.4819     0.999912  0.000951257 -3.47468e-05 
       483.5      54.7841     0.999914  0.000951289 -3.45582e-05 
       483.5      55.0872     0.999916  0.000951325 -3.43694e-05 
       483.5      55.3912     0.999918  0.000951364 -3.41803e-05 
       483.5      55.6959      0.99992  0.000951407 -3.39911e-05 
       483.5      56.0015     0.999923  0.000951452 -3.38018e-05 
       483.5       56.308     0.999925  0.000951499 -3.36126e-05 
       483.5      56.6152     0.999927  0.000951547 -3.34235e-05 
       483.5      56.9233     0.999929  0.000951596 -3.32347e-05 
       483.5      57.2323     0.999931  0.000951646 -3.30462e-05 
       483.5      57.5421     0.999934  0.000951695 -3.28582e-05 
       483.5      57.8527     0.999936  0.000951744 -3.26707e-05 
       483.5      58.1641     0.999938  0.000951791 -3.24838e-05 
       483.5      58.4764      0.99994  0.000951836 -3.22976e-05 
       483.5      58.7896     0.999942  0.000951879 -3.21123e-05 
       483.5      59.1035     0.999945  0.000951918 -3.19279e-05 
       483.5      59.4183     0.999947  0.000951954 -3.17445e-05 
       483.5      59.7339     0.999949  0.000951986 -3.15623e-05 
       483.5      60.0504     0.999951  0.000952013 -3.13814e-05 
       483.5      60.3677     0.999953  0.000952035 -3.12018e-05 
       483.5      60.6859     0.999956  0.000952051 -3.10236e-05 
       483.5      61.0048     0.999958  0.000952061 -3.08471e-05 
       483.5      61.3247      0.99996  0.000952065 -3.06722e-05 
       483.5      61.6453     0.999962  0.000952063 -3.04992e-05 
       483.5      61.9668     0.999965  0.000952053  -3.0328e-05 
       483.5      62.2891     0.999967  0.000952036 -3.01589e-05 
       483.5      62.6123     0.999969  0.000952013  -2.9992e-05 
       483.5      62.9363     0.999971  0.000951982 -2.98273e-05 
       483.5      63.2611     0.999974  0.000951943  -2.9665e-05 
       483.5      63.5868     0.999976  0.000951898 -2.95053e-05 
       483.5      63.9133     0.999978  0.000951846 -2.93481e-05 
       483.5      64.2406      0.99998  0.000951787 -2.91938e-05 
       483.5      64.5688     0.999983  0.000951722 -2.90423e-05 
       483.5      64.8978     0.999985  0.000951652 -2.88938e-05 
       483.5      65.2277     0.999987  0.000951577 -2.87485e-05 
       483.5      65.5583     0.999989  0.000951497 -2.86064e-05 
       483.5      65.8899     0.999992  0.000951414 -2.84677e-05 
       483.5      66.2222     0.999994  0.000951329 -2.83326e-05 
       483.5      66.5554     0.999996  0.000951244 -2.82011e-05 
       483.5      66.8894     0.999998  0.000951158 -2.80734e-05 
       483.5      67.2243            1  0.000951075 -2.79497e-05 
       483.5        67.56            1  0.000950996   -2.783e-05 
       483.5      67.8966            1  0.000950922 -2.77146e-05 
       483.5      68.2339      1.00001  0.000950856 -2.76035e-05 
       483.5      68.5721      1.00001  0.000950801 -2.74969e-05 
       483.5      68.9112      1.00001  0.000950802 -2.71884e-05 
       483.5      69.2511      1.00001  0.000950832 -2.68103e-05 
       483.5      69.5918      1.00002  0.000950876 -2.64277e-05 
       483.5      69.9333      1.00002  0.000950933 -2.60407e-05 
       483.5      70.2757      1.00002  0.000951004 -2.56494e-05 
       483.5      70.6189      1.00002  0.000951088 -2.52541e-05 
       483.5       70.963      1.00002  0.000951185 -2.48548e-05 
       483.5      71.3079      1.00002  0.000951295 -2.44516e-05 
       483.5      71.6536      1.00003  0.000951417 -2.40448e-05 
       483.5      72.0002      1.00003  0.000951553 -2.36345e-05 
       483.5      72.3476      1.00003  0.000951701 -2.32206e-05 
       483.5      72.6959      1.00003  0.000951862 -2.28035e-05 
       483.5      73.0449      1.00003  0.000952037  -2.2383e-05 
       483.5      73.3949      1.00004  0.000952225 -2.19594e-05 
       483.5      73.7456      1.00004  0.000952459 -2.17618e-05 
       483.5      74.0972      1.00004  0.000952704 -2.18049e-05 
       483.5      74.4496      1.00004  0.000952916 -2.18692e-05 
       483.5      74.8029      1.00004  0.000953096 -2.19547e-05 
       483.5       75.157      1.00004  0.000953245 -2.20611e-05 
       483.5      75.5119      1.00004  0.000953364 -2.21884e-05 
       483.5      75.8677      1.00005  0.000953453 -2.23365e-05 
       483.5      76.2243      1.00005  0.000953513 -2.25051e-05 
       483.5      76.5817      1.00005  0.000953544 -2.26941e-05 
       483.5        76.94      1.00005  0.000953547 -2.29034e-05 
       483.5      77.2991      1.00005  0.000953522 -2.31326e-05 
       483.5      77.6591      1.00006  0.000953469 -2.33815e-05 
       483.5      78.0198      1.00006  0.000953347 -2.34839e-05 
       483.5      78.3815      1.00006  0.000953105 -2.31433e-05 
       483.5      78.7439      1.00007  0.000952867 -2.27968e-05 
       483.5      79.1072      1.00007  0.000952634 -2.24451e-05 
       483.5      79.4714      1.00007  0.000952409 -2.20892e-05 
       483.5      79.8363      1.00008  0.000952192 -2.17299e-05 
       483.5      80.2021      1.00008  0.000951986 -2.13681e-05 
       483.5      80.5688      1.00008  0.000951791 -2.10046e-05 
       483.5      80.9362      1.00009  0.000951609 -2.06401e-05 
       483.5      81.3045      1.00009  0.000951441 -2.02754e-05 
       483.5      81.6737      1.00009  0.000951288 -1.99113e-05 
       483.5      82.0437      1.00009  0.000951149 -1.95484e-05 
       483.5      82.4145       1.0001  0.000951027 -1.91875e-05 
       483.5      82.7861       1.0001   0.00095092 -1.88291e-05 
       483.5      83.1586       1.0001   0.00095083  -1.8474e-05 
       483.5       83.532      1.00011  0.000950756 -1.81226e-05 
       483.5      83.9061      1.00011  0.000950699 -1.77756e-05 
       483.5      84.2811      1.00011  0.000950658 -1.74335e-05 
       483.5       84.657      1.00011  0.000950634 -1.70967e-05 
       483.5      85.0336      1.00012  0.000950624 -1.67658e-05 
       483.5      85.4111      1.00012   0.00095063 -1.64411e-05 
       483.5      85.7895      1.00012  0.000950651  -1.6123e-05 
       483.5      86.1687      1.00012  0.000950685  -1.5812e-05 
       483.5      86.5487      1.00013  0.000950733 -1.55082e-05 
       483.5      86.9295      1.00013  0.000950792 -1.52121e-05 
       483.5      87.3112      1.00013  0.000950863 -1.49237e-05 
       483.5      87.6937      1.00013  0.000950944 -1.46434e-05 
       483.5      88.0771      1.00013  0.000951034 -1.43713e-05 
       483.5      88.4613      1.00014  0.000951131 -1.41074e-05 
       483.5      88.8463      1.00014  0.000951236 -1.38519e-05 
       483.5      89.2322      1.00014  0.000951346 -1.36049e-05 
       483.5      89.6189      1.00014   0.00095146 -1.33662e-05 
       483.5      90.0064      1.00014  0.000951576 -1.31358e-05 
       483.5      90.3948      1.00014  0.000951694 -1.29136e-05 
       483.5       90.784      1.00014  0.000951812 -1.26995e-05 
       483.5      91.1741      1.00014  0.000951929 -1.24933e-05 
       483.5       91.565      1.00014  0.000952043 -1.22947e-05 
       483.5      91.9567      1.00014  0.000952154 -1.21033e-05 
       483.5      92.3492      1.00014  0.000952259 -1.19189e-05 
       483.5      92.7426      1.00014  0.000952357 -1.17411e-05 
       483.5      93.1369      1.00014  0.000952447 -1.15693e-05 
       483.5      93.5319      1.00015  0.000952529 -1.14031e-05 
       483.5      93.9278      1.00015  0.000952601 -1.12419e-05 
       483.5      94.3246      1.00015  0.000952661  -1.1085e-05 
       483.5      94.7221      1.00015   0.00095271 -1.09318e-05 
       483.5      95.1206      1.00015  0.000952746 -1.07815e-05 
       483.5      95.5198      1.00014  0.000952768 -1.06334e-05 
       483.5      95.9199      1.00014  0.000952777 -1.04865e-05 
       483.5      96.3208      1.00014  0.000952771   -1.034e-05 
       483.5      96.7226      1.00014  0.000952751 -1.01928e-05 
       483.5      97.1251      1.00014  0.000952716 -1.00438e-05 
       483.5      97.5286      1.00014  0.000952666 -9.89206e-06 
       483.5      97.9328      1.00014  0.000952603 -9.73626e-06 
       483.5      98.3379      1.00014  0.000952525 -9.57517e-06 
       483.5      98.7439      1.00014  0.000952435 -9.40746e-06 
       483.5      99.1506      1.00014  0.000952333 -9.23175e-06 
       483.5      99.5583      1.00014  0.000952221 -9.04655e-06 
       483.5      99.9667      1.00014    0.0009521 -8.85033e-06 
       483.5      100.376      1.00014  0.000951972 -8.64147e-06 
       483.5      100.786      1.00014  0.000951839 -8.41828e-06 
       483.5      101.197      1.00014  0.000951704   -8.179e-06 
       483.5      101.609      1.00014  0.000951569 -7.92177e-06 
       483.5      102.021      1.00015  0.000951439 -7.64468e-06 
       483.5      102.435      1.00015  0.000951316 -7.34572e-06 
       483.5      102.849      1.00015  0.000951206  -7.0228e-06 
       483.5      103.264      1.00015  0.000951111 -6.67376e-06 
       483.5       103.68      1.00015  0.000951038 -6.29634e-06 
       483.5      104.097      1.00015  0.000950992  -5.8882e-06 
       483.5      104.515      1.00015  0.000950978 -5.44691e-06 
       483.5      104.933      1.00016  0.000951004 -4.96996e-06 
       483.5      105.353      1.00016  0.000951076 -4.45476e-06 
       483.5      105.773      1.00016  0.000951202 -3.89859e-06 
       483.5      106.194      1.00016  0.000951345 -3.48407e-06 
       483.5      106.616      1.00017   0.00095144 -3.26308e-06 
       483.5      107.038      1.00017  0.000951513  -3.0494e-06 
       483.5      107.462      1.00018  0.000951567  -2.8422e-06 
       483.5      107.886      1.00018  0.000951602 -2.64063e-06 
       483.5      108.311      1.00018  0.000951622 -2.44387e-06 
       483.5      108.737      1.00019  0.000951628 -2.25106e-06 
       483.5      109.164      1.00019  0.000951621 -2.06136e-06 
       483.5      109.592       1.0002  0.000951603 -1.87394e-06 
       483.5       110.02       1.0002  0.000951577 -1.68795e-06 
       483.5       110.45       1.0002  0.000951543 -1.50253e-06 
       483.5       110.88      1.00021  0.000951502 -1.31685e-06 
       483.5      111.311      1.00021  0.000951457 -1.13006e-06 
       483.5      111.743      1.00022  0.000951408 -9.41313e-07 
       483.5      112.175      1.00022  0.000951357 -7.49756e-07 
       483.5      112.609      1.00023  0.000951305 -5.54542e-07 
       483.5      113.043      1.00023  0.000951253 -3.54825e-07 
       483.5      113.478      1.00024  0.000951202 -1.49756e-07 
       483.5      113.914      1.00024  0.000951153  6.15144e-08 
       483.5      114.351      1.00024  0.000951107  2.79833e-07 
       483.5      114.789      1.00025  0.000951064  5.06048e-07 
       483.5      115.228      1.00025  0.000951026  7.41006e-07 
       483.5      115.667      1.00026  0.000950993  9.85554e-07 
       483.5      116.107      1.00026  0.000950966  1.24054e-06 
       483.5      116.548      1.00027  0.000950946   1.5068e-06 
       483.5       116.99      1.00027  0.000950932  1.78518e-06 
       483.5      117.433      1.00028  0.000950926  2.07653e-06 
       483.5      117.876      1.00028  0.000950927  2.38168e-06 
       483.5      118.321      1.00028  0.000950937  2.70148e-06 
       483.5      118.766      1.00029  0.000950955  3.03676e-06 
       483.5      119.212      1.00029  0.000950982  3.38835e-06 
       483.5      119.659       1.0003  0.000951018  3.75709e-06 
       483.5      120.107       1.0003  0.000951063  4.14382e-06 
       483.5      120.555       1.0003  0.000951117  4.54935e-06 
       483.5      121.005      1.00031   0.00095118  4.97451e-06 
       483.5      121.455      1.00031  0.000951252  5.42014e-06 
       483.5      121.906      1.00031  0.000951334  5.88704e-06 
       483.5      122.358      1.00032  0.000951424  6.37604e-06 
       483.5      122.811      1.00032  0.000951524  6.88794e-06 
       483.5      123.264      1.00032  0.000951632  7.42356e-06 
       483.5      123.719      1.00033  0.000951748  7.98371e-06 
       483.5      124.174      1.00033  0.000951873  8.56919e-06 
       483.5       124.63      1.00033  0.000951912  8.96841e-06 
       483.5      125.087      1.00033  0.000951804  9.05224e-06 
       483.5      125.545      1.00034  0.000951697  9.14442e-06 
       483.5      126.003      1.00034  0.000951589  9.24495e-06 
       483.5      126.463      1.00034  0.000951482  9.35383e-06 
       483.5      126.923      1.00034  0.000951377  9.47102e-06 
       483.5      127.384      1.00034  0.000951274   9.5965e-06 
       483.5      127.846      1.00035  0.000951173  9.73022e-06 
       483.5      128.309      1.00035  0.000951075  9.87216e-06 
       483.5      128.773      1.00035   0.00095098  1.00223e-05 
       483.5      129.237      1.00035  0.000950889  1.01804e-05 
       483.5      129.702      1.00035  0.000950803  1.03467e-05 
       483.5      130.169      1.00035  0.000950721  1.05209e-05 
       483.5      130.636      1.00035  0.000950645  1.07029e-05 
       483.5      131.103      1.00035  0.000950574  1.08928e-05 
       483.5      131.572      1.00035  0.000950509  1.10903e-05 
       483.5      132.041      1.00035   0.00095045  1.12954e-05 
       483.5      132.512      1.00035  0.000950397   1.1508e-05 
       483.5      132.983      1.00035   0.00095035  1.17279e-05 
       483.5      133.455      1.00035  0.000950311   1.1955e-05 
       483.5      133.928      1.00034  0.000950278  1.21892e-05 
       483.5      134.401      1.00034  0.000950252  1.24302e-05 
       483.5      134.876      1.00034  0.000950233  1.26781e-05 
       483.5      135.351      1.00033  0.000950221  1.29325e-05 
       483.5      135.827      1.00033  0.000950215  1.31933e-05 
       483.5      136.304      1.00033  0.000950216  1.34604e-05 
       483.5      136.782      1.00032  0.000950223  1.37334e-05 
       483.5      137.261      1.00032  0.000950237  1.40123e-05 
       483.5       137.74      1.00031  0.000950255  1.42967e-05 
       483.5      138.221      1.00031  0.000950279  1.45865e-05 
       483.5      138.702       1.0003  0.000950307  1.48814e-05 
       483.5      139.184      1.00029   0.00095034  1.51812e-05 
       483.5      139.667      1.00029  0.000950375  1.54856e-05 
       483.5      140.151      1.00028  0.000950413  1.57943e-05 
       483.5      140.635      1.00027  0.000950452  1.61071e-05 
       483.5       141.12      1.00026  0.000950492  1.64236e-05 
       483.5      141.607      1.00025  0.000950531  1.67436e-05 
       483.5      142.094      1.00024  0.000950568  1.70668e-05 
       483.5      142.582      1.00023  0.000950602  1.73927e-05 
       483.5       143.07      1.00022  0.000950632  1.77211e-05 
       483.5       143.56      1.00021  0.000950655  1.80516e-05 
       483.5       144.05       1.0002  0.000950671  1.83839e-05 
       483.5      144.541      1.00018  0.000950677  1.87176e-05 
       483.5      145.033      1.00017  0.000950671  1.90523e-05 
       483.5      145.526      1.00016  0.000950652  1.93876e-05 
       483.5       146.02      1.00014  0.000950616   1.9723e-05 
       483.5      146.515      1.00013  0.000950563  2.00582e-05 
       483.5       147.01      1.00011  0.000950488  2.03927e-05 
       483.5      147.506      1.00009  0.000950391  2.07261e-05 
       483.5      148.003      1.00008  0.000950267  2.10579e-05 
       483.5      148.501      1.00006  0.000950113  2.13876e-05 
       483.5          149      1.00004  0.000949928  2.17147e-05 
       483.5        149.5      1.00002  0.000949706  2.20388e-05 
       483.5          150            1  0.000949445  2.23592e-05 
