Variables = x, y, u, v, p

Zone, I=600, F=POINT
        11.5           -1           -0           -0   0.00093869 
        11.5    -0.999579 -8.69592e-05 -5.33911e-09  0.000938702 
        11.5    -0.998317 -0.000346943 -1.83846e-08  0.000938738 
        11.5    -0.996212 -0.000778299 -3.04314e-08  0.000938796 
        11.5    -0.993266  -0.00137718 -2.74593e-08  0.000938874 
        11.5    -0.989479  -0.00213878  9.01662e-09  0.000938968 
        11.5     -0.98485  -0.00305711  1.00935e-07  0.000939075 
        11.5    -0.979379  -0.00412464  2.72367e-07  0.000939188 
        11.5    -0.973066  -0.00533243  5.47993e-07  0.000939304 
        11.5    -0.965911  -0.00667022  9.51427e-07  0.000939417 
        11.5    -0.957915  -0.00812619  1.50335e-06  0.000939522 
        11.5    -0.949078  -0.00968738  2.21978e-06  0.000939613 
        11.5    -0.939398   -0.0113398  3.11037e-06  0.000939686 
        11.5    -0.928877   -0.0130675  4.17609e-06  0.000939738 
        11.5    -0.917514   -0.0148535   5.4081e-06  0.000939766 
        11.5     -0.90531   -0.0166795  6.78569e-06  0.000939768 
        11.5    -0.892263   -0.0185261  8.27543e-06  0.000939744 
        11.5    -0.878375   -0.0203721  9.82909e-06  0.000939695 
        11.5    -0.863646   -0.0221952  1.13832e-05  0.000939625 
        11.5    -0.848075   -0.0239722  1.28581e-05  0.000939536 
        11.5    -0.831662   -0.0256781  1.41564e-05  0.000939434 
        11.5    -0.814407    -0.027287  1.51626e-05  0.000939326 
        11.5     -0.79631   -0.0287714  1.57415e-05  0.000939219 
        11.5    -0.777372   -0.0301029  1.57372e-05  0.000939119 
        11.5    -0.757593   -0.0312516  1.49707e-05  0.000939034 
        11.5    -0.736971   -0.0321868  1.32367e-05  0.000938968 
        11.5    -0.715508   -0.0328761  1.03002e-05  0.000938925 
        11.5    -0.693203   -0.0332862  5.88982e-06  0.000938902 
        11.5    -0.670057   -0.0333826 -3.09398e-07  0.000938895 
        11.5    -0.646068   -0.0331297 -8.66788e-06  0.000938888 
        11.5    -0.621239   -0.0324908 -1.96231e-05  0.000938859 
        11.5    -0.595567   -0.0314279 -3.37017e-05  0.000938774 
        11.5    -0.569054   -0.0299021 -5.15386e-05  0.000938582 
        11.5    -0.541699   -0.0278733 -7.39098e-05  0.000938218 
        11.5    -0.513502   -0.0253006 -0.000101767  0.000937592 
        11.5    -0.484464   -0.0221509 -0.000133645  0.000937241 
        11.5    -0.454583   -0.0183933 -0.000170261  0.000937332 
        11.5    -0.423862   -0.0139841 -0.000214116  0.000937367 
        11.5    -0.392298  -0.00888308 -0.000265552  0.000937328 
        11.5    -0.359893  -0.00305033 -0.000324939  0.000937203 
        11.5    -0.326646   0.00355473 -0.000392685  0.000936987 
        11.5    -0.292558    0.0109725 -0.000469226  0.000936684 
        11.5    -0.257627    0.0192444 -0.000555026  0.000936313 
        11.5    -0.221856    0.0284103 -0.000650547  0.000935905 
        11.5    -0.185242     0.038512 -0.000756256  0.000935512 
        11.5    -0.147787    0.0495897 -0.000872571  0.000935207 
        11.5     -0.10949    0.0616843 -0.000999843  0.000935089 
        11.5    -0.070351    0.0748363  -0.00113831  0.000935287 
        11.5    -0.030371    0.0890852  -0.00128802  0.000935965 
        11.5     0.010451     0.104467  -0.00144776  0.000936136 
        11.5     0.052115     0.121013  -0.00161654  0.000935277 
        11.5     0.094621     0.138752  -0.00179461  0.000935993 
        11.5     0.137968     0.157687  -0.00197967  0.000936596 
        11.5     0.182157     0.177817  -0.00217097  0.000936572 
        11.5     0.227187     0.199134  -0.00236687  0.000936851 
        11.5     0.273059     0.221633  -0.00256465   0.00093765 
        11.5     0.319773     0.245209  -0.00276437  0.000937957 
        11.5     0.367329     0.269755    -0.002963  0.000938886 
        11.5     0.415726     0.295181  -0.00315912  0.000940099 
        11.5     0.464965     0.321387  -0.00335192  0.000941358 
        11.5     0.515046     0.348257  -0.00354103   0.00094254 
        11.5     0.565968     0.375663  -0.00372627  0.000943668 
        11.5     0.617732     0.403463  -0.00390735  0.000944933 
        11.5     0.670338     0.431501  -0.00408344  0.000946721 
        11.5     0.723786     0.459608   -0.0042527  0.000949646 
        11.5     0.778075     0.487753   -0.0044191  0.000952825 
        11.5     0.833206     0.515868  -0.00458409  0.000955033 
        11.5     0.889178     0.543768  -0.00474263  0.000957444 
        11.5     0.945992     0.571393  -0.00489522  0.000960178 
        11.5      1.00365     0.598675  -0.00504208  0.000963341 
        11.5      1.06215     0.625547  -0.00518314  0.000967014 
        11.5      1.12149     0.651932  -0.00531809  0.000971258 
        11.5      1.18167     0.677755  -0.00544641    0.0009761 
        11.5      1.24269     0.702934  -0.00556745  0.000981536 
        11.5      1.30455     0.727382  -0.00568047  0.000987523 
        11.5      1.36726      0.75101  -0.00578472  0.000993973 
        11.5      1.43081     0.773724  -0.00587958   0.00100075 
        11.5       1.4952     0.795424  -0.00596466   0.00100766 
        11.5      1.56043      0.81601  -0.00603998   0.00101446 
        11.5       1.6265     0.835373  -0.00610611   0.00102082 
        11.5      1.69341     0.853405   -0.0061644   0.00102634 
        11.5      1.76117     0.869988  -0.00621549   0.00103163 
        11.5      1.82977     0.885269  -0.00625188   0.00104166 
        11.5      1.89921      0.89943  -0.00628074    0.0010516 
        11.5      1.96949     0.912482  -0.00630239   0.00106149 
        11.5      2.04061     0.924439  -0.00631716   0.00107132 
        11.5      2.11258      0.93532  -0.00632537   0.00108112 
        11.5      2.18538     0.945149  -0.00632735    0.0010909 
        11.5      2.25903     0.953952  -0.00632344   0.00110066 
        11.5      2.33352     0.961761  -0.00631396   0.00111044 
        11.5      2.40885     0.968614  -0.00629925   0.00112023 
        11.5      2.48503     0.974551  -0.00627965   0.00113005 
        11.5      2.56204      0.97962  -0.00625549   0.00113992 
        11.5       2.6399      0.98387  -0.00622714   0.00114984 
        11.5       2.7186     0.987359  -0.00619494   0.00115984 
        11.5      2.79814     0.990148  -0.00615927   0.00116991 
        11.5      2.87852     0.992304  -0.00612052   0.00118007 
        11.5      2.95974       0.9939  -0.00607909   0.00119033 
        11.5      3.04181     0.995013  -0.00603541   0.00120069 
        11.5      3.12471     0.995727  -0.00598994   0.00121116 
        11.5      3.20846     0.996132  -0.00594319   0.00122175 
        11.5      3.29305     0.996321   -0.0058957   0.00123244 
        11.5      3.37848     0.996397  -0.00584806   0.00124325 
        11.5      3.46476     0.996465  -0.00580094   0.00125417 
        11.5      3.55187     0.996637  -0.00575507   0.00126519 
        11.5      3.63983     0.997033  -0.00571126   0.00127631 
        11.5      3.72863     0.997776  -0.00567044   0.00128751 
        11.5      3.81827     0.998003  -0.00561823   0.00129559 
        11.5      3.90875     0.998001  -0.00557057   0.00130505 
        11.5      4.00007     0.998016  -0.00552635   0.00131595 
        11.5      4.09224     0.998041  -0.00548124   0.00132718 
        11.5      4.18525      0.99807   -0.0054335   0.00133794 
        11.5      4.27909     0.998099  -0.00538337   0.00134778 
        11.5      4.37378     0.998123  -0.00533234   0.00135662 
        11.5      4.46932     0.998141  -0.00528576    0.0013655 
        11.5      4.56569     0.998147  -0.00524097   0.00137496 
        11.5      4.66291     0.998136  -0.00519553   0.00138599 
        11.5      4.76096     0.998126  -0.00514641   0.00139621 
        11.5      4.85986     0.998121   -0.0050971   0.00140503 
        11.5       4.9596     0.998113  -0.00504902   0.00141436 
        11.5      5.06018       0.9981  -0.00500122    0.0014237 
        11.5      5.16161     0.998084  -0.00495334   0.00143294 
        11.5      5.26387     0.998067  -0.00490537   0.00144207 
        11.5      5.36698     0.998049  -0.00485734   0.00145108 
        11.5      5.47093     0.998033  -0.00480932   0.00145996 
        11.5      5.57572      0.99802  -0.00476137   0.00146873 
        11.5      5.68135     0.998009  -0.00471353    0.0014774 
        11.5      5.78783     0.998001  -0.00466579     0.001486 
        11.5      5.89514     0.997997  -0.00461805   0.00149458 
        11.5       6.0033     0.997997  -0.00457005   0.00150318 
        11.5       6.1123     0.997999  -0.00452155   0.00151174 
        11.5      6.22214     0.998001  -0.00447398   0.00151934 
        11.5      6.33282     0.998001  -0.00442659   0.00152698 
        11.5      6.44435     0.997999  -0.00437924   0.00153466 
        11.5      6.55671     0.997996  -0.00433185   0.00154235 
        11.5      6.66992     0.997991  -0.00428436   0.00155002 
        11.5      6.78397     0.997984  -0.00423676   0.00155763 
        11.5      6.89886     0.997976  -0.00418908   0.00156513 
        11.5      7.01459     0.997967  -0.00414137   0.00157248 
        11.5      7.13117     0.997956  -0.00409374    0.0015796 
        11.5      7.24858     0.997945   -0.0040463   0.00158643 
        11.5      7.36684     0.997933  -0.00399921   0.00159286 
        11.5      7.48594     0.997922  -0.00395268   0.00159881 
        11.5      7.60588      0.99791   -0.0039069   0.00160417 
        11.5      7.72666     0.997895   -0.0038603   0.00161058 
        11.5      7.84829     0.997881  -0.00381352   0.00161729 
        11.5      7.97075     0.997867  -0.00376704   0.00162372 
        11.5      8.09406     0.997855  -0.00372063   0.00162994 
        11.5      8.21821     0.997845  -0.00367398   0.00163604 
        11.5       8.3432     0.997842  -0.00362769   0.00164138 
        11.5      8.46904      0.99784  -0.00358146   0.00164639 
        11.5      8.59571     0.997839  -0.00353535   0.00165106 
        11.5      8.72323      0.99784  -0.00348941   0.00165539 
        11.5      8.85159     0.997843  -0.00344397    0.0016597 
        11.5      8.98079     0.997849  -0.00339932   0.00166452 
        11.5      9.11083     0.997856  -0.00335477   0.00166919 
        11.5      9.24171     0.997862  -0.00331029   0.00167368 
        11.5      9.37344     0.997869  -0.00326585   0.00167799 
        11.5        9.506     0.997876  -0.00322144   0.00168208 
        11.5      9.63941     0.997881  -0.00317707   0.00168595 
        11.5      9.77366     0.997886  -0.00313276   0.00168959 
        11.5      9.90875      0.99789  -0.00308854     0.001693 
        11.5      10.0447     0.997893  -0.00304445   0.00169617 
        11.5      10.1815     0.997895  -0.00300054   0.00169912 
        11.5      10.3191     0.997895  -0.00295685   0.00170185 
        11.5      10.4575     0.997893  -0.00291341   0.00170439 
        11.5      10.5968      0.99789  -0.00287025   0.00170676 
        11.5       10.737     0.997885   -0.0028274   0.00170898 
        11.5       10.878     0.997879  -0.00278485    0.0017111 
        11.5      11.0198     0.997871  -0.00274258   0.00171317 
        11.5      11.1625     0.997862  -0.00270053   0.00171522 
        11.5       11.306     0.997851  -0.00265861   0.00171733 
        11.5      11.4503     0.997841  -0.00261667   0.00171941 
        11.5      11.5955     0.997836  -0.00257491   0.00172036 
        11.5      11.7415     0.997831  -0.00253352   0.00172126 
        11.5      11.8884     0.997827  -0.00249248   0.00172208 
        11.5      12.0361     0.997824  -0.00245176   0.00172282 
        11.5      12.1847     0.997822  -0.00241133   0.00172345 
        11.5      12.3341     0.997821  -0.00237118   0.00172396 
        11.5      12.4843     0.997821  -0.00233128   0.00172433 
        11.5      12.6354     0.997822  -0.00229161   0.00172453 
        11.5      12.7873     0.997824  -0.00225217   0.00172457 
        11.5      12.9401     0.997827  -0.00221293   0.00172441 
        11.5      13.0937     0.997831  -0.00217389   0.00172405 
        11.5      13.2482     0.997835  -0.00213505   0.00172347 
        11.5      13.4035     0.997841  -0.00209641   0.00172265 
        11.5      13.5596     0.997846  -0.00205798   0.00172158 
        11.5      13.7166     0.997852  -0.00201979   0.00172024 
        11.5      13.8744     0.997858  -0.00198186   0.00171862 
        11.5       14.033     0.997865  -0.00194422   0.00171671 
        11.5      14.1925      0.99787  -0.00190726   0.00171552 
        11.5      14.3529     0.997875  -0.00187052   0.00171434 
        11.5      14.5141     0.997879  -0.00183389   0.00171288 
        11.5      14.6761     0.997883  -0.00179742   0.00171117 
        11.5       14.839     0.997887  -0.00176112    0.0017092 
        11.5      15.0027     0.997891  -0.00172504     0.001707 
        11.5      15.1672     0.997894  -0.00168919   0.00170459 
        11.5      15.3326     0.997896   -0.0016536   0.00170198 
        11.5      15.4988     0.997898   -0.0016183   0.00169919 
        11.5      15.6659     0.997899  -0.00158328   0.00169626 
        11.5      15.8338     0.997903  -0.00154892   0.00169348 
        11.5      16.0026     0.997907  -0.00151483   0.00169058 
        11.5      16.1722     0.997911  -0.00148091   0.00168746 
        11.5      16.3426     0.997916   -0.0014472   0.00168415 
        11.5      16.5139      0.99792  -0.00141372   0.00168067 
        11.5      16.6861     0.997924  -0.00138051   0.00167704 
        11.5       16.859     0.997929  -0.00134758   0.00167326 
        11.5      17.0328     0.997934  -0.00131494   0.00166936 
        11.5      17.2075     0.997939   -0.0012826   0.00166534 
        11.5       17.383     0.997944  -0.00125056   0.00166122 
        11.5      17.5593      0.99795  -0.00121881     0.001657 
        11.5      17.7365     0.997956  -0.00118735   0.00165269 
        11.5      17.9145     0.997962  -0.00115617   0.00164828 
        11.5      18.0934     0.997968  -0.00112525   0.00164378 
        11.5      18.2731     0.997974  -0.00109457   0.00163918 
        11.5      18.4536     0.997981  -0.00106413   0.00163448 
        11.5       18.635     0.997987  -0.00103392   0.00162966 
        11.5      18.8172     0.997994  -0.00100392    0.0016247 
        11.5      19.0003     0.998001 -0.000974123    0.0016196 
        11.5      19.1842     0.998008 -0.000944541   0.00161433 
        11.5       19.369     0.998016 -0.000915177   0.00160886 
        11.5      19.5545     0.998023 -0.000886424   0.00160356 
        11.5       19.741      0.99803 -0.000858159   0.00159834 
        11.5      19.9283     0.998036 -0.000830246   0.00159307 
        11.5      20.1164     0.998042 -0.000802444   0.00158761 
        11.5      20.3053     0.998047 -0.000774804   0.00158199 
        11.5      20.4951     0.998054 -0.000747415   0.00157625 
        11.5      20.6858      0.99806  -0.00072028   0.00157041 
        11.5      20.8773     0.998067 -0.000693401   0.00156448 
        11.5      21.0696     0.998074 -0.000666781   0.00155848 
        11.5      21.2628     0.998081 -0.000640423   0.00155239 
        11.5      21.4568     0.998088 -0.000614327   0.00154624 
        11.5      21.6516     0.998096 -0.000588495   0.00154003 
        11.5      21.8473     0.998104  -0.00056293   0.00153376 
        11.5      22.0438     0.998111 -0.000537631   0.00152744 
        11.5      22.2412      0.99812   -0.0005126   0.00152106 
        11.5      22.4394     0.998128 -0.000487838   0.00151463 
        11.5      22.6385     0.998136 -0.000463346   0.00150816 
        11.5      22.8384     0.998144 -0.000439124   0.00150162 
        11.5      23.0391     0.998152 -0.000415173   0.00149504 
        11.5      23.2407     0.998161 -0.000391493   0.00148839 
        11.5      23.4432     0.998169 -0.000368087   0.00148168 
        11.5      23.6464     0.998178 -0.000344955   0.00147489 
        11.5      23.8505     0.998186 -0.000322012   0.00146809 
        11.5      24.0555     0.998194 -0.000299264   0.00146129 
        11.5      24.2613     0.998203  -0.00027677   0.00145445 
        11.5      24.4679     0.998211 -0.000254529   0.00144756 
        11.5      24.6754     0.998219 -0.000232538   0.00144064 
        11.5      24.8837     0.998228 -0.000210795   0.00143368 
        11.5      25.0929     0.998236 -0.000189299   0.00142669 
        11.5      25.3029     0.998245 -0.000168047   0.00141966 
        11.5      25.5137     0.998253 -0.000147039   0.00141261 
        11.5      25.7254     0.998262  -0.00012627   0.00140552 
        11.5      25.9379      0.99827 -0.000105741   0.00139841 
        11.5      26.1513     0.998279 -8.54477e-05   0.00139128 
        11.5      26.3655     0.998288 -6.53895e-05   0.00138412 
        11.5      26.5806     0.998296  -4.5564e-05   0.00137694 
        11.5      26.7965     0.998305 -2.59692e-05   0.00136975 
        11.5      27.0132     0.998314 -6.60302e-06   0.00136254 
        11.5      27.2308     0.998323  1.25364e-05   0.00135532 
        11.5      27.4492     0.998331  3.14513e-05   0.00134808 
        11.5      27.6685      0.99834  5.01437e-05   0.00134084 
        11.5      27.8886     0.998349  6.86157e-05   0.00133359 
        11.5      28.1095     0.998358  8.68695e-05   0.00132633 
        11.5      28.3313     0.998367  0.000104907   0.00131906 
        11.5      28.5539     0.998376  0.000122731    0.0013118 
        11.5      28.7774     0.998385  0.000140343   0.00130453 
        11.5      29.0017     0.998394  0.000157746   0.00129727 
        11.5      29.2268     0.998403  0.000174942      0.00129 
        11.5      29.4528     0.998412  0.000191933   0.00128274 
        11.5      29.6797     0.998421   0.00020879   0.00127548 
        11.5      29.9074      0.99843  0.000225427   0.00126821 
        11.5      30.1359     0.998438  0.000241846   0.00126094 
        11.5      30.3652     0.998447  0.000258047   0.00125367 
        11.5      30.5954     0.998456  0.000274033   0.00124641 
        11.5      30.8265     0.998465  0.000289807   0.00123916 
        11.5      31.0584     0.998474  0.000305371   0.00123191 
        11.5      31.2911     0.998483   0.00032073   0.00122468 
        11.5      31.5247     0.998492  0.000335886   0.00121745 
        11.5      31.7591     0.998502  0.000350847   0.00121024 
        11.5      31.9943     0.998511  0.000365617   0.00120304 
        11.5      32.2304      0.99852  0.000380235   0.00119588 
        11.5      32.4674     0.998529  0.000394714   0.00118874 
        11.5      32.7051     0.998537  0.000409025    0.0011816 
        11.5      32.9438     0.998546  0.000423167   0.00117447 
        11.5      33.1832     0.998555  0.000437137   0.00116734 
        11.5      33.4235     0.998564  0.000450937   0.00116022 
        11.5      33.6647     0.998573  0.000464563    0.0011531 
        11.5      33.9067     0.998581  0.000478016     0.001146 
        11.5      34.1495      0.99859  0.000491295   0.00113891 
        11.5      34.3932     0.998599    0.0005044   0.00113183 
        11.5      34.6377     0.998608  0.000517332   0.00112478 
        11.5       34.883     0.998617  0.000530072   0.00111787 
        11.5      35.1292     0.998626  0.000542641     0.001111 
        11.5      35.3763     0.998634  0.000555047   0.00110415 
        11.5      35.6241     0.998643   0.00056729   0.00109733 
        11.5      35.8729     0.998652  0.000579374   0.00109054 
        11.5      36.1224      0.99866    0.0005913   0.00108377 
        11.5      36.3728     0.998669  0.000603072   0.00107702 
        11.5      36.6241     0.998678  0.000614691   0.00107031 
        11.5      36.8761     0.998686  0.000626161   0.00106362 
        11.5      37.1291     0.998695  0.000637483   0.00105695 
        11.5      37.3828     0.998703   0.00064866   0.00105032 
        11.5      37.6375     0.998712  0.000659693   0.00104372 
        11.5      37.8929      0.99872  0.000670586   0.00103715 
        11.5      38.1492     0.998729  0.000681339    0.0010306 
        11.5      38.4063     0.998737  0.000691956   0.00102409 
        11.5      38.6643     0.998746  0.000702437   0.00101761 
        11.5      38.9231     0.998754  0.000712786   0.00101117 
        11.5      39.1828     0.998763  0.000723003   0.00100476 
        11.5      39.4433     0.998771   0.00073309  0.000998376 
        11.5      39.7047     0.998779  0.000743048  0.000992031 
        11.5      39.9668     0.998788   0.00075288  0.000985721 
        11.5      40.2299     0.998796  0.000762585  0.000979446 
        11.5      40.4937     0.998804  0.000772167  0.000973208 
        11.5      40.7585     0.998812  0.000781624  0.000967005 
        11.5       41.024      0.99882  0.000790959   0.00096084 
        11.5      41.2904     0.998829  0.000800171  0.000954712 
        11.5      41.5576     0.998837  0.000809262  0.000948622 
        11.5      41.8257     0.998845  0.000818231  0.000942571 
        11.5      42.0946     0.998853  0.000827079  0.000936559 
        11.5      42.3644     0.998861  0.000835805  0.000930586 
        11.5       42.635     0.998869  0.000844409  0.000924653 
        11.5      42.9065     0.998877  0.000852892   0.00091876 
        11.5      43.1787     0.998885  0.000861251  0.000912908 
        11.5      43.4519     0.998893  0.000869486  0.000907097 
        11.5      43.7258       0.9989  0.000877595  0.000901328 
        11.5      44.0007     0.998908  0.000885578    0.0008956 
        11.5      44.2763     0.998916  0.000893432  0.000889915 
        11.5      44.5528     0.998924  0.000901155  0.000884272 
        11.5      44.8301     0.998931  0.000908745  0.000878673 
        11.5      45.1083     0.998939  0.000916226  0.000873118 
        11.5      45.3873     0.998946  0.000923819  0.000867623 
        11.5      45.6672     0.998954    0.0009313  0.000862166 
        11.5      45.9479     0.998962  0.000938673  0.000856747 
        11.5      46.2295     0.998969  0.000945938  0.000851365 
        11.5      46.5118     0.998977  0.000953098  0.000846021 
        11.5      46.7951     0.998984  0.000960155  0.000840716 
        11.5      47.0791     0.998992   0.00096711  0.000835449 
        11.5      47.3641     0.998999  0.000973966  0.000830221 
        11.5      47.6498     0.999007  0.000980725  0.000825033 
        11.5      47.9364     0.999014  0.000987388  0.000819883 
        11.5      48.2238     0.999021  0.000993957  0.000814774 
        11.5      48.5121     0.999028   0.00100043  0.000809703 
        11.5      48.8012     0.999036   0.00100682  0.000804673 
        11.5      49.0912     0.999043   0.00101312  0.000799683 
        11.5       49.382      0.99905   0.00101933  0.000794733 
        11.5      49.6737     0.999057   0.00102546  0.000789823 
        11.5      49.9661     0.999064    0.0010315  0.000784954 
        11.5      50.2595     0.999071   0.00103746  0.000780126 
        11.5      50.5536     0.999078   0.00104334  0.000775338 
        11.5      50.8487     0.999085   0.00104914  0.000770592 
        11.5      51.1445     0.999092   0.00105486  0.000765886 
        11.5      51.4412     0.999099   0.00106051  0.000761221 
        11.5      51.7387     0.999106   0.00106608  0.000756598 
        11.5      52.0371     0.999112   0.00107158  0.000752015 
        11.5      52.3364     0.999119   0.00107701  0.000747474 
        11.5      52.6364     0.999126   0.00108236  0.000742975 
        11.5      52.9373     0.999133   0.00108764  0.000738516 
        11.5      53.2391     0.999139   0.00109286  0.000734099 
        11.5      53.5417     0.999146     0.001098  0.000729723 
        11.5      53.8451     0.999152   0.00110308  0.000725388 
        11.5      54.1494     0.999159    0.0011081  0.000721095 
        11.5      54.4545     0.999165   0.00111304  0.000716843 
        11.5      54.7604     0.999172   0.00111793  0.000712632 
        11.5      55.0672     0.999178   0.00112274  0.000708462 
        11.5      55.3749     0.999185    0.0011275  0.000704333 
        11.5      55.6833     0.999191   0.00113219  0.000700245 
        11.5      55.9927     0.999197   0.00113683  0.000696197 
        11.5      56.3028     0.999204    0.0011414   0.00069219 
        11.5      56.6138      0.99921   0.00114591  0.000688224 
        11.5      56.9257     0.999216   0.00115036  0.000684297 
        11.5      57.2384     0.999222   0.00115475  0.000680411 
        11.5      57.5519     0.999228   0.00115908  0.000676565 
        11.5      57.8663     0.999235   0.00116335  0.000672758 
        11.5      58.1815     0.999241   0.00116757   0.00066899 
        11.5      58.4975     0.999247   0.00117172  0.000665262 
        11.5      58.8144     0.999253   0.00117582  0.000661572 
        11.5      59.1322     0.999259   0.00117986  0.000657921 
        11.5      59.4508     0.999265   0.00118384  0.000654308 
        11.5      59.7702     0.999271   0.00118776  0.000650732 
        11.5      60.0904     0.999277   0.00119162  0.000647194 
        11.5      60.4115     0.999282   0.00119543  0.000643693 
        11.5      60.7335     0.999288   0.00119919  0.000640225 
        11.5      61.0563     0.999294    0.0012029  0.000636785 
        11.5      61.3799       0.9993   0.00120655  0.000633377 
        11.5      61.7044     0.999305   0.00121016  0.000630001 
        11.5      62.0297     0.999311   0.00121371  0.000626656 
        11.5      62.3559     0.999317   0.00121722   0.00062334 
        11.5      62.6829     0.999322   0.00122067  0.000620054 
        11.5      63.0107     0.999328   0.00122408  0.000616797 
        11.5      63.3394     0.999333   0.00122744  0.000613567 
        11.5      63.6689     0.999338   0.00123075  0.000610364 
        11.5      63.9993     0.999344   0.00123402  0.000607186 
        11.5      64.3305     0.999349   0.00123734  0.000604095 
        11.5      64.6625     0.999354   0.00124062  0.000601033 
        11.5      64.9954      0.99936   0.00124386  0.000597999 
        11.5      65.3291     0.999365   0.00124706  0.000594992 
        11.5      65.6637      0.99937   0.00125021  0.000592013 
        11.5      65.9991     0.999376   0.00125332  0.000589062 
        11.5      66.3354     0.999381   0.00125639   0.00058614 
        11.5      66.6725     0.999386   0.00125942  0.000583246 
        11.5      67.0104     0.999391   0.00126239  0.000580395 
        11.5      67.3492     0.999396   0.00126528  0.000577635 
        11.5      67.6888     0.999401   0.00126812  0.000574907 
        11.5      68.0293     0.999406   0.00127093  0.000572213 
        11.5      68.3706     0.999411   0.00127369   0.00056955 
        11.5      68.7127     0.999416   0.00127641   0.00056692 
        11.5      69.0557     0.999421   0.00127909  0.000564322 
        11.5      69.3996     0.999426   0.00128173  0.000561755 
        11.5      69.7442     0.999431   0.00128433   0.00055922 
        11.5      70.0897     0.999436    0.0012869  0.000556716 
        11.5      70.4361     0.999441   0.00128943  0.000554243 
        11.5      70.7833     0.999446   0.00129192  0.000551801 
        11.5      71.1313     0.999451   0.00129438  0.000549389 
        11.5      71.4802     0.999455   0.00129681  0.000547008 
        11.5      71.8299      0.99946    0.0012992  0.000544657 
        11.5      72.1805     0.999465   0.00130156  0.000542335 
        11.5      72.5319      0.99947   0.00130389  0.000540044 
        11.5      72.8842     0.999474   0.00130619  0.000537782 
        11.5      73.2373     0.999479   0.00130846  0.000535549 
        11.5      73.5912     0.999483    0.0013107  0.000533345 
        11.5       73.946     0.999488   0.00131291   0.00053117 
        11.5      74.3016     0.999492    0.0013151  0.000529024 
        11.5       74.658     0.999497   0.00131725  0.000526906 
        11.5      75.0153     0.999501   0.00131938  0.000524817 
        11.5      75.3735     0.999506   0.00132149  0.000522755 
        11.5      75.7324      0.99951   0.00132356  0.000520721 
        11.5      76.0923     0.999514   0.00132562  0.000518716 
        11.5      76.4529     0.999519   0.00132765  0.000516737 
        11.5      76.8144     0.999523   0.00132965  0.000514786 
        11.5      77.1768     0.999527   0.00133163  0.000512862 
        11.5        77.54     0.999531   0.00133359  0.000510965 
        11.5       77.904     0.999535   0.00133552  0.000509095 
        11.5      78.2689      0.99954   0.00133744  0.000507252 
        11.5      78.6346     0.999544   0.00133933  0.000505435 
        11.5      79.0012     0.999548   0.00134119  0.000503644 
        11.5      79.3686     0.999552   0.00134304   0.00050188 
        11.5      79.7368     0.999556   0.00134487  0.000500142 
        11.5      80.1059      0.99956   0.00134667   0.00049843 
        11.5      80.4758     0.999564   0.00134845  0.000496744 
        11.5      80.8466     0.999567   0.00135021  0.000495083 
        11.5      81.2182     0.999571   0.00135195  0.000493448 
        11.5      81.5906     0.999575   0.00135366  0.000491839 
        11.5      81.9639     0.999579   0.00135536  0.000490255 
        11.5       82.338     0.999583   0.00135703  0.000488697 
        11.5       82.713     0.999587   0.00135868  0.000487163 
        11.5      83.0888      0.99959   0.00136031  0.000485655 
        11.5      83.4655     0.999594   0.00136191  0.000484172 
        11.5       83.843     0.999598   0.00136349  0.000482714 
        11.5      84.2213     0.999601   0.00136505  0.000481282 
        11.5      84.6005     0.999605   0.00136658  0.000479874 
        11.5      84.9805     0.999609   0.00136809  0.000478491 
        11.5      85.3614     0.999612   0.00136956  0.000477133 
        11.5      85.7431     0.999616   0.00137102    0.0004758 
        11.5      86.1257      0.99962   0.00137244  0.000474492 
        11.5      86.5091     0.999623   0.00137383  0.000473209 
        11.5      86.8933     0.999627    0.0013752  0.000471951 
        11.5      87.2784     0.999631   0.00137653  0.000470718 
        11.5      87.6643     0.999634   0.00137783   0.00046951 
        11.5       88.051     0.999638   0.00137911  0.000468326 
        11.5      88.4386     0.999641    0.0013806  0.000467139 
        11.5      88.8271     0.999644   0.00138205  0.000465969 
        11.5      89.2164     0.999647   0.00138345  0.000464818 
        11.5      89.6065     0.999651   0.00138481  0.000463684 
        11.5      89.9974     0.999654   0.00138612  0.000462568 
        11.5      90.3893     0.999657    0.0013874   0.00046147 
        11.5      90.7819      0.99966   0.00138864  0.000460391 
        11.5      91.1754     0.999663   0.00138985   0.00045933 
        11.5      91.5697     0.999667   0.00139102  0.000458288 
        11.5      91.9649      0.99967   0.00139217  0.000457265 
        11.5      92.3609     0.999673   0.00139328  0.000456262 
        11.5      92.7578     0.999676   0.00139438  0.000455277 
        11.5      93.1555      0.99968   0.00139544  0.000454313 
        11.5       93.554     0.999683   0.00139649  0.000453368 
        11.5      93.9534     0.999686   0.00139751  0.000452443 
        11.5      94.3536     0.999689   0.00139852  0.000451538 
        11.5      94.7547     0.999692    0.0013995  0.000450654 
        11.5      95.1566     0.999695   0.00140048  0.000449791 
        11.5      95.5593     0.999699   0.00140143  0.000448948 
        11.5      95.9629     0.999702   0.00140237  0.000448127 
        11.5      96.3674     0.999705    0.0014033  0.000447328 
        11.5      96.7726     0.999708   0.00140422   0.00044655 
        11.5      97.1788     0.999711   0.00140513  0.000445794 
        11.5      97.5857     0.999714   0.00140603  0.000445061 
        11.5      97.9935     0.999717   0.00140692   0.00044435 
        11.5      98.4022      0.99972    0.0014078  0.000443663 
        11.5      98.8116     0.999723   0.00140867  0.000442999 
        11.5       99.222     0.999725   0.00140954  0.000442358 
        11.5      99.6331     0.999728   0.00141041  0.000441741 
        11.5      100.045     0.999731   0.00141127  0.000441149 
        11.5      100.458     0.999734   0.00141213  0.000440581 
        11.5      100.872     0.999737   0.00141298  0.000440039 
        11.5      101.286     0.999739   0.00141383  0.000439521 
        11.5      101.702     0.999742   0.00141468   0.00043903 
        11.5      102.118     0.999745   0.00141553  0.000438564 
        11.5      102.535     0.999747   0.00141638  0.000438125 
        11.5      102.953      0.99975   0.00141724  0.000437713 
        11.5      103.372     0.999752   0.00141809  0.000437328 
        11.5      103.791     0.999755   0.00141894  0.000436971 
        11.5      104.212     0.999757    0.0014198  0.000436642 
        11.5      104.633      0.99976   0.00142066  0.000436342 
        11.5      105.055     0.999762   0.00142152  0.000436071 
        11.5      105.478     0.999765   0.00142239  0.000435829 
        11.5      105.902     0.999767   0.00142326  0.000435617 
        11.5      106.326     0.999769   0.00142414  0.000435436 
        11.5      106.752     0.999772   0.00142503  0.000435286 
        11.5      107.178     0.999774   0.00142592  0.000435167 
        11.5      107.605     0.999777   0.00142664  0.000434917 
        11.5      108.033     0.999779   0.00142727  0.000434607 
        11.5      108.462     0.999781   0.00142788  0.000434316 
        11.5      108.892     0.999784    0.0014285  0.000434046 
        11.5      109.322     0.999786    0.0014291  0.000433796 
        11.5      109.754     0.999788    0.0014297  0.000433566 
        11.5      110.186     0.999791   0.00143029  0.000433356 
        11.5      110.619     0.999793   0.00143087  0.000433165 
        11.5      111.053     0.999795   0.00143145  0.000432995 
        11.5      111.488     0.999797   0.00143202  0.000432843 
        11.5      111.923     0.999799   0.00143258  0.000432712 
        11.5       112.36     0.999801   0.00143313  0.000432599 
        11.5      112.797     0.999803   0.00143367  0.000432506 
        11.5      113.235     0.999805   0.00143421  0.000432432 
        11.5      113.674     0.999807   0.00143473  0.000432378 
        11.5      114.114     0.999809   0.00143524  0.000432342 
        11.5      114.554     0.999811   0.00143574  0.000432326 
        11.5      114.996     0.999813   0.00143623  0.000432328 
        11.5      115.438     0.999815    0.0014367   0.00043235 
        11.5      115.881     0.999816   0.00143717   0.00043239 
        11.5      116.325     0.999818   0.00143762  0.000432449 
        11.5       116.77      0.99982   0.00143805  0.000432527 
        11.5      117.216     0.999822   0.00143847  0.000432624 
        11.5      117.662     0.999824   0.00143888   0.00043274 
        11.5       118.11     0.999825   0.00143927  0.000432874 
        11.5      118.558     0.999827   0.00143965  0.000433027 
        11.5      119.007     0.999829   0.00144001  0.000433199 
        11.5      119.457     0.999831   0.00144035  0.000433389 
        11.5      119.907     0.999832   0.00144067  0.000433598 
        11.5      120.359     0.999834   0.00144098  0.000433826 
        11.5      120.811     0.999836   0.00144127  0.000434073 
        11.5      121.265     0.999838   0.00144154  0.000434338 
        11.5      121.719      0.99984   0.00144179  0.000434623 
        11.5      122.174     0.999841   0.00144202  0.000434926 
        11.5      122.629     0.999843   0.00144223  0.000435247 
        11.5      123.086     0.999845    0.0014425  0.000435493 
        11.5      123.544     0.999846   0.00144285  0.000435667 
        11.5      124.002     0.999848   0.00144319   0.00043587 
        11.5      124.461     0.999849   0.00144354  0.000436101 
        11.5      124.921      0.99985   0.00144388   0.00043636 
        11.5      125.382     0.999852   0.00144422  0.000436646 
        11.5      125.843     0.999853   0.00144456  0.000436958 
        11.5      126.306     0.999854    0.0014449  0.000437296 
        11.5      126.769     0.999855   0.00144525  0.000437657 
        11.5      127.233     0.999855   0.00144559  0.000438042 
        11.5      127.699     0.999856   0.00144594  0.000438451 
        11.5      128.164     0.999857   0.00144629  0.000438881 
        11.5      128.631     0.999858   0.00144664  0.000439333 
        11.5      129.099     0.999859     0.001447  0.000439805 
        11.5      129.567      0.99986   0.00144735  0.000440298 
        11.5      130.036      0.99986   0.00144771   0.00044081 
        11.5      130.506     0.999861   0.00144806  0.000441341 
        11.5      130.977     0.999862   0.00144842  0.000441891 
        11.5      131.449     0.999863   0.00144877  0.000442458 
        11.5      131.922     0.999863   0.00144913  0.000443042 
        11.5      132.395     0.999864   0.00144948  0.000443644 
        11.5      132.869     0.999865   0.00144983  0.000444262 
        11.5      133.345     0.999866   0.00145017  0.000444896 
        11.5      133.821     0.999867   0.00145051  0.000445545 
        11.5      134.297     0.999868   0.00145084   0.00044621 
        11.5      134.775     0.999869   0.00145117  0.000446889 
        11.5      135.254      0.99987   0.00145149  0.000447584 
        11.5      135.733     0.999871    0.0014518  0.000448292 
        11.5      136.213     0.999873    0.0014521  0.000449015 
        11.5      136.694     0.999874   0.00145239  0.000449752 
        11.5      137.176     0.999876   0.00145267  0.000450503 
        11.5      137.659     0.999877   0.00145293  0.000451267 
        11.5      138.142     0.999879   0.00145319  0.000452045 
        11.5      138.627     0.999881   0.00145343  0.000452837 
        11.5      139.112     0.999883   0.00145365  0.000453642 
        11.5      139.598     0.999885   0.00145386  0.000454461 
        11.5      140.085     0.999888   0.00145406  0.000455294 
        11.5      140.573      0.99989   0.00145424   0.00045614 
        11.5      141.061     0.999893   0.00145441  0.000457001 
        11.5      141.551     0.999896   0.00145456  0.000457875 
        11.5      142.041       0.9999    0.0014547  0.000458765 
        11.5      142.532     0.999903   0.00145482  0.000459669 
        11.5      143.024     0.999907   0.00145493  0.000460588 
        11.5      143.517     0.999911   0.00145502  0.000461523 
        11.5      144.011     0.999916   0.00145511  0.000462473 
        11.5      144.505      0.99992   0.00145518  0.000463441 
        11.5          145     0.999925   0.00145525  0.000464425 
        11.5      145.497     0.999931    0.0014553  0.000465426 
        11.5      145.994     0.999937   0.00145536  0.000466446 
        11.5      146.491     0.999943   0.00145541  0.000467484 
        11.5       146.99      0.99995   0.00145546  0.000468542 
        11.5       147.49     0.999957   0.00145551   0.00046962 
        11.5       147.99     0.999964   0.00145557   0.00047072 
        11.5      148.491     0.999972   0.00145565  0.000471841 
        11.5      148.993     0.999981   0.00145573  0.000472985 
        11.5      149.496      0.99999   0.00145584  0.000474153 
        11.5          150            1   0.00145597  0.000475346 
