Variables = x, y, u, v, p

Zone, I=600, F=POINT
        49.5            0  1.16356e-05  3.46176e-07   0.00070165 
        49.5     0.000418  0.000306965  3.36823e-07  0.000701657 
        49.5     0.001672   0.00119281  3.27474e-07  0.000701679 
        49.5     0.003763   0.00266942  3.74099e-07  0.000701715 
        49.5     0.006689   0.00473465  5.69231e-07  0.000701765 
        49.5     0.010451   0.00738811  1.04108e-06  0.000701828 
        49.5      0.01505     0.010629  1.95236e-06  0.000701906 
        49.5     0.020485    0.0144549  3.49799e-06  0.000701996 
        49.5     0.026756    0.0188634  5.90331e-06  0.000702098 
        49.5     0.033863    0.0238516  9.42141e-06  0.000702212 
        49.5     0.041806    0.0294162  1.43302e-05  0.000702338 
        49.5     0.050585    0.0355531  2.09291e-05  0.000702475 
        49.5     0.060201    0.0422582  2.95362e-05  0.000702621 
        49.5     0.070652    0.0495243  4.04803e-05  0.000702778 
        49.5      0.08194    0.0573464  5.41033e-05  0.000702943 
        49.5     0.094063    0.0657153  7.07468e-05  0.000703118 
        49.5     0.107023    0.0746235   9.0756e-05  0.000703301 
        49.5     0.120819    0.0840602  0.000114466  0.000703492 
        49.5     0.135451    0.0940138  0.000142198  0.000703692 
        49.5     0.150919     0.104471  0.000174258  0.000703901 
        49.5     0.167224     0.115418  0.000210922  0.000704118 
        49.5     0.184364     0.126835  0.000252432  0.000704345 
        49.5     0.202341     0.138706  0.000298992  0.000704583 
        49.5     0.221153     0.151007  0.000350751  0.000704834 
        49.5     0.240802     0.163717  0.000407807  0.000705098 
        49.5     0.261287     0.176676  0.000462807  0.000705408 
        49.5     0.282608     0.190223  0.000535328  0.000705693 
        49.5     0.304765     0.204012  0.000609839  0.000706016 
        49.5     0.327758     0.218023  0.000686099  0.000706379 
        49.5     0.351588     0.232236  0.000763831  0.000706788 
        49.5     0.376253     0.246631  0.000842711  0.000707247 
        49.5     0.401755     0.261195  0.000922385  0.000707761 
        49.5     0.428092      0.27591   0.00100244  0.000708334 
        49.5     0.455266     0.290768   0.00108243  0.000708972 
        49.5     0.483276     0.305759   0.00116184  0.000709682 
        49.5     0.512122     0.320876   0.00124011  0.000710469 
        49.5     0.541805     0.336119   0.00131662   0.00071134 
        49.5     0.572323     0.351486   0.00139068  0.000712303 
        49.5     0.603677     0.366986   0.00146153  0.000713364 
        49.5     0.635868     0.382627   0.00152835  0.000714533 
        49.5     0.668894     0.398423   0.00159023  0.000715817 
        49.5     0.702757     0.414394   0.00164621  0.000717226 
        49.5     0.737456     0.430565   0.00169521  0.000718769 
        49.5     0.772991     0.447039    0.0017566  0.000720435 
        49.5     0.809362       0.4641   0.00181126  0.000722171 
        49.5      0.84657     0.481464   0.00186802  0.000724053 
        49.5     0.884613     0.499105   0.00192683  0.000726086 
        49.5     0.923492        0.517   0.00198761  0.000728276 
        49.5     0.963208      0.53512   0.00205029  0.000730629 
        49.5      1.00376     0.553435   0.00211477  0.000733149 
        49.5      1.04515     0.571912   0.00218093  0.000735843 
        49.5      1.08737     0.590512   0.00224866  0.000738715 
        49.5      1.13043     0.609199   0.00231779  0.000741771 
        49.5      1.17433     0.627928   0.00238817  0.000745016 
        49.5      1.21906     0.646653   0.00245961  0.000748455 
        49.5      1.26463     0.665327   0.00253191  0.000752092 
        49.5      1.31103     0.683894   0.00260483  0.000755932 
        49.5      1.35827     0.702298   0.00267812  0.000759979 
        49.5      1.40635     0.720479   0.00275151  0.000764238 
        49.5      1.45526     0.738371    0.0028247  0.000768712 
        49.5      1.50501     0.755905   0.00289737  0.000773406 
        49.5       1.5556     0.773007   0.00296916  0.000778323 
        49.5      1.60702     0.789599   0.00303969  0.000783465 
        49.5      1.65928     0.805598   0.00310856  0.000788837 
        49.5      1.71237     0.820916   0.00317532   0.00079444 
        49.5       1.7663     0.836841   0.00323948  0.000799741 
        49.5      1.82106     0.850873   0.00330219  0.000805938 
        49.5      1.87667     0.864228   0.00336154   0.00081227 
        49.5      1.93311     0.876895   0.00341747  0.000818733 
        49.5      1.99038     0.888868   0.00346995  0.000825323 
        49.5      2.04849     0.900141   0.00351892  0.000832035 
        49.5      2.10744     0.910711   0.00356436  0.000838865 
        49.5      2.16722     0.920578   0.00360625  0.000845806 
        49.5      2.22784     0.929744   0.00364458  0.000852853 
        49.5      2.28929     0.938214   0.00367936  0.000859999 
        49.5      2.35158     0.945996   0.00371061  0.000867237 
        49.5      2.41471     0.953101   0.00373835  0.000874559 
        49.5      2.47867     0.959543   0.00376263  0.000881957 
        49.5      2.54347     0.965338   0.00378351  0.000889422 
        49.5      2.60911     0.970506   0.00380106  0.000896943 
        49.5      2.67558     0.975072   0.00381536  0.000904511 
        49.5      2.74288     0.979063   0.00382652  0.000912115 
        49.5      2.81103     0.982509   0.00383465  0.000919742 
        49.5      2.88001     0.985444    0.0038399   0.00092738 
        49.5      2.94983     0.987909    0.0038424  0.000935016 
        49.5      3.02048     0.989944   0.00384234  0.000942636 
        49.5      3.09197     0.991596   0.00383989  0.000950225 
        49.5      3.16429     0.992917   0.00383527  0.000957767 
        49.5      3.23745     0.993962    0.0038287  0.000965245 
        49.5      3.31145     0.994791   0.00382043  0.000972643 
        49.5      3.38628     0.995468   0.00381072  0.000979942 
        49.5      3.46195     0.996063   0.00379986  0.000987122 
        49.5      3.53845      0.99665   0.00378815  0.000994163 
        49.5      3.61579     0.997308   0.00377595   0.00100104 
        49.5      3.69397     0.998123   0.00376358   0.00100774 
        49.5      3.77298     0.997963   0.00375073   0.00101486 
        49.5      3.85283     0.998135   0.00373665    0.0010216 
        49.5      3.93352      0.99827   0.00372219   0.00102823 
        49.5      4.01504     0.998371   0.00370738   0.00103474 
        49.5       4.0974     0.998444   0.00369224   0.00104114 
        49.5      4.18059     0.998491    0.0036768   0.00104742 
        49.5      4.26462     0.998527   0.00366117   0.00105357 
        49.5      4.34949      0.99855   0.00364534   0.00105959 
        49.5      4.43519     0.998562   0.00362934   0.00106549 
        49.5      4.52173     0.998568   0.00361319   0.00107125 
        49.5       4.6091      0.99857   0.00359692   0.00107688 
        49.5      4.69731     0.998572   0.00358056   0.00108237 
        49.5      4.78636     0.998578   0.00356414   0.00108772 
        49.5      4.87624     0.998572   0.00354755   0.00109293 
        49.5      4.96696     0.998569   0.00353092   0.00109799 
        49.5      5.05851     0.998565   0.00351421    0.0011029 
        49.5       5.1509     0.998562   0.00349745   0.00110766 
        49.5      5.24413     0.998558   0.00348061   0.00111228 
        49.5       5.3382     0.998554   0.00346372   0.00111673 
        49.5      5.43309     0.998551   0.00344677   0.00112104 
        49.5      5.52883     0.998547   0.00342977   0.00112519 
        49.5       5.6254     0.998543   0.00341275   0.00112919 
        49.5      5.72281      0.99854   0.00339568   0.00113302 
        49.5      5.82105     0.998537   0.00337857   0.00113669 
        49.5      5.92013     0.998534   0.00336144    0.0011402 
        49.5      6.02005     0.998531   0.00334428   0.00114355 
        49.5       6.1208     0.998528   0.00332711   0.00114675 
        49.5      6.22239     0.998526   0.00330992   0.00114978 
        49.5      6.32482     0.998523   0.00329273   0.00115265 
        49.5      6.42808     0.998521   0.00327556   0.00115533 
        49.5      6.53217     0.998519   0.00325834   0.00115789 
        49.5      6.63711     0.998517   0.00324112   0.00116029 
        49.5      6.74287     0.998515   0.00322392   0.00116252 
        49.5      6.84948     0.998514   0.00320673   0.00116459 
        49.5      6.95692     0.998512   0.00318956   0.00116649 
        49.5       7.0652     0.998511   0.00317242   0.00116823 
        49.5      7.17431      0.99851   0.00315529   0.00116981 
        49.5      7.28426     0.998509    0.0031382   0.00117123 
        49.5      7.39505     0.998508   0.00312114   0.00117249 
        49.5      7.50667     0.998508   0.00310411   0.00117359 
        49.5      7.61913     0.998507   0.00308712   0.00117454 
        49.5      7.73242     0.998507   0.00307019   0.00117534 
        49.5      7.84655     0.998507   0.00305329   0.00117599 
        49.5      7.96152     0.998507   0.00303643   0.00117648 
        49.5      8.07732     0.998507   0.00301963   0.00117683 
        49.5      8.19396     0.998508   0.00300288   0.00117703 
        49.5      8.31143     0.998508   0.00298618   0.00117708 
        49.5      8.42974     0.998509   0.00296955   0.00117698 
        49.5      8.54889      0.99851   0.00295299   0.00117673 
        49.5      8.66887     0.998511    0.0029365   0.00117634 
        49.5      8.78969     0.998512   0.00292008   0.00117581 
        49.5      8.91135     0.998513   0.00290374   0.00117513 
        49.5      9.03384     0.998514   0.00288746   0.00117436 
        49.5      9.15717     0.998516   0.00287127   0.00117341 
        49.5      9.28133     0.998517   0.00285516   0.00117233 
        49.5      9.40633     0.998519   0.00283913   0.00117113 
        49.5      9.53216     0.998521   0.00282319    0.0011698 
        49.5      9.65884     0.998523   0.00280734   0.00116834 
        49.5      9.78634     0.998525   0.00279158   0.00116677 
        49.5      9.91469     0.998528   0.00277591   0.00116507 
        49.5      10.0439      0.99853   0.00276034   0.00116325 
        49.5      10.1739     0.998533   0.00274487   0.00116131 
        49.5      10.3047     0.998535   0.00272949   0.00115925 
        49.5      10.4364     0.998538    0.0027142     0.001157 
        49.5      10.5689     0.998541   0.00269903   0.00115477 
        49.5      10.7023     0.998544   0.00268397   0.00115242 
        49.5      10.8365     0.998547   0.00266901   0.00114996 
        49.5      10.9715      0.99855   0.00265417    0.0011474 
        49.5      11.1074     0.998553   0.00263943   0.00114472 
        49.5      11.2441     0.998557    0.0026248   0.00114195 
        49.5      11.3817      0.99856   0.00261029   0.00113907 
        49.5        11.52     0.998564   0.00259588   0.00113609 
        49.5      11.6592     0.998568   0.00258157   0.00113302 
        49.5      11.7993     0.998572   0.00256738   0.00112986 
        49.5      11.9402     0.998575   0.00255329   0.00112661 
        49.5      12.0819     0.998579    0.0025393   0.00112327 
        49.5      12.2245     0.998583   0.00252542   0.00111985 
        49.5      12.3679     0.998588   0.00251164   0.00111636 
        49.5      12.5121     0.998592   0.00249797   0.00111279 
        49.5      12.6572     0.998596   0.00248446   0.00110922 
        49.5      12.8031       0.9986    0.0024711   0.00110547 
        49.5      12.9498     0.998605   0.00245786   0.00110166 
        49.5      13.0974     0.998609   0.00244473   0.00109779 
        49.5      13.2458     0.998614   0.00243171   0.00109386 
        49.5       13.395     0.998619   0.00241881   0.00108986 
        49.5      13.5451     0.998623   0.00240603   0.00108581 
        49.5       13.696     0.998628   0.00239337    0.0010817 
        49.5      13.8478     0.998633   0.00238082   0.00107753 
        49.5      14.0004     0.998638   0.00236839   0.00107331 
        49.5      14.1538     0.998643   0.00235608   0.00106903 
        49.5      14.3081     0.998648   0.00234388    0.0010647 
        49.5      14.4632     0.998653   0.00233181   0.00106032 
        49.5      14.6191     0.998658   0.00231986    0.0010559 
        49.5      14.7759     0.998663   0.00230802   0.00105142 
        49.5      14.9335     0.998669   0.00229631    0.0010469 
        49.5      15.0919     0.998674   0.00228471   0.00104233 
        49.5      15.2512     0.998679   0.00227324   0.00103773 
        49.5      15.4113     0.998685   0.00226188   0.00103308 
        49.5      15.5723      0.99869   0.00225064    0.0010284 
        49.5      15.7341     0.998695   0.00223952   0.00102368 
        49.5      15.8967     0.998701   0.00222852   0.00101892 
        49.5      16.0602     0.998707   0.00221764   0.00101414 
        49.5      16.2245     0.998712   0.00220687   0.00100933 
        49.5      16.3896     0.998718   0.00219622   0.00100449 
        49.5      16.5556     0.998724   0.00218569  0.000999627 
        49.5      16.7224     0.998729   0.00217527  0.000994744 
        49.5        16.89     0.998736   0.00216483   0.00098976 
        49.5      17.0585     0.998741   0.00215466  0.000984851 
        49.5      17.2278     0.998747    0.0021446  0.000979906 
        49.5      17.3979     0.998753   0.00213466  0.000974925 
        49.5      17.5689     0.998759   0.00212483  0.000969908 
        49.5      17.7408     0.998764   0.00211512  0.000964856 
        49.5      17.9134      0.99877   0.00210534  0.000959874 
        49.5      18.0869     0.998776   0.00209585  0.000954815 
        49.5      18.2612     0.998782   0.00208646  0.000949743 
        49.5      18.4364     0.998788   0.00207717  0.000944659 
        49.5      18.6124     0.998794   0.00206798  0.000939565 
        49.5      18.7892       0.9988   0.00205889   0.00093446 
        49.5      18.9669     0.998806    0.0020499  0.000929346 
        49.5      19.1454     0.998812   0.00204101  0.000924225 
        49.5      19.3248     0.998818   0.00203223  0.000919096 
        49.5       19.505     0.998824   0.00202355  0.000913962 
        49.5       19.686      0.99883   0.00201496  0.000908822 
        49.5      19.8678     0.998836   0.00200648  0.000903679 
        49.5      20.0505     0.998842    0.0019981  0.000898534 
        49.5      20.2341     0.998847   0.00198982  0.000893388 
        49.5      20.4184     0.998853   0.00198163  0.000888241 
        49.5      20.6036     0.998859   0.00197355  0.000883095 
        49.5      20.7897     0.998865   0.00196557  0.000877952 
        49.5      20.9765     0.998871   0.00195768  0.000872812 
        49.5      21.1642     0.998877    0.0019499  0.000867678 
        49.5      21.3528     0.998883   0.00194221  0.000862549 
        49.5      21.5422     0.998889   0.00193462  0.000857428 
        49.5      21.7324     0.998895   0.00192712  0.000852316 
        49.5      21.9234     0.998901   0.00191972  0.000847215 
        49.5      22.1153     0.998907   0.00191241  0.000842125 
        49.5       22.308     0.998913    0.0019052  0.000837049 
        49.5      22.5016     0.998919   0.00189808  0.000831987 
        49.5       22.696     0.998925   0.00189105  0.000826942 
        49.5      22.8912     0.998931   0.00188411  0.000821914 
        49.5      23.0873     0.998937   0.00187726  0.000816906 
        49.5      23.2842     0.998943    0.0018705  0.000811919 
        49.5       23.482      0.99895   0.00186384  0.000806638 
        49.5      23.6805     0.998955   0.00185718  0.000801657 
        49.5        23.88     0.998961   0.00185062   0.00079669 
        49.5      24.0802     0.998967   0.00184416  0.000791737 
        49.5      24.2813     0.998973    0.0018378  0.000786796 
        49.5      24.4832     0.998979   0.00183153  0.000781865 
        49.5       24.686     0.998985   0.00182536  0.000776945 
        49.5      24.8896      0.99899   0.00181928  0.000772033 
        49.5       25.094     0.998996    0.0018133  0.000767129 
        49.5      25.2993     0.999002   0.00180741   0.00076223 
        49.5      25.5054     0.999008    0.0018016  0.000757336 
        49.5      25.7123     0.999014   0.00179589  0.000752445 
        49.5      25.9201     0.999019   0.00178988  0.000747966 
        49.5      26.1287     0.999025   0.00178431  0.000743075 
        49.5      26.3381     0.999031    0.0017788  0.000738215 
        49.5      26.5484     0.999037   0.00177335  0.000733385 
        49.5      26.7595     0.999042   0.00176796  0.000728585 
        49.5      26.9715     0.999048   0.00176264  0.000723816 
        49.5      27.1843     0.999054   0.00175739  0.000719077 
        49.5      27.3979     0.999059    0.0017522  0.000714368 
        49.5      27.6124     0.999065   0.00174707   0.00070969 
        49.5      27.8277     0.999071     0.001742  0.000705042 
        49.5      28.0438     0.999077   0.00173701  0.000700423 
        49.5      28.2608     0.999082   0.00173207  0.000695835 
        49.5      28.4786     0.999088    0.0017272  0.000691277 
        49.5      28.6972     0.999093    0.0017224  0.000686748 
        49.5      28.9167     0.999099   0.00171766  0.000682249 
        49.5       29.137     0.999105   0.00171298   0.00067778 
        49.5      29.3582      0.99911   0.00170837   0.00067334 
        49.5      29.5802     0.999116   0.00170383  0.000668929 
        49.5       29.803     0.999121   0.00169935  0.000664547 
        49.5      30.0267     0.999127   0.00169493  0.000660194 
        49.5      30.2512     0.999132   0.00169058  0.000655869 
        49.5      30.4765     0.999138    0.0016863  0.000651573 
        49.5      30.7027     0.999144   0.00168256  0.000647211 
        49.5      30.9297     0.999149   0.00167836  0.000642924 
        49.5      31.1575     0.999154   0.00167422  0.000638661 
        49.5      31.3862      0.99916   0.00167014  0.000634422 
        49.5      31.6157     0.999165   0.00166611  0.000630206 
        49.5      31.8461      0.99917   0.00166215  0.000626016 
        49.5      32.0773     0.999175   0.00165824   0.00062185 
        49.5      32.3093     0.999181   0.00165439   0.00061771 
        49.5      32.5421     0.999186   0.00165059  0.000613595 
        49.5      32.7758     0.999191   0.00164685  0.000609505 
        49.5      33.0104     0.999196   0.00164316  0.000605442 
        49.5      33.2457     0.999201   0.00163953  0.000601406 
        49.5      33.4819     0.999206   0.00163595  0.000597396 
        49.5       33.719     0.999211   0.00163242  0.000593413 
        49.5      33.9568     0.999216   0.00162895  0.000589458 
        49.5      34.1956     0.999221   0.00162552   0.00058553 
        49.5      34.4351     0.999226   0.00162215   0.00058163 
        49.5      34.6755     0.999231   0.00161883  0.000577759 
        49.5      34.9167     0.999236   0.00161555  0.000573917 
        49.5      35.1588     0.999241   0.00161233  0.000570103 
        49.5      35.4017     0.999246   0.00160915  0.000566319 
        49.5      35.6454     0.999251   0.00160602  0.000562564 
        49.5      35.8899     0.999256   0.00160293  0.000558839 
        49.5      36.1354     0.999261   0.00159988  0.000555144 
        49.5      36.3816     0.999266   0.00159688   0.00055148 
        49.5      36.6287     0.999271   0.00159393  0.000547847 
        49.5      36.8766     0.999276   0.00159101  0.000544245 
        49.5      37.1253     0.999281   0.00158813  0.000540674 
        49.5      37.3749     0.999285    0.0015853  0.000537135 
        49.5      37.6253      0.99929    0.0015825  0.000533628 
        49.5      37.8766     0.999295   0.00157973  0.000530153 
        49.5      38.1287       0.9993   0.00157701  0.000526711 
        49.5      38.3816     0.999305   0.00157431  0.000523301 
        49.5      38.6353     0.999311   0.00157165  0.000519448 
        49.5      38.8899     0.999315   0.00156916  0.000516128 
        49.5      39.1454      0.99932   0.00156669  0.000512828 
        49.5      39.4016     0.999324   0.00156426  0.000509549 
        49.5      39.6588     0.999329   0.00156186  0.000506291 
        49.5      39.9167     0.999333   0.00155948  0.000503054 
        49.5      40.1755     0.999337   0.00155714  0.000499838 
        49.5      40.4351     0.999342   0.00155482  0.000496645 
        49.5      40.6955     0.999346   0.00155253  0.000493473 
        49.5      40.9568      0.99935   0.00155027  0.000490323 
        49.5      41.2189     0.999355   0.00154803  0.000487196 
        49.5      41.4819     0.999359   0.00154583  0.000484091 
        49.5      41.7457     0.999363   0.00154365  0.000481009 
        49.5      42.0103     0.999367    0.0015415  0.000477951 
        49.5      42.2758     0.999372   0.00153937  0.000474916 
        49.5      42.5421     0.999376   0.00153728  0.000471904 
        49.5      42.8092      0.99938   0.00153521  0.000468917 
        49.5      43.0772     0.999385   0.00153317  0.000465954 
        49.5       43.346     0.999389   0.00153115  0.000463015 
        49.5      43.6157     0.999393   0.00152916    0.0004601 
        49.5      43.8862     0.999397    0.0015272  0.000457211 
        49.5      44.1575     0.999402   0.00152527  0.000454347 
        49.5      44.4296     0.999406   0.00152336  0.000451508 
        49.5      44.7026      0.99941   0.00152147  0.000448695 
        49.5      44.9765     0.999414   0.00151961  0.000445908 
        49.5      45.2511     0.999418   0.00151778  0.000443147 
        49.5      45.5266     0.999423   0.00151597  0.000440412 
        49.5       45.803     0.999427   0.00151419  0.000437704 
        49.5      46.0801     0.999431   0.00151243  0.000435023 
        49.5      46.3581     0.999435   0.00151069  0.000432369 
        49.5       46.637     0.999439   0.00150898  0.000429743 
        49.5      46.9167     0.999443   0.00150729  0.000427144 
        49.5      47.1972     0.999447   0.00150563  0.000424573 
        49.5      47.4785     0.999451   0.00150399   0.00042203 
        49.5      47.7607     0.999455   0.00150237  0.000419515 
        49.5      48.0438      0.99946   0.00150077  0.000417029 
        49.5      48.3276     0.999461   0.00149964  0.000414682 
        49.5      48.6123     0.999465   0.00149815   0.00041224 
        49.5      48.8979     0.999469   0.00149667  0.000409824 
        49.5      49.1842     0.999473   0.00149522  0.000407435 
        49.5      49.4714     0.999477   0.00149379  0.000405073 
        49.5      49.7595     0.999481   0.00149238  0.000402736 
        49.5      50.0484     0.999484   0.00149099  0.000400425 
        49.5      50.3381     0.999488   0.00148963  0.000398139 
        49.5      50.6286     0.999492   0.00148828  0.000395878 
        49.5        50.92     0.999496   0.00148696  0.000393642 
        49.5      51.2122     0.999499   0.00148566   0.00039143 
        49.5      51.5053     0.999503   0.00148437  0.000389242 
        49.5      51.7992     0.999507   0.00148311  0.000387077 
        49.5      52.0939     0.999511   0.00148186  0.000384934 
        49.5      52.3895     0.999514   0.00148064  0.000382815 
        49.5      52.6859     0.999518   0.00147943  0.000380717 
        49.5      52.9831     0.999521   0.00147824  0.000378641 
        49.5      53.2812     0.999525   0.00147706  0.000376586 
        49.5      53.5801     0.999529   0.00147591  0.000374551 
        49.5      53.8799     0.999532   0.00147476  0.000372537 
        49.5      54.1805     0.999536   0.00147364  0.000370542 
        49.5      54.4819     0.999539   0.00147253  0.000368566 
        49.5      54.7841     0.999543   0.00147143  0.000366609 
        49.5      55.0872     0.999546   0.00147035   0.00036467 
        49.5      55.3912     0.999549   0.00146928  0.000362748 
        49.5      55.6959     0.999553   0.00146822  0.000360844 
        49.5      56.0015     0.999556   0.00146718  0.000358955 
        49.5       56.308      0.99956   0.00146615  0.000357083 
        49.5      56.6152     0.999563   0.00146513  0.000355225 
        49.5      56.9233     0.999566   0.00146412  0.000353382 
        49.5      57.2323      0.99957   0.00146311  0.000351553 
        49.5      57.5421     0.999573   0.00146212  0.000349737 
        49.5      57.8527     0.999576   0.00146114  0.000347934 
        49.5      58.1641     0.999577      0.00146  0.000346748 
        49.5      58.4764     0.999581   0.00145913   0.00034499 
        49.5      58.7896     0.999584   0.00145828   0.00034326 
        49.5      59.1035     0.999587   0.00145743  0.000341557 
        49.5      59.4183     0.999591   0.00145659  0.000339881 
        49.5      59.7339     0.999594   0.00145577  0.000338232 
        49.5      60.0504     0.999597   0.00145495  0.000336609 
        49.5      60.3677       0.9996   0.00145415  0.000335013 
        49.5      60.6859     0.999603   0.00145336  0.000333443 
        49.5      61.0048     0.999606   0.00145257  0.000331899 
        49.5      61.3247     0.999609    0.0014518  0.000330381 
        49.5      61.6453     0.999612   0.00145104  0.000328888 
        49.5      61.9668     0.999615    0.0014503  0.000327421 
        49.5      62.2891     0.999617   0.00144957  0.000325979 
        49.5      62.6123      0.99962   0.00144884  0.000324562 
        49.5      62.9363     0.999623   0.00144814   0.00032317 
        49.5      63.2611     0.999625   0.00144744  0.000321802 
        49.5      63.5868     0.999629   0.00144718  0.000320326 
        49.5      63.9133     0.999632   0.00144649  0.000319007 
        49.5      64.2406     0.999635   0.00144581  0.000317704 
        49.5      64.5688     0.999638   0.00144513  0.000316417 
        49.5      64.8978     0.999641   0.00144447  0.000315146 
        49.5      65.2277     0.999644   0.00144381   0.00031389 
        49.5      65.5583     0.999647   0.00144316   0.00031265 
        49.5      65.8899     0.999649   0.00144253  0.000311426 
        49.5      66.2222     0.999652   0.00144189  0.000310218 
        49.5      66.5554     0.999655   0.00144127  0.000309025 
        49.5      66.8894     0.999658   0.00144066  0.000307848 
        49.5      67.2243     0.999661   0.00144005  0.000306687 
        49.5        67.56     0.999664   0.00143946  0.000305541 
        49.5      67.8966     0.999666   0.00143887  0.000304412 
        49.5      68.2339     0.999669   0.00143829  0.000303297 
        49.5      68.5721     0.999672   0.00143772  0.000302199 
        49.5      68.9112     0.999675   0.00143715  0.000301116 
        49.5      69.2511     0.999677    0.0014366  0.000300049 
        49.5      69.5918      0.99968   0.00143605  0.000298998 
        49.5      69.9333     0.999683   0.00143551  0.000297962 
        49.5      70.2757     0.999685   0.00143497  0.000296941 
        49.5      70.6189     0.999688   0.00143445  0.000295937 
        49.5       70.963     0.999691   0.00143393  0.000294947 
        49.5      71.3079     0.999693   0.00143342  0.000293973 
        49.5      71.6536     0.999696   0.00143292  0.000293015 
        49.5      72.0002     0.999699   0.00143242  0.000292072 
        49.5      72.3476     0.999701   0.00143193  0.000291144 
        49.5      72.6959     0.999704   0.00143145  0.000290232 
        49.5      73.0449     0.999706   0.00143098  0.000289335 
        49.5      73.3949     0.999709   0.00143051  0.000288453 
        49.5      73.7456     0.999711   0.00143005  0.000287586 
        49.5      74.0972     0.999714    0.0014296  0.000286735 
        49.5      74.4496     0.999716   0.00142915  0.000285898 
        49.5      74.8029     0.999719   0.00142871  0.000285077 
        49.5       75.157     0.999721   0.00142827  0.000284271 
        49.5      75.5119     0.999723   0.00142785  0.000283479 
        49.5      75.8677     0.999726   0.00142742  0.000282702 
        49.5      76.2243     0.999728   0.00142701   0.00028194 
        49.5      76.5817      0.99973    0.0014266  0.000281193 
        49.5        76.94     0.999733   0.00142619  0.000280461 
        49.5      77.2991     0.999735    0.0014258  0.000279743 
        49.5      77.6591     0.999737    0.0014254  0.000279039 
        49.5      78.0198      0.99974   0.00142501   0.00027835 
        49.5      78.3815     0.999742   0.00142463  0.000277676 
        49.5      78.7439     0.999744   0.00142425  0.000277015 
        49.5      79.1072     0.999746   0.00142388  0.000276369 
        49.5      79.4714     0.999748   0.00142352  0.000275737 
        49.5      79.8363     0.999751   0.00142315  0.000275119 
        49.5      80.2021     0.999753   0.00142279  0.000274515 
        49.5      80.5688     0.999755   0.00142244  0.000273925 
        49.5      80.9362     0.999757   0.00142209  0.000273348 
        49.5      81.3045     0.999759   0.00142175  0.000272785 
        49.5      81.6737     0.999761   0.00142141  0.000272236 
        49.5      82.0437     0.999763   0.00142107    0.0002717 
        49.5      82.4145     0.999765   0.00142073  0.000271177 
        49.5      82.7861     0.999767    0.0014204  0.000270668 
        49.5      83.1586     0.999769   0.00142008  0.000270172 
        49.5       83.532     0.999771   0.00141975  0.000269689 
        49.5      83.9061     0.999773   0.00141943  0.000269219 
        49.5      84.2811     0.999775   0.00141912  0.000268761 
        49.5       84.657     0.999777    0.0014188  0.000268317 
        49.5      85.0336     0.999779   0.00141849  0.000267885 
        49.5      85.4111     0.999781   0.00141818  0.000267465 
        49.5      85.7895     0.999783   0.00141787  0.000267057 
        49.5      86.1687     0.999785   0.00141757  0.000266662 
        49.5      86.5487     0.999786   0.00141726  0.000266279 
        49.5      86.9295     0.999788   0.00141696  0.000265907 
        49.5      87.3112      0.99979   0.00141666  0.000265548 
        49.5      87.6937     0.999792   0.00141636    0.0002652 
        49.5      88.0771     0.999793   0.00141606  0.000264863 
        49.5      88.4613     0.999795   0.00141576  0.000264538 
        49.5      88.8463     0.999797   0.00141546  0.000264224 
        49.5      89.2322     0.999799   0.00141517  0.000263921 
        49.5      89.6189       0.9998   0.00141487  0.000263629 
        49.5      90.0064     0.999802   0.00141457  0.000263348 
        49.5      90.3948     0.999803   0.00141428  0.000263077 
        49.5       90.784     0.999812   0.00141415    0.0002629 
        49.5      91.1741     0.999814   0.00141394  0.000262635 
        49.5       91.565     0.999815   0.00141374  0.000262381 
        49.5      91.9567     0.999817   0.00141353  0.000262141 
        49.5      92.3492     0.999819   0.00141332  0.000261912 
        49.5      92.7426      0.99982   0.00141311  0.000261695 
        49.5      93.1369     0.999822   0.00141289  0.000261491 
        49.5      93.5319     0.999823   0.00141267  0.000261298 
        49.5      93.9278     0.999825   0.00141244  0.000261118 
        49.5      94.3246     0.999827   0.00141222  0.000260949 
        49.5      94.7221     0.999828   0.00141198  0.000260791 
        49.5      95.1206      0.99983   0.00141175  0.000260646 
        49.5      95.5198     0.999831   0.00141151  0.000260511 
        49.5      95.9199     0.999833   0.00141126  0.000260388 
        49.5      96.3208     0.999835   0.00141102  0.000260277 
        49.5      96.7226     0.999836   0.00141076  0.000260176 
        49.5      97.1251     0.999838   0.00141051  0.000260087 
        49.5      97.5286     0.999839   0.00141025  0.000260009 
        49.5      97.9328     0.999841   0.00140998  0.000259941 
        49.5      98.3379     0.999843   0.00140971  0.000259884 
        49.5      98.7439     0.999844   0.00140944  0.000259838 
        49.5      99.1506     0.999846   0.00140916  0.000259802 
        49.5      99.5583     0.999847   0.00140887  0.000259777 
        49.5      99.9667     0.999849   0.00140858  0.000259762 
        49.5      100.376     0.999851   0.00140829  0.000259757 
        49.5      100.786     0.999851   0.00140825  0.000259477 
        49.5      101.197     0.999853   0.00140803   0.00025953 
        49.5      101.609     0.999854    0.0014078  0.000259592 
        49.5      102.021     0.999856   0.00140758  0.000259662 
        49.5      102.435     0.999858   0.00140736   0.00025974 
        49.5      102.849      0.99986   0.00140713  0.000259826 
        49.5      103.264     0.999862    0.0014069  0.000259921 
        49.5       103.68     0.999863   0.00140668  0.000260024 
        49.5      104.097     0.999865   0.00140645  0.000260135 
        49.5      104.515     0.999867   0.00140622  0.000260255 
        49.5      104.933     0.999868   0.00140599  0.000260382 
        49.5      105.353      0.99987   0.00140575  0.000260518 
        49.5      105.773     0.999872   0.00140552  0.000260663 
        49.5      106.194     0.999873   0.00140529  0.000260816 
        49.5      106.616     0.999875   0.00140505  0.000260977 
        49.5      107.038     0.999877   0.00140481  0.000261147 
        49.5      107.462     0.999878   0.00140458  0.000261325 
        49.5      107.886      0.99988   0.00140434  0.000261512 
        49.5      108.311     0.999881   0.00140409  0.000261707 
        49.5      108.737     0.999883   0.00140385  0.000261911 
        49.5      109.164     0.999884   0.00140361  0.000262123 
        49.5      109.592     0.999886   0.00140336  0.000262344 
        49.5       110.02     0.999887   0.00140311  0.000262573 
        49.5       110.45     0.999889   0.00140286  0.000262811 
        49.5       110.88      0.99989   0.00140261  0.000263057 
        49.5      111.311     0.999892   0.00140235  0.000263312 
        49.5      111.743     0.999893    0.0014021  0.000263576 
        49.5      112.175     0.999894   0.00140184  0.000263848 
        49.5      112.609     0.999896   0.00140158  0.000264129 
        49.5      113.043     0.999897   0.00140132  0.000264419 
        49.5      113.478     0.999899   0.00140105  0.000264717 
        49.5      113.914       0.9999   0.00140079  0.000265024 
        49.5      114.351     0.999901   0.00140052   0.00026534 
        49.5      114.789     0.999903   0.00140024  0.000265665 
        49.5      115.228     0.999904   0.00139997  0.000265998 
        49.5      115.667     0.999906   0.00139969   0.00026634 
        49.5      116.107     0.999907   0.00140083  0.000266694 
        49.5      116.548     0.999909    0.0014006  0.000267019 
        49.5       116.99      0.99991   0.00140037  0.000267353 
        49.5      117.433     0.999911   0.00140014  0.000267695 
        49.5      117.876     0.999912   0.00139991  0.000268046 
        49.5      118.321     0.999913   0.00139967  0.000268405 
        49.5      118.766     0.999915   0.00139944  0.000268773 
        49.5      119.212     0.999916    0.0013992  0.000269149 
        49.5      119.659     0.999917   0.00139896  0.000269533 
        49.5      120.107     0.999918   0.00139872  0.000269926 
        49.5      120.555     0.999919   0.00139849  0.000270328 
        49.5      121.005      0.99992   0.00139825  0.000270738 
        49.5      121.455     0.999921     0.001398  0.000271156 
        49.5      121.906     0.999922   0.00139776  0.000271583 
        49.5      122.358     0.999924   0.00139752  0.000272018 
        49.5      122.811     0.999925   0.00139728  0.000272462 
        49.5      123.264     0.999926   0.00139704  0.000272914 
        49.5      123.719     0.999927   0.00139679  0.000273375 
        49.5      124.174     0.999928   0.00139655  0.000273845 
        49.5       124.63     0.999929    0.0013963  0.000274322 
        49.5      125.087      0.99993   0.00139606  0.000274809 
        49.5      125.545     0.999931   0.00139582  0.000275304 
        49.5      126.003     0.999932   0.00139557  0.000275807 
        49.5      126.463     0.999933   0.00139533  0.000276319 
        49.5      126.923     0.999934   0.00139508  0.000276839 
        49.5      127.384     0.999935   0.00139484  0.000277368 
        49.5      127.846     0.999936   0.00139459  0.000277905 
        49.5      128.309     0.999937   0.00139435  0.000278451 
        49.5      128.773     0.999938   0.00139411  0.000279005 
        49.5      129.237     0.999939   0.00139386  0.000279568 
        49.5      129.702      0.99994   0.00139362   0.00028014 
        49.5      130.169     0.999941   0.00139338  0.000280719 
        49.5      130.636     0.999942   0.00139313  0.000281308 
        49.5      131.103     0.999943   0.00139289  0.000281904 
        49.5      131.572     0.999944   0.00139265   0.00028251 
        49.5      132.041     0.999945   0.00139241  0.000283123 
        49.5      132.512     0.999946   0.00139217  0.000283745 
        49.5      132.983     0.999947   0.00139193  0.000284376 
        49.5      133.455     0.999948    0.0013917  0.000285015 
        49.5      133.928     0.999949   0.00139146  0.000285663 
        49.5      134.401      0.99995   0.00139123  0.000286319 
        49.5      134.876     0.999951   0.00139099  0.000286983 
        49.5      135.351     0.999952   0.00139076  0.000287656 
        49.5      135.827     0.999953   0.00139053  0.000288337 
        49.5      136.304     0.999954    0.0013903  0.000289027 
        49.5      136.782     0.999955   0.00139007  0.000289725 
        49.5      137.261     0.999956   0.00138985  0.000290432 
        49.5       137.74     0.999957   0.00138962  0.000291146 
        49.5      138.221     0.999958    0.0013894   0.00029187 
        49.5      138.702     0.999959   0.00138918  0.000292601 
        49.5      139.184      0.99996   0.00138896  0.000293341 
        49.5      139.667     0.999961   0.00138874   0.00029409 
        49.5      140.151     0.999958   0.00138847  0.000295071 
        49.5      140.635      0.99996   0.00138827  0.000295824 
        49.5       141.12     0.999961   0.00138807  0.000296583 
        49.5      141.607     0.999963   0.00138786  0.000297347 
        49.5      142.094     0.999964   0.00138765  0.000298118 
        49.5      142.582     0.999966   0.00138744  0.000298895 
        49.5       143.07     0.999967   0.00138721  0.000299678 
        49.5       143.56     0.999969   0.00138699  0.000300467 
        49.5       144.05     0.999971   0.00138675  0.000301262 
        49.5      144.541     0.999972   0.00138651  0.000302062 
        49.5      145.033     0.999974   0.00138626  0.000302869 
        49.5      145.526     0.999976     0.001386  0.000303681 
        49.5       146.02     0.999978   0.00138573    0.0003045 
        49.5      146.515     0.999979   0.00138546  0.000305324 
        49.5       147.01     0.999981   0.00138518  0.000306154 
        49.5      147.506     0.999983   0.00138489  0.000306989 
        49.5      148.003     0.999985   0.00138459  0.000307831 
        49.5      148.501     0.999987   0.00138428  0.000308678 
        49.5          149     0.999989   0.00138396   0.00030953 
        49.5        149.5     0.999991   0.00138362  0.000310389 
        49.5          150     0.999993   0.00138328  0.000311253 
