Variables = x, y, u, v, p

Zone, I=600, F=POINT
        32.5        -1.75 -1.56475e-05   3.1304e-06   0.00127174 
        32.5     -1.74958 -8.35151e-05  3.07291e-06   0.00129085 
        32.5     -1.74831 -0.000286855  2.89004e-06   0.00134771 
        32.5     -1.74619 -0.000624719  2.55105e-06   0.00144089 
        32.5     -1.74323  -0.00109611   2.0047e-06   0.00156816 
        32.5     -1.73943  -0.00169888   1.1814e-06   0.00172631 
        32.5     -1.73477  -0.00243097 -6.96729e-09   0.00191143 
        32.5     -1.72928  -0.00328919 -1.66363e-06   0.00211879 
        32.5     -1.72293  -0.00427028 -3.90652e-06    0.0023431 
        32.5     -1.71574  -0.00537031 -6.86483e-06   0.00257851 
        32.5     -1.70771  -0.00658482 -1.06765e-05   0.00281879 
        32.5     -1.69883   -0.0079087 -1.54843e-05   0.00305742 
        32.5      -1.6891  -0.00933675 -2.14348e-05   0.00328785 
        32.5     -1.67852   -0.0108627 -2.86699e-05   0.00350351 
        32.5      -1.6671   -0.0124802  -3.7328e-05   0.00369821 
        32.5     -1.65484   -0.0141821 -4.75335e-05   0.00386615 
        32.5     -1.64173   -0.0159609 -5.93968e-05   0.00400227 
        32.5     -1.62777   -0.0178085 -7.30061e-05   0.00410248 
        32.5     -1.61297   -0.0197163 -8.84209e-05   0.00416387 
        32.5     -1.59732   -0.0216754  -0.00010567   0.00418502 
        32.5     -1.58082   -0.0236762 -0.000124741    0.0041663 
        32.5     -1.56349   -0.0257084  -0.00014557   0.00411017 
        32.5      -1.5453   -0.0277616 -0.000168044   0.00402148 
        32.5     -1.52627   -0.0298248 -0.000191986   0.00390787 
        32.5     -1.50639   -0.0318864 -0.000217149   0.00378006 
        32.5     -1.48567   -0.0339343 -0.000243206   0.00365232 
        32.5     -1.46409   -0.0359561 -0.000269743   0.00354275 
        32.5     -1.44168   -0.0379387 -0.000296249   0.00347378 
        32.5     -1.41842   -0.0398686 -0.000322107   0.00347258 
        32.5     -1.39431   -0.0417319 -0.000346584   0.00357147 
        32.5     -1.36936   -0.0435142 -0.000368818   0.00380838 
        32.5     -1.34356   -0.0452006 -0.000387811   0.00422739 
        32.5     -1.31691   -0.0467392 -0.000410124   0.00377345 
        32.5     -1.28942    -0.048155 -0.000426406   0.00377369 
        32.5     -1.26109   -0.0494022 -0.000440856   0.00377398 
        32.5      -1.2319   -0.0504601 -0.000453448   0.00377431 
        32.5     -1.20187   -0.0513069 -0.000464178   0.00377468 
        32.5       -1.171   -0.0519202 -0.000473075   0.00377509 
        32.5     -1.13928   -0.0522764 -0.000480196   0.00377553 
        32.5     -1.10671   -0.0523511 -0.000485635   0.00377599 
        32.5      -1.0733    -0.052119 -0.000489521   0.00377647 
        32.5     -1.03904   -0.0515539 -0.000492022   0.00377695 
        32.5     -1.00394   -0.0506284  -0.00049335   0.00377743 
        32.5    -0.967991   -0.0493143 -0.000493761   0.00377788 
        32.5    -0.931195   -0.0475822 -0.000493557   0.00377831 
        32.5    -0.893554   -0.0454018 -0.000493095   0.00377868 
        32.5    -0.855067   -0.0427572 -0.000487765   0.00377898 
        32.5    -0.815734   -0.0396178 -0.000482962    0.0037792 
        32.5    -0.775555   -0.0359329 -0.000471562   0.00377934 
        32.5     -0.73453   -0.0316727 -0.000454176   0.00377941 
        32.5    -0.692659   -0.0268071 -0.000431531   0.00377943 
        32.5    -0.649942   -0.0213055 -0.000404487    0.0037794 
        32.5     -0.60638   -0.0151368 -0.000374035   0.00377936 
        32.5    -0.561972  -0.00826914 -0.000341307   0.00377931 
        32.5    -0.516717 -0.000670225 -0.000307583   0.00377928 
        32.5    -0.470617   0.00769234 -0.000274301    0.0037793 
        32.5    -0.423671    0.0168519 -0.000243061   0.00377939 
        32.5     -0.37588    0.0268052 -0.000224486   0.00377954 
        32.5    -0.327242    0.0376169 -0.000212381   0.00377974 
        32.5    -0.277758    0.0493215 -0.000209877   0.00377999 
        32.5    -0.227429    0.0619668 -0.000216515   0.00378024 
        32.5    -0.176254    0.0756024 -0.000231743   0.00378049 
        32.5    -0.124233    0.0902797 -0.000254918   0.00378071 
        32.5    -0.071365     0.106052 -0.000285295   0.00378086 
        32.5    -0.017653     0.122975 -0.000322026   0.00378092 
        32.5     0.036906     0.141098 -0.000362862   0.00378085 
        32.5     0.092311     0.160465 -0.000407835   0.00378063 
        32.5     0.148561     0.181109 -0.000455711   0.00378023 
        32.5     0.205658     0.203056 -0.000505455   0.00377961 
        32.5       0.2636     0.226339 -0.000555621   0.00377875 
        32.5     0.322388     0.250873 -0.000606295   0.00377761 
        32.5     0.382022     0.276732 -0.000654746   0.00377616 
        32.5     0.442502      0.30382 -0.000700291   0.00377435 
        32.5     0.503828     0.332034 -0.000742199   0.00377216 
        32.5        0.566     0.361256 -0.000779688   0.00376954 
        32.5     0.629017      0.39136  -0.00081192   0.00376646 
        32.5     0.692881     0.422205 -0.000838008   0.00376287 
        32.5      0.75759     0.453187  -0.00085892   0.00375868 
        32.5     0.823145     0.485331   -0.0008717   0.00375407 
        32.5     0.889546     0.517325  -0.00087931   0.00374881 
        32.5     0.956793     0.549066 -0.000881944    0.0037429 
        32.5      1.02489     0.580446 -0.000879827   0.00373632 
        32.5      1.09382     0.611351 -0.000873211   0.00372908 
        32.5      1.16361      0.64166  -0.00086238   0.00372117 
        32.5      1.23424     0.671243 -0.000847646   0.00371258 
        32.5      1.30571     0.699966 -0.000829356    0.0037033 
        32.5      1.37804     0.727685 -0.000807888   0.00369335 
        32.5      1.45121      0.75425 -0.000783654    0.0036827 
        32.5      1.52522     0.779501 -0.000757103   0.00367137 
        32.5      1.60008     0.803273 -0.000728717   0.00365936 
        32.5      1.67579     0.825392 -0.000699019   0.00364666 
        32.5      1.75234     0.847442 -0.000671655   0.00363399 
        32.5      1.82973     0.866065 -0.000635277   0.00361967 
        32.5      1.90798     0.883176 -0.000599618   0.00360492 
        32.5      1.98707     0.898806 -0.000564704   0.00358974 
        32.5        2.067     0.912991 -0.000530562   0.00357416 
        32.5      2.14778     0.925772 -0.000497219   0.00355818 
        32.5      2.22941     0.937194 -0.000464699   0.00354183 
        32.5      2.31188     0.947309 -0.000433031    0.0035251 
        32.5       2.3952     0.956175 -0.000402237   0.00350803 
        32.5      2.47936     0.963854 -0.000372344   0.00349063 
        32.5      2.56437     0.970415 -0.000343377   0.00347292 
        32.5      2.65023     0.975934  -0.00031536   0.00345492 
        32.5      2.73693     0.980491 -0.000288317   0.00343665 
        32.5      2.82448     0.984174 -0.000262272   0.00341815 
        32.5      2.91287     0.987078 -0.000237248   0.00339943 
        32.5      3.00211     0.989304 -0.000213268   0.00338052 
        32.5       3.0922     0.990959 -0.000190354   0.00336145 
        32.5      3.18313     0.992159  -0.00016853   0.00334225 
        32.5      3.27491     0.993025 -0.000147815   0.00332296 
        32.5      3.36753     0.993689 -0.000128231    0.0033036 
        32.5        3.461     0.994286 -0.000109798   0.00328422 
        32.5      3.55531     0.994963 -9.25367e-05   0.00326485 
        32.5      3.65048     0.995873 -7.64662e-05   0.00324553 
        32.5      3.74648     0.997176 -6.16054e-05   0.00322631 
        32.5      3.84333      0.99612 -3.97559e-05   0.00320592 
        32.5      3.94103     0.996253 -2.26552e-05   0.00318611 
        32.5      4.03958     0.996354 -5.74194e-06   0.00316622 
        32.5      4.13897     0.996428  1.10011e-05   0.00314626 
        32.5       4.2392     0.996483  2.75921e-05   0.00312623 
        32.5      4.34028     0.996526  4.40509e-05   0.00310614 
        32.5      4.44221     0.996561  6.03692e-05     0.003086 
        32.5      4.54498      0.99659  7.65562e-05    0.0030658 
        32.5       4.6486     0.996617  9.26471e-05   0.00304555 
        32.5      4.75307     0.996641  0.000108637   0.00302524 
        32.5      4.85838     0.996664   0.00012452   0.00300489 
        32.5      4.96454     0.996686  0.000140306    0.0029845 
        32.5      5.07154     0.996707   0.00015593   0.00296407 
        32.5      5.17939     0.996729  0.000171428   0.00294355 
        32.5      5.28808      0.99675  0.000186835   0.00292304 
        32.5      5.39762     0.996771  0.000202116   0.00290249 
        32.5      5.50801     0.996792  0.000217308   0.00288192 
        32.5      5.61924     0.996813  0.000232348   0.00286133 
        32.5      5.73132     0.996834  0.000247266   0.00284071 
        32.5      5.84425     0.996856  0.000262056   0.00282007 
        32.5      5.95802     0.996877  0.000276712   0.00279942 
        32.5      6.07263     0.996898  0.000291227   0.00277873 
        32.5      6.18809     0.996919  0.000305621   0.00275802 
        32.5       6.3044      0.99694  0.000319876   0.00273735 
        32.5      6.42155     0.996962  0.000333991   0.00271667 
        32.5      6.53955     0.996983  0.000347964   0.00269599 
        32.5       6.6584     0.997004  0.000361796   0.00267533 
        32.5      6.77809     0.997025  0.000375486   0.00265467 
        32.5      6.89863     0.997047  0.000389003   0.00263402 
        32.5      7.02001     0.997068  0.000402412   0.00261339 
        32.5      7.14224     0.997089  0.000415669   0.00259279 
        32.5      7.26531      0.99711   0.00042877   0.00257221 
        32.5      7.38923     0.997131  0.000441715   0.00255167 
        32.5        7.514     0.997152  0.000454501   0.00253116 
        32.5      7.63961     0.997173  0.000467149   0.00251066 
        32.5      7.76607     0.997194  0.000479663   0.00249021 
        32.5      7.89337     0.997215  0.000492026   0.00246981 
        32.5      8.02152     0.997236  0.000504238   0.00244947 
        32.5      8.15052     0.997257  0.000516298   0.00242917 
        32.5      8.28036     0.997278  0.000528206   0.00240893 
        32.5      8.41105     0.997299  0.000539961   0.00238874 
        32.5      8.54258      0.99732  0.000551563   0.00236862 
        32.5      8.67496      0.99734  0.000563011   0.00234855 
        32.5      8.80818     0.997361  0.000574305   0.00232856 
        32.5      8.94225     0.997382  0.000585446   0.00230863 
        32.5      9.07717     0.997402  0.000596482   0.00228879 
        32.5      9.21293     0.997422  0.000607349   0.00226901 
        32.5      9.34954     0.997443  0.000618061   0.00224931 
        32.5        9.487     0.997463  0.000628609   0.00222969 
        32.5       9.6253     0.997483  0.000639016   0.00221017 
        32.5      9.76444     0.997503  0.000649285   0.00219073 
        32.5      9.90443     0.997523  0.000659415   0.00217138 
        32.5      10.0453     0.997543  0.000669408   0.00215212 
        32.5       10.187     0.997563  0.000679262   0.00213295 
        32.5      10.3295     0.997583  0.000688977   0.00211388 
        32.5      10.4729     0.997602  0.000698554   0.00209491 
        32.5      10.6171     0.997622  0.000707992   0.00207603 
        32.5      10.7622     0.997642  0.000717293   0.00205727 
        32.5      10.9081     0.997661  0.000726457    0.0020386 
        32.5      11.0548      0.99768  0.000735468   0.00202009 
        32.5      11.2024     0.997699  0.000744361   0.00200165 
        32.5      11.3509     0.997718  0.000753125   0.00198331 
        32.5      11.5002     0.997737   0.00076176   0.00196509 
        32.5      11.6503     0.997756   0.00077027   0.00194698 
        32.5      11.8013     0.997774  0.000778656   0.00192899 
        32.5      11.9531     0.997793  0.000786921   0.00191111 
        32.5      12.1058     0.997811  0.000795076   0.00189331 
        32.5      12.2593     0.997829  0.000803084   0.00187571 
        32.5      12.4137     0.997847  0.000810963   0.00185819 
        32.5      12.5689     0.997866  0.000818741   0.00184081 
        32.5       12.725     0.997884  0.000826408   0.00182355 
        32.5      12.8819     0.997902  0.000833964   0.00180641 
        32.5      13.0397     0.997919  0.000841411   0.00178939 
        32.5      13.1983     0.997937  0.000848749    0.0017725 
        32.5      13.3577     0.997955  0.000855979   0.00175573 
        32.5       13.518     0.997972  0.000863102   0.00173908 
        32.5      13.6791     0.997989  0.000870119   0.00172256 
        32.5      13.8411     0.998006  0.000877031   0.00170616 
        32.5       14.004     0.998023  0.000883839   0.00168989 
        32.5      14.1676      0.99804  0.000890544   0.00167375 
        32.5      14.3322     0.998057  0.000897148   0.00165774 
        32.5      14.4975     0.998073  0.000903652   0.00164185 
        32.5      14.6637      0.99809  0.000910059    0.0016261 
        32.5      14.8308     0.998106  0.000916369   0.00161048 
        32.5      14.9987     0.998122  0.000922584   0.00159499 
        32.5      15.1675     0.998139  0.000928707   0.00157963 
        32.5      15.3371     0.998155  0.000934739    0.0015644 
        32.5      15.5075      0.99817  0.000940682    0.0015493 
        32.5      15.6788     0.998186  0.000946539   0.00153434 
        32.5      15.8509     0.998202  0.000952312    0.0015195 
        32.5      16.0239     0.998217  0.000958004    0.0015048 
        32.5      16.1977     0.998233  0.000963616   0.00149023 
        32.5      16.3724     0.998248  0.000969152    0.0014758 
        32.5      16.5479     0.998263  0.000974614   0.00146149 
        32.5      16.7243     0.998278  0.000980006   0.00144732 
        32.5      16.9015     0.998293  0.000985043   0.00143307 
        32.5      17.0796     0.998308  0.000990308   0.00141919 
        32.5      17.2585     0.998323  0.000995484   0.00140544 
        32.5      17.4382     0.998337   0.00100057   0.00139182 
        32.5      17.6188     0.998352   0.00100557   0.00137833 
        32.5      17.8002     0.998366   0.00101049   0.00136497 
        32.5      17.9825      0.99838   0.00101531   0.00135174 
        32.5      18.1657     0.998395   0.00102034   0.00133844 
        32.5      18.3496     0.998408   0.00102497   0.00132541 
        32.5      18.5345     0.998422   0.00102955   0.00131251 
        32.5      18.7201     0.998436   0.00103409   0.00129972 
        32.5      18.9066     0.998449   0.00103856   0.00128705 
        32.5       19.094     0.998463   0.00104299   0.00127451 
        32.5      19.2822     0.998476   0.00104737   0.00126209 
        32.5      19.4713     0.998489   0.00105169   0.00124978 
        32.5      19.6612     0.998502   0.00105596    0.0012376 
        32.5      19.8519     0.998515   0.00106018   0.00122554 
        32.5      20.0435     0.998527   0.00106435    0.0012136 
        32.5      20.2359      0.99854   0.00106846   0.00120178 
        32.5      20.4292     0.998553   0.00107252   0.00119008 
        32.5      20.6233     0.998565   0.00107653    0.0011785 
        32.5      20.8183     0.998577   0.00108048   0.00116704 
        32.5      21.0141     0.998589   0.00108438    0.0011557 
        32.5      21.2108     0.998601   0.00108823   0.00114447 
        32.5      21.4083     0.998613   0.00109203   0.00113337 
        32.5      21.6067     0.998625   0.00109577   0.00112238 
        32.5      21.8059     0.998637   0.00109946    0.0011115 
        32.5      22.0059     0.998648    0.0011031   0.00110074 
        32.5      22.2068      0.99866   0.00110668   0.00109009 
        32.5      22.4086     0.998673   0.00111031   0.00107947 
        32.5      22.6111     0.998684   0.00111378   0.00106902 
        32.5      22.8146     0.998695   0.00111721   0.00105867 
        32.5      23.0188     0.998706   0.00112059   0.00104844 
        32.5       23.224     0.998717   0.00112393   0.00103832 
        32.5      23.4299     0.998728   0.00112722   0.00102831 
        32.5      23.6368     0.998739   0.00113048   0.00101841 
        32.5      23.8444      0.99875   0.00113369   0.00100862 
        32.5      24.0529      0.99876   0.00113688   0.00099894 
        32.5      24.2623     0.998771   0.00114003  0.000989363 
        32.5      24.4725     0.998781   0.00114314  0.000979892 
        32.5      24.6835     0.998792   0.00114623  0.000970525 
        32.5      24.8954     0.998802   0.00114929  0.000961261 
        32.5      25.1082     0.998813   0.00115233  0.000952098 
        32.5      25.3217     0.998823   0.00115534  0.000943034 
        32.5      25.5362     0.998833   0.00115833  0.000934069 
        32.5      25.7514     0.998843   0.00116117  0.000925152 
        32.5      25.9676     0.998853   0.00116408  0.000916343 
        32.5      26.1845     0.998862   0.00116695  0.000907623 
        32.5      26.4023     0.998872   0.00116978  0.000898992 
        32.5       26.621     0.998881   0.00117257   0.00089045 
        32.5      26.8405      0.99889   0.00117532  0.000881998 
        32.5      27.0608       0.9989   0.00117803  0.000873636 
        32.5       27.282     0.998911   0.00118068  0.000865463 
        32.5      27.5041      0.99892   0.00118326  0.000857331 
        32.5       27.727     0.998929   0.00118582  0.000849287 
        32.5      27.9507     0.998938   0.00118835  0.000841333 
        32.5      28.1753     0.998946   0.00119085  0.000833466 
        32.5      28.4007     0.998955   0.00119334  0.000825686 
        32.5       28.627     0.998964   0.00119579  0.000817993 
        32.5      28.8541     0.998973   0.00119822  0.000810387 
        32.5      29.0821     0.998981   0.00120063  0.000802866 
        32.5      29.3109      0.99899   0.00120302  0.000795429 
        32.5      29.5405     0.998998   0.00120538  0.000788077 
        32.5       29.771     0.999006   0.00120771  0.000780808 
        32.5      30.0024     0.999015   0.00121002  0.000773621 
        32.5      30.2346     0.999023   0.00121231  0.000766515 
        32.5      30.4676     0.999031   0.00121458   0.00075949 
        32.5      30.7015     0.999039   0.00121682  0.000752545 
        32.5      30.9362     0.999047   0.00121904  0.000745678 
        32.5      31.1718     0.999055   0.00122123  0.000738889 
        32.5      31.4082     0.999063    0.0012234  0.000732177 
        32.5      31.6455     0.999071   0.00122556  0.000725539 
        32.5      31.8836     0.999079   0.00122768  0.000718976 
        32.5      32.1226     0.999086   0.00122979  0.000712485 
        32.5      32.3624     0.999094   0.00123188  0.000706067 
        32.5       32.603     0.999102   0.00123394  0.000699718 
        32.5      32.8445     0.999109   0.00123598  0.000693439 
        32.5      33.0868     0.999117     0.001238  0.000687227 
        32.5        33.33     0.999124   0.00124001  0.000681081 
        32.5      33.5741     0.999132   0.00124199     0.000675 
        32.5       33.819     0.999139   0.00124395  0.000668982 
        32.5      34.0647     0.999146   0.00124589  0.000663026 
        32.5      34.3112     0.999153   0.00124781  0.000657129 
        32.5      34.5587     0.999158   0.00124942  0.000651431 
        32.5      34.8069     0.999165   0.00125131  0.000645738 
        32.5       35.056     0.999172   0.00125317  0.000640108 
        32.5       35.306     0.999179   0.00125501   0.00063454 
        32.5      35.5568     0.999185   0.00125683  0.000629034 
        32.5      35.8084     0.999192   0.00125863  0.000623589 
        32.5      36.0609     0.999199   0.00126041  0.000618207 
        32.5      36.3143     0.999205   0.00126217  0.000612885 
        32.5      36.5685     0.999212   0.00126391  0.000607625 
        32.5      36.8235     0.999218   0.00126563  0.000602426 
        32.5      37.0794     0.999224   0.00126732  0.000597288 
        32.5      37.3361     0.999231     0.001269   0.00059221 
        32.5      37.5937     0.999237   0.00127066  0.000587192 
        32.5      37.8521     0.999243    0.0012723  0.000582234 
        32.5      38.1113     0.999249   0.00127393  0.000577336 
        32.5      38.3714     0.999255   0.00127553  0.000572496 
        32.5      38.6324     0.999261   0.00127711  0.000567716 
        32.5      38.8942     0.999267   0.00127868  0.000562993 
        32.5      39.1568     0.999273   0.00128023  0.000558329 
        32.5      39.4203     0.999279   0.00128176  0.000553722 
        32.5      39.6847     0.999285   0.00128328  0.000549172 
        32.5      39.9498     0.999291   0.00128477  0.000544678 
        32.5      40.2159     0.999297   0.00128625  0.000540241 
        32.5      40.4827     0.999302   0.00128772  0.000535859 
        32.5      40.7505     0.999305   0.00128929  0.000531547 
        32.5       41.019     0.999311   0.00129074  0.000527278 
        32.5      41.2884     0.999317   0.00129217  0.000523057 
        32.5      41.5587     0.999323   0.00129359  0.000518882 
        32.5      41.8298     0.999329   0.00129499  0.000514751 
        32.5      42.1017     0.999335   0.00129638  0.000510663 
        32.5      42.3745      0.99934   0.00129775  0.000506616 
        32.5      42.6482     0.999346   0.00129911  0.000502607 
        32.5      42.9227     0.999352   0.00130045  0.000498635 
        32.5       43.198     0.999357   0.00130177  0.000494698 
        32.5      43.4742     0.999362   0.00130333  0.000490921 
        32.5      43.7512     0.999367   0.00130459  0.000487149 
        32.5      44.0291     0.999373   0.00130584   0.00048342 
        32.5      44.3078     0.999378   0.00130709  0.000479734 
        32.5      44.5873     0.999383   0.00130832  0.000476091 
        32.5      44.8677     0.999388   0.00130955   0.00047249 
        32.5       45.149     0.999394   0.00131077  0.000468933 
        32.5      45.4311     0.999399   0.00131198  0.000465417 
        32.5       45.714     0.999404   0.00131319  0.000461944 
        32.5      45.9978     0.999409   0.00131438  0.000458514 
        32.5      46.2825     0.999413   0.00131556  0.000455125 
        32.5      46.5679     0.999418   0.00131674  0.000451778 
        32.5      46.8543     0.999423   0.00131791  0.000448473 
        32.5      47.1414     0.999428   0.00131907  0.000445209 
        32.5      47.4295     0.999432   0.00132021  0.000441987 
        32.5      47.7183     0.999437   0.00132135  0.000438805 
        32.5       48.008     0.999441   0.00132248  0.000435664 
        32.5      48.2986     0.999446   0.00132361  0.000432564 
        32.5        48.59      0.99945   0.00132472  0.000429504 
        32.5      48.8823     0.999454   0.00132582  0.000426484 
        32.5      49.1753     0.999459   0.00132691  0.000423504 
        32.5      49.4693     0.999463   0.00132799  0.000420563 
        32.5      49.7641     0.999467   0.00132906  0.000417661 
        32.5      50.0597     0.999471   0.00133012  0.000414798 
        32.5      50.3562     0.999475   0.00133117  0.000411973 
        32.5      50.6535      0.99948   0.00133221  0.000409186 
        32.5      50.9517     0.999484   0.00133324  0.000406438 
        32.5      51.2507     0.999488   0.00133426  0.000403726 
        32.5      51.5506     0.999492   0.00133527  0.000401052 
        32.5      51.8513     0.999496   0.00133627  0.000398415 
        32.5      52.1528       0.9995   0.00133725  0.000395813 
        32.5      52.4552     0.999504   0.00133823  0.000393248 
        32.5      52.7585     0.999508   0.00133919  0.000390718 
        32.5      53.0626     0.999512   0.00134014  0.000388223 
        32.5      53.3675     0.999515   0.00134108  0.000385763 
        32.5      53.6733     0.999519   0.00134201  0.000383337 
        32.5      53.9799     0.999523   0.00134293  0.000380944 
        32.5      54.2874     0.999527   0.00134383  0.000378585 
        32.5      54.5957     0.999531   0.00134473  0.000376258 
        32.5      54.9049     0.999535   0.00134561  0.000373964 
        32.5      55.2149     0.999539   0.00134648  0.000371701 
        32.5      55.5257     0.999543   0.00134733  0.000369469 
        32.5      55.8374     0.999544   0.00134812  0.000366961 
        32.5        56.15     0.999548   0.00134906  0.000364777 
        32.5      56.4634     0.999551   0.00135001  0.000362621 
        32.5      56.7776     0.999554   0.00135097  0.000360491 
        32.5      57.0927     0.999557   0.00135194  0.000358387 
        32.5      57.4087      0.99956   0.00135293  0.000356309 
        32.5      57.7254     0.999563   0.00135393  0.000354254 
        32.5      58.0431      0.99957   0.00135452  0.000352387 
        32.5      58.3615     0.999577   0.00135497  0.000350328 
        32.5      58.6808     0.999581   0.00135578  0.000348415 
        32.5       59.001     0.999584   0.00135659  0.000346526 
        32.5       59.322     0.999587   0.00135739  0.000344661 
        32.5      59.6439     0.999591   0.00135818  0.000342821 
        32.5      59.9666     0.999594   0.00135897  0.000341005 
        32.5      60.2901     0.999597   0.00135974  0.000339213 
        32.5      60.6145       0.9996    0.0013605  0.000337445 
        32.5      60.9397     0.999603   0.00136123  0.000335616 
        32.5      61.2658     0.999606     0.001362  0.000333869 
        32.5      61.5928     0.999609   0.00136276   0.00033215 
        32.5      61.9205     0.999612   0.00136351  0.000330459 
        32.5      62.2492     0.999615   0.00136426  0.000328796 
        32.5      62.5786     0.999618   0.00136499  0.000327161 
        32.5      62.9089     0.999621   0.00136571  0.000325554 
        32.5      63.2401     0.999624   0.00136642  0.000323973 
        32.5      63.5721     0.999627   0.00136713   0.00032242 
        32.5       63.905      0.99963   0.00136782  0.000320893 
        32.5      64.2387     0.999633   0.00136851  0.000319393 
        32.5      64.5732     0.999636   0.00136919  0.000317919 
        32.5      64.9086      0.99964   0.00136986  0.000316471 
        32.5      65.2448     0.999643   0.00137052  0.000315049 
        32.5      65.5819     0.999646   0.00137117  0.000313652 
        32.5      65.9198     0.999649   0.00137182   0.00031228 
        32.5      66.2586     0.999652   0.00137246  0.000310932 
        32.5      66.5982     0.999655   0.00137309  0.000309609 
        32.5      66.9387     0.999658   0.00137371   0.00030831 
        32.5        67.28     0.999661   0.00137433  0.000307034 
        32.5      67.6221     0.999664   0.00137493  0.000305782 
        32.5      67.9651     0.999667   0.00137553  0.000304553 
        32.5       68.309      0.99967   0.00137613  0.000303346 
        32.5      68.6537     0.999673   0.00137671  0.000302162 
        32.5      68.9992     0.999676   0.00137729  0.000300999 
        32.5      69.3456     0.999679   0.00137787  0.000299858 
        32.5      69.6928     0.999682   0.00137844  0.000298738 
        32.5      70.0409     0.999685     0.001379  0.000297639 
        32.5      70.3898     0.999688   0.00137955   0.00029656 
        32.5      70.7396     0.999691   0.00138011    0.0002955 
        32.5      71.0902     0.999694   0.00138065   0.00029446 
        32.5      71.4417     0.999696   0.00138119  0.000293439 
        32.5       71.794     0.999699   0.00138172  0.000292437 
        32.5      72.1471     0.999702   0.00138225  0.000291453 
        32.5      72.5011     0.999705   0.00138278  0.000290486 
        32.5       72.856     0.999707    0.0013833  0.000289537 
        32.5      73.2117      0.99971   0.00138382  0.000288604 
        32.5      73.5682     0.999713   0.00138433  0.000287687 
        32.5      73.9256     0.999715   0.00138484  0.000286786 
        32.5      74.2838     0.999718   0.00138535    0.0002859 
        32.5      74.6429      0.99972   0.00138585  0.000285029 
        32.5      75.0028     0.999723   0.00138635  0.000284173 
        32.5      75.3636     0.999725   0.00138684  0.000283329 
        32.5      75.7252     0.999728   0.00138734  0.000282499 
        32.5      76.0876      0.99973   0.00138783  0.000281681 
        32.5      76.4509     0.999732   0.00138832  0.000280876 
        32.5      76.8151     0.999734   0.00138881  0.000280082 
        32.5      77.1801     0.999737   0.00138929  0.000279298 
        32.5      77.5459     0.999739   0.00138978  0.000278525 
        32.5      77.9126     0.999741   0.00139026  0.000277762 
        32.5      78.2801     0.999743   0.00139075  0.000277008 
        32.5      78.6485     0.999745   0.00139123  0.000276262 
        32.5      79.0177     0.999746   0.00139171  0.000275524 
        32.5      79.3878     0.999749   0.00139168  0.000274921 
        32.5      79.7587     0.999751   0.00139212  0.000274222 
        32.5      80.1305     0.999753   0.00139257  0.000273544 
        32.5      80.5031     0.999756   0.00139301  0.000272889 
        32.5      80.8765     0.999758   0.00139345  0.000272255 
        32.5      81.2508      0.99976   0.00139389  0.000271642 
        32.5       81.626     0.999762   0.00139432  0.000271052 
        32.5       82.002     0.999764   0.00139474  0.000270482 
        32.5      82.3788     0.999766   0.00139516  0.000269935 
        32.5      82.7565     0.999768   0.00139558  0.000269408 
        32.5       83.135     0.999769   0.00139645  0.000269098 
        32.5      83.5144     0.999771   0.00139679   0.00026863 
        32.5      83.8946     0.999773   0.00139712  0.000268175 
        32.5      84.2757     0.999775   0.00139746  0.000267734 
        32.5      84.6576     0.999777    0.0013978  0.000267306 
        32.5      85.0404     0.999779   0.00139813  0.000266892 
        32.5       85.424     0.999781   0.00139846  0.000266491 
        32.5      85.8084     0.999783   0.00139879  0.000266104 
        32.5      86.1937     0.999785   0.00139912   0.00026573 
        32.5      86.5798     0.999787   0.00139945  0.000265369 
        32.5      86.9668     0.999789   0.00139978  0.000265022 
        32.5      87.3547     0.999791    0.0014001  0.000264687 
        32.5      87.7433     0.999793   0.00140043  0.000264366 
        32.5      88.1329     0.999795   0.00140075  0.000264057 
        32.5      88.5232     0.999796   0.00140107  0.000263762 
        32.5      88.9145     0.999798   0.00140138  0.000263479 
        32.5      89.3065       0.9998    0.0014017  0.000263209 
        32.5      89.6994     0.999802   0.00140201  0.000262952 
        32.5      90.0932     0.999804   0.00140232  0.000262707 
        32.5      90.4878     0.999806   0.00140263  0.000262475 
        32.5      90.8832     0.999808   0.00140293  0.000262255 
        32.5      91.2795      0.99981   0.00140323  0.000262048 
        32.5      91.6766     0.999811   0.00140353  0.000261852 
        32.5      92.0746     0.999813   0.00140383  0.000261669 
        32.5      92.4735     0.999815   0.00140412  0.000261499 
        32.5      92.8731     0.999817   0.00140441   0.00026134 
        32.5      93.2737     0.999819    0.0014047  0.000261193 
        32.5       93.675      0.99982   0.00140498  0.000261058 
        32.5      94.0772     0.999822   0.00140526  0.000260934 
        32.5      94.4803     0.999824   0.00140554  0.000260823 
        32.5      94.8842     0.999826   0.00140581  0.000260722 
        32.5      95.2889     0.999828   0.00140608  0.000260633 
        32.5      95.6945     0.999829   0.00140635  0.000260556 
        32.5       96.101     0.999831   0.00140661   0.00026049 
        32.5      96.5083     0.999833   0.00140687  0.000260434 
        32.5      96.9164     0.999834   0.00140712   0.00026039 
        32.5      97.3254     0.999836   0.00140737  0.000260356 
        32.5      97.7352     0.999838   0.00140762  0.000260334 
        32.5      98.1459      0.99984   0.00140786  0.000260322 
        32.5      98.5574     0.999841   0.00140809   0.00026032 
        32.5      98.9698     0.999843   0.00140832  0.000260329 
        32.5       99.383     0.999845   0.00140855  0.000260348 
        32.5       99.797     0.999846   0.00140877  0.000260377 
        32.5      100.212     0.999848   0.00140899  0.000260416 
        32.5      100.628      0.99985    0.0014092  0.000260465 
        32.5      101.044     0.999851   0.00140941  0.000260524 
        32.5      101.462     0.999853   0.00140961  0.000260592 
        32.5       101.88     0.999854    0.0014098   0.00026067 
        32.5      102.299     0.999856   0.00140999  0.000260757 
        32.5      102.719     0.999858   0.00141018  0.000260853 
        32.5       103.14     0.999859   0.00141035  0.000260959 
        32.5      103.562     0.999861   0.00141053  0.000261073 
        32.5      103.984     0.999862   0.00141069  0.000261196 
        32.5      104.407     0.999864   0.00141085  0.000261327 
        32.5      104.832     0.999866     0.001411  0.000261467 
        32.5      105.257     0.999867   0.00141115  0.000261615 
        32.5      105.683     0.999869   0.00141129  0.000261771 
        32.5      106.109      0.99987   0.00141142  0.000261935 
        32.5      106.537     0.999872   0.00141155  0.000262107 
        32.5      106.965     0.999873   0.00141167  0.000262287 
        32.5      107.395     0.999875   0.00141178  0.000262474 
        32.5      107.825     0.999876   0.00141188  0.000262668 
        32.5      108.256     0.999878   0.00141198  0.000262869 
        32.5      108.688      0.99988   0.00141207  0.000263078 
        32.5       109.12     0.999881   0.00141215  0.000263293 
        32.5      109.554     0.999883   0.00141222  0.000263514 
        32.5      109.988     0.999884   0.00141229  0.000263742 
        32.5      110.423     0.999884    0.0014128  0.000264218 
        32.5      110.859     0.999886   0.00141294  0.000264528 
        32.5      111.296     0.999887   0.00141308  0.000264845 
        32.5      111.734     0.999889   0.00141322   0.00026517 
        32.5      112.173      0.99989   0.00141335  0.000265504 
        32.5      112.612     0.999892   0.00141349  0.000265845 
        32.5      113.052     0.999893   0.00141362  0.000266195 
        32.5      113.493     0.999895   0.00141376  0.000266552 
        32.5      113.935     0.999896   0.00141389  0.000266918 
        32.5      114.378     0.999897   0.00141402  0.000267292 
        32.5      114.822     0.999899   0.00141415  0.000267673 
        32.5      115.266       0.9999   0.00141428  0.000268063 
        32.5      115.712     0.999901    0.0014144  0.000268461 
        32.5      116.158     0.999903   0.00141453  0.000268867 
        32.5      116.605     0.999904   0.00141465  0.000269281 
        32.5      117.053     0.999905   0.00141477  0.000269703 
        32.5      117.502     0.999907   0.00141489  0.000270134 
        32.5      117.951     0.999908   0.00141501  0.000270572 
        32.5      118.402     0.999909   0.00141512  0.000271019 
        32.5      118.853      0.99991   0.00141524  0.000271474 
        32.5      119.305     0.999911   0.00141535  0.000271936 
        32.5      119.758     0.999912   0.00141546  0.000272407 
        32.5      120.212     0.999913   0.00141556  0.000272887 
        32.5      120.666     0.999915   0.00141566  0.000273374 
        32.5      121.122     0.999916   0.00141577   0.00027387 
        32.5      121.578     0.999917   0.00141586  0.000274373 
        32.5      122.035     0.999918   0.00141596  0.000274885 
        32.5      122.493     0.999919   0.00141605  0.000275405 
        32.5      122.952      0.99992   0.00141614  0.000275933 
        32.5      123.412     0.999921   0.00141623   0.00027647 
        32.5      123.873     0.999922   0.00141631  0.000277014 
        32.5      124.334     0.999923   0.00141639  0.000277567 
        32.5      124.796     0.999924   0.00141647  0.000278128 
        32.5      125.259     0.999925   0.00141655  0.000278697 
        32.5      125.723     0.999926   0.00141662  0.000279274 
        32.5      126.188     0.999927   0.00141668  0.000279859 
        32.5      126.654     0.999928   0.00141675  0.000280453 
        32.5       127.12     0.999929   0.00141681  0.000281055 
        32.5      127.588      0.99993   0.00141687  0.000281665 
        32.5      128.056     0.999931   0.00141692  0.000282283 
        32.5      128.525     0.999932   0.00141697  0.000282909 
        32.5      128.995     0.999933   0.00141701  0.000283544 
        32.5      129.466     0.999934   0.00141705  0.000284187 
        32.5      129.937     0.999935   0.00141709  0.000284838 
        32.5       130.41     0.999936   0.00141712  0.000285497 
        32.5      130.883     0.999936   0.00141715  0.000286164 
        32.5      131.357     0.999937   0.00141718  0.000286839 
        32.5      131.832     0.999938   0.00141719  0.000287523 
        32.5      132.308     0.999939   0.00141721  0.000288215 
        32.5      132.784      0.99994   0.00141722  0.000288914 
        32.5      133.262     0.999941   0.00141722  0.000289622 
        32.5       133.74     0.999942   0.00141722  0.000290339 
        32.5      134.219     0.999943   0.00141722  0.000291063 
        32.5      134.699     0.999944   0.00141721  0.000291795 
        32.5       135.18     0.999945   0.00141719  0.000292536 
        32.5      135.662     0.999946   0.00141717  0.000293285 
        32.5      136.145     0.999947   0.00141714  0.000294041 
        32.5      136.628     0.999949   0.00141711  0.000294806 
        32.5      137.112      0.99995   0.00141707  0.000295579 
        32.5      137.597     0.999951   0.00141703   0.00029636 
        32.5      138.083     0.999952   0.00141698  0.000297149 
        32.5       138.57     0.999953   0.00141693  0.000297946 
        32.5      139.058     0.999954   0.00141686  0.000298752 
        32.5      139.546     0.999955    0.0014168  0.000299565 
        32.5      140.036     0.999956   0.00141672  0.000300386 
        32.5      140.526     0.999958   0.00141664  0.000301216 
        32.5      141.017     0.999959   0.00141656  0.000302053 
        32.5      141.509      0.99996   0.00141646  0.000302898 
        32.5      142.001     0.999961   0.00141636  0.000303752 
        32.5      142.495     0.999963   0.00141625  0.000304613 
        32.5      142.989     0.999964   0.00141614  0.000305482 
        32.5      143.485     0.999965   0.00141602  0.000306359 
        32.5      143.981     0.999967   0.00141589  0.000307244 
        32.5      144.478     0.999968   0.00141575  0.000308138 
        32.5      144.976      0.99997   0.00141561  0.000309038 
        32.5      145.474     0.999965   0.00141492  0.000308693 
        32.5      145.974     0.999966   0.00141485  0.000309605 
        32.5      146.474     0.999967   0.00141478   0.00031053 
        32.5      146.975     0.999968   0.00141471   0.00031147 
        32.5      147.477     0.999969   0.00141464  0.000312424 
        32.5       147.98      0.99997   0.00141457  0.000313393 
        32.5      148.484     0.999971    0.0014145  0.000314377 
        32.5      148.988     0.999972   0.00141443  0.000315377 
        32.5      149.494     0.999973   0.00141437  0.000316392 
        32.5          150     0.999974   0.00141431  0.000317423 
