Variables = x, y, u, v, p

Zone, I=600, F=POINT
        14.5        -0.25  2.76147e-18  2.15191e-24   0.00588361 
        14.5    -0.249581  0.000166761 -7.95606e-10   0.00588361 
        14.5    -0.248325  0.000666785  -1.4259e-08    0.0058836 
        14.5    -0.246231   0.00150089 -7.35503e-08   0.00588358 
        14.5      -0.2433   0.00266936 -2.33569e-07   0.00588355 
        14.5    -0.239531   0.00417359 -5.70612e-07   0.00588351 
        14.5    -0.234925   0.00601446 -1.18148e-06   0.00588346 
        14.5    -0.229481   0.00819393   -2.183e-06   0.00588341 
        14.5      -0.2232    0.0107135 -3.71047e-06   0.00588335 
        14.5    -0.216081    0.0135758 -5.91716e-06   0.00588328 
        14.5    -0.208124    0.0167833 -8.97238e-06    0.0058832 
        14.5    -0.199331    0.0203382  -1.3059e-05   0.00588311 
        14.5    -0.189699     0.024245 -1.83751e-05   0.00588302 
        14.5     -0.17923    0.0285064 -2.51268e-05   0.00588292 
        14.5    -0.167924    0.0331267 -3.35302e-05   0.00588281 
        14.5     -0.15578    0.0381108 -4.38078e-05    0.0058827 
        14.5    -0.142799    0.0434632 -5.61843e-05   0.00588259 
        14.5     -0.12898    0.0491898 -7.08863e-05   0.00588248 
        14.5    -0.114323    0.0552976 -8.81426e-05   0.00588236 
        14.5    -0.098829    0.0617936 -0.000108144   0.00588222 
        14.5    -0.082498     0.068686 -0.000131097   0.00588207 
        14.5    -0.065329    0.0759844 -0.000157189   0.00588193 
        14.5    -0.047322    0.0836991 -0.000186573   0.00588181 
        14.5    -0.028478    0.0918411 -0.000219374   0.00588167 
        14.5    -0.008797     0.100423 -0.000255711   0.00588145 
        14.5     0.011722     0.109454 -0.000295531   0.00588114 
        14.5     0.033079     0.118957 -0.000338979   0.00588099 
        14.5     0.055273      0.12895 -0.000385998   0.00588091 
        14.5     0.078305     0.139447 -0.000436364   0.00588079 
        14.5     0.102174     0.150462 -0.000489872   0.00588055 
        14.5      0.12688     0.162011 -0.000546328   0.00588014 
        14.5     0.152424     0.174111  -0.00060551   0.00587958 
        14.5     0.178806     0.186777 -0.000667112   0.00587895 
        14.5     0.206025     0.200028 -0.000730647   0.00587845 
        14.5     0.234082      0.21388 -0.000795328    0.0058784 
        14.5     0.262976     0.228348 -0.000860774   0.00587804 
        14.5     0.292708     0.243426 -0.000927213    0.0058767 
        14.5     0.323277     0.259108 -0.000993443   0.00587556 
        14.5     0.354683     0.275385  -0.00105899   0.00587453 
        14.5     0.386928     0.292241  -0.00112348    0.0058735 
        14.5     0.420009     0.309659   -0.0011866   0.00587237 
        14.5     0.453929     0.327614  -0.00124813   0.00587105 
        14.5     0.488685     0.346079  -0.00130794   0.00586946 
        14.5     0.524279      0.36502  -0.00136595   0.00586755 
        14.5     0.560711     0.384399  -0.00142212   0.00586528 
        14.5      0.59798     0.404172   -0.0014764   0.00586266 
        14.5     0.636087     0.424289  -0.00152866   0.00585975 
        14.5     0.675032     0.444693  -0.00157864   0.00585665 
        14.5     0.714813     0.465321  -0.00162581   0.00585352 
        14.5     0.755433     0.486128  -0.00167029   0.00585045 
        14.5      0.79689     0.507182  -0.00171785   0.00584626 
        14.5     0.839184     0.528289  -0.00176305   0.00584154 
        14.5     0.882316     0.549416  -0.00180611   0.00583632 
        14.5     0.926285     0.570525   -0.0018472   0.00583061 
        14.5     0.971092     0.591577  -0.00188645   0.00582441 
        14.5      1.01674      0.61253  -0.00192391   0.00581775 
        14.5      1.06322     0.633342  -0.00195958   0.00581061 
        14.5      1.11054     0.653966  -0.00199341   0.00580301 
        14.5       1.1587     0.674353  -0.00202531   0.00579492 
        14.5      1.20769     0.694452  -0.00205513   0.00578635 
        14.5      1.25752      0.71421   -0.0020827   0.00577725 
        14.5      1.30819      0.73357  -0.00210783    0.0057676 
        14.5       1.3597     0.752475  -0.00213036   0.00575734 
        14.5      1.41204     0.770861  -0.00215014   0.00574642 
        14.5      1.46522     0.788665  -0.00216711   0.00573475 
        14.5      1.51924     0.805819  -0.00218134   0.00572223 
        14.5       1.5741     0.822252  -0.00219303   0.00570874 
        14.5       1.6298     0.837893  -0.00220264   0.00569414 
        14.5      1.68633     0.852664   -0.0022109   0.00567827 
        14.5       1.7437     0.866486  -0.00221893   0.00566091 
        14.5       1.8019     0.879379  -0.00222214   0.00564559 
        14.5      1.86095     0.891522  -0.00222311   0.00562988 
        14.5      1.92083     0.902914  -0.00222251   0.00561341 
        14.5      1.98155     0.913553  -0.00222041    0.0055962 
        14.5      2.04311      0.92344  -0.00221693   0.00557828 
        14.5       2.1055     0.932577  -0.00221217   0.00555968 
        14.5      2.16873     0.940972  -0.00220622   0.00554043 
        14.5       2.2328     0.948634  -0.00219918   0.00552057 
        14.5      2.29771     0.955574  -0.00219114   0.00550013 
        14.5      2.36346     0.961809  -0.00218218   0.00547915 
        14.5      2.43004     0.967357  -0.00217241   0.00545767 
        14.5      2.49746     0.972242  -0.00216188   0.00543572 
        14.5      2.56571     0.976489  -0.00215069   0.00541335 
        14.5      2.63481     0.980127  -0.00213891    0.0053906 
        14.5      2.70474     0.983192  -0.00212662   0.00536751 
        14.5      2.77551     0.985719  -0.00211387   0.00534411 
        14.5      2.84712     0.987752  -0.00210074   0.00532045 
        14.5      2.91956     0.989335   -0.0020873   0.00529657 
        14.5      2.99284     0.990519  -0.00207362    0.0052725 
        14.5      3.06697     0.991357  -0.00205977   0.00524829 
        14.5      3.14192     0.991909  -0.00204581   0.00522397 
        14.5      3.21772     0.992238  -0.00203184   0.00519958 
        14.5      3.29435     0.992412  -0.00201795   0.00517514 
        14.5      3.37182     0.992503  -0.00200424   0.00515069 
        14.5      3.45013     0.992588  -0.00199083   0.00512624 
        14.5      3.52927      0.99275  -0.00197785   0.00510183 
        14.5      3.60925     0.993076  -0.00196548   0.00507747 
        14.5      3.69007     0.993657   -0.0019539   0.00505317 
        14.5      3.77173     0.994312  -0.00194039   0.00502789 
        14.5      3.85423     0.994352  -0.00192252   0.00500056 
        14.5      3.93756     0.994395  -0.00190804   0.00497423 
        14.5      4.02173     0.994442  -0.00189497   0.00494847 
        14.5      4.10673     0.994491  -0.00188201   0.00492295 
        14.5      4.19258     0.994541   -0.0018684   0.00489737 
        14.5      4.27926     0.994593  -0.00185392   0.00487153 
        14.5      4.36678     0.994644  -0.00183874    0.0048453 
        14.5      4.45514     0.994694  -0.00182329   0.00481864 
        14.5      4.54434      0.99474   -0.0018081   0.00479167 
        14.5      4.63437      0.99478  -0.00179254   0.00476555 
        14.5      4.72524     0.994813  -0.00177678   0.00473911 
        14.5      4.81694      0.99484  -0.00176116   0.00471253 
        14.5      4.90949     0.994859  -0.00174593   0.00468604 
        14.5      5.00287     0.994876  -0.00172993   0.00465957 
        14.5      5.09709     0.994898  -0.00171308   0.00463284 
        14.5      5.19215      0.99492  -0.00169661   0.00460613 
        14.5      5.28805     0.994942   -0.0016803   0.00457942 
        14.5      5.38478     0.994965  -0.00166395   0.00455269 
        14.5      5.48235     0.994989  -0.00164746   0.00452592 
        14.5      5.58076     0.995014  -0.00163076   0.00449909 
        14.5         5.68      0.99504  -0.00161383   0.00447219 
        14.5      5.78008     0.995067  -0.00159668   0.00444522 
        14.5        5.881     0.995096  -0.00157934    0.0044182 
        14.5      5.98276     0.995127  -0.00156185   0.00439113 
        14.5      6.08536     0.995159  -0.00154425   0.00436403 
        14.5      6.18879     0.995192  -0.00152653   0.00433693 
        14.5      6.29306     0.995227  -0.00150867   0.00430989 
        14.5      6.39817     0.995263  -0.00149055   0.00428293 
        14.5      6.50411     0.995301  -0.00147204     0.004256 
        14.5       6.6109     0.995339  -0.00145351   0.00422885 
        14.5      6.71852     0.995363  -0.00143528   0.00420204 
        14.5      6.82697     0.995387   -0.0014169   0.00417514 
        14.5      6.93627     0.995411  -0.00139846   0.00414809 
        14.5       7.0464     0.995434  -0.00138006   0.00412089 
        14.5      7.15737     0.995457  -0.00136142   0.00409378 
        14.5      7.26918     0.995478  -0.00134258   0.00406674 
        14.5      7.38182       0.9955  -0.00132358   0.00403978 
        14.5      7.49531     0.995521  -0.00130447   0.00401288 
        14.5      7.60963     0.995541  -0.00128528   0.00398604 
        14.5      7.72478     0.995562  -0.00126602   0.00395925 
        14.5      7.84078     0.995583  -0.00124672   0.00393252 
        14.5      7.95761     0.995604   -0.0012274   0.00390584 
        14.5      8.07528     0.995626  -0.00120805   0.00387921 
        14.5      8.19379     0.995649  -0.00118867   0.00385264 
        14.5      8.31314     0.995674  -0.00116927   0.00382611 
        14.5      8.43332     0.995701  -0.00114984   0.00379965 
        14.5      8.55434     0.995731  -0.00113035   0.00377325 
        14.5       8.6762     0.995763   -0.0011108   0.00374693 
        14.5      8.79889     0.995798  -0.00109117   0.00372069 
        14.5      8.92243     0.995836  -0.00107142   0.00369454 
        14.5       9.0468     0.995875  -0.00105159   0.00366848 
        14.5      9.17201     0.995912  -0.00103172   0.00364243 
        14.5      9.29805     0.995947  -0.00101176    0.0036164 
        14.5      9.42493     0.995981 -0.000991737   0.00359043 
        14.5      9.55265     0.996015 -0.000971654   0.00356452 
        14.5      9.68121     0.996048 -0.000951538    0.0035387 
        14.5      9.81061     0.996079 -0.000931414   0.00351298 
        14.5      9.94084      0.99611 -0.000911313   0.00348738 
        14.5      10.0719      0.99614 -0.000891266   0.00346193 
        14.5      10.2038     0.996169 -0.000871309   0.00343663 
        14.5      10.3366     0.996197 -0.000851475    0.0034115 
        14.5      10.4701     0.996224 -0.000831794   0.00338656 
        14.5      10.6046     0.996249 -0.000812296   0.00336183 
        14.5      10.7398     0.996274 -0.000792513   0.00333698 
        14.5      10.8759     0.996298 -0.000772243   0.00331192 
        14.5      11.0129      0.99632 -0.000751927   0.00328694 
        14.5      11.1506     0.996339 -0.000731615   0.00326205 
        14.5      11.2892     0.996357 -0.000711362   0.00323725 
        14.5      11.4287     0.996374 -0.000691224   0.00321256 
        14.5       11.569      0.99639 -0.000671254     0.003188 
        14.5      11.7101     0.996406   -0.0006515   0.00316359 
        14.5       11.852     0.996423 -0.000632002   0.00313936 
        14.5      11.9948     0.996441 -0.000612786   0.00311535 
        14.5      12.1385     0.996461 -0.000593802   0.00309159 
        14.5      12.2829     0.996489 -0.000573559   0.00306796 
        14.5      12.4283     0.996516 -0.000553614    0.0030444 
        14.5      12.5744     0.996543 -0.000533913   0.00302091 
        14.5      12.7214     0.996569 -0.000514411    0.0029975 
        14.5      12.8692     0.996596 -0.000495067   0.00297418 
        14.5      13.0179     0.996623 -0.000475847   0.00295096 
        14.5      13.1674     0.996649 -0.000456723   0.00292785 
        14.5      13.3177     0.996676 -0.000437671   0.00290485 
        14.5      13.4689     0.996702 -0.000418674   0.00288197 
        14.5      13.6209     0.996728 -0.000399721   0.00285923 
        14.5      13.7737     0.996754 -0.000380802   0.00283662 
        14.5      13.9274      0.99678 -0.000361916   0.00281414 
        14.5      14.0819     0.996806 -0.000343064   0.00279181 
        14.5      14.2373     0.996832  -0.00032425   0.00276962 
        14.5      14.3935     0.996857 -0.000305484   0.00274758 
        14.5      14.5505     0.996882 -0.000286775   0.00272568 
        14.5      14.7084     0.996906 -0.000268138   0.00270393 
        14.5      14.8671      0.99693 -0.000249587   0.00268231 
        14.5      15.0266     0.996953 -0.000231138   0.00266084 
        14.5       15.187     0.996976 -0.000212808   0.00263949 
        14.5      15.3482     0.996999 -0.000194611   0.00261827 
        14.5      15.5103      0.99702 -0.000176562   0.00259717 
        14.5      15.6732     0.997042  -0.00015875   0.00257605 
        14.5      15.8369     0.997062 -0.000141188   0.00255491 
        14.5      16.0015     0.997082 -0.000123783   0.00253386 
        14.5      16.1669     0.997102 -0.000106508   0.00251292 
        14.5      16.3331     0.997122 -8.93218e-05   0.00249209 
        14.5      16.5002     0.997143 -7.17858e-05   0.00247151 
        14.5      16.6682     0.997166 -5.43047e-05   0.00245115 
        14.5      16.8369     0.997188 -3.71943e-05   0.00243103 
        14.5      17.0065     0.997209  -2.0228e-05   0.00241106 
        14.5      17.1769      0.99723   -3.376e-06   0.00239122 
        14.5      17.3482     0.997251  1.33583e-05    0.0023715 
        14.5      17.5203     0.997272  2.99717e-05   0.00235192 
        14.5      17.6933     0.997293  4.64619e-05   0.00233245 
        14.5      17.8671     0.997314  6.28268e-05   0.00231312 
        14.5      18.0417     0.997335  7.90647e-05   0.00229391 
        14.5      18.2171     0.997355  9.51746e-05   0.00227483 
        14.5      18.3934     0.997376  0.000111155   0.00225588 
        14.5      18.5706     0.997396  0.000127007   0.00223706 
        14.5      18.7485     0.997417  0.000142728   0.00221836 
        14.5      18.9273     0.997437   0.00015832   0.00219979 
        14.5       19.107     0.997457  0.000173783   0.00218135 
        14.5      19.2875     0.997476  0.000189117   0.00216303 
        14.5      19.4688     0.997496  0.000204322   0.00214484 
        14.5       19.651     0.997515    0.0002194   0.00212678 
        14.5      19.8339     0.997535   0.00023435   0.00210885 
        14.5      20.0178     0.997553  0.000249173   0.00209104 
        14.5      20.2025     0.997572   0.00026387   0.00207336 
        14.5       20.388      0.99759  0.000278441    0.0020558 
        14.5      20.5743     0.997609  0.000292886   0.00203837 
        14.5      20.7615     0.997627  0.000307203   0.00202107 
        14.5      20.9495     0.997644  0.000321392   0.00200389 
        14.5      21.1384     0.997662  0.000335452   0.00198683 
        14.5      21.3281      0.99768   0.00034938    0.0019699 
        14.5      21.5186     0.997697  0.000363173   0.00195309 
        14.5        21.71     0.997715  0.000376808   0.00193642 
        14.5      21.9022     0.997733  0.000390218   0.00192001 
        14.5      22.0952     0.997752  0.000403531   0.00190372 
        14.5      22.2891      0.99777  0.000416761   0.00188752 
        14.5      22.4838     0.997788  0.000429916   0.00187142 
        14.5      22.6794     0.997805  0.000443008   0.00185538 
        14.5      22.8758     0.997823  0.000456045   0.00183939 
        14.5       23.073      0.99784  0.000468762   0.00182364 
        14.5      23.2711     0.997857  0.000481282   0.00180806 
        14.5        23.47     0.997874  0.000493688   0.00179259 
        14.5      23.6698     0.997891  0.000505979   0.00177724 
        14.5      23.8703     0.997908  0.000518152     0.001762 
        14.5      24.0718     0.997924  0.000530208   0.00174688 
        14.5       24.274     0.997941  0.000542146   0.00173188 
        14.5      24.4771     0.997957  0.000553963   0.00171699 
        14.5       24.681     0.997973   0.00056566   0.00170222 
        14.5      24.8858     0.997989  0.000577236   0.00168757 
        14.5      25.0914     0.998005   0.00058869   0.00167304 
        14.5      25.2979     0.998021  0.000600023   0.00165862 
        14.5      25.5052     0.998037  0.000611233   0.00164433 
        14.5      25.7133     0.998053   0.00062232   0.00163015 
        14.5      25.9222     0.998068  0.000633286   0.00161609 
        14.5       26.132     0.998083  0.000644129   0.00160215 
        14.5      26.3427     0.998099  0.000654849   0.00158832 
        14.5      26.5541     0.998114  0.000665448   0.00157462 
        14.5      26.7664     0.998129  0.000675925   0.00156103 
        14.5      26.9796     0.998144  0.000686281   0.00154756 
        14.5      27.1936     0.998159  0.000696517    0.0015342 
        14.5      27.4084     0.998173  0.000706632   0.00152097 
        14.5      27.6241     0.998188  0.000716628   0.00150785 
        14.5      27.8406     0.998203  0.000726506   0.00149484 
        14.5      28.0579     0.998217  0.000736267   0.00148196 
        14.5      28.2761     0.998231  0.000745911   0.00146918 
        14.5      28.4951     0.998246  0.000755437   0.00145653 
        14.5      28.7149      0.99826  0.000764827   0.00144399 
        14.5      28.9356     0.998274  0.000774107   0.00143157 
        14.5      29.1571     0.998288  0.000783278   0.00141926 
        14.5      29.3795     0.998301  0.000792342   0.00140705 
        14.5      29.6027     0.998315  0.000801301   0.00139496 
        14.5      29.8267     0.998329  0.000810156   0.00138297 
        14.5      30.0516     0.998342  0.000818909   0.00137108 
        14.5      30.2773     0.998356  0.000827562    0.0013593 
        14.5      30.5038     0.998369  0.000836118   0.00134763 
        14.5      30.7312     0.998382   0.00084458   0.00133605 
        14.5      30.9595     0.998395  0.000852949   0.00132458 
        14.5      31.1885     0.998408  0.000861229   0.00131321 
        14.5      31.4184     0.998422  0.000869424   0.00130194 
        14.5      31.6491     0.998434  0.000877444   0.00129079 
        14.5      31.8807     0.998447  0.000885352   0.00127973 
        14.5      32.1131     0.998459   0.00089318   0.00126878 
        14.5      32.3464     0.998472   0.00090093   0.00125793 
        14.5      32.5805     0.998484  0.000908562   0.00124723 
        14.5      32.8154     0.998497  0.000916079   0.00123664 
        14.5      33.0511     0.998509  0.000923501   0.00122615 
        14.5      33.2877     0.998521  0.000930829   0.00121576 
        14.5      33.5252     0.998533  0.000938064   0.00120547 
        14.5      33.7634     0.998545  0.000945207   0.00119527 
        14.5      34.0025     0.998557  0.000952259   0.00118517 
        14.5      34.2425     0.998569  0.000959221   0.00117516 
        14.5      34.4833     0.998581   0.00096612   0.00116521 
        14.5      34.7249     0.998592  0.000972942   0.00115533 
        14.5      34.9674     0.998604  0.000979676   0.00114554 
        14.5      35.2107     0.998615  0.000986323   0.00113585 
        14.5      35.4548     0.998626  0.000992884   0.00112626 
        14.5      35.6998     0.998638  0.000999359   0.00111676 
        14.5      35.9456     0.998649   0.00100575   0.00110736 
        14.5      36.1922      0.99866   0.00101206   0.00109804 
        14.5      36.4397     0.998671   0.00101829   0.00108883 
        14.5       36.688     0.998682   0.00102443    0.0010797 
        14.5      36.9372     0.998693   0.00103049   0.00107066 
        14.5      37.1872     0.998703   0.00103648   0.00106172 
        14.5       37.438     0.998714   0.00104239   0.00105286 
        14.5      37.6897     0.998725   0.00104822    0.0010441 
        14.5      37.9422     0.998735   0.00105397   0.00103542 
        14.5      38.1956     0.998746   0.00105965   0.00102683 
        14.5      38.4497     0.998756   0.00106525   0.00101833 
        14.5      38.7048     0.998766   0.00107079   0.00100992 
        14.5      38.9606     0.998776   0.00107624   0.00100159 
        14.5      39.2173     0.998787   0.00108163  0.000993349 
        14.5      39.4749     0.998797   0.00108695  0.000985192 
        14.5      39.7332     0.998807    0.0010922  0.000977118 
        14.5      39.9924     0.998816   0.00109737  0.000969127 
        14.5      40.2525     0.998826   0.00110248  0.000961218 
        14.5      40.5134     0.998836   0.00110753  0.000953391 
        14.5      40.7751     0.998846    0.0011125  0.000945645 
        14.5      41.0376     0.998855   0.00111741  0.000937979 
        14.5       41.301     0.998865   0.00112226  0.000930392 
        14.5      41.5653     0.998874   0.00112704  0.000922884 
        14.5      41.8304     0.998883   0.00113176  0.000915453 
        14.5      42.0963     0.998893   0.00113641  0.000908099 
        14.5       42.363     0.998902     0.001141  0.000900821 
        14.5      42.6306     0.998911   0.00114552  0.000893618 
        14.5       42.899      0.99892   0.00114999   0.00088649 
        14.5      43.1683     0.998929   0.00115439  0.000879436 
        14.5      43.4384     0.998938   0.00115872  0.000872454 
        14.5      43.7093     0.998947     0.001163  0.000865544 
        14.5      43.9811     0.998956   0.00116721  0.000858706 
        14.5      44.2537     0.998964   0.00117136  0.000851937 
        14.5      44.5271     0.998973   0.00117545  0.000845239 
        14.5      44.8014     0.998982   0.00117947  0.000838609 
        14.5      45.0765      0.99899   0.00118343  0.000832047 
        14.5      45.3525     0.998999   0.00118733  0.000825552 
        14.5      45.6293     0.999007    0.0011912  0.000819152 
        14.5      45.9069     0.999016   0.00119507  0.000812846 
        14.5      46.1854     0.999024   0.00119888  0.000806604 
        14.5      46.4647     0.999032   0.00120264  0.000800424 
        14.5      46.7449      0.99904   0.00120635  0.000794308 
        14.5      47.0259     0.999048   0.00121001  0.000788254 
        14.5      47.3077     0.999056   0.00121362  0.000782264 
        14.5      47.5903     0.999064   0.00121718  0.000776335 
        14.5      47.8738     0.999072   0.00122069  0.000770469 
        14.5      48.1582      0.99908   0.00122415  0.000764665 
        14.5      48.4433     0.999088   0.00122756  0.000758923 
        14.5      48.7294     0.999096   0.00123093  0.000753243 
        14.5      49.0162     0.999103   0.00123425  0.000747624 
        14.5      49.3039     0.999111   0.00123753  0.000742066 
        14.5      49.5924     0.999118   0.00124076  0.000736569 
        14.5      49.8818     0.999126   0.00124394  0.000731133 
        14.5       50.172     0.999133   0.00124709  0.000725757 
        14.5       50.463     0.999141   0.00125019  0.000720441 
        14.5      50.7549     0.999148   0.00125325  0.000715185 
        14.5      51.0476     0.999155   0.00125627  0.000709989 
        14.5      51.3411     0.999163   0.00125924  0.000704851 
        14.5      51.6355      0.99917   0.00126218  0.000699772 
        14.5      51.9307     0.999177   0.00126508  0.000694752 
        14.5      52.2268     0.999184   0.00126793   0.00068979 
        14.5      52.5237     0.999191   0.00127075  0.000684885 
        14.5      52.8214     0.999198   0.00127353  0.000680038 
        14.5        53.12     0.999205   0.00127627  0.000675247 
        14.5      53.4194     0.999212   0.00127898  0.000670513 
        14.5      53.7197     0.999218   0.00128165  0.000665835 
        14.5      54.0208     0.999225   0.00128428  0.000661212 
        14.5      54.3227     0.999232   0.00128688  0.000656645 
        14.5      54.6254     0.999238   0.00128944  0.000652132 
        14.5       54.929     0.999245   0.00129196  0.000647673 
        14.5      55.2335     0.999251   0.00129446  0.000643268 
        14.5      55.5387     0.999258   0.00129691  0.000638916 
        14.5      55.8449     0.999264   0.00129934  0.000634617 
        14.5      56.1518     0.999271   0.00130173   0.00063037 
        14.5      56.4596     0.999277   0.00130409  0.000626174 
        14.5      56.7682     0.999283   0.00130642   0.00062203 
        14.5      57.0777      0.99929   0.00130872  0.000617935 
        14.5       57.388     0.999296   0.00131098  0.000613891 
        14.5      57.6991     0.999302   0.00131322  0.000609896 
        14.5      58.0111     0.999308   0.00131542  0.000605949 
        14.5      58.3239     0.999314    0.0013176   0.00060205 
        14.5      58.6375      0.99932   0.00131975  0.000598199 
        14.5       58.952     0.999326   0.00132186  0.000594394 
        14.5      59.2673     0.999332   0.00132396  0.000590636 
        14.5      59.5835     0.999338   0.00132602  0.000586923 
        14.5      59.9005     0.999344   0.00132805  0.000583254 
        14.5      60.2183      0.99935   0.00133006   0.00057963 
        14.5       60.537     0.999356   0.00133205  0.000576049 
        14.5      60.8565     0.999361     0.001334  0.000572499 
        14.5      61.1769     0.999367   0.00133592  0.000568978 
        14.5      61.4981     0.999373   0.00133782  0.000565498 
        14.5      61.8201     0.999378   0.00133968   0.00056206 
        14.5      62.1429     0.999384   0.00134151  0.000558663 
        14.5      62.4666     0.999389   0.00134332  0.000555307 
        14.5      62.7912     0.999395    0.0013451   0.00055199 
        14.5      63.1165       0.9994   0.00134684  0.000548712 
        14.5      63.4428     0.999405   0.00134855  0.000545473 
        14.5      63.7698      0.99941   0.00135024  0.000542277 
        14.5      64.0977     0.999416   0.00135196  0.000539194 
        14.5      64.4264     0.999421   0.00135365  0.000536149 
        14.5       64.756     0.999426   0.00135531  0.000533144 
        14.5      65.0864     0.999431   0.00135695  0.000530177 
        14.5      65.4176     0.999436   0.00135855  0.000527249 
        14.5      65.7497     0.999442   0.00136015  0.000524319 
        14.5      66.0826     0.999447   0.00136173  0.000521415 
        14.5      66.4163     0.999452   0.00136329  0.000518549 
        14.5      66.7509     0.999457   0.00136482  0.000515723 
        14.5      67.0864     0.999462   0.00136632  0.000512935 
        14.5      67.4226     0.999467    0.0013678  0.000510184 
        14.5      67.7597     0.999472   0.00136926  0.000507472 
        14.5      68.0976     0.999476    0.0013707  0.000504797 
        14.5      68.4364     0.999481   0.00137211  0.000502159 
        14.5       68.776     0.999486    0.0013735  0.000499558 
        14.5      69.1165     0.999491   0.00137487  0.000496993 
        14.5      69.4578     0.999496   0.00137622  0.000494465 
        14.5      69.7999       0.9995   0.00137755  0.000491972 
        14.5      70.1428     0.999505   0.00137886  0.000489515 
        14.5      70.4866     0.999509   0.00138015  0.000487093 
        14.5      70.8313     0.999514   0.00138142  0.000484705 
        14.5      71.1768     0.999519   0.00138268  0.000482353 
        14.5      71.5231     0.999523   0.00138391  0.000480034 
        14.5      71.8702     0.999528   0.00138513  0.000477749 
        14.5      72.2182     0.999532   0.00138634  0.000475498 
        14.5       72.567     0.999536   0.00138752   0.00047328 
        14.5      72.9167     0.999541   0.00138869  0.000471095 
        14.5      73.2672     0.999545   0.00138985  0.000468943 
        14.5      73.6185     0.999549   0.00139099  0.000466822 
        14.5      73.9707     0.999554   0.00139211  0.000464734 
        14.5      74.3237     0.999558   0.00139322  0.000462677 
        14.5      74.6776     0.999562   0.00139432  0.000460652 
        14.5      75.0322     0.999566    0.0013954  0.000458657 
        14.5      75.3878      0.99957   0.00139647  0.000456693 
        14.5      75.7441     0.999575   0.00139752  0.000454759 
        14.5      76.1013     0.999579   0.00139856  0.000452856 
        14.5      76.4594     0.999583   0.00139959  0.000450981 
        14.5      76.8182     0.999587   0.00140061  0.000449137 
        14.5      77.1779     0.999591   0.00140161  0.000447321 
        14.5      77.5385     0.999595    0.0014026  0.000445534 
        14.5      77.8999     0.999598   0.00140358  0.000443775 
        14.5      78.2621     0.999602   0.00140454  0.000442045 
        14.5      78.6252     0.999606   0.00140549  0.000440342 
        14.5      78.9891      0.99961   0.00140643  0.000438667 
        14.5      79.3538     0.999614   0.00140736  0.000437019 
        14.5      79.7194     0.999617   0.00140827  0.000435398 
        14.5      80.0858     0.999621   0.00140917  0.000433804 
        14.5       80.453     0.999625   0.00141006  0.000432236 
        14.5      80.8211     0.999628   0.00141094  0.000430694 
        14.5        81.19     0.999632    0.0014118  0.000429177 
        14.5      81.5598     0.999636   0.00141265  0.000427687 
        14.5      81.9304     0.999639   0.00141349  0.000426221 
        14.5      82.3018     0.999643   0.00141432  0.000424781 
        14.5      82.6741     0.999646   0.00141513  0.000423365 
        14.5      83.0472      0.99965   0.00141592  0.000421974 
        14.5      83.4212     0.999653    0.0014167  0.000420607 
        14.5       83.796     0.999657   0.00141747  0.000419264 
        14.5      84.1716      0.99966   0.00141822  0.000417945 
        14.5      84.5481     0.999664   0.00141896  0.000416649 
        14.5      84.9253     0.999667   0.00141968  0.000415377 
        14.5      85.3035     0.999671   0.00142038  0.000414128 
        14.5      85.6825     0.999674   0.00142107  0.000412901 
        14.5      86.0623     0.999677   0.00142174  0.000411697 
        14.5      86.4429     0.999681   0.00142239  0.000410516 
        14.5      86.8244     0.999684   0.00142302  0.000409357 
        14.5      87.2067     0.999687   0.00142373  0.000408249 
        14.5      87.5899      0.99969   0.00142448  0.000407184 
        14.5      87.9739     0.999693   0.00142521  0.000406135 
        14.5      88.3587     0.999696   0.00142592  0.000405102 
        14.5      88.7444     0.999699   0.00142661  0.000404087 
        14.5      89.1309     0.999702   0.00142727  0.000403089 
        14.5      89.5183     0.999705   0.00142791  0.000402108 
        14.5      89.9064     0.999708   0.00142853  0.000401144 
        14.5      90.2955     0.999711   0.00142914  0.000400197 
        14.5      90.6853     0.999714   0.00142972  0.000399268 
        14.5       91.076     0.999717   0.00143029  0.000398356 
        14.5      91.4676      0.99972   0.00143084  0.000397461 
        14.5      91.8599     0.999723   0.00143138  0.000396584 
        14.5      92.2532     0.999726   0.00143191  0.000395725 
        14.5      92.6472     0.999729   0.00143242  0.000394883 
        14.5      93.0421     0.999732   0.00143291  0.000394059 
        14.5      93.4378     0.999735    0.0014334  0.000393253 
        14.5      93.8344     0.999738   0.00143387  0.000392465 
        14.5      94.2318     0.999741   0.00143434  0.000391694 
        14.5        94.63     0.999743   0.00143479  0.000390943 
        14.5      95.0291     0.999746   0.00143524  0.000390209 
        14.5       95.429     0.999749   0.00143567  0.000389494 
        14.5      95.8298     0.999752    0.0014361  0.000388797 
        14.5      96.2313     0.999755   0.00143652  0.000388119 
        14.5      96.6338     0.999757   0.00143693  0.000387459 
        14.5       97.037      0.99976   0.00143734  0.000386818 
        14.5      97.4411     0.999763   0.00143774  0.000386197 
        14.5      97.8461     0.999766   0.00143813  0.000385594 
        14.5      98.2518     0.999768   0.00143852  0.000385011 
        14.5      98.6584     0.999771    0.0014389  0.000384447 
        14.5      99.0659     0.999773   0.00143928  0.000383902 
        14.5      99.4742     0.999776   0.00143965  0.000383377 
        14.5      99.8833     0.999778   0.00144002  0.000382872 
        14.5      100.293     0.999781   0.00144038  0.000382386 
        14.5      100.704     0.999783   0.00144074  0.000381921 
        14.5      101.116     0.999786    0.0014411  0.000381476 
        14.5      101.528     0.999788   0.00144146  0.000381052 
        14.5      101.941     0.999791   0.00144181  0.000380647 
        14.5      102.356     0.999793   0.00144216  0.000380264 
        14.5      102.771     0.999796    0.0014425  0.000379902 
        14.5      103.186     0.999798   0.00144284   0.00037956 
        14.5      103.603       0.9998   0.00144319   0.00037924 
        14.5      104.021     0.999802   0.00144353  0.000378941 
        14.5      104.439     0.999805   0.00144387  0.000378664 
        14.5      104.858     0.999807    0.0014442  0.000378409 
        14.5      105.278     0.999809   0.00144454  0.000378176 
        14.5      105.699     0.999811   0.00144487  0.000377965 
        14.5      106.121     0.999813   0.00144521  0.000377776 
        14.5      106.543     0.999816   0.00144554  0.000377611 
        14.5      106.967     0.999818   0.00144588  0.000377468 
        14.5      107.391      0.99982   0.00144621  0.000377348 
        14.5      107.816     0.999822   0.00144655  0.000377251 
        14.5      108.242     0.999824   0.00144689  0.000377178 
        14.5      108.668     0.999826   0.00144722  0.000377129 
        14.5      109.096     0.999828   0.00144757  0.000377104 
        14.5      109.524      0.99983   0.00144791  0.000377104 
        14.5      109.954     0.999832   0.00144822  0.000377097 
        14.5      110.384     0.999834   0.00144841  0.000376997 
        14.5      110.815     0.999836   0.00144859  0.000376916 
        14.5      111.246     0.999838   0.00144876  0.000376854 
        14.5      111.679      0.99984   0.00144893   0.00037681 
        14.5      112.112     0.999842    0.0014491  0.000376784 
        14.5      112.546     0.999844   0.00144925  0.000376777 
        14.5      112.982     0.999846    0.0014494  0.000376789 
        14.5      113.417     0.999847   0.00144954  0.000376818 
        14.5      113.854     0.999849   0.00144967  0.000376866 
        14.5      114.292     0.999851   0.00144979  0.000376932 
        14.5       114.73     0.999853   0.00144991  0.000377017 
        14.5       115.17     0.999855   0.00145001   0.00037712 
        14.5       115.61     0.999856   0.00145011  0.000377241 
        14.5      116.051     0.999858   0.00145019   0.00037738 
        14.5      116.492      0.99986   0.00145026  0.000377538 
        14.5      116.935     0.999862   0.00145032  0.000377714 
        14.5      117.379     0.999863   0.00145037  0.000377908 
        14.5      117.823     0.999865    0.0014504  0.000378121 
        14.5      118.268     0.999867   0.00145043  0.000378352 
        14.5      118.714     0.999869   0.00145043  0.000378601 
        14.5      119.161      0.99987   0.00145043  0.000378869 
        14.5      119.608     0.999872   0.00145041  0.000379156 
        14.5      120.057     0.999874   0.00145037  0.000379461 
        14.5      120.506     0.999876   0.00145031  0.000379784 
        14.5      120.956     0.999877   0.00145024  0.000380126 
        14.5      121.407     0.999879   0.00145032  0.000380345 
        14.5      121.859      0.99988   0.00145042  0.000380556 
        14.5      122.312     0.999882   0.00145053  0.000380789 
        14.5      122.765     0.999883   0.00145063  0.000381043 
        14.5       123.22     0.999884   0.00145072  0.000381317 
        14.5      123.675     0.999886   0.00145082  0.000381612 
        14.5      124.131     0.999887   0.00145092  0.000381927 
        14.5      124.588     0.999888   0.00145101   0.00038226 
        14.5      125.046     0.999889    0.0014511  0.000382613 
        14.5      125.504      0.99989    0.0014512  0.000382985 
        14.5      125.963     0.999891   0.00145129  0.000383374 
        14.5      126.424     0.999892   0.00145138  0.000383782 
        14.5      126.885     0.999893   0.00145147  0.000384206 
        14.5      127.347     0.999894   0.00145155  0.000384648 
        14.5      127.809     0.999895   0.00145164  0.000385107 
        14.5      128.273     0.999895   0.00145172  0.000385582 
        14.5      128.737     0.999896    0.0014518  0.000386074 
        14.5      129.202     0.999897   0.00145188  0.000386581 
        14.5      129.669     0.999898   0.00145196  0.000387104 
        14.5      130.135     0.999899   0.00145203  0.000387642 
        14.5      130.603       0.9999   0.00145209  0.000388195 
        14.5      131.072     0.999901   0.00145215  0.000388764 
        14.5      131.541     0.999901   0.00145221  0.000389347 
        14.5      132.012     0.999902   0.00145226  0.000389944 
        14.5      132.483     0.999903    0.0014523  0.000390556 
        14.5      132.955     0.999904   0.00145234  0.000391181 
        14.5      133.427     0.999905   0.00145236  0.000391821 
        14.5      133.901     0.999906   0.00145238  0.000392475 
        14.5      134.375     0.999907   0.00145239  0.000393142 
        14.5      134.851     0.999908   0.00145239  0.000393823 
        14.5      135.327      0.99991   0.00145239  0.000394517 
        14.5      135.804     0.999911   0.00145237  0.000395226 
        14.5      136.282     0.999912   0.00145234  0.000395947 
        14.5       136.76     0.999914    0.0014523  0.000396682 
        14.5       137.24     0.999915   0.00145225   0.00039743 
        14.5       137.72     0.999917   0.00145219  0.000398192 
        14.5      138.201     0.999918   0.00145212  0.000398968 
        14.5      138.683      0.99992   0.00145203  0.000399756 
        14.5      139.166     0.999922   0.00145194  0.000400559 
        14.5       139.65     0.999924   0.00145184  0.000401375 
        14.5      140.134     0.999926   0.00145172  0.000402205 
        14.5      140.619     0.999928    0.0014516   0.00040305 
        14.5      141.106      0.99993   0.00145147  0.000403908 
        14.5      141.593     0.999933   0.00145133  0.000404781 
        14.5       142.08     0.999935   0.00145119  0.000405668 
        14.5      142.569     0.999938   0.00145104   0.00040657 
        14.5      143.059     0.999941   0.00145089  0.000407487 
        14.5      143.549     0.999944   0.00145074   0.00040842 
        14.5       144.04     0.999947   0.00145058  0.000409368 
        14.5      144.532      0.99995   0.00145043  0.000410332 
        14.5      145.025     0.999954   0.00145028  0.000411313 
        14.5      145.519     0.999957   0.00145014   0.00041231 
        14.5      146.013     0.999961   0.00145001  0.000413325 
        14.5      146.509     0.999965   0.00144989  0.000414357 
        14.5      147.005      0.99997   0.00144979  0.000415407 
        14.5      147.502     0.999974   0.00144971  0.000416476 
        14.5          148     0.999979   0.00144965  0.000417564 
        14.5      148.499     0.999984   0.00144963  0.000418672 
        14.5      148.998     0.999989   0.00144963    0.0004198 
        14.5      149.499     0.999994   0.00144967  0.000420948 
        14.5          150            1   0.00144976  0.000422119 
