Variables = x, y, u, v, p

Zone, I=600, F=POINT
        54.5            0            0            0   -0.0021551 
        54.5     0.000418   0.00023809 -1.00554e-08  -0.00215511 
        54.5     0.001672   0.00095244 -3.22517e-08  -0.00215515 
        54.5     0.003763   0.00214387 -4.29226e-08  -0.00215522 
        54.5     0.006689   0.00381163 -3.40394e-09  -0.00215532 
        54.5     0.010451   0.00595685  1.38828e-07  -0.00215545 
        54.5      0.01505   0.00858079  4.48925e-07  -0.00215561 
        54.5     0.020485    0.0116837  1.00303e-06  -0.00215579 
        54.5     0.026756    0.0152664  1.88702e-06    -0.002156 
        54.5     0.033863      0.01933  3.19542e-06  -0.00215621 
        54.5     0.041806    0.0238755  5.03077e-06  -0.00215642 
        54.5     0.050585     0.028904  7.50368e-06   -0.0021566 
        54.5     0.060201    0.0344171  1.07339e-05  -0.00215675 
        54.5     0.070652    0.0404147  1.48501e-05  -0.00215684 
        54.5      0.08194    0.0468988  1.99949e-05  -0.00215683 
        54.5     0.094063    0.0538691  2.63234e-05  -0.00215672 
        54.5     0.107023    0.0613274  3.40087e-05  -0.00215649 
        54.5     0.120819    0.0692736    4.324e-05  -0.00215613 
        54.5     0.135451    0.0777077  5.42227e-05  -0.00215565 
        54.5     0.150919    0.0866296  6.71738e-05  -0.00215511 
        54.5     0.167224    0.0960392  8.23125e-05  -0.00215458 
        54.5     0.184364     0.105934  9.98385e-05  -0.00215421 
        54.5     0.202341     0.116314  0.000119911  -0.00215419 
        54.5     0.221153     0.127176  0.000142597  -0.00215483 
        54.5     0.240802     0.138518  0.000167822  -0.00215654 
        54.5     0.261287     0.150359   0.00019688  -0.00215711 
        54.5     0.282608     0.162664  0.000229937  -0.00215588 
        54.5     0.304765       0.1754  0.000265988  -0.00215475 
        54.5     0.327758     0.188556  0.000305157  -0.00215376 
        54.5     0.351588     0.202123  0.000347533  -0.00215292 
        54.5     0.376253     0.216089  0.000393148  -0.00215227 
        54.5     0.401755     0.230444  0.000441987   -0.0021518 
        54.5     0.428092     0.245172  0.000493966  -0.00215153 
        54.5     0.455266     0.260261  0.000548945  -0.00215144 
        54.5     0.483276     0.275695  0.000606712  -0.00215149 
        54.5     0.512122     0.291456  0.000666995  -0.00215163 
        54.5     0.541805     0.307527   0.00072947  -0.00215176 
        54.5     0.572323     0.323887  0.000793768  -0.00215178 
        54.5     0.603677     0.340515  0.000859505  -0.00215151 
        54.5     0.635868     0.357389  0.000926311  -0.00215073 
        54.5     0.668894     0.374483  0.000993857  -0.00214919 
        54.5     0.702757     0.391772   0.00106193  -0.00214655 
        54.5     0.737456     0.409227   0.00113047  -0.00214239 
        54.5     0.772991     0.426818   0.00119891  -0.00214094 
        54.5     0.809362      0.44465   0.00126749  -0.00214126 
        54.5      0.84657     0.462731   0.00133669  -0.00214104 
        54.5     0.884613     0.481038   0.00140661   -0.0021403 
        54.5     0.923492     0.499548   0.00147738  -0.00213905 
        54.5     0.963208     0.518236   0.00154907  -0.00213731 
        54.5      1.00376     0.537073   0.00162178  -0.00213509 
        54.5      1.04515     0.556029   0.00169553  -0.00213243 
        54.5      1.08737     0.575074   0.00177036  -0.00212935 
        54.5      1.13043     0.594172   0.00184627  -0.00212589 
        54.5      1.17433     0.613287   0.00192321  -0.00212206 
        54.5      1.21906      0.63238   0.00200114  -0.00211791 
        54.5      1.26463      0.65141   0.00207996  -0.00211346 
        54.5      1.31103     0.670332   0.00215955  -0.00210877 
        54.5      1.35827     0.689099   0.00223978  -0.00210386 
        54.5      1.40635     0.707661   0.00232048  -0.00209876 
        54.5      1.45526     0.725966   0.00240149  -0.00209352 
        54.5      1.50501     0.743958   0.00248263  -0.00208817 
        54.5       1.5556     0.761578   0.00256374  -0.00208273 
        54.5      1.60702     0.778765   0.00264467  -0.00207725 
        54.5      1.65928     0.795453   0.00272533  -0.00207173 
        54.5      1.71237     0.811575   0.00280569   -0.0020662 
        54.5       1.7663     0.827021   0.00288382  -0.00205966 
        54.5      1.82106     0.841714   0.00295621  -0.00205065 
        54.5      1.87667      0.85574   0.00302671  -0.00204147 
        54.5      1.93311     0.869087   0.00309506  -0.00203211 
        54.5      1.99038     0.881745   0.00316104  -0.00202255 
        54.5      2.04849     0.893707   0.00322447  -0.00201278 
        54.5      2.10744     0.904968   0.00328514   -0.0020028 
        54.5      2.16722     0.915523   0.00334291  -0.00199259 
        54.5      2.22784     0.925373   0.00339764  -0.00198215 
        54.5      2.28929      0.93452   0.00344921  -0.00197146 
        54.5      2.35158     0.942967   0.00349756  -0.00196052 
        54.5      2.41471     0.950723   0.00354262  -0.00194931 
        54.5      2.47867     0.957796   0.00358436  -0.00193783 
        54.5      2.54347     0.964201    0.0036228  -0.00192608 
        54.5      2.60911     0.969954   0.00365796  -0.00191404 
        54.5      2.67558     0.975073   0.00368991  -0.00190172 
        54.5      2.74288     0.979582   0.00371872  -0.00188911 
        54.5      2.81103     0.983505   0.00374451  -0.00187621 
        54.5      2.88001     0.986874   0.00376741  -0.00186302 
        54.5      2.94983      0.98972   0.00378756  -0.00184954 
        54.5      3.02048     0.992082   0.00380514  -0.00183579 
        54.5      3.09197     0.993998   0.00382031  -0.00182176 
        54.5      3.16429     0.995514   0.00383325  -0.00180747 
        54.5      3.23745     0.996679   0.00384414  -0.00179294 
        54.5      3.31145     0.997546   0.00385314  -0.00177817 
        54.5      3.38628     0.998171    0.0038604   -0.0017632 
        54.5      3.46195     0.998616   0.00386602  -0.00174804 
        54.5      3.53845     0.998947   0.00387008  -0.00173273 
        54.5      3.61579     0.999236    0.0038726   -0.0017173 
        54.5      3.69397     0.999556   0.00387351  -0.00170178 
        54.5      3.77298     0.999935   0.00387513  -0.00168657 
        54.5      3.85283      1.00021   0.00388028  -0.00167185 
        54.5      3.93352      1.00044   0.00388334  -0.00165669 
        54.5      4.01504      1.00063   0.00388512  -0.00164119 
        54.5       4.0974      1.00077   0.00388624  -0.00162542 
        54.5      4.18059      1.00089   0.00388718  -0.00160948 
        54.5      4.26462      1.00097   0.00388823  -0.00159341 
        54.5      4.34949      1.00102   0.00388898  -0.00157701 
        54.5      4.43519      1.00105   0.00388957  -0.00156053 
        54.5      4.52173      1.00106   0.00389001  -0.00154403 
        54.5       4.6091      1.00105   0.00389025  -0.00152753 
        54.5      4.69731      1.00103   0.00389023  -0.00151104 
        54.5      4.78636      1.00101   0.00388989  -0.00149455 
        54.5      4.87624      1.00099   0.00388923  -0.00147799 
        54.5      4.96696      1.00097   0.00388829  -0.00146129 
        54.5      5.05851      1.00096    0.0038872  -0.00144436 
        54.5       5.1509      1.00096   0.00388625  -0.00142705 
        54.5      5.24413      1.00098   0.00388562  -0.00140945 
        54.5       5.3382      1.00094   0.00388443   -0.0013924 
        54.5      5.43309      1.00092   0.00388304  -0.00137525 
        54.5      5.52883      1.00089   0.00388148  -0.00135807 
        54.5       5.6254      1.00087   0.00387973  -0.00134087 
        54.5      5.72281      1.00085    0.0038778  -0.00132366 
        54.5      5.82105      1.00083   0.00387569  -0.00130643 
        54.5      5.92013      1.00081   0.00387343  -0.00128915 
        54.5      6.02005      1.00079    0.0038711  -0.00127176 
        54.5       6.1208      1.00078   0.00386882  -0.00125416 
        54.5      6.22239      1.00077   0.00386682  -0.00123623 
        54.5      6.32482      1.00076   0.00386538  -0.00121783 
        54.5      6.42808      1.00074    0.0038621  -0.00120074 
        54.5      6.53217      1.00073   0.00385869  -0.00118343 
        54.5      6.63711      1.00072   0.00385513  -0.00116595 
        54.5      6.74287      1.00071   0.00385138  -0.00114831 
        54.5      6.84948      1.00069   0.00384738  -0.00113056 
        54.5      6.95692      1.00068   0.00384304  -0.00111272 
        54.5       7.0652      1.00065   0.00383937  -0.00109477 
        54.5      7.17431      1.00063   0.00383579  -0.00107686 
        54.5      7.28426      1.00061     0.003832  -0.00105901 
        54.5      7.39505      1.00058   0.00382798  -0.00104122 
        54.5      7.50667      1.00056   0.00382372  -0.00102349 
        54.5      7.61913      1.00054   0.00381922  -0.00100581 
        54.5      7.73242      1.00052   0.00381446 -0.000988177 
        54.5      7.84655      1.00049   0.00380945 -0.000970584 
        54.5      7.96152      1.00047   0.00380421 -0.000953028 
        54.5      8.07732      1.00045   0.00379873 -0.000935505 
        54.5      8.19396      1.00044   0.00379304 -0.000918015 
        54.5      8.31143      1.00042   0.00378715 -0.000900552 
        54.5      8.42974       1.0004    0.0037811 -0.000883118 
        54.5      8.54889      1.00039   0.00377489 -0.000865709 
        54.5      8.66887      1.00037   0.00376855 -0.000848327 
        54.5      8.78969      1.00036   0.00376211 -0.000830972 
        54.5      8.91135      1.00034   0.00375559 -0.000813645 
        54.5      9.03384      1.00033     0.003749 -0.000796349 
        54.5      9.15717      1.00032   0.00374237 -0.000779088 
        54.5      9.28133      1.00031   0.00373571 -0.000761865 
        54.5      9.40633       1.0003     0.003729 -0.000744688 
        54.5      9.53216      1.00029   0.00372226 -0.000727562 
        54.5      9.65884      1.00029   0.00371545 -0.000710496 
        54.5      9.78634      1.00028   0.00370856 -0.000693501 
        54.5      9.91469      1.00027   0.00370153 -0.000676586 
        54.5      10.0439      1.00026   0.00369425 -0.000659847 
        54.5      10.1739      1.00025   0.00368602 -0.000644115 
        54.5      10.3047      1.00023    0.0036769 -0.000628068 
        54.5      10.4364      1.00022   0.00366763 -0.000611403 
        54.5      10.5689       1.0002     0.003659 -0.000594892 
        54.5      10.7023      1.00018   0.00365039 -0.000578548 
        54.5      10.8365      1.00016   0.00364177 -0.000562366 
        54.5      10.9715      1.00014   0.00363312 -0.000546339 
        54.5      11.1074      1.00012   0.00362439 -0.000530462 
        54.5      11.2441       1.0001   0.00361558 -0.000514731 
        54.5      11.3817      1.00009   0.00360666 -0.000499142 
        54.5        11.52      1.00007   0.00359762 -0.000483688 
        54.5      11.6592      1.00005   0.00358844 -0.000468367 
        54.5      11.7993      1.00003   0.00357912 -0.000453175 
        54.5      11.9402      1.00001   0.00356965 -0.000438108 
        54.5      12.0819     0.999997   0.00356004 -0.000423163 
        54.5      12.2245      0.99998   0.00355027 -0.000408337 
        54.5      12.3679     0.999964   0.00354036 -0.000393629 
        54.5      12.5121     0.999949    0.0035303 -0.000379037 
        54.5      12.6572     0.999934   0.00352011 -0.000364559 
        54.5      12.8031      0.99992    0.0035098 -0.000350196 
        54.5      12.9498     0.999907   0.00349938 -0.000335947 
        54.5      13.0974     0.999894   0.00348885 -0.000321813 
        54.5      13.2458     0.999882   0.00347823 -0.000307796 
        54.5       13.395     0.999871   0.00346754 -0.000293897 
        54.5      13.5451      0.99986   0.00345678 -0.000280121 
        54.5       13.696     0.999849   0.00344596  -0.00026647 
        54.5      13.8478     0.999839    0.0034351  -0.00025295 
        54.5      14.0004     0.999829   0.00342421 -0.000239566 
        54.5      14.1538      0.99982   0.00341327 -0.000226325 
        54.5      14.3081      0.99981   0.00340231 -0.000213234 
        54.5      14.4632     0.999801    0.0033913 -0.000200302 
        54.5      14.6191     0.999792   0.00338025  -0.00018754 
        54.5      14.7759     0.999782   0.00336914 -0.000174957 
        54.5      14.9335     0.999772   0.00335794 -0.000162567 
        54.5      15.0919     0.999761   0.00334663 -0.000150383 
        54.5      15.2512     0.999749   0.00333516  -0.00013842 
        54.5      15.4113     0.999736   0.00332349 -0.000126694 
        54.5      15.5723     0.999727   0.00331197 -0.000114768 
        54.5      15.7341     0.999717   0.00330042  -0.00010298 
        54.5      15.8967     0.999707   0.00328882 -9.13498e-05 
        54.5      16.0602     0.999697   0.00327719 -7.98827e-05 
        54.5      16.2245     0.999687   0.00326552 -6.85837e-05 
        54.5      16.3896     0.999676   0.00325382 -5.74574e-05 
        54.5      16.5556     0.999665   0.00324208 -4.65085e-05 
        54.5      16.7224     0.999654   0.00323031 -3.57414e-05 
        54.5        16.89     0.999644   0.00321842 -2.50861e-05 
        54.5      17.0585     0.999634   0.00320649 -1.45716e-05 
        54.5      17.2278     0.999625   0.00319454 -4.21485e-06 
        54.5      17.3979     0.999616   0.00318259  5.98525e-06 
        54.5      17.5689     0.999607   0.00317063  1.60298e-05 
        54.5      17.7408     0.999598   0.00315866  2.59199e-05 
        54.5      17.9134      0.99959   0.00314669  3.56568e-05 
        54.5      18.0869     0.999582   0.00313471  4.52418e-05 
        54.5      18.2612     0.999573   0.00312273  5.46762e-05 
        54.5      18.4364     0.999565   0.00311074  6.39613e-05 
        54.5      18.6124     0.999558   0.00309874  7.30986e-05 
        54.5      18.7892      0.99955   0.00308675  8.20895e-05 
        54.5      18.9669     0.999542   0.00307475  9.09355e-05 
        54.5      19.1454     0.999535   0.00306274  9.96383e-05 
        54.5      19.3248     0.999528   0.00305074  0.000108199 
        54.5       19.505      0.99952   0.00303873   0.00011662 
        54.5       19.686     0.999513   0.00302672  0.000124924 
        54.5      19.8678     0.999507   0.00301474  0.000133105 
        54.5      20.0505       0.9995   0.00300276  0.000141141 
        54.5      20.2341     0.999493   0.00299079  0.000149033 
        54.5      20.4184     0.999487   0.00297884   0.00015678 
        54.5      20.6036      0.99948    0.0029669  0.000164384 
        54.5      20.7897     0.999474   0.00295498  0.000171846 
        54.5      20.9765     0.999468   0.00294308  0.000179167 
        54.5      21.1642     0.999462    0.0029312  0.000186347 
        54.5      21.3528     0.999456   0.00291934  0.000193389 
        54.5      21.5422     0.999451    0.0029075  0.000200293 
        54.5      21.7324     0.999445   0.00289568  0.000207061 
        54.5      21.9234      0.99944   0.00288389  0.000213696 
        54.5      22.1153     0.999435   0.00287213  0.000220198 
        54.5       22.308     0.999429   0.00286039  0.000226569 
        54.5      22.5016     0.999424   0.00284868  0.000232813 
        54.5       22.696      0.99942     0.002837  0.000238931 
        54.5      22.8912     0.999415   0.00282535  0.000244926 
        54.5      23.0873      0.99941   0.00281373  0.000250801 
        54.5      23.2842     0.999406   0.00280215  0.000256557 
        54.5       23.482     0.999402   0.00279059    0.0002622 
        54.5      23.6805     0.999398   0.00277907   0.00026773 
        54.5        23.88     0.999394   0.00276758  0.000273153 
        54.5      24.0802      0.99939   0.00275613  0.000278471 
        54.5      24.2813     0.999386   0.00274472  0.000283688 
        54.5      24.4832     0.999383   0.00273334  0.000288809 
        54.5       24.686     0.999379   0.00272206  0.000293741 
        54.5      24.8896     0.999376   0.00271084  0.000298555 
        54.5       25.094     0.999373   0.00269965  0.000303262 
        54.5      25.2993      0.99937   0.00268851  0.000307865 
        54.5      25.5054     0.999367   0.00267741  0.000312362 
        54.5      25.7123     0.999364   0.00266636  0.000316753 
        54.5      25.9201     0.999361   0.00265535   0.00032104 
        54.5      26.1287     0.999358    0.0026444  0.000325221 
        54.5      26.3381     0.999356    0.0026335  0.000329298 
        54.5      26.5484     0.999353   0.00262265  0.000333271 
        54.5      26.7595     0.999351   0.00261186  0.000337139 
        54.5      26.9715     0.999349   0.00260113  0.000340904 
        54.5      27.1843     0.999346   0.00259045  0.000344565 
        54.5      27.3979     0.999344   0.00257983  0.000348123 
        54.5      27.6124     0.999342   0.00256927  0.000351578 
        54.5      27.8277      0.99934   0.00255874  0.000354999 
        54.5      28.0438     0.999339   0.00254827  0.000358323 
        54.5      28.2608     0.999337   0.00253786  0.000361551 
        54.5      28.4786     0.999335   0.00252751  0.000364685 
        54.5      28.6972     0.999334   0.00251722  0.000367727 
        54.5      28.9167     0.999332     0.002507  0.000370677 
        54.5       29.137     0.999331   0.00249683  0.000373539 
        54.5      29.3582      0.99933   0.00248673  0.000376313 
        54.5      29.5802     0.999329   0.00247668  0.000379001 
        54.5       29.803     0.999328    0.0024667  0.000381605 
        54.5      30.0267     0.999327   0.00245678  0.000384125 
        54.5      30.2512     0.999326   0.00244692  0.000386564 
        54.5      30.4765     0.999325   0.00243712  0.000388923 
        54.5      30.7027     0.999325   0.00242738  0.000391204 
        54.5      30.9297     0.999324   0.00241771  0.000393407 
        54.5      31.1575     0.999324    0.0024081  0.000395536 
        54.5      31.3862     0.999323   0.00239856   0.00039759 
        54.5      31.6157     0.999323   0.00238907  0.000399572 
        54.5      31.8461     0.999323   0.00237965  0.000401482 
        54.5      32.0773     0.999323    0.0023703  0.000403323 
        54.5      32.3093     0.999322   0.00236101  0.000405095 
        54.5      32.5421     0.999322   0.00235179  0.000406801 
        54.5      32.7758     0.999323   0.00234263   0.00040844 
        54.5      33.0104     0.999323   0.00233354  0.000410015 
        54.5      33.2457     0.999323   0.00232451  0.000411527 
        54.5      33.4819     0.999323   0.00231555  0.000412977 
        54.5       33.719     0.999324   0.00230666  0.000414365 
        54.5      33.9568     0.999324   0.00229783  0.000415694 
        54.5      34.1956     0.999325   0.00228907  0.000416964 
        54.5      34.4351     0.999325   0.00228037  0.000418176 
        54.5      34.6755     0.999326   0.00227174  0.000419332 
        54.5      34.9167     0.999327   0.00226318  0.000420431 
        54.5      35.1588     0.999327   0.00225468  0.000421475 
        54.5      35.4017     0.999328   0.00224625  0.000422465 
        54.5      35.6454     0.999329   0.00223788  0.000423401 
        54.5      35.8899      0.99933   0.00222957  0.000424284 
        54.5      36.1354     0.999331   0.00222132  0.000425115 
        54.5      36.3816     0.999332   0.00221312  0.000425893 
        54.5      36.6287     0.999333     0.002205  0.000426613 
        54.5      36.8766     0.999334   0.00219697  0.000427231 
        54.5      37.1253     0.999335     0.002189   0.00042781 
        54.5      37.3749     0.999336    0.0021811  0.000428349 
        54.5      37.6253     0.999338   0.00217325  0.000428849 
        54.5      37.8766     0.999339   0.00216547   0.00042931 
        54.5      38.1287     0.999341   0.00215775  0.000429733 
        54.5      38.3816     0.999342   0.00215009  0.000430118 
        54.5      38.6353     0.999344   0.00214249  0.000430467 
        54.5      38.8899     0.999345   0.00213495  0.000430778 
        54.5      39.1454     0.999347   0.00212748  0.000431054 
        54.5      39.4016     0.999348   0.00212007  0.000431294 
        54.5      39.6588      0.99935   0.00211271  0.000431499 
        54.5      39.9167     0.999352   0.00210543  0.000431669 
        54.5      40.1755     0.999353    0.0020982  0.000431805 
        54.5      40.4351     0.999355   0.00209103  0.000431908 
        54.5      40.6955     0.999357   0.00208393  0.000431977 
        54.5      40.9568     0.999359   0.00207689  0.000432014 
        54.5      41.2189     0.999361    0.0020699   0.00043202 
        54.5      41.4819     0.999363   0.00206298  0.000431994 
        54.5      41.7457     0.999365   0.00205612  0.000431937 
        54.5      42.0103     0.999367   0.00204933   0.00043185 
        54.5      42.2758     0.999369   0.00204259  0.000431733 
        54.5      42.5421     0.999371   0.00203591  0.000431587 
        54.5      42.8092     0.999373   0.00202929  0.000431413 
        54.5      43.0772     0.999375   0.00202273  0.000431211 
        54.5       43.346     0.999377   0.00201623  0.000430981 
        54.5      43.6157      0.99938   0.00200979  0.000430725 
        54.5      43.8862     0.999382   0.00200341  0.000430442 
        54.5      44.1575     0.999384   0.00199709  0.000430134 
        54.5      44.4296     0.999386   0.00199083  0.000429801 
        54.5      44.7026     0.999389   0.00198462  0.000429443 
        54.5      44.9765     0.999391   0.00197847  0.000429062 
        54.5      45.2511     0.999394   0.00197238  0.000428657 
        54.5      45.5266     0.999396   0.00196634   0.00042823 
        54.5       45.803     0.999398   0.00196037   0.00042778 
        54.5      46.0801     0.999401   0.00195444  0.000427309 
        54.5      46.3581     0.999403   0.00194858  0.000426817 
        54.5       46.637     0.999406   0.00194276  0.000426305 
        54.5      46.9167     0.999409   0.00193701  0.000425773 
        54.5      47.1972     0.999411    0.0019313  0.000425222 
        54.5      47.4785     0.999414   0.00192566  0.000424653 
        54.5      47.7607     0.999416   0.00192006  0.000424065 
        54.5      48.0438     0.999419   0.00191452  0.000423461 
        54.5      48.3276     0.999422   0.00190903  0.000422839 
        54.5      48.6123     0.999425   0.00190359  0.000422201 
        54.5      48.8979     0.999427   0.00189821  0.000421548 
        54.5      49.1842      0.99943   0.00189288  0.000420879 
        54.5      49.4714     0.999433    0.0018876  0.000420196 
        54.5      49.7595     0.999436   0.00188237  0.000419499 
        54.5      50.0484     0.999438   0.00187719  0.000418789 
        54.5      50.3381     0.999441   0.00187206  0.000418065 
        54.5      50.6286     0.999444   0.00186698   0.00041733 
        54.5        50.92     0.999447   0.00186196  0.000416583 
        54.5      51.2122      0.99945   0.00185698  0.000415824 
        54.5      51.5053     0.999452   0.00185205  0.000415055 
        54.5      51.7992     0.999455   0.00184717  0.000414276 
        54.5      52.0939     0.999458   0.00184234  0.000413486 
        54.5      52.3895     0.999461   0.00183756  0.000412688 
        54.5      52.6859     0.999464   0.00183283  0.000411881 
        54.5      52.9831     0.999467   0.00182815  0.000411066 
        54.5      53.2812      0.99947   0.00182352  0.000410243 
        54.5      53.5801     0.999473   0.00181894  0.000409413 
        54.5      53.8799     0.999476   0.00181441  0.000408577 
        54.5      54.1805     0.999479   0.00180992  0.000407733 
        54.5      54.4819     0.999481   0.00180549  0.000406884 
        54.5      54.7841     0.999484   0.00180111   0.00040603 
        54.5      55.0872     0.999487   0.00179677   0.00040517 
        54.5      55.3912      0.99949   0.00179249  0.000404306 
        54.5      55.6959     0.999493   0.00178826  0.000403437 
        54.5      56.0015     0.999496   0.00178409  0.000402565 
        54.5       56.308     0.999499   0.00177996  0.000401689 
        54.5      56.6152     0.999502   0.00177579   0.00040087 
        54.5      56.9233     0.999505   0.00177164  0.000400071 
        54.5      57.2323     0.999508   0.00176754  0.000399281 
        54.5      57.5421     0.999511   0.00176349  0.000398504 
        54.5      57.8527     0.999514   0.00175948   0.00039772 
        54.5      58.1641     0.999517   0.00175539  0.000396741 
        54.5      58.4764      0.99952   0.00175133   0.00039577 
        54.5      58.7896     0.999524   0.00174739  0.000394836 
        54.5      59.1035     0.999527   0.00174357  0.000393942 
        54.5      59.4183      0.99953   0.00173978   0.00039305 
        54.5      59.7339     0.999533   0.00173603  0.000392161 
        54.5      60.0504     0.999536   0.00173232  0.000391274 
        54.5      60.3677     0.999539   0.00172865   0.00039039 
        54.5      60.6859     0.999542   0.00172501  0.000389508 
        54.5      61.0048     0.999545   0.00172141  0.000388629 
        54.5      61.3247     0.999548   0.00171784  0.000387752 
        54.5      61.6453     0.999551   0.00171431  0.000386878 
        54.5      61.9668     0.999554   0.00171081  0.000386008 
        54.5      62.2891     0.999557   0.00170735   0.00038514 
        54.5      62.6123      0.99956   0.00170392  0.000384275 
        54.5      62.9363     0.999563   0.00170053  0.000383414 
        54.5      63.2611     0.999566   0.00169717  0.000382555 
        54.5      63.5868     0.999569   0.00169385    0.0003817 
        54.5      63.9133     0.999572   0.00169056  0.000380849 
        54.5      64.2406     0.999575    0.0016873      0.00038 
        54.5      64.5688     0.999578   0.00168408  0.000379156 
        54.5      64.8978     0.999581   0.00168089  0.000378315 
        54.5      65.2277     0.999584   0.00167773  0.000377477 
        54.5      65.5583     0.999587   0.00167461  0.000376644 
        54.5      65.8899      0.99959   0.00167152  0.000375815 
        54.5      66.2222     0.999593   0.00166846  0.000374989 
        54.5      66.5554     0.999596   0.00166543  0.000374167 
        54.5      66.8894     0.999599   0.00166244   0.00037335 
        54.5      67.2243     0.999602   0.00165947  0.000372537 
        54.5        67.56     0.999605   0.00165654  0.000371729 
        54.5      67.8966     0.999608   0.00165364  0.000370924 
        54.5      68.2339     0.999611   0.00165076  0.000370125 
        54.5      68.5721     0.999614   0.00164792   0.00036933 
        54.5      68.9112     0.999617   0.00164511   0.00036854 
        54.5      69.2511      0.99962   0.00164232  0.000367754 
        54.5      69.5918     0.999623   0.00163957  0.000366974 
        54.5      69.9333     0.999626   0.00163684  0.000366198 
        54.5      70.2757     0.999629   0.00163414  0.000365428 
        54.5      70.6189     0.999632   0.00163147  0.000364663 
        54.5       70.963     0.999635   0.00162883  0.000363903 
        54.5      71.3079     0.999638   0.00162621  0.000363149 
        54.5      71.6536     0.999641   0.00162363  0.000362401 
        54.5      72.0002     0.999644   0.00162106  0.000361658 
        54.5      72.3476     0.999647   0.00161853  0.000360921 
        54.5      72.6959      0.99965   0.00161602   0.00036019 
        54.5      73.0449     0.999652   0.00161353  0.000359464 
        54.5      73.3949     0.999655   0.00161107  0.000358745 
        54.5      73.7456     0.999658   0.00160864  0.000358032 
        54.5      74.0972     0.999661   0.00160623  0.000357326 
        54.5      74.4496     0.999664   0.00160384  0.000356626 
        54.5      74.8029     0.999667   0.00160148  0.000355932 
        54.5       75.157      0.99967   0.00159914  0.000355246 
        54.5      75.5119     0.999673   0.00159682  0.000354566 
        54.5      75.8677     0.999675   0.00159453  0.000353893 
        54.5      76.2243     0.999678   0.00159226  0.000353227 
        54.5      76.5817     0.999681   0.00159001  0.000352568 
        54.5        76.94     0.999684   0.00158778  0.000351916 
        54.5      77.2991     0.999687   0.00158557  0.000351272 
        54.5      77.6591     0.999689   0.00158338  0.000350636 
        54.5      78.0198     0.999692   0.00158122  0.000350007 
        54.5      78.3815     0.999695   0.00157907  0.000349386 
        54.5      78.7439     0.999698   0.00157695  0.000348773 
        54.5      79.1072       0.9997   0.00157484  0.000348168 
        54.5      79.4714     0.999703   0.00157276  0.000347571 
        54.5      79.8363     0.999706   0.00157069  0.000346983 
        54.5      80.2021     0.999709   0.00156864  0.000346403 
        54.5      80.5688     0.999711   0.00156661  0.000345831 
        54.5      80.9362     0.999714    0.0015646  0.000345269 
        54.5      81.3045     0.999717    0.0015626  0.000344715 
        54.5      81.6737     0.999719   0.00156063   0.00034417 
        54.5      82.0437     0.999722   0.00155867  0.000343635 
        54.5      82.4145     0.999725   0.00155673  0.000343109 
        54.5      82.7861     0.999727    0.0015548  0.000342592 
        54.5      83.1586      0.99973    0.0015529  0.000342085 
        54.5       83.532     0.999733   0.00155101  0.000341587 
        54.5      83.9061     0.999735   0.00154913    0.0003411 
        54.5      84.2811     0.999738   0.00154728  0.000340623 
        54.5       84.657      0.99974   0.00154544  0.000340155 
        54.5      85.0336     0.999743   0.00154361  0.000339699 
        54.5      85.4111     0.999746    0.0015418  0.000339252 
        54.5      85.7895     0.999748   0.00154001  0.000338817 
        54.5      86.1687     0.999751   0.00153823  0.000338392 
        54.5      86.5487     0.999753   0.00153647  0.000337978 
        54.5      86.9295     0.999756   0.00153473  0.000337576 
        54.5      87.3112     0.999758     0.001533  0.000337184 
        54.5      87.6937     0.999761   0.00153129  0.000336804 
        54.5      88.0771     0.999763   0.00152959  0.000336436 
        54.5      88.4613     0.999765   0.00152791   0.00033608 
        54.5      88.8463     0.999768   0.00152624  0.000335736 
        54.5      89.2322      0.99977    0.0015246  0.000335404 
        54.5      89.6189     0.999773   0.00152297  0.000335084 
        54.5      90.0064     0.999775   0.00152135  0.000334776 
        54.5      90.3948     0.999777   0.00151975  0.000334482 
        54.5       90.784     0.999779   0.00151817    0.0003342 
        54.5      91.1741     0.999782   0.00151661  0.000333931 
        54.5       91.565     0.999784   0.00151507  0.000333676 
        54.5      91.9567     0.999786   0.00151354  0.000333434 
        54.5      92.3492     0.999789   0.00151203  0.000333205 
        54.5      92.7426     0.999791   0.00151054   0.00033299 
        54.5      93.1369     0.999793   0.00150907  0.000332772 
        54.5      93.5319     0.999795   0.00150756   0.00033243 
        54.5      93.9278     0.999798   0.00150608  0.000332108 
        54.5      94.3246       0.9998   0.00150461  0.000331803 
        54.5      94.7221     0.999803   0.00150315  0.000331517 
        54.5      95.1206     0.999805   0.00150172  0.000331248 
        54.5      95.5198     0.999807   0.00150029  0.000330997 
        54.5      95.9199      0.99981   0.00149888  0.000330763 
        54.5      96.3208     0.999812   0.00149748  0.000330545 
        54.5      96.7226     0.999815   0.00149608  0.000330344 
        54.5      97.1251     0.999817    0.0014947  0.000330159 
        54.5      97.5286      0.99982   0.00149332  0.000329989 
        54.5      97.9328     0.999822   0.00149196  0.000329797 
        54.5      98.3379     0.999824   0.00149062  0.000329599 
        54.5      98.7439     0.999826   0.00148929  0.000329418 
        54.5      99.1506     0.999829   0.00148797  0.000329255 
        54.5      99.5583     0.999831   0.00148666  0.000329109 
        54.5      99.9667     0.999833   0.00148538  0.000328982 
        54.5      100.376     0.999835    0.0014841  0.000328873 
        54.5      100.786     0.999837   0.00148285  0.000328783 
        54.5      101.197     0.999839   0.00148162   0.00032871 
        54.5      101.609     0.999841   0.00148041  0.000328657 
        54.5      102.021     0.999843   0.00147922  0.000328622 
        54.5      102.435     0.999845   0.00147806  0.000328606 
        54.5      102.849     0.999847   0.00147693  0.000328609 
        54.5      103.264     0.999848   0.00147582  0.000328632 
        54.5       103.68      0.99985   0.00147474  0.000328674 
        54.5      104.097     0.999852   0.00147369  0.000328735 
        54.5      104.515     0.999853   0.00147267  0.000328815 
        54.5      104.933     0.999854   0.00147165  0.000328897 
        54.5      105.353     0.999857    0.0014704  0.000328865 
        54.5      105.773     0.999859   0.00146915  0.000328847 
        54.5      106.194     0.999861   0.00146789  0.000328842 
        54.5      106.616     0.999863   0.00146662  0.000328851 
        54.5      107.038     0.999865   0.00146536  0.000328874 
        54.5      107.462     0.999867   0.00146409  0.000328909 
        54.5      107.886     0.999869   0.00146283  0.000328958 
        54.5      108.311     0.999871   0.00146156  0.000329019 
        54.5      108.737     0.999873    0.0014603  0.000329093 
        54.5      109.164     0.999875   0.00145903  0.000329179 
        54.5      109.592     0.999877   0.00145777  0.000329278 
        54.5       110.02     0.999879   0.00145651  0.000329388 
        54.5       110.45     0.999881   0.00145526  0.000329509 
        54.5       110.88     0.999883   0.00145401  0.000329642 
        54.5      111.311     0.999885   0.00145277  0.000329787 
        54.5      111.743     0.999887   0.00145153  0.000329942 
        54.5      112.175     0.999889   0.00145031  0.000330108 
        54.5      112.609     0.999891   0.00144909  0.000330285 
        54.5      113.043     0.999893   0.00144788  0.000330473 
        54.5      113.478     0.999895   0.00144668  0.000330671 
        54.5      113.914     0.999896    0.0014455  0.000330879 
        54.5      114.351     0.999898   0.00144433  0.000331097 
        54.5      114.789       0.9999   0.00144317  0.000331326 
        54.5      115.228     0.999902   0.00144202  0.000331563 
        54.5      115.667     0.999903   0.00144089  0.000331811 
        54.5      116.107     0.999905   0.00143978  0.000332068 
        54.5      116.548     0.999907   0.00143868  0.000332335 
        54.5       116.99     0.999908    0.0014376  0.000332611 
        54.5      117.433      0.99991   0.00143653  0.000332896 
        54.5      117.876     0.999911   0.00143548   0.00033319 
        54.5      118.321     0.999913   0.00143445  0.000333493 
        54.5      118.766     0.999914   0.00143344  0.000333805 
        54.5      119.212     0.999916   0.00143245  0.000334126 
        54.5      119.659     0.999917   0.00143148  0.000334456 
        54.5      120.107     0.999918   0.00143052  0.000334794 
        54.5      120.555     0.999919   0.00142958  0.000335142 
        54.5      121.005     0.999921   0.00142867  0.000335497 
        54.5      121.455     0.999922   0.00142776  0.000335862 
        54.5      121.906     0.999923   0.00142688  0.000336235 
        54.5      122.358     0.999924   0.00142601  0.000336617 
        54.5      122.811     0.999925   0.00142516  0.000337007 
        54.5      123.264     0.999926   0.00142432  0.000337406 
        54.5      123.719     0.999927    0.0014235  0.000337814 
        54.5      124.174     0.999928   0.00142269   0.00033823 
        54.5       124.63     0.999929   0.00142189  0.000338655 
        54.5      125.087      0.99993    0.0014211  0.000339089 
        54.5      125.545     0.999931   0.00142031  0.000339532 
        54.5      126.003     0.999931   0.00141953  0.000339983 
        54.5      126.463     0.999932   0.00141875  0.000340444 
        54.5      126.923     0.999933   0.00141798  0.000340913 
        54.5      127.384     0.999934    0.0014172  0.000341392 
        54.5      127.846     0.999935   0.00141641   0.00034188 
        54.5      128.309     0.999936   0.00141562  0.000342377 
        54.5      128.773     0.999937   0.00141481  0.000342884 
        54.5      129.237     0.999938   0.00141398  0.000343401 
        54.5      129.702     0.999939   0.00141313  0.000343928 
        54.5      130.169      0.99994   0.00141226  0.000344464 
        54.5      130.636     0.999941   0.00141136  0.000345011 
        54.5      131.103     0.999942   0.00141042  0.000345569 
        54.5      131.572     0.999943   0.00140944  0.000346137 
        54.5      132.041     0.999945   0.00140842  0.000346716 
        54.5      132.512     0.999946   0.00140734  0.000347306 
        54.5      132.983     0.999948    0.0014062  0.000347907 
        54.5      133.455      0.99995     0.001405   0.00034852 
        54.5      133.928     0.999952   0.00140372  0.000349146 
        54.5      134.401     0.999955   0.00140235  0.000349783 
        54.5      134.876     0.999957    0.0014009  0.000350433 
        54.5      135.351      0.99996   0.00139935  0.000351096 
        54.5      135.827     0.999963    0.0013977  0.000351772 
        54.5      136.304     0.999967   0.00139592  0.000352462 
        54.5      136.782      0.99997   0.00139402  0.000353166 
        54.5      137.261     0.999971   0.00139319  0.000353763 
        54.5       137.74     0.999972   0.00139246   0.00035434 
        54.5      138.221     0.999972   0.00139174  0.000354912 
        54.5      138.702     0.999973     0.001391  0.000355481 
        54.5      139.184     0.999974   0.00139026  0.000356051 
        54.5      139.667     0.999975    0.0013895  0.000356626 
        54.5      140.151     0.999977   0.00138873   0.00035721 
        54.5      140.635     0.999978   0.00138793  0.000357805 
        54.5       141.12      0.99998   0.00138712  0.000358416 
        54.5      141.607     0.999982    0.0013863  0.000359046 
        54.5      142.094     0.999983   0.00138546    0.0003597 
        54.5      142.582     0.999985    0.0013846   0.00036038 
        54.5       143.07     0.999987   0.00138373  0.000361091 
        54.5       143.56     0.999989   0.00138285  0.000361836 
        54.5       144.05     0.999991   0.00138197   0.00036262 
        54.5      144.541     0.999993   0.00138108  0.000363446 
        54.5      145.033     0.999995   0.00138021  0.000364319 
        54.5      145.526     0.999996   0.00137935  0.000365242 
        54.5       146.02     0.999998   0.00137851   0.00036622 
        54.5      146.515     0.999999    0.0013777  0.000367255 
        54.5       147.01            1   0.00137693  0.000368354 
        54.5      147.506            1   0.00137621  0.000369519 
        54.5      148.003            1   0.00137556  0.000370756 
        54.5      148.501            1   0.00137498  0.000372068 
        54.5          149            1   0.00137449  0.000373459 
        54.5        149.5            1   0.00137411  0.000374934 
        54.5          150            1   0.00137384  0.000376497 
