Variables = x, y, u, v

Zone, I=600, F=POINT
       743.5        -0.75            0            0 
       743.5     -0.74958            0            0 
       743.5    -0.748319            0            0 
       743.5    -0.746219            0            0 
       743.5    -0.743278            0            0 
       743.5    -0.739496            0            0 
       743.5    -0.734875            0            0 
       743.5    -0.729413            0            0 
       743.5     -0.72311            0            0 
       743.5    -0.715968            0            0 
       743.5    -0.707985            0            0 
       743.5    -0.699162            0            0 
       743.5    -0.689498            0            0 
       743.5    -0.678995            0            0 
       743.5    -0.667651            0            0 
       743.5    -0.655466            0            0 
       743.5    -0.642442            0            0 
       743.5    -0.628577            0            0 
       743.5    -0.613872            0            0 
       743.5    -0.598326            0            0 
       743.5     -0.58194            0            0 
       743.5    -0.564714            0            0 
       743.5    -0.546648            0            0 
       743.5    -0.527741            0            0 
       743.5    -0.507994            0            0 
       743.5    -0.487407            0            0 
       743.5    -0.465979            0            0 
       743.5    -0.443711            0            0 
       743.5    -0.420603            0            0 
       743.5    -0.396654            0            0 
       743.5    -0.371866            0            0 
       743.5    -0.346236            0            0 
       743.5    -0.319767            0            0 
       743.5    -0.292457            0            0 
       743.5    -0.264307            0            0 
       743.5    -0.235317            0            0 
       743.5    -0.205486            0            0 
       743.5    -0.174816   0.00897825  6.75247e-06 
       743.5    -0.143304    0.0191894  1.45614e-05 
       743.5    -0.110953    0.0296674  2.27188e-05 
       743.5    -0.077761    0.0404122  3.12363e-05 
       743.5    -0.043729    0.0514229  4.01246e-05 
       743.5    -0.008857    0.0626988  4.93945e-05 
       743.5     0.026856    0.0742395  5.90576e-05 
       743.5     0.063409    0.0860439  6.91263e-05 
       743.5     0.100802    0.0981107  7.96102e-05 
       743.5     0.139036     0.110439  9.05239e-05 
       743.5      0.17811     0.123027  0.000101878 
       743.5     0.218024     0.135872  0.000113683 
       743.5     0.258779     0.148973  0.000125952 
       743.5     0.300373     0.162328  0.000138697 
       743.5     0.342808     0.175934  0.000151929 
       743.5     0.386084     0.189788   0.00016566 
       743.5     0.430199     0.203888  0.000179905 
       743.5     0.475155     0.218228  0.000194666 
       743.5     0.520952     0.232805  0.000209958 
       743.5     0.567588     0.247613  0.000225794 
       743.5     0.615065     0.262647   0.00024218 
       743.5     0.663382     0.277902  0.000259123 
       743.5      0.71254     0.293371  0.000276632 
       743.5     0.762538     0.309048  0.000294719 
       743.5     0.813376     0.324925  0.000313383 
       743.5     0.865054     0.340992   0.00033262 
       743.5     0.917573     0.357238  0.000352461 
       743.5     0.970932     0.373653  0.000372888 
       743.5      1.02513     0.390225  0.000393893 
       743.5      1.08017     0.406941  0.000415481 
       743.5      1.13605      0.42379  0.000437655 
       743.5      1.19277     0.440757  0.000460411 
       743.5      1.25033     0.457828  0.000483728 
       743.5      1.30873     0.474987  0.000507554 
       743.5      1.36797     0.492217  0.000532044 
       743.5      1.42805     0.509491  0.000556909 
       743.5      1.48898      0.52679  0.000582278 
       743.5      1.55074     0.544094  0.000608188 
       743.5      1.61334     0.561383  0.000634598 
       743.5      1.67678     0.578633  0.000661427 
       743.5      1.74107     0.595822  0.000688585 
       743.5      1.80619     0.612925  0.000716023 
       743.5      1.87215     0.629916  0.000743782 
       743.5      1.93896      0.64677  0.000772068 
       743.5       2.0066     0.663466  0.000799798 
       743.5      2.07508     0.679956  0.000828213 
       743.5      2.14441     0.696215  0.000856977 
       743.5      2.21457     0.712219  0.000885725 
       743.5      2.28558     0.727945  0.000914318 
       743.5      2.35742     0.743369  0.000942766 
       743.5      2.43011     0.758467  0.000971145 
       743.5      2.50364     0.773211  0.000999486 
       743.5        2.578     0.787576   0.00102765 
       743.5      2.65321     0.801535    0.0010552 
       743.5      2.72926      0.81506   0.00108117 
       743.5      2.80614     0.828106   0.00110843 
       743.5      2.88387      0.84069    0.0011339 
       743.5      2.96244     0.852813   0.00115783 
       743.5      3.04185     0.864469   0.00118136 
       743.5       3.1221     0.875651   0.00120491 
       743.5      3.20318     0.886353   0.00122833 
       743.5      3.28511     0.896569   0.00125114 
       743.5      3.36788     0.906296   0.00127279 
       743.5      3.45149     0.915529   0.00129294 
       743.5      3.53594     0.924264   0.00131181 
       743.5      3.62123       0.9325   0.00133058 
       743.5      3.70736     0.940232   0.00135182 
       743.5      3.79433     0.945921   0.00137415 
       743.5      3.88215     0.949882   0.00139163 
       743.5       3.9708     0.953688   0.00140707 
       743.5      4.06029     0.957339   0.00142061 
       743.5      4.15062     0.960834   0.00143239 
       743.5      4.24179     0.964172   0.00144252 
       743.5      4.33381     0.967353   0.00145117 
       743.5      4.42666     0.970378   0.00145846 
       743.5      4.52035     0.973246   0.00146456 
       743.5      4.61489     0.975958   0.00146961 
       743.5      4.71026     0.978514   0.00147376 
       743.5      4.80647     0.980916   0.00147717 
       743.5      4.90353     0.983166      0.00148 
       743.5      5.00142     0.985263   0.00148239 
       743.5      5.10016     0.987211    0.0014845 
       743.5      5.19974     0.989011   0.00148647 
       743.5      5.30015     0.990666   0.00148846 
       743.5      5.40141     0.992178   0.00149059 
       743.5       5.5035      0.99355     0.001493 
       743.5      5.60644     0.994786    0.0014958 
       743.5      5.71022     0.995889   0.00149912 
       743.5      5.81483     0.996862   0.00150304 
       743.5      5.92029      0.99771   0.00150765 
       743.5      6.02659     0.998427   0.00150827 
       743.5      6.13373     0.999024   0.00150749 
       743.5       6.2417     0.999508   0.00150642 
       743.5      6.35052     0.999883   0.00150513 
       743.5      6.46018      1.00016   0.00150368 
       743.5      6.57068      1.00033   0.00150217 
       743.5      6.68202      1.00042   0.00150068 
       743.5       6.7942      1.00042   0.00149936 
       743.5      6.90722      1.00035   0.00149834 
       743.5      7.02108      1.00021    0.0014978 
       743.5      7.13578            1   0.00149797 
       743.5      7.25132      0.99975   0.00149908 
       743.5       7.3677     0.999453   0.00150143 
       743.5      7.48493     0.999122   0.00150535 
       743.5      7.60299     0.998766   0.00151123 
       743.5      7.72189     0.998397   0.00151953 
       743.5      7.84163     0.998025   0.00153076 
       743.5      7.96222     0.997687   0.00153876 
       743.5      8.08364      0.99745   0.00152836 
       743.5       8.2059     0.997238   0.00151923 
       743.5      8.32901      0.99705   0.00151129 
       743.5      8.45295     0.996887   0.00150449 
       743.5      8.57774     0.996746   0.00149875 
       743.5      8.70336     0.996628     0.001494 
       743.5      8.82982     0.996531   0.00149018 
       743.5      8.95713     0.996454   0.00148721 
       743.5      9.08528     0.996396   0.00148502 
       743.5      9.21426     0.996357   0.00148353 
       743.5      9.34409     0.996335   0.00148268 
       743.5      9.47475      0.99633   0.00148239 
       743.5      9.60626      0.99634   0.00148258 
       743.5      9.73861     0.996364   0.00148317 
       743.5       9.8718     0.996401   0.00148409 
       743.5      10.0058      0.99645   0.00148527 
       743.5      10.1407      0.99651   0.00148663 
       743.5      10.2764     0.996579    0.0014881 
       743.5      10.4129     0.996656   0.00148961 
       743.5      10.5503      0.99674   0.00149107 
       743.5      10.6886     0.996829   0.00149243 
       743.5      10.8276     0.996923   0.00149362 
       743.5      10.9675     0.997019   0.00149458 
       743.5      11.1083     0.997116   0.00149523 
       743.5      11.2499     0.997213   0.00149553 
       743.5      11.3923     0.997308   0.00149542 
       743.5      11.5356     0.997399   0.00149484 
       743.5      11.6797     0.997485   0.00149376 
       743.5      11.8246     0.997564   0.00149213 
       743.5      11.9704     0.997634   0.00148992 
       743.5      12.1171     0.997694    0.0014871 
       743.5      12.2645     0.997741   0.00148364 
       743.5      12.4129     0.997774   0.00147954 
       743.5       12.562     0.997791   0.00147477 
       743.5       12.712     0.997789   0.00146936 
       743.5      12.8628     0.997769   0.00146571 
       743.5      13.0145     0.997739   0.00147065 
       743.5       13.167     0.997686   0.00147417 
       743.5      13.3204     0.997609   0.00147585 
       743.5      13.4746      0.99751   0.00147525 
       743.5      13.6296     0.997389   0.00147192 
       743.5      13.7855     0.997246   0.00146535 
       743.5      13.9422     0.997084   0.00145504 
       743.5      14.0998     0.997144   0.00145606 
       743.5      14.2582     0.997245   0.00145939 
       743.5      14.4174     0.997333   0.00146195 
       743.5      14.5775      0.99741   0.00146383 
       743.5      14.7384     0.997476   0.00146514 
       743.5      14.9001     0.997533   0.00146595 
       743.5      15.0627     0.997581   0.00146636 
       743.5      15.2262      0.99762   0.00146643 
       743.5      15.3905     0.997652   0.00146624 
       743.5      15.5556     0.997677   0.00146586 
       743.5      15.7215     0.997696   0.00146534 
       743.5      15.8883      0.99771   0.00146474 
       743.5       16.056     0.997716   0.00146567 
       743.5      16.2245     0.997717   0.00146673 
       743.5      16.3938     0.997714    0.0014674 
       743.5      16.5639     0.997706   0.00146769 
       743.5      16.7349     0.997694   0.00146763 
       743.5      16.9068     0.997679   0.00146725 
       743.5      17.0795     0.997662   0.00146655 
       743.5       17.253     0.997642   0.00146556 
       743.5      17.4273     0.997621   0.00146431 
       743.5      17.6025     0.997598   0.00146282 
       743.5      17.7786     0.997575   0.00146112 
       743.5      17.9555     0.997552   0.00145924 
       743.5      18.1332     0.997528    0.0014572 
       743.5      18.3118     0.997506   0.00145505 
       743.5      18.4912     0.997484   0.00145281 
       743.5      18.6714     0.997464   0.00145053 
       743.5      18.8525     0.997446   0.00144824 
       743.5      19.0344     0.997431   0.00144599 
       743.5      19.2172     0.997419   0.00144383 
       743.5      19.4008     0.997411   0.00144181 
       743.5      19.5852     0.997406   0.00143999 
       743.5      19.7705     0.997407   0.00143842 
       743.5      19.9566     0.997414   0.00143717 
       743.5      20.1436     0.997426    0.0014363 
       743.5      20.3314     0.997446   0.00143589 
       743.5      20.5201     0.997475   0.00143603 
       743.5      20.7095     0.997512   0.00143678 
       743.5      20.8999     0.997559   0.00143826 
       743.5       21.091     0.997617   0.00144054 
       743.5      21.2831     0.997688   0.00144375 
       743.5      21.4759     0.997772   0.00144798 
       743.5      21.6696     0.997753   0.00144413 
       743.5      21.8641     0.997722   0.00143966 
       743.5      22.0595     0.997695   0.00143573 
       743.5      22.2557     0.997673   0.00143228 
       743.5      22.4527     0.997653   0.00142928 
       743.5      22.6506     0.997637   0.00142669 
       743.5      22.8494     0.997624   0.00142447 
       743.5      23.0489     0.997614   0.00142257 
       743.5      23.2493     0.997606   0.00142098 
       743.5      23.4506       0.9976   0.00141965 
       743.5      23.6527     0.997597   0.00141855 
       743.5      23.8556     0.997595   0.00141765 
       743.5      24.0594     0.997594   0.00141693 
       743.5       24.264     0.997595   0.00141635 
       743.5      24.4695     0.997597   0.00141588 
       743.5      24.6758       0.9976   0.00141551 
       743.5      24.8829     0.997604   0.00141522 
       743.5      25.0909     0.997609   0.00141497 
       743.5      25.2997     0.997614   0.00141475 
       743.5      25.5093      0.99762   0.00141455 
       743.5      25.7198     0.997626   0.00141434 
       743.5      25.9312     0.997632   0.00141412 
       743.5      26.1433     0.997638   0.00141387 
       743.5      26.3564     0.997645   0.00141357 
       743.5      26.5702     0.997652   0.00141322 
       743.5      26.7849     0.997658   0.00141281 
       743.5      27.0004     0.997665   0.00141234 
       743.5      27.2168     0.997671   0.00141178 
       743.5       27.434     0.997678   0.00141115 
       743.5      27.6521     0.997684   0.00141044 
       743.5       27.871      0.99769   0.00140965 
       743.5      28.0907     0.997696   0.00140877 
       743.5      28.3113     0.997702   0.00140781 
       743.5      28.5327     0.997707   0.00140677 
       743.5       28.755     0.997713   0.00140565 
       743.5      28.9781     0.997719   0.00140445 
       743.5       29.202     0.997724   0.00140318 
       743.5      29.4268     0.997729   0.00140184 
       743.5      29.6524     0.997735   0.00140045 
       743.5      29.8789      0.99774   0.00139899 
       743.5      30.1062     0.997746   0.00139749 
       743.5      30.3343     0.997751   0.00139595 
       743.5      30.5633     0.997757   0.00139436 
       743.5      30.7931     0.997763   0.00139275 
       743.5      31.0238     0.997769   0.00139112 
       743.5      31.2553     0.997775   0.00138947 
       743.5      31.4876     0.997781   0.00138781 
       743.5      31.7208     0.997787   0.00138615 
       743.5      31.9548     0.997793   0.00138448 
       743.5      32.1897     0.997799   0.00138281 
       743.5      32.4254     0.997805   0.00138115 
       743.5       32.662      0.99781   0.00137958 
       743.5      32.8993     0.997813   0.00137853 
       743.5      33.1376     0.997815   0.00137739 
       743.5      33.3766     0.997815   0.00137609 
       743.5      33.6165     0.997815   0.00137454 
       743.5      33.8573     0.997814   0.00137264 
       743.5      34.0989     0.997812   0.00137026 
       743.5      34.3413     0.997809   0.00136743 
       743.5      34.5846     0.997811   0.00136713 
       743.5      34.8287     0.997814   0.00136702 
       743.5      35.0736     0.997816   0.00136707 
       743.5      35.3194     0.997819   0.00136729 
       743.5       35.566     0.997822   0.00136765 
       743.5      35.8135     0.997826   0.00136816 
       743.5      36.0618      0.99783   0.00136879 
       743.5       36.311     0.997834   0.00136933 
       743.5      36.5609     0.997839   0.00136869 
       743.5      36.8118     0.997845   0.00136784 
       743.5      37.0634      0.99785   0.00136683 
       743.5       37.316     0.997856   0.00136565 
       743.5      37.5693     0.997862   0.00136434 
       743.5      37.8235     0.997868   0.00136291 
       743.5      38.0785     0.997874   0.00136138 
       743.5      38.3344     0.997881   0.00135976 
       743.5      38.5911     0.997887   0.00135807 
       743.5      38.8487     0.997894   0.00135633 
       743.5       39.107       0.9979   0.00135454 
       743.5      39.3663     0.997907   0.00135272 
       743.5      39.6264     0.997913   0.00135089 
       743.5      39.8873      0.99792   0.00134904 
       743.5       40.149     0.997927    0.0013472 
       743.5      40.4116     0.997933   0.00134537 
       743.5       40.675      0.99794   0.00134356 
       743.5      40.9393     0.997947   0.00134177 
       743.5      41.2044     0.997954   0.00134002 
       743.5      41.4704      0.99796    0.0013383 
       743.5      41.7372     0.997967   0.00133663 
       743.5      42.0048     0.997974     0.001335 
       743.5      42.2733     0.997981   0.00133342 
       743.5      42.5426     0.997987    0.0013319 
       743.5      42.8128     0.997994   0.00133042 
       743.5      43.0838     0.998001     0.001329 
       743.5      43.3556     0.998007   0.00132764 
       743.5      43.6283     0.998014   0.00132632 
       743.5      43.9018      0.99802   0.00132506 
       743.5      44.1761     0.998027   0.00132384 
       743.5      44.4513     0.998033   0.00132267 
       743.5      44.7274     0.998039   0.00132155 
       743.5      45.0043     0.998046   0.00132046 
       743.5       45.282     0.998052    0.0013194 
       743.5      45.5605     0.998058   0.00131838 
       743.5      45.8399     0.998064   0.00131737 
       743.5      46.1202      0.99807   0.00131638 
       743.5      46.4013     0.998075   0.00131541 
       743.5      46.6832     0.998081   0.00131444 
       743.5      46.9659     0.998087   0.00131346 
       743.5      47.2495     0.998092   0.00131248 
       743.5       47.534     0.998097   0.00131147 
       743.5      47.8193     0.998103   0.00131045 
       743.5      48.1054     0.998108   0.00130939 
       743.5      48.3923     0.998113   0.00130828 
       743.5      48.6801     0.998118   0.00130714 
       743.5      48.9688     0.998123   0.00130593 
       743.5      49.2583     0.998128   0.00130467 
       743.5      49.5486     0.998132   0.00130333 
       743.5      49.8398     0.998137   0.00130192 
       743.5      50.1318     0.998142   0.00130043 
       743.5      50.4246     0.998146   0.00129885 
       743.5      50.7183      0.99815   0.00129718 
       743.5      51.0128     0.998155   0.00129541 
       743.5      51.3082     0.998159   0.00129354 
       743.5      51.6044     0.998164   0.00129157 
       743.5      51.9014     0.998168   0.00128949 
       743.5      52.1993     0.998172    0.0012873 
       743.5       52.498     0.998176   0.00128501 
       743.5      52.7976     0.998181   0.00128262 
       743.5       53.098     0.998185   0.00128013 
       743.5      53.3993     0.998189   0.00127891 
       743.5      53.7014     0.998194    0.0012781 
       743.5      54.0043     0.998199   0.00127719 
       743.5       54.308     0.998205   0.00127621 
       743.5      54.6127     0.998211   0.00127516 
       743.5      54.9181     0.998217   0.00127405 
       743.5      55.2244     0.998224   0.00127288 
       743.5      55.5315      0.99823   0.00127166 
       743.5      55.8395     0.998237    0.0012704 
       743.5      56.1483     0.998245    0.0012691 
       743.5       56.458     0.998252   0.00126776 
       743.5      56.7684      0.99826    0.0012664 
       743.5      57.0798     0.998268     0.001265 
       743.5      57.3919     0.998276   0.00126358 
       743.5       57.705     0.998284   0.00126213 
       743.5      58.0188     0.998292   0.00126066 
       743.5      58.3335     0.998301   0.00125917 
       743.5       58.649     0.998309   0.00125765 
       743.5      58.9654     0.998318   0.00125611 
       743.5      59.2826     0.998327   0.00125455 
       743.5      59.6007     0.998335   0.00125296 
       743.5      59.9196     0.998344   0.00125135 
       743.5      60.2393     0.998353   0.00124972 
       743.5      60.5599     0.998362   0.00124805 
       743.5      60.8813     0.998371   0.00124635 
       743.5      61.2035      0.99838   0.00124462 
       743.5      61.5266     0.998389   0.00124285 
       743.5      61.8506     0.998398   0.00124105 
       743.5      62.1753     0.998407    0.0012392 
       743.5       62.501     0.998416   0.00123732 
       743.5      62.8274     0.998425   0.00123539 
       743.5      63.1547     0.998434   0.00123341 
       743.5      63.4828     0.998443   0.00123138 
       743.5      63.8118     0.998452    0.0012293 
       743.5      64.1416     0.998461   0.00122718 
       743.5      64.4723     0.998469   0.00122499 
       743.5      64.8038     0.998478   0.00122276 
       743.5      65.1361     0.998486   0.00122047 
       743.5      65.4693     0.998494   0.00121813 
       743.5      65.8033     0.998502   0.00121708 
       743.5      66.1382     0.998509   0.00121631 
       743.5      66.4739     0.998516   0.00121552 
       743.5      66.8104     0.998523    0.0012147 
       743.5      67.1478      0.99853   0.00121384 
       743.5       67.486     0.998537   0.00121294 
       743.5      67.8251     0.998543   0.00121198 
       743.5       68.165     0.998549   0.00121098 
       743.5      68.5057     0.998555   0.00120991 
       743.5      68.8473     0.998561   0.00120878 
       743.5      69.1897     0.998566   0.00120757 
       743.5       69.533     0.998571   0.00120629 
       743.5      69.8771     0.998576   0.00120494 
       743.5       70.222     0.998581   0.00120349 
       743.5      70.5678     0.998585   0.00120196 
       743.5      70.9145     0.998589   0.00120034 
       743.5      71.2619     0.998593   0.00119862 
       743.5      71.6102     0.998597    0.0011968 
       743.5      71.9594       0.9986   0.00119487 
       743.5      72.3093     0.998604   0.00119284 
       743.5      72.6602     0.998607    0.0011907 
       743.5      73.0118      0.99861   0.00118845 
       743.5      73.3643     0.998612   0.00118608 
       743.5      73.7177     0.998615    0.0011836 
       743.5      74.0719     0.998617     0.001181 
       743.5      74.4269     0.998619   0.00117828 
       743.5      74.7828     0.998621   0.00117544 
       743.5      75.1395     0.998624   0.00117247 
       743.5       75.497     0.998625   0.00116939 
       743.5      75.8554     0.998627   0.00116617 
       743.5      76.2146     0.998629   0.00116284 
       743.5      76.5747     0.998631   0.00116015 
       743.5      76.9356     0.998633   0.00115825 
       743.5      77.2974     0.998636   0.00115655 
       743.5      77.6599     0.998639   0.00115503 
       743.5      78.0234     0.998642   0.00115368 
       743.5      78.3876     0.998645   0.00115249 
       743.5      78.7528     0.998649   0.00115143 
       743.5      79.1187     0.998653   0.00115049 
       743.5      79.4855     0.998657   0.00114965 
       743.5      79.8531     0.998661    0.0011489 
       743.5      80.2216     0.998666    0.0011482 
       743.5      80.5909     0.998671   0.00114754 
       743.5      80.9611     0.998676    0.0011469 
       743.5      81.3321     0.998682   0.00114625 
       743.5      81.7039     0.998688   0.00114558 
       743.5      82.0766     0.998694   0.00114486 
       743.5      82.4501       0.9987   0.00114407 
       743.5      82.8244     0.998707   0.00114319 
       743.5      83.1996     0.998715    0.0011422 
       743.5      83.5757     0.998722   0.00114109 
       743.5      83.9525      0.99873   0.00113982 
       743.5      84.3302     0.998739    0.0011384 
       743.5      84.7088     0.998748   0.00113679 
       743.5      85.0882     0.998757     0.001135 
       743.5      85.4684     0.998767     0.001133 
       743.5      85.8495     0.998778   0.00113079 
       743.5      86.2314     0.998789   0.00112836 
       743.5      86.6142     0.998801    0.0011257 
       743.5      86.9978     0.998813   0.00112282 
       743.5      87.3822     0.998827   0.00111972 
       743.5      87.7675     0.998841    0.0011164 
       743.5      88.1536     0.998856   0.00111288 
       743.5      88.5406     0.998872   0.00110916 
       743.5      88.9284      0.99889   0.00110526 
       743.5       89.317     0.998908   0.00110121 
       743.5      89.7065     0.998928   0.00109703 
       743.5      90.0968     0.998949   0.00109276 
       743.5      90.4879     0.998971   0.00108938 
       743.5      90.8799     0.998992   0.00108846 
       743.5      91.2728     0.999012   0.00108752 
       743.5      91.6665      0.99903   0.00108655 
       743.5       92.061     0.999048   0.00108556 
       743.5      92.4563     0.999065   0.00108454 
       743.5      92.8525      0.99908   0.00108348 
       743.5      93.2496     0.999095    0.0010824 
       743.5      93.6475     0.999109   0.00108129 
       743.5      94.0462     0.999122   0.00108014 
       743.5      94.4458     0.999134   0.00107897 
       743.5      94.8462     0.999145   0.00107776 
       743.5      95.2474     0.999155   0.00107652 
       743.5      95.6495     0.999164   0.00107525 
       743.5      96.0524     0.999173   0.00107394 
       743.5      96.4562     0.999181    0.0010726 
       743.5      96.8608     0.999188   0.00107122 
       743.5      97.2662     0.999195   0.00106981 
       743.5      97.6725       0.9992   0.00106837 
       743.5      98.0796     0.999205   0.00106689 
       743.5      98.4876      0.99921   0.00106537 
       743.5      98.8964     0.999214   0.00106382 
       743.5       99.306     0.999217   0.00106224 
       743.5      99.7165      0.99922   0.00106062 
       743.5      100.128     0.999222   0.00105896 
       743.5       100.54     0.999224   0.00105728 
       743.5      100.953     0.999225   0.00105555 
       743.5      101.367     0.999226   0.00105379 
       743.5      101.782     0.999226     0.001052 
       743.5      102.197     0.999226   0.00105018 
       743.5      102.613     0.999225   0.00104832 
       743.5      103.031     0.999225   0.00104642 
       743.5      103.449     0.999223    0.0010445 
       743.5      103.868     0.999222   0.00104254 
       743.5      104.287      0.99922   0.00104055 
       743.5      104.708     0.999218   0.00103854 
       743.5      105.129     0.999216   0.00103649 
       743.5      105.552     0.999213   0.00103441 
       743.5      105.975     0.999211    0.0010323 
       743.5      106.399     0.999208   0.00103016 
       743.5      106.823     0.999205   0.00102799 
       743.5      107.249     0.999202    0.0010258 
       743.5      107.675     0.999199   0.00102358 
       743.5      108.103     0.999196   0.00102134 
       743.5      108.531     0.999193   0.00101907 
       743.5       108.96     0.999189   0.00101678 
       743.5       109.39     0.999186   0.00101447 
       743.5       109.82     0.999183   0.00101213 
       743.5      110.252     0.999179   0.00100977 
       743.5      110.684     0.999176    0.0010074 
       743.5      111.117     0.999173     0.001005 
       743.5      111.551      0.99917   0.00100259 
       743.5      111.986     0.999167   0.00100016 
       743.5      112.422     0.999165  0.000997714 
       743.5      112.858     0.999162  0.000995253 
       743.5      113.296      0.99916   0.00099278 
       743.5      113.734     0.999157  0.000990293 
       743.5      114.173     0.999155  0.000987796 
       743.5      114.613     0.999154  0.000985288 
       743.5      115.054     0.999152  0.000982771 
       743.5      115.495     0.999151  0.000980245 
       743.5      115.938      0.99915  0.000977713 
       743.5      116.381     0.999149  0.000975175 
       743.5      116.825     0.999149  0.000972633 
       743.5       117.27     0.999148  0.000970086 
       743.5      117.716     0.999149  0.000967537 
       743.5      118.162     0.999149  0.000964987 
       743.5       118.61      0.99915  0.000962436 
       743.5      119.058     0.999151  0.000959886 
       743.5      119.507     0.999153  0.000957337 
       743.5      119.957     0.999155  0.000954792 
       743.5      120.408     0.999157  0.000952249 
       743.5       120.86      0.99916  0.000949712 
       743.5      121.312     0.999164  0.000947179 
       743.5      121.766     0.999167  0.000944654 
       743.5       122.22     0.999171  0.000942135 
       743.5      122.675     0.999176  0.000939624 
       743.5      123.131     0.999181  0.000937123 
       743.5      123.587     0.999186   0.00093463 
       743.5      124.045     0.999192  0.000932148 
       743.5      124.503     0.999198  0.000929677 
       743.5      124.962     0.999205  0.000927217 
       743.5      125.423     0.999212  0.000924769 
       743.5      125.883      0.99922  0.000922334 
       743.5      126.345     0.999228  0.000919911 
       743.5      126.808     0.999236  0.000917501 
       743.5      127.271     0.999245  0.000915104 
       743.5      127.735     0.999255  0.000912721 
       743.5      128.201     0.999264  0.000910351 
       743.5      128.666     0.999275  0.000907994 
       743.5      129.133     0.999285  0.000905651 
       743.5      129.601     0.999296  0.000903321 
       743.5      130.069     0.999308  0.000901004 
       743.5      130.539     0.999319  0.000898699 
       743.5      131.009     0.999332  0.000896406 
       743.5       131.48     0.999344  0.000894124 
       743.5      131.952     0.999357  0.000891853 
       743.5      132.424      0.99937  0.000889591 
       743.5      132.898     0.999384  0.000887338 
       743.5      133.372     0.999397  0.000885092 
       743.5      133.847     0.999412  0.000882852 
       743.5      134.323     0.999426  0.000880618 
       743.5        134.8      0.99944  0.000878386 
       743.5      135.278     0.999454  0.000876006 
       743.5      135.757     0.999468  0.000873577 
       743.5      136.236     0.999483   0.00087118 
       743.5      136.716     0.999498  0.000868816 
       743.5      137.197     0.999513  0.000866491 
       743.5      137.679     0.999529  0.000864206 
       743.5      138.162     0.999545  0.000861964 
       743.5      138.645     0.999561  0.000859769 
       743.5       139.13     0.999578  0.000857623 
       743.5      139.615     0.999595   0.00085553 
       743.5      140.101     0.999613   0.00085349 
       743.5      140.588     0.999631  0.000851508 
       743.5      141.076     0.999649  0.000849586 
       743.5      141.565     0.999667  0.000847726 
       743.5      142.054     0.999686  0.000845931 
       743.5      142.544     0.999705  0.000844202 
       743.5      143.036     0.999724  0.000842543 
       743.5      143.528     0.999743  0.000840954 
       743.5       144.02     0.999763  0.000839438 
       743.5      144.514     0.999782  0.000837997 
       743.5      145.009     0.999802  0.000836633 
       743.5      145.504     0.999822  0.000835346 
       743.5          146     0.999842  0.000834138 
       743.5      146.497     0.999862  0.000833011 
       743.5      146.995     0.999882  0.000831966 
       743.5      147.494     0.999902  0.000831003 
       743.5      147.993     0.999922  0.000830124 
       743.5      148.494     0.999942  0.000829328 
       743.5      148.995     0.999961  0.000828618 
       743.5      149.497     0.999981  0.000827992 
       743.5          150            1  0.000827451 
