Variables = x, y, u, v, p

Zone, I=600, F=POINT
       802.5            0           -0           -0 -4.51502e-05 
       802.5     0.000418  0.000129885  5.03802e-09 -4.51452e-05 
       802.5     0.001672  0.000519539  1.94181e-08 -4.51291e-05 
       802.5     0.003763   0.00116928  4.10591e-08 -4.50992e-05 
       802.5     0.006689   0.00207847  6.68139e-08 -4.50516e-05 
       802.5     0.010451   0.00324745  9.30286e-08 -4.49818e-05 
       802.5      0.01505   0.00467651  1.16119e-07 -4.48858e-05 
       802.5     0.020485   0.00636535  1.33226e-07 -4.47613e-05 
       802.5     0.026756   0.00831398  1.42861e-07 -4.46089e-05 
       802.5     0.033863    0.0105224  1.45392e-07  -4.4433e-05 
       802.5     0.041806    0.0129906  1.43328e-07 -4.42433e-05 
       802.5     0.050585    0.0157186  1.41323e-07 -4.40546e-05 
       802.5     0.060201    0.0187067  1.45862e-07 -4.38873e-05 
       802.5     0.070652    0.0219542  1.64613e-07 -4.37665e-05 
       802.5      0.08194    0.0254619  2.05519e-07   -4.372e-05 
       802.5     0.094063     0.029229  2.75724e-07 -4.37752e-05 
       802.5     0.107023    0.0332562  3.80615e-07 -4.39549e-05 
       802.5     0.120819    0.0375431  5.23188e-07 -4.42701e-05 
       802.5     0.135451    0.0420898  7.04332e-07  -4.4712e-05 
       802.5     0.150919    0.0468962   9.2455e-07 -4.52403e-05 
       802.5     0.167224    0.0519625  1.18796e-06 -4.57696e-05 
       802.5     0.184364    0.0572881  1.50946e-06 -4.61517e-05 
       802.5     0.202341    0.0628737  1.92659e-06 -4.61548e-05 
       802.5     0.221153    0.0687184  2.51705e-06 -4.54381e-05 
       802.5     0.240802    0.0748229   3.4244e-06 -4.35226e-05 
       802.5     0.261287    0.0811866   3.6078e-06  -4.1907e-05 
       802.5     0.282608    0.0878096  3.53526e-06 -4.22035e-05 
       802.5     0.304765    0.0946917   4.1165e-06 -4.31401e-05 
       802.5     0.327758     0.101833  5.13989e-06  -4.4491e-05 
       802.5     0.351588     0.109232  6.41618e-06 -4.60147e-05 
       802.5     0.376253      0.11689  7.79119e-06 -4.74656e-05 
       802.5     0.401755     0.124806   9.1574e-06  -4.8609e-05 
       802.5     0.428092     0.132978  1.04616e-05 -4.92386e-05 
       802.5     0.455266     0.141408   1.1709e-05 -4.91971e-05 
       802.5     0.483276     0.150093    1.296e-05  -4.8401e-05 
       802.5     0.512122     0.159034  1.43197e-05 -4.68686e-05 
       802.5     0.541805      0.16823  1.59165e-05 -4.47519e-05 
       802.5     0.572323      0.17768  1.78678e-05  -4.2374e-05 
       802.5     0.603677     0.187382  2.02297e-05 -4.02695e-05 
       802.5     0.635868     0.197336  2.29282e-05  -3.9231e-05 
       802.5     0.668894      0.20754  2.56667e-05 -4.03608e-05 
       802.5     0.702757     0.217994  2.78084e-05 -4.51278e-05 
       802.5     0.737456     0.228695  2.82266e-05 -5.54307e-05 
       802.5     0.772991     0.239617  3.30486e-05 -5.88887e-05 
       802.5     0.809362     0.250771  3.97929e-05 -5.52728e-05 
       802.5      0.84657     0.262171  4.50737e-05 -5.12399e-05 
       802.5     0.884613     0.273812  4.94479e-05 -4.70711e-05 
       802.5     0.923492      0.28569  5.34036e-05 -4.30428e-05 
       802.5     0.963208     0.297802  5.73475e-05 -3.94194e-05 
       802.5      1.00376     0.310141  6.15951e-05 -3.64453e-05 
       802.5      1.04515     0.322703  6.63646e-05 -3.43343e-05 
       802.5      1.08737     0.335481  7.17747e-05 -3.32597e-05 
       802.5      1.13043     0.348469  7.78469e-05 -3.33421e-05 
       802.5      1.17433     0.361661  8.45141e-05 -3.46373e-05 
       802.5      1.21906     0.375048  9.16357e-05 -3.71214e-05 
       802.5      1.26463     0.388623  9.90211e-05 -4.06761e-05 
       802.5      1.31103     0.402377  0.000106462 -4.50719e-05 
       802.5      1.35827       0.4163  0.000113774 -4.99505e-05 
       802.5      1.40635     0.430384  0.000120856 -5.48049e-05 
       802.5      1.45526     0.444616  0.000127751 -5.89586e-05 
       802.5      1.50501     0.458986  0.000134736  -6.1544e-05 
       802.5       1.5556     0.473481  0.000142421 -6.14775e-05 
       802.5      1.60702     0.488089  0.000151863 -5.74344e-05 
       802.5      1.65928     0.502794   0.00016471 -4.78212e-05 
       802.5      1.71237     0.517584  0.000183362 -3.07464e-05 
       802.5       1.7663     0.532526  0.000202825 -1.34276e-05 
       802.5      1.82106     0.547683  0.000209682 -1.52645e-05 
       802.5      1.87667     0.562823  0.000220051 -1.85315e-05 
       802.5      1.93311     0.577932  0.000233001 -2.29403e-05 
       802.5      1.99038     0.592999  0.000247689 -2.81987e-05 
       802.5      2.04849      0.60801  0.000263365  -3.4014e-05 
       802.5      2.10744     0.622953  0.000279379 -4.00956e-05 
       802.5      2.16722     0.637814  0.000295194 -4.61587e-05 
       802.5      2.22784      0.65258  0.000310388 -5.19279e-05 
       802.5      2.28929     0.667237  0.000324659 -5.71412e-05 
       802.5      2.35158     0.681771  0.000337827 -6.15541e-05 
       802.5      2.41471     0.696167  0.000349833 -6.49442e-05 
       802.5      2.47867     0.710411  0.000360734 -6.71159e-05 
       802.5      2.54347     0.724489    0.0003707 -6.79057e-05 
       802.5      2.60911     0.738384  0.000379997  -6.7188e-05 
       802.5      2.67558     0.752081  0.000388979   -6.488e-05 
       802.5      2.74288     0.765565  0.000398068 -6.09492e-05 
       802.5      2.81103     0.778819  0.000407727 -5.54185e-05 
       802.5      2.88001     0.791827  0.000418436 -4.83744e-05 
       802.5      2.94983     0.804572  0.000430652 -3.99735e-05 
       802.5      3.02048     0.817038  0.000444775 -3.04505e-05 
       802.5      3.09197     0.829206  0.000461096 -2.01262e-05 
       802.5      3.16429     0.841059  0.000479743 -9.41626e-06 
       802.5      3.23745      0.85258  0.000500622  1.16029e-06 
       802.5      3.31145     0.863749  0.000523342  1.09714e-05 
       802.5      3.38628     0.874547  0.000547135  1.92619e-05 
       802.5      3.46195     0.884957   0.00057077  2.51437e-05 
       802.5      3.53845     0.894958  0.000592451  2.75846e-05 
       802.5      3.61579      0.90453  0.000609705  2.53975e-05 
       802.5      3.69397     0.913654  0.000619259  1.72278e-05 
       802.5      3.77298     0.921375   0.00061733  8.00069e-06 
       802.5      3.85283     0.926536  0.000614324  1.05168e-05 
       802.5      3.93352     0.931539  0.000615783  1.14309e-05 
       802.5      4.01504     0.936379  0.000621246   1.0842e-05 
       802.5       4.0974     0.941054  0.000630253  8.85351e-06 
       802.5      4.18059     0.945562   0.00064235  5.57289e-06 
       802.5      4.26462     0.949901  0.000657088  1.11147e-06 
       802.5      4.34949     0.954069  0.000674025 -4.41564e-06 
       802.5      4.43519     0.958065  0.000692728   -1.089e-05 
       802.5      4.52173     0.961886  0.000712778 -1.81901e-05 
       802.5       4.6091     0.965533  0.000733767 -2.61915e-05 
       802.5      4.69731     0.969004  0.000755304 -3.47674e-05 
       802.5      4.78636     0.972299  0.000777013 -4.37891e-05 
       802.5      4.87624     0.975418   0.00079854  -5.3126e-05 
       802.5      4.96696     0.978361   0.00081955  -6.2646e-05 
       802.5      5.05851      0.98113   0.00083973 -7.22166e-05 
       802.5       5.1509     0.983724  0.000858793 -8.17044e-05 
       802.5      5.24413     0.986145  0.000876476 -9.09764e-05 
       802.5       5.3382     0.988394  0.000892543 -9.98997e-05 
       802.5      5.43309     0.990474  0.000906789 -0.000108343 
       802.5      5.52883     0.992387  0.000919035 -0.000116176 
       802.5       5.6254     0.994135  0.000929135 -0.000123271 
       802.5      5.72281     0.995721  0.000936975 -0.000129504 
       802.5      5.82105      0.99715  0.000942472 -0.000134752 
       802.5      5.92013     0.998423  0.000945577 -0.000138898 
       802.5      6.02005     0.999546  0.000946275 -0.000141829 
       802.5       6.1208      1.00052  0.000944583 -0.000143439 
       802.5      6.22239      1.00136  0.000940553 -0.000143625 
       802.5      6.32482      1.00206   0.00093427 -0.000142295 
       802.5      6.42808      1.00262  0.000925851 -0.000139361 
       802.5      6.53217      1.00307  0.000915445 -0.000134747 
       802.5      6.63711      1.00339  0.000903233 -0.000128384 
       802.5      6.74287       1.0036  0.000889424 -0.000120216 
       802.5      6.84948      1.00371  0.000874256 -0.000110195 
       802.5      6.95692      1.00371  0.000857989 -9.82879e-05 
       802.5       7.0652      1.00363  0.000840909 -8.44747e-05 
       802.5      7.17431      1.00346   0.00082332 -6.87493e-05 
       802.5      7.28426      1.00322  0.000805544 -5.11212e-05 
       802.5      7.39505       1.0029  0.000787913 -3.16169e-05 
       802.5      7.50667      1.00253   0.00077077 -1.02799e-05 
       802.5      7.61913       1.0021  0.000754458  1.28264e-05 
       802.5      7.73242      1.00165  0.000737417  1.36335e-05 
       802.5      7.84655      1.00118  0.000717768  3.95289e-06 
       802.5      7.96152      1.00069  0.000696634 -4.52641e-06 
       802.5      8.07732      1.00018  0.000674941 -1.16742e-05 
       802.5      8.19396     0.999678  0.000653658 -1.73696e-05 
       802.5      8.31143      0.99918  0.000633787 -2.15027e-05 
       802.5      8.42974     0.998701  0.000616359 -2.39745e-05 
       802.5      8.54889      0.99825  0.000602424 -2.46991e-05 
       802.5      8.66887     0.997838  0.000593036 -2.36037e-05 
       802.5      8.78969     0.997476  0.000589251 -2.06304e-05 
       802.5      8.91135     0.997172   0.00059211 -1.57371e-05 
       802.5      9.03384     0.996937  0.000602624 -8.89846e-06 
       802.5      9.15717      0.99678  0.000621766 -1.07419e-07 
       802.5      9.28133      0.99671  0.000650451  1.06239e-05 
       802.5      9.40633     0.996736  0.000689521  2.32625e-05 
       802.5      9.53216     0.996867  0.000739729  3.77537e-05 
       802.5      9.65884      0.99711  0.000801716  5.40195e-05 
       802.5      9.78634     0.997472  0.000875997  7.19571e-05 
       802.5      9.91469     0.997961  0.000962929  9.14377e-05 
       802.5      10.0439     0.998582    0.0010627  0.000112305 
       802.5      10.1739      0.99934   0.00117529  0.000134374 
       802.5      10.3047      1.00014   0.00128696  0.000150327 
       802.5      10.4364     0.999935   0.00125102  9.33677e-05 
       802.5      10.5689     0.999774   0.00120229  4.26086e-05 
       802.5      10.7023     0.999654   0.00114177 -2.23075e-06 
       802.5      10.8365     0.999573   0.00107054  -4.1477e-05 
       802.5      10.9715     0.999527  0.000989761  -7.5508e-05 
       802.5      11.1074     0.999515  0.000900666 -0.000104754 
       802.5      11.2441     0.999532  0.000804573 -0.000129702 
       802.5      11.3817     0.999574  0.000702868 -0.000150894 
       802.5        11.52      0.99962  0.000655112 -0.000152349 
       802.5      11.6592     0.999657  0.000657513 -0.000140307 
       802.5      11.7993     0.999692  0.000662128 -0.000129665 
       802.5      11.9402     0.999727  0.000668601 -0.000120344 
       802.5      12.0819      0.99976  0.000676593 -0.000112262 
       802.5      12.2245     0.999791  0.000685788 -0.000105337 
       802.5      12.3679      0.99982  0.000695887 -9.94889e-05 
       802.5      12.5121     0.999845  0.000706615 -9.46352e-05 
       802.5      12.6572     0.999867  0.000717715 -9.06951e-05 
       802.5      12.8031     0.999886  0.000728954 -8.75883e-05 
       802.5      12.9498       0.9999   0.00074012  -8.5235e-05 
       802.5      13.0974      0.99991  0.000751021 -8.35561e-05 
       802.5      13.2458     0.999917  0.000761489 -8.24739e-05 
       802.5       13.395     0.999919  0.000771378 -8.19115e-05 
       802.5      13.5451     0.999917  0.000780563 -8.17938e-05 
       802.5       13.696     0.999912   0.00078894 -8.20471e-05 
       802.5      13.8478     0.999902   0.00079643 -8.25995e-05 
       802.5      14.0004     0.999889  0.000802971 -8.33812e-05 
       802.5      14.1538     0.999873  0.000808524 -8.43248e-05 
       802.5      14.3081     0.999853   0.00081307 -8.53651e-05 
       802.5      14.4632     0.999831  0.000816608 -8.64398e-05 
       802.5      14.6191     0.999807  0.000819157 -8.74895e-05 
       802.5      14.7759     0.999782  0.000820754  -8.8458e-05 
       802.5      14.9335     0.999755   0.00082145 -8.92925e-05 
       802.5      15.0919     0.999727  0.000821314 -8.99439e-05 
       802.5      15.2512     0.999699  0.000820428 -9.03672e-05 
       802.5      15.4113     0.999671  0.000818887 -9.05214e-05 
       802.5      15.5723     0.999644  0.000816797 -9.03701e-05 
       802.5      15.7341     0.999619  0.000814271 -8.98817e-05 
       802.5      15.8967     0.999596  0.000811431 -8.90297e-05 
       802.5      16.0602     0.999575  0.000808404 -8.77929e-05 
       802.5      16.2245     0.999558  0.000805319 -8.61559e-05 
       802.5      16.3896     0.999544  0.000802304  -8.4109e-05 
       802.5      16.5556     0.999533  0.000799486 -8.16492e-05 
       802.5      16.7224     0.999527  0.000796985 -7.87799e-05 
       802.5        16.89     0.999526  0.000794913 -7.55114e-05 
       802.5      17.0585      0.99953   0.00079337 -7.18615e-05 
       802.5      17.2278     0.999538   0.00079244 -6.78555e-05 
       802.5      17.3979     0.999551  0.000792187 -6.35268e-05 
       802.5      17.5689     0.999569  0.000792651 -5.89171e-05 
       802.5      17.7408     0.999592  0.000793848 -5.40768e-05 
       802.5      17.9134     0.999619  0.000795756 -4.90657e-05 
       802.5      18.0869     0.999649   0.00079832 -4.39527e-05 
       802.5      18.2612     0.999682  0.000801441 -3.88169e-05 
       802.5      18.4364     0.999716  0.000804974 -3.37477e-05 
       802.5      18.6124     0.999751  0.000808719 -2.88451e-05 
       802.5      18.7892     0.999784  0.000812417 -2.42202e-05 
       802.5      18.9669     0.999815  0.000815746 -1.99958e-05 
       802.5      19.1454     0.999841   0.00081831 -1.63068e-05 
       802.5      19.3248     0.999859  0.000819635 -1.33003e-05 
       802.5       19.505     0.999867   0.00081916 -1.11365e-05 
       802.5       19.686     0.999862  0.000816234 -9.98888e-06 
       802.5      19.8678     0.999839    0.0008101 -1.00449e-05 
       802.5      20.0505     0.999796  0.000799894 -1.15061e-05 
       802.5      20.2341     0.999727  0.000784636 -1.45893e-05 
       802.5      20.4184     0.999635  0.000765246 -1.93399e-05 
       802.5      20.6036     0.999674   0.00078217 -2.14104e-05 
       802.5      20.7897     0.999704  0.000796009 -2.37106e-05 
       802.5      20.9765     0.999724  0.000806893  -2.6177e-05 
       802.5      21.1642     0.999737  0.000814962 -2.87444e-05 
       802.5      21.3528     0.999741  0.000820355 -3.13457e-05 
       802.5      21.5422     0.999738  0.000823221 -3.39117e-05 
       802.5      21.7324     0.999727  0.000823716 -3.63717e-05 
       802.5      21.9234     0.999711  0.000821999  -3.8653e-05 
       802.5      22.1153     0.999688   0.00081824 -4.06807e-05 
       802.5       22.308     0.999661  0.000812614 -4.23785e-05 
       802.5      22.5016      0.99963  0.000805303 -4.36677e-05 
       802.5       22.696     0.999595  0.000796502 -4.44677e-05 
       802.5      22.8912     0.999577  0.000791178 -4.47685e-05 
       802.5      23.0873      0.99958  0.000790695 -4.49975e-05 
       802.5      23.2842     0.999584  0.000790515 -4.52352e-05 
       802.5       23.482      0.99959  0.000790598 -4.54771e-05 
       802.5      23.6805     0.999596  0.000790906 -4.57188e-05 
       802.5        23.88     0.999603  0.000791404 -4.59562e-05 
       802.5      24.0802     0.999612  0.000792059 -4.61851e-05 
       802.5      24.2813     0.999621  0.000792841 -4.64018e-05 
       802.5      24.4832      0.99963  0.000793722 -4.66027e-05 
       802.5       24.686      0.99964  0.000794676 -4.67843e-05 
       802.5      24.8896     0.999649  0.000795679 -4.69434e-05 
       802.5       25.094     0.999659  0.000796709 -4.70771e-05 
       802.5      25.2993      0.99967  0.000797748 -4.71828e-05 
       802.5      25.5054      0.99968  0.000798779  -4.7258e-05 
       802.5      25.7123     0.999689  0.000799786 -4.73006e-05 
       802.5      25.9201     0.999699  0.000800756 -4.73087e-05 
       802.5      26.1287     0.999708  0.000801679 -4.72807e-05 
       802.5      26.3381     0.999717  0.000802545 -4.72155e-05 
       802.5      26.5484     0.999725  0.000803346 -4.71122e-05 
       802.5      26.7595     0.999733  0.000804078 -4.69701e-05 
       802.5      26.9715      0.99974  0.000804736 -4.67891e-05 
       802.5      27.1843     0.999746  0.000805318 -4.65694e-05 
       802.5      27.3979     0.999752  0.000805822 -4.63116e-05 
       802.5      27.6124     0.999757  0.000806248 -4.60165e-05 
       802.5      27.8277     0.999761  0.000806598 -4.56856e-05 
       802.5      28.0438     0.999764  0.000806873 -4.53207e-05 
       802.5      28.2608     0.999766  0.000807076 -4.49241e-05 
       802.5      28.4786     0.999768  0.000807211 -4.44984e-05 
       802.5      28.6972     0.999769  0.000807281  -4.4047e-05 
       802.5      28.9167     0.999769  0.000807291 -4.35735e-05 
       802.5       29.137     0.999769  0.000807245 -4.30821e-05 
       802.5      29.3582     0.999767  0.000807147 -4.25777e-05 
       802.5      29.5802     0.999765  0.000806999 -4.20654e-05 
       802.5       29.803     0.999763  0.000806806 -4.15512e-05 
       802.5      30.0267      0.99976  0.000806569 -4.10415e-05 
       802.5      30.2512     0.999756  0.000806288 -4.05434e-05 
       802.5      30.4765     0.999752  0.000805963 -4.00646e-05 
       802.5      30.7027     0.999748  0.000805592 -3.96134e-05 
       802.5      30.9297     0.999743  0.000805169 -3.91987e-05 
       802.5      31.1575     0.999739  0.000804688 -3.88302e-05 
       802.5      31.3862     0.999735  0.000804139 -3.85182e-05 
       802.5      31.6157      0.99973  0.000803509 -3.82739e-05 
       802.5      31.8461     0.999727  0.000802781  -3.8109e-05 
       802.5      32.0773     0.999723  0.000801936 -3.80361e-05 
       802.5      32.3093     0.999721  0.000800949 -3.80686e-05 
       802.5      32.5421     0.999719   0.00079979 -3.82205e-05 
       802.5      32.7758     0.999718  0.000798425 -3.85069e-05 
       802.5      33.0104     0.999719  0.000796814 -3.89436e-05 
       802.5      33.2457     0.999721   0.00079491 -3.95472e-05 
       802.5      33.4819     0.999724  0.000792662 -4.03353e-05 
       802.5       33.719     0.999734  0.000794123 -3.91483e-05 
       802.5      33.9568     0.999744  0.000796335 -3.75398e-05 
       802.5      34.1956     0.999752  0.000798199  -3.6105e-05 
       802.5      34.4351      0.99976  0.000799763 -3.48329e-05 
       802.5      34.6755     0.999766  0.000801066  -3.3712e-05 
       802.5      34.9167     0.999771  0.000802145 -3.27306e-05 
       802.5      35.1588     0.999776  0.000803029 -3.18762e-05 
       802.5      35.4017      0.99978  0.000803741  -3.1136e-05 
       802.5      35.6454     0.999783  0.000804297 -3.04967e-05 
       802.5      35.8899     0.999786  0.000804707 -2.99444e-05 
       802.5      36.1354     0.999788  0.000804971 -2.94647e-05 
       802.5      36.3816     0.999791  0.000805079 -2.90427e-05 
       802.5      36.6287     0.999793  0.000805015 -2.86631e-05 
       802.5      36.8766     0.999795  0.000804748 -2.83097e-05 
       802.5      37.1253     0.999796   0.00080424 -2.79662e-05 
       802.5      37.3749     0.999798  0.000803439 -2.76153e-05 
       802.5      37.6253     0.999799  0.000802279 -2.72394e-05 
       802.5      37.8766       0.9998  0.000800684 -2.68203e-05 
       802.5      38.1287       0.9998   0.00079856 -2.63389e-05 
       802.5      38.3816     0.999801  0.000798732 -2.66055e-05 
       802.5      38.6353     0.999802  0.000800383 -2.73212e-05 
       802.5      38.8899     0.999804   0.00080183 -2.79891e-05 
       802.5      39.1454     0.999805  0.000803083   -2.861e-05 
       802.5      39.4016     0.999806  0.000804157 -2.91846e-05 
       802.5      39.6588     0.999807  0.000805063 -2.97137e-05 
       802.5      39.9167     0.999808  0.000805814 -3.01982e-05 
       802.5      40.1755     0.999809   0.00080642 -3.06389e-05 
       802.5      40.4351      0.99981  0.000806893 -3.10366e-05 
       802.5      40.6955     0.999811  0.000807244 -3.13924e-05 
       802.5      40.9568     0.999812  0.000807484 -3.17072e-05 
       802.5      41.2189     0.999814  0.000807624 -3.19821e-05 
       802.5      41.4819     0.999815  0.000807672 -3.22181e-05 
       802.5      41.7457     0.999816   0.00080764 -3.24163e-05 
       802.5      42.0103     0.999817  0.000807535 -3.25778e-05 
       802.5      42.2758     0.999819  0.000807368 -3.27039e-05 
       802.5      42.5421      0.99982  0.000807147 -3.27959e-05 
       802.5      42.8092     0.999822   0.00080688 -3.28549e-05 
       802.5      43.0772     0.999823  0.000806576 -3.28824e-05 
       802.5       43.346     0.999825  0.000806241 -3.28796e-05 
       802.5      43.6157     0.999827  0.000805883 -3.28482e-05 
       802.5      43.8862     0.999828  0.000805508 -3.27894e-05 
       802.5      44.1575      0.99983  0.000805124 -3.27049e-05 
       802.5      44.4296     0.999832  0.000804737 -3.25963e-05 
       802.5      44.7026     0.999834  0.000804351 -3.24651e-05 
       802.5      44.9765     0.999836  0.000803973 -3.23131e-05 
       802.5      45.2511     0.999838  0.000803607  -3.2142e-05 
       802.5      45.5266      0.99984  0.000803257 -3.19536e-05 
       802.5       45.803     0.999842  0.000802929 -3.17497e-05 
       802.5      46.0801     0.999844  0.000802626 -3.15323e-05 
       802.5      46.3581     0.999847  0.000802351 -3.13033e-05 
       802.5       46.637     0.999849  0.000802108 -3.10647e-05 
       802.5      46.9167     0.999851  0.000801898 -3.08186e-05 
       802.5      47.1972     0.999853  0.000801724 -3.05672e-05 
       802.5      47.4785     0.999856  0.000801589 -3.03126e-05 
       802.5      47.7607     0.999858  0.000801493 -3.00571e-05 
       802.5      48.0438      0.99986  0.000801438  -2.9803e-05 
       802.5      48.3276     0.999863  0.000801425 -2.95528e-05 
       802.5      48.6123     0.999865  0.000801454 -2.93088e-05 
       802.5      48.8979     0.999868  0.000801525 -2.90736e-05 
       802.5      49.1842      0.99987  0.000801637 -2.88498e-05 
       802.5      49.4714     0.999872  0.000801791 -2.86399e-05 
       802.5      49.7595     0.999875  0.000801984 -2.84468e-05 
       802.5      50.0484     0.999877  0.000802217 -2.82732e-05 
       802.5      50.3381      0.99988  0.000802486 -2.81219e-05 
       802.5      50.6286     0.999882   0.00080279  -2.7996e-05 
       802.5        50.92     0.999884  0.000803128 -2.78983e-05 
       802.5      51.2122     0.999887  0.000803495  -2.7832e-05 
       802.5      51.5053     0.999889   0.00080389 -2.78003e-05 
       802.5      51.7992     0.999891  0.000804309 -2.78062e-05 
       802.5      52.0939     0.999894  0.000804748 -2.78532e-05 
       802.5      52.3895     0.999896  0.000805204 -2.79446e-05 
       802.5      52.6859     0.999898  0.000805673 -2.80839e-05 
       802.5      52.9831       0.9999  0.000806151 -2.82746e-05 
       802.5      53.2812     0.999903  0.000806633 -2.85203e-05 
       802.5      53.5801     0.999905  0.000807114 -2.88247e-05 
       802.5      53.8799     0.999907   0.00080759 -2.91916e-05 
       802.5      54.1805     0.999909  0.000807332 -2.92194e-05 
       802.5      54.4819      0.99991  0.000806623  -2.8977e-05 
       802.5      54.7841     0.999912   0.00080602 -2.87517e-05 
       802.5      55.0872     0.999913  0.000805511 -2.85417e-05 
       802.5      55.3912     0.999915  0.000805089 -2.83449e-05 
       802.5      55.6959     0.999917  0.000804745 -2.81596e-05 
       802.5      56.0015     0.999919  0.000804471  -2.7984e-05 
       802.5       56.308      0.99992  0.000804259 -2.78164e-05 
       802.5      56.6152     0.999922  0.000804103  -2.7655e-05 
       802.5      56.9233     0.999924  0.000803994 -2.74984e-05 
       802.5      57.2323     0.999926  0.000803927 -2.73449e-05 
       802.5      57.5421     0.999928  0.000803894  -2.7193e-05 
       802.5      57.8527      0.99993   0.00080389 -2.70415e-05 
       802.5      58.1641     0.999932  0.000803908 -2.68889e-05 
       802.5      58.4764     0.999933  0.000803944  -2.6734e-05 
       802.5      58.7896     0.999935  0.000803991 -2.65757e-05 
       802.5      59.1035     0.999937  0.000804044 -2.64128e-05 
       802.5      59.4183     0.999939  0.000804099 -2.62444e-05 
       802.5      59.7339     0.999941   0.00080415 -2.60695e-05 
       802.5      60.0504     0.999943  0.000804193 -2.58873e-05 
       802.5      60.3677     0.999945  0.000804225 -2.56971e-05 
       802.5      60.6859     0.999947   0.00080424 -2.54982e-05 
       802.5      61.0048      0.99995  0.000804234   -2.529e-05 
       802.5      61.3247     0.999952  0.000804205 -2.50721e-05 
       802.5      61.6453     0.999954  0.000804147 -2.48443e-05 
       802.5      61.9668     0.999956  0.000804058 -2.46061e-05 
       802.5      62.2891     0.999959  0.000803933 -2.43575e-05 
       802.5      62.6123     0.999961   0.00080377 -2.40984e-05 
       802.5      62.9363     0.999963  0.000803701 -2.38966e-05 
       802.5      63.2611     0.999966  0.000803875 -2.38198e-05 
       802.5      63.5868     0.999969  0.000804044 -2.37451e-05 
       802.5      63.9133     0.999971  0.000804208 -2.36722e-05 
       802.5      64.2406     0.999973  0.000804367 -2.36012e-05 
       802.5      64.5688     0.999976  0.000804521 -2.35318e-05 
       802.5      64.8978     0.999978  0.000804667 -2.34638e-05 
       802.5      65.2277      0.99998  0.000804807 -2.33971e-05 
       802.5      65.5583     0.999982  0.000804939 -2.33315e-05 
       802.5      65.8899     0.999984  0.000805064 -2.32669e-05 
       802.5      66.2222     0.999986   0.00080518 -2.32031e-05 
       802.5      66.5554     0.999988  0.000805289 -2.31399e-05 
       802.5      66.8894      0.99999  0.000805389 -2.30771e-05 
       802.5      67.2243     0.999992   0.00080548 -2.30146e-05 
       802.5        67.56     0.999994  0.000805562 -2.29523e-05 
       802.5      67.8966     0.999995  0.000805636 -2.28898e-05 
       802.5      68.2339     0.999997  0.000805701  -2.2827e-05 
       802.5      68.5721     0.999999  0.000805757 -2.27638e-05 
       802.5      68.9112            1  0.000805804 -2.26999e-05 
       802.5      69.2511            1  0.000805842 -2.26352e-05 
       802.5      69.5918            1  0.000805871 -2.25695e-05 
       802.5      69.9333      1.00001  0.000805893 -2.25024e-05 
       802.5      70.2757      1.00001  0.000805905  -2.2434e-05 
       802.5      70.6189      1.00001   0.00080591 -2.23638e-05 
       802.5       70.963      1.00001  0.000805907 -2.22918e-05 
       802.5      71.3079      1.00001  0.000805897 -2.22178e-05 
       802.5      71.6536      1.00002  0.000805879 -2.21414e-05 
       802.5      72.0002      1.00002  0.000805855 -2.20625e-05 
       802.5      72.3476      1.00002  0.000805825 -2.19809e-05 
       802.5      72.6959      1.00002  0.000805788 -2.18963e-05 
       802.5      73.0449      1.00002  0.000805746 -2.18085e-05 
       802.5      73.3949      1.00003    0.0008057 -2.17173e-05 
       802.5      73.7456      1.00003  0.000805649 -2.16224e-05 
       802.5      74.0972      1.00003  0.000805594 -2.15236e-05 
       802.5      74.4496      1.00003  0.000805535 -2.14207e-05 
       802.5      74.8029      1.00004  0.000805475 -2.13134e-05 
       802.5       75.157      1.00004  0.000805411 -2.12015e-05 
       802.5      75.5119      1.00004  0.000805347 -2.10847e-05 
       802.5      75.8677      1.00004  0.000805281 -2.09627e-05 
       802.5      76.2243      1.00005  0.000805216 -2.08353e-05 
       802.5      76.5817      1.00005   0.00080515 -2.07023e-05 
       802.5        76.94      1.00005  0.000805086 -2.05633e-05 
       802.5      77.2991      1.00005  0.000805023 -2.04181e-05 
       802.5      77.6591      1.00006  0.000804963 -2.02665e-05 
       802.5      78.0198      1.00006  0.000804906 -2.01081e-05 
       802.5      78.3815      1.00006  0.000804853 -1.99426e-05 
       802.5      78.7439      1.00006  0.000804803 -1.97699e-05 
       802.5      79.1072      1.00007  0.000804759 -1.95895e-05 
       802.5      79.4714      1.00007   0.00080472 -1.94013e-05 
       802.5      79.8363      1.00007  0.000804688 -1.92048e-05 
       802.5      80.2021      1.00008  0.000804662 -1.89999e-05 
       802.5      80.5688      1.00008  0.000804643 -1.87862e-05 
       802.5      80.9362      1.00008  0.000804632 -1.85633e-05 
       802.5      81.3045      1.00009   0.00080463 -1.83311e-05 
       802.5      81.6737      1.00009  0.000804636 -1.80891e-05 
       802.5      82.0437      1.00009  0.000804652 -1.78371e-05 
       802.5      82.4145       1.0001  0.000804677 -1.75748e-05 
       802.5      82.7861       1.0001  0.000804712 -1.73017e-05 
       802.5      83.1586       1.0001  0.000804757 -1.70177e-05 
       802.5       83.532       1.0001  0.000804813 -1.67222e-05 
       802.5      83.9061      1.00011   0.00080488 -1.64151e-05 
       802.5      84.2811      1.00011  0.000804957  -1.6096e-05 
       802.5       84.657      1.00011  0.000805046 -1.57645e-05 
       802.5      85.0336      1.00012  0.000805084 -1.55008e-05 
       802.5      85.4111      1.00012  0.000804969 -1.54617e-05 
       802.5      85.7895      1.00012  0.000804887 -1.54093e-05 
       802.5      86.1687      1.00012  0.000804839 -1.53453e-05 
       802.5      86.5487      1.00013  0.000804824 -1.52712e-05 
       802.5      86.9295      1.00013  0.000804841 -1.51889e-05 
       802.5      87.3112      1.00013  0.000804891 -1.51003e-05 
       802.5      87.6937      1.00014  0.000804971 -1.50075e-05 
       802.5      88.0771      1.00014   0.00080508 -1.49129e-05 
       802.5      88.4613      1.00014  0.000805217 -1.48188e-05 
       802.5      88.8463      1.00014  0.000805377 -1.47279e-05 
       802.5      89.2322      1.00014  0.000805559  -1.4643e-05 
       802.5      89.6189      1.00014  0.000805758 -1.45669e-05 
       802.5      90.0064      1.00014  0.000805971 -1.45029e-05 
       802.5      90.3948      1.00015  0.000806192 -1.44543e-05 
       802.5       90.784      1.00015  0.000806417 -1.44245e-05 
       802.5      91.1741      1.00014  0.000806638 -1.44172e-05 
       802.5       91.565      1.00014   0.00080685 -1.44363e-05 
       802.5      91.9567      1.00014  0.000807044 -1.44858e-05 
       802.5      92.3492      1.00014  0.000807212 -1.45701e-05 
       802.5      92.7426      1.00014  0.000807345 -1.46934e-05 
       802.5      93.1369      1.00013  0.000807381 -1.47935e-05 
       802.5      93.5319      1.00013   0.00080722 -1.46735e-05 
       802.5      93.9278      1.00013  0.000807064 -1.45476e-05 
       802.5      94.3246      1.00013  0.000806913 -1.44156e-05 
       802.5      94.7221      1.00013  0.000806767 -1.42775e-05 
       802.5      95.1206      1.00013  0.000806626 -1.41331e-05 
       802.5      95.5198      1.00012  0.000806489 -1.39825e-05 
       802.5      95.9199      1.00012  0.000806356 -1.38254e-05 
       802.5      96.3208      1.00012  0.000806227 -1.36619e-05 
       802.5      96.7226      1.00012  0.000806101  -1.3492e-05 
       802.5      97.1251      1.00012   0.00080598 -1.33154e-05 
       802.5      97.5286      1.00012  0.000805862 -1.31322e-05 
       802.5      97.9328      1.00012  0.000805747 -1.29424e-05 
       802.5      98.3379      1.00012  0.000805635 -1.27458e-05 
       802.5      98.7439      1.00012  0.000805527 -1.25425e-05 
       802.5      99.1506      1.00013  0.000805422 -1.23324e-05 
       802.5      99.5583      1.00013   0.00080532 -1.21156e-05 
       802.5      99.9667      1.00013  0.000805221 -1.18919e-05 
       802.5      100.376      1.00013  0.000805125 -1.16614e-05 
       802.5      100.786      1.00013  0.000805032 -1.14241e-05 
       802.5      101.197      1.00013  0.000804942   -1.118e-05 
       802.5      101.609      1.00013  0.000804856 -1.09291e-05 
       802.5      102.021      1.00014  0.000804773 -1.06714e-05 
       802.5      102.435      1.00014  0.000804694 -1.04069e-05 
       802.5      102.849      1.00014  0.000804618 -1.01358e-05 
       802.5      103.264      1.00014  0.000804546 -9.85792e-06 
       802.5       103.68      1.00015  0.000804477 -9.57345e-06 
       802.5      104.097      1.00015    0.0008045  -9.3785e-06 
       802.5      104.515      1.00015  0.000804579 -9.24341e-06 
       802.5      104.933      1.00016  0.000804659  -9.1078e-06 
       802.5      105.353      1.00016  0.000804738 -8.97165e-06 
       802.5      105.773      1.00016  0.000804816 -8.83496e-06 
       802.5      106.194      1.00017  0.000804893 -8.69771e-06 
       802.5      106.616      1.00017   0.00080497  -8.5599e-06 
       802.5      107.038      1.00017  0.000805045 -8.42152e-06 
       802.5      107.462      1.00018  0.000805118 -8.28255e-06 
       802.5      107.886      1.00018   0.00080519   -8.143e-06 
       802.5      108.311      1.00018   0.00080526 -8.00285e-06 
       802.5      108.737      1.00019  0.000805328  -7.8621e-06 
       802.5      109.164      1.00019  0.000805393 -7.72074e-06 
       802.5      109.592       1.0002  0.000805457 -7.57877e-06 
       802.5       110.02       1.0002  0.000805518 -7.43619e-06 
       802.5       110.45      1.00021  0.000805576 -7.29299e-06 
       802.5       110.88      1.00021  0.000805631 -7.14918e-06 
       802.5      111.311      1.00021  0.000805684 -7.00475e-06 
       802.5      111.743      1.00022  0.000805734  -6.8597e-06 
       802.5      112.175      1.00022  0.000805781 -6.71404e-06 
       802.5      112.609      1.00023  0.000805825 -6.56777e-06 
       802.5      113.043      1.00023  0.000805866  -6.4209e-06 
       802.5      113.478      1.00024  0.000805904 -6.27342e-06 
       802.5      113.914      1.00024  0.000805938 -6.12535e-06 
       802.5      114.351      1.00025   0.00080597 -5.97669e-06 
       802.5      114.789      1.00025  0.000805998 -5.82746e-06 
       802.5      115.228      1.00026  0.000806024 -5.67765e-06 
       802.5      115.667      1.00026  0.000806046 -5.52729e-06 
       802.5      116.107      1.00026  0.000806066 -5.37638e-06 
       802.5      116.548      1.00027  0.000806082 -5.22493e-06 
       802.5       116.99      1.00027  0.000806095 -5.07297e-06 
       802.5      117.433      1.00028  0.000806106 -4.92051e-06 
       802.5      117.876      1.00028  0.000806113 -4.76756e-06 
       802.5      118.321      1.00029  0.000806118 -4.61415e-06 
       802.5      118.766      1.00029   0.00080612 -4.46028e-06 
       802.5      119.212       1.0003   0.00080612   -4.306e-06 
       802.5      119.659       1.0003  0.000806117 -4.15131e-06 
       802.5      120.107       1.0003  0.000806112 -3.99624e-06 
       802.5      120.555      1.00031  0.000806104 -3.84081e-06 
       802.5      121.005      1.00031  0.000806094 -3.68506e-06 
       802.5      121.455      1.00032  0.000806082 -3.52901e-06 
       802.5      121.906      1.00032  0.000806069 -3.37269e-06 
       802.5      122.358      1.00032  0.000806053 -3.21614e-06 
       802.5      122.811      1.00033  0.000806036 -3.05938e-06 
       802.5      123.264      1.00033  0.000806017 -2.90245e-06 
       802.5      123.719      1.00033  0.000805997 -2.74538e-06 
       802.5      124.174      1.00033  0.000805976 -2.58822e-06 
       802.5       124.63      1.00034  0.000805954   -2.431e-06 
       802.5      125.087      1.00034  0.000805931 -2.27376e-06 
       802.5      125.545      1.00034  0.000805907 -2.11655e-06 
       802.5      126.003      1.00034  0.000805882 -1.95941e-06 
       802.5      126.463      1.00035  0.000805857 -1.80239e-06 
       802.5      126.923      1.00035  0.000805832 -1.64553e-06 
       802.5      127.384      1.00035  0.000805807 -1.48888e-06 
       802.5      127.846      1.00035  0.000805782  -1.3325e-06 
       802.5      128.309      1.00035  0.000805757 -1.17644e-06 
       802.5      128.773      1.00035  0.000805733 -1.02074e-06 
       802.5      129.237      1.00035  0.000805709 -8.65484e-07 
       802.5      129.702      1.00035  0.000805685 -7.10713e-07 
       802.5      130.169      1.00035  0.000805663 -5.56491e-07 
       802.5      130.636      1.00035  0.000805641 -4.02883e-07 
       802.5      131.103      1.00035  0.000805621 -2.49951e-07 
       802.5      131.572      1.00035  0.000805602  -9.7764e-08 
       802.5      132.041      1.00035  0.000805584  5.36098e-08 
       802.5      132.512      1.00035  0.000805568  2.04099e-07 
       802.5      132.983      1.00035  0.000805553  3.53632e-07 
       802.5      133.455      1.00035   0.00080554  5.02132e-07 
       802.5      133.928      1.00035  0.000805529  6.49523e-07 
       802.5      134.401      1.00034  0.000805519  7.95724e-07 
       802.5      134.876      1.00034  0.000805512  9.40654e-07 
       802.5      135.351      1.00034  0.000805507  1.08423e-06 
       802.5      135.827      1.00033  0.000805503  1.22636e-06 
       802.5      136.304      1.00033  0.000805502  1.36697e-06 
       802.5      136.782      1.00032  0.000805502  1.50595e-06 
       802.5      137.261      1.00032  0.000805505  1.64322e-06 
       802.5       137.74      1.00031   0.00080551  1.77868e-06 
       802.5      138.221      1.00031  0.000805516  1.91223e-06 
       802.5      138.702       1.0003  0.000805525  2.04377e-06 
       802.5      139.184      1.00029  0.000805535  2.17321e-06 
       802.5      139.667      1.00029  0.000805548  2.30042e-06 
       802.5      140.151      1.00028  0.000805562  2.42531e-06 
       802.5      140.635      1.00027  0.000805577  2.54776e-06 
       802.5       141.12      1.00026  0.000805594  2.66767e-06 
       802.5      141.607      1.00025  0.000805612   2.7849e-06 
       802.5      142.094      1.00024   0.00080563  2.89936e-06 
       802.5      142.582      1.00023   0.00080565  3.01091e-06 
       802.5       143.07      1.00022   0.00080567  3.11943e-06 
       802.5       143.56      1.00021   0.00080569  3.22479e-06 
       802.5       144.05       1.0002  0.000805709  3.32687e-06 
       802.5      144.541      1.00018  0.000805729  3.42553e-06 
       802.5      145.033      1.00017  0.000805747  3.52064e-06 
       802.5      145.526      1.00016  0.000805763  3.61205e-06 
       802.5       146.02      1.00014  0.000805778  3.69964e-06 
       802.5      146.515      1.00013  0.000805791  3.78324e-06 
       802.5       147.01      1.00011    0.0008058  3.86272e-06 
       802.5      147.506      1.00009  0.000805806  3.93793e-06 
       802.5      148.003      1.00008  0.000805807  4.00871e-06 
       802.5      148.501      1.00006  0.000805804   4.0749e-06 
       802.5          149      1.00004  0.000805795  4.13635e-06 
       802.5        149.5      1.00002   0.00080578  4.19289e-06 
       802.5          150            1  0.000805758  4.24437e-06 
