Variables = x, y, u, v, p

Zone, I=600, F=POINT
        67.5            0  3.56309e-06  2.99329e-08 -0.000377112 
        67.5     0.000418  0.000242922  2.93156e-08  -0.00037711 
        67.5     0.001672     0.000961  3.10314e-08 -0.000377106 
        67.5     0.003763   0.00215837  4.57809e-08 -0.000377099 
        67.5     0.006689    0.0038339  9.13264e-08 -0.000377089 
        67.5     0.010451   0.00598814  1.92464e-07 -0.000377077 
        67.5      0.01505   0.00862166  3.80961e-07 -0.000377062 
        67.5     0.020485    0.0117338  6.95337e-07 -0.000377044 
        67.5     0.026756    0.0153246   1.1808e-06 -0.000377023 
        67.5     0.033863    0.0193939  1.88905e-06    -0.000377 
        67.5     0.041806    0.0239414  2.87811e-06 -0.000376974 
        67.5     0.050585     0.028967  4.21207e-06 -0.000376945 
        67.5     0.060201     0.034471  5.96105e-06 -0.000376914 
        67.5     0.070652    0.0404516   8.2002e-06 -0.000376881 
        67.5      0.08194    0.0469095  1.10107e-05 -0.000376845 
        67.5     0.094063    0.0538428  1.44778e-05 -0.000376806 
        67.5     0.107023    0.0612517  1.86923e-05 -0.000376765 
        67.5     0.120819    0.0691345  2.37485e-05 -0.000376722 
        67.5     0.135451    0.0774899  2.97448e-05 -0.000376675 
        67.5     0.150919    0.0863162  3.67828e-05 -0.000376627 
        67.5     0.167224     0.095612  4.49677e-05 -0.000376576 
        67.5     0.184364     0.105374  5.44056e-05 -0.000376522 
        67.5     0.202341       0.1156  6.52066e-05 -0.000376465 
        67.5     0.221153     0.126287    7.748e-05 -0.000376405 
        67.5     0.240802     0.137432  9.13385e-05 -0.000376341 
        67.5     0.261287     0.148994  0.000106665 -0.000376273 
        67.5     0.282608     0.161054   0.00012399 -0.000376202 
        67.5     0.304765     0.173542  0.000143147 -0.000376126 
        67.5     0.327758      0.18645  0.000164189 -0.000376044 
        67.5     0.351588      0.19977  0.000187159 -0.000375955 
        67.5     0.376253     0.213489  0.000212079 -0.000375859 
        67.5     0.401755     0.227599  0.000238962 -0.000375753 
        67.5     0.428092     0.242085  0.000267795 -0.000375638 
        67.5     0.455266     0.256935  0.000298552  -0.00037551 
        67.5     0.483276     0.272134  0.000331182  -0.00037537 
        67.5     0.512122     0.287666  0.000365608 -0.000375214 
        67.5     0.541805     0.303514  0.000401732 -0.000375041 
        67.5     0.572323     0.319657  0.000439421 -0.000374849 
        67.5     0.603677     0.336076  0.000478518 -0.000374636 
        67.5     0.635868     0.352749  0.000518833 -0.000374398 
        67.5     0.668894     0.369651  0.000560135 -0.000374132 
        67.5     0.702757     0.386758  0.000602165 -0.000373836 
        67.5     0.737456      0.40404  0.000644618 -0.000373507 
        67.5     0.772991     0.421685  0.000690481 -0.000373133 
        67.5     0.809362     0.439229  0.000732032 -0.000372739 
        67.5      0.84657     0.457002  0.000774251   -0.0003723 
        67.5     0.884613     0.474982  0.000817124 -0.000371814 
        67.5     0.923492     0.493148  0.000860641 -0.000371278 
        67.5     0.963208     0.511477  0.000904794 -0.000370691 
        67.5      1.00376     0.529944  0.000949573 -0.000370048 
        67.5      1.04515     0.548524  0.000994969 -0.000369348 
        67.5      1.08737     0.567187   0.00104097 -0.000368588 
        67.5      1.13043     0.585906   0.00108758 -0.000367765 
        67.5      1.17433     0.604647   0.00113479 -0.000366876 
        67.5      1.21906      0.62338   0.00118259 -0.000365919 
        67.5      1.26463     0.642067   0.00123099  -0.00036489 
        67.5      1.31103     0.660673   0.00127997 -0.000363785 
        67.5      1.35827     0.679157   0.00132954 -0.000362603 
        67.5      1.40635      0.69748   0.00137971  -0.00036134 
        67.5      1.45526     0.715597   0.00143046 -0.000359993 
        67.5      1.50501     0.733462   0.00148182 -0.000358558 
        67.5       1.5556     0.751027   0.00153378 -0.000357033 
        67.5      1.60702     0.768241   0.00158635 -0.000355413 
        67.5      1.65928     0.785053   0.00163954 -0.000353695 
        67.5      1.71237     0.801404   0.00169337 -0.000351876 
        67.5       1.7663      0.81749   0.00173996 -0.000350101 
        67.5      1.82106     0.832538   0.00179237 -0.000348039 
        67.5      1.87667     0.846906   0.00184283 -0.000345892 
        67.5      1.93311     0.860583   0.00189128  -0.00034366 
        67.5      1.99038      0.87356   0.00193768 -0.000341344 
        67.5      2.04849     0.885829   0.00198199 -0.000338942 
        67.5      2.10744     0.897387   0.00202418 -0.000336456 
        67.5      2.16722      0.90823    0.0020642 -0.000333887 
        67.5      2.22784     0.918359   0.00210205 -0.000331234 
        67.5      2.28929     0.927776    0.0021377   -0.0003285 
        67.5      2.35158     0.936487   0.00217114 -0.000325685 
        67.5      2.41471       0.9445   0.00220236  -0.00032279 
        67.5      2.47867     0.951826   0.00223138 -0.000319819 
        67.5      2.54347     0.958479   0.00225819 -0.000316772 
        67.5      2.60911     0.964477   0.00228283 -0.000313651 
        67.5      2.67558      0.96984    0.0023053  -0.00031046 
        67.5      2.74288     0.974593   0.00232564 -0.000307201 
        67.5      2.81103     0.978762    0.0023439 -0.000303877 
        67.5      2.88001      0.98238   0.00236013 -0.000300491 
        67.5      2.94983      0.98548   0.00237438 -0.000297047 
        67.5      3.02048     0.988102   0.00238673 -0.000293548 
        67.5      3.09197     0.990289   0.00239725     -0.00029 
        67.5      3.16429     0.992088   0.00240602 -0.000286407 
        67.5      3.23745     0.993549   0.00241316 -0.000282773 
        67.5      3.31145     0.994728   0.00241876 -0.000279104 
        67.5      3.38628     0.995686   0.00242296 -0.000275405 
        67.5      3.46195     0.996488   0.00242587 -0.000271683 
        67.5      3.53845     0.997201   0.00242764 -0.000267943 
        67.5      3.61579     0.997903   0.00242843 -0.000264193 
        67.5      3.69397      0.99867    0.0024284  -0.00026044 
        67.5      3.77298     0.998909    0.0024319 -0.000256515 
        67.5      3.85283     0.999119   0.00243187 -0.000252634 
        67.5      3.93352     0.999299   0.00243163 -0.000248726 
        67.5      4.01504      0.99945   0.00243119 -0.000244794 
        67.5       4.0974     0.999574   0.00243057 -0.000240836 
        67.5      4.18059     0.999674   0.00242977 -0.000236855 
        67.5      4.26462      0.99975   0.00242881 -0.000232851 
        67.5      4.34949     0.999806   0.00242769 -0.000228823 
        67.5      4.43519     0.999844   0.00242644 -0.000224774 
        67.5      4.52173     0.999866   0.00242507 -0.000220703 
        67.5       4.6091     0.999876   0.00242358 -0.000216611 
        67.5      4.69731     0.999876   0.00242201 -0.000212499 
        67.5      4.78636     0.999869   0.00242036 -0.000208368 
        67.5      4.87624     0.999859   0.00241865 -0.000204218 
        67.5      4.96696     0.999849   0.00241691 -0.000200049 
        67.5      5.05851     0.999843   0.00241516 -0.000195864 
        67.5       5.1509     0.999846   0.00241342 -0.000191662 
        67.5      5.24413     0.999858   0.00241171 -0.000187444 
        67.5       5.3382     0.999853   0.00240986 -0.000183211 
        67.5      5.43309      0.99985   0.00240799 -0.000178962 
        67.5      5.52883     0.999852   0.00240612 -0.000174699 
        67.5       5.6254     0.999847   0.00240417 -0.000170423 
        67.5      5.72281     0.999843    0.0024022 -0.000166133 
        67.5      5.82105     0.999839   0.00240019 -0.000161831 
        67.5      5.92013     0.999835   0.00239814  -0.00015752 
        67.5      6.02005     0.999831   0.00239606 -0.000153198 
        67.5       6.1208     0.999827   0.00239395 -0.000148865 
        67.5      6.22239     0.999824    0.0023918 -0.000144523 
        67.5      6.32482      0.99982   0.00238961 -0.000140172 
        67.5      6.42808     0.999816   0.00238739 -0.000135812 
        67.5      6.53217     0.999812   0.00238513 -0.000131445 
        67.5      6.63711     0.999808   0.00238284  -0.00012707 
        67.5      6.74287     0.999804   0.00238051  -0.00012269 
        67.5      6.84948       0.9998   0.00237815 -0.000118305 
        67.5      6.95692     0.999796   0.00237575 -0.000113915 
        67.5       7.0652     0.999792   0.00237331 -0.000109521 
        67.5      7.17431     0.999788   0.00237084 -0.000105124 
        67.5      7.28426     0.999784   0.00236833 -0.000100725 
        67.5      7.39505      0.99978   0.00236578 -9.63245e-05 
        67.5      7.50667     0.999776    0.0023632 -9.19235e-05 
        67.5      7.61913     0.999772    0.0023606  -8.7531e-05 
        67.5      7.73242     0.999768   0.00235795 -8.31307e-05 
        67.5      7.84655     0.999765   0.00235526 -7.87322e-05 
        67.5      7.96152     0.999761   0.00235253 -7.43363e-05 
        67.5      8.07732     0.999757   0.00234977 -6.99437e-05 
        67.5      8.19396     0.999753   0.00234697 -6.55551e-05 
        67.5      8.31143     0.999749   0.00234414 -6.11713e-05 
        67.5      8.42974     0.999745   0.00234127 -5.67931e-05 
        67.5      8.54889     0.999741   0.00233838 -5.24183e-05 
        67.5      8.66887     0.999737   0.00233544 -4.80515e-05 
        67.5      8.78969     0.999734   0.00233246 -4.36914e-05 
        67.5      8.91135      0.99973   0.00232945 -3.93388e-05 
        67.5      9.03384     0.999726    0.0023264 -3.49943e-05 
        67.5      9.15717     0.999722   0.00232332 -3.06588e-05 
        67.5      9.28133     0.999718    0.0023202  -2.6333e-05 
        67.5      9.40633     0.999715   0.00231705 -2.20176e-05 
        67.5      9.53216     0.999711   0.00231386 -1.77135e-05 
        67.5      9.65884     0.999707   0.00231064 -1.34213e-05 
        67.5      9.78634     0.999703   0.00230739 -9.14185e-06 
        67.5      9.91469       0.9997    0.0023041 -4.87594e-06 
        67.5      10.0439     0.999696   0.00230078 -6.24332e-07 
        67.5      10.1739     0.999692   0.00229742  3.61223e-06 
        67.5      10.3047     0.999689   0.00229403   7.8329e-06 
        67.5      10.4364     0.999685   0.00229061   1.2037e-05 
        67.5      10.5689     0.999681   0.00228716  1.62235e-05 
        67.5      10.7023     0.999678   0.00228367  2.03919e-05 
        67.5      10.8365     0.999674   0.00228015  2.45412e-05 
        67.5      10.9715     0.999671    0.0022766  2.86707e-05 
        67.5      11.1074     0.999667   0.00227302  3.27796e-05 
        67.5      11.2441     0.999664   0.00226941   3.6864e-05 
        67.5      11.3817      0.99966   0.00226577   4.0931e-05 
        67.5        11.52     0.999657    0.0022621  4.49764e-05 
        67.5      11.6592     0.999653    0.0022584  4.89997e-05 
        67.5      11.7993      0.99965   0.00225467  5.30006e-05 
        67.5      11.9402     0.999647   0.00225091  5.69786e-05 
        67.5      12.0819     0.999643   0.00224712  6.09334e-05 
        67.5      12.2245      0.99964    0.0022433  6.48645e-05 
        67.5      12.3679     0.999637   0.00223945  6.87716e-05 
        67.5      12.5121     0.999633   0.00223558  7.26542e-05 
        67.5      12.6572      0.99963   0.00223168  7.65121e-05 
        67.5      12.8031     0.999627   0.00222775   8.0345e-05 
        67.5      12.9498     0.999624   0.00222376  8.41605e-05 
        67.5      13.0974     0.999621   0.00221978  8.79256e-05 
        67.5      13.2458     0.999618   0.00221577  9.16635e-05 
        67.5       13.395     0.999615   0.00221174  9.53739e-05 
        67.5      13.5451     0.999611   0.00220769  9.90561e-05 
        67.5       13.696     0.999608   0.00220361   0.00010271 
        67.5      13.8478     0.999605   0.00219951  0.000106334 
        67.5      14.0004     0.999603   0.00219538  0.000109929 
        67.5      14.1538       0.9996   0.00219123  0.000113493 
        67.5      14.3081     0.999597   0.00218706  0.000117026 
        67.5      14.4632     0.999594   0.00218287  0.000120528 
        67.5      14.6191     0.999591   0.00217866  0.000123999 
        67.5      14.7759     0.999588   0.00217443  0.000127437 
        67.5      14.9335     0.999586   0.00217018  0.000130842 
        67.5      15.0919     0.999583    0.0021659  0.000134214 
        67.5      15.2512      0.99958   0.00216161  0.000137552 
        67.5      15.4113     0.999578    0.0021573  0.000140855 
        67.5      15.5723     0.999575   0.00215298  0.000144124 
        67.5      15.7341     0.999573   0.00214864  0.000147358 
        67.5      15.8967      0.99957   0.00214428  0.000150556 
        67.5      16.0602     0.999568    0.0021399  0.000153717 
        67.5      16.2245     0.999566   0.00213551  0.000156842 
        67.5      16.3896     0.999563   0.00213111  0.000159931 
        67.5      16.5556     0.999561   0.00212667  0.000162988 
        67.5      16.7224     0.999559   0.00212225  0.000166004 
        67.5        16.89     0.999557   0.00211782  0.000168982 
        67.5      17.0585     0.999555   0.00211338  0.000171922 
        67.5      17.2278     0.999552   0.00210893  0.000174824 
        67.5      17.3979      0.99955   0.00210446   0.00017769 
        67.5      17.5689     0.999548   0.00209998  0.000180518 
        67.5      17.7408     0.999546    0.0020955  0.000183309 
        67.5      17.9134     0.999544     0.002091  0.000186063 
        67.5      18.0869     0.999543   0.00208649  0.000188781 
        67.5      18.2612     0.999541   0.00208198  0.000191463 
        67.5      18.4364     0.999539   0.00207746  0.000194108 
        67.5      18.6124     0.999537   0.00207293  0.000196718 
        67.5      18.7892     0.999535    0.0020684  0.000199293 
        67.5      18.9669     0.999533   0.00206379  0.000201868 
        67.5      19.1454     0.999532   0.00205924  0.000204341 
        67.5      19.3248      0.99953   0.00205469  0.000206779 
        67.5       19.505     0.999528   0.00205013   0.00020918 
        67.5       19.686     0.999527   0.00204558  0.000211546 
        67.5      19.8678     0.999526   0.00204102  0.000213875 
        67.5      20.0505     0.999524   0.00203646  0.000216168 
        67.5      20.2341     0.999523    0.0020319  0.000218425 
        67.5      20.4184     0.999521   0.00202734  0.000220644 
        67.5      20.6036      0.99952   0.00202278  0.000222827 
        67.5      20.7897     0.999519   0.00201822  0.000224972 
        67.5      20.9765     0.999517   0.00201366  0.000227081 
        67.5      21.1642     0.999516   0.00200911  0.000229153 
        67.5      21.3528     0.999515   0.00200455  0.000231187 
        67.5      21.5422     0.999514        0.002  0.000233184 
        67.5      21.7324     0.999513   0.00199545  0.000235143 
        67.5      21.9234     0.999512   0.00199091  0.000237065 
        67.5      22.1153     0.999511   0.00198637   0.00023895 
        67.5       22.308      0.99951   0.00198183  0.000240797 
        67.5      22.5016     0.999509    0.0019773  0.000242606 
        67.5       22.696     0.999508   0.00197277  0.000244378 
        67.5      22.8912     0.999507   0.00196825  0.000246113 
        67.5      23.0873     0.999506   0.00196374   0.00024781 
        67.5      23.2842     0.999506   0.00195923  0.000249469 
        67.5       23.482     0.999505   0.00195473  0.000251091 
        67.5      23.6805     0.999504   0.00195024  0.000252676 
        67.5        23.88     0.999504   0.00194576  0.000254224 
        67.5      24.0802     0.999503   0.00194129  0.000255735 
        67.5      24.2813     0.999502   0.00193683  0.000257208 
        67.5      24.4832     0.999502   0.00193237  0.000258645 
        67.5       24.686     0.999501   0.00192793  0.000260045 
        67.5      24.8896     0.999501   0.00192347  0.000261258 
        67.5       25.094       0.9995   0.00191907  0.000262615 
        67.5      25.2993       0.9995   0.00191469  0.000263936 
        67.5      25.5054       0.9995   0.00191031   0.00026522 
        67.5      25.7123       0.9995   0.00190596  0.000266467 
        67.5      25.9201       0.9995   0.00190161  0.000267678 
        67.5      26.1287     0.999499   0.00189728  0.000268854 
        67.5      26.3381     0.999499   0.00189297  0.000269994 
        67.5      26.5484     0.999499   0.00188867  0.000271099 
        67.5      26.7595     0.999499   0.00188438  0.000272169 
        67.5      26.9715     0.999499   0.00188011  0.000273205 
        67.5      27.1843     0.999499   0.00187585  0.000274207 
        67.5      27.3979     0.999499   0.00187161  0.000275176 
        67.5      27.6124       0.9995   0.00186738  0.000276112 
        67.5      27.8277       0.9995   0.00186317  0.000277016 
        67.5      28.0438       0.9995   0.00185897  0.000277888 
        67.5      28.2608       0.9995   0.00185478  0.000278729 
        67.5      28.4786       0.9995   0.00185061  0.000279538 
        67.5      28.6972       0.9995   0.00184645  0.000280318 
        67.5      28.9167     0.999501    0.0018423  0.000281069 
        67.5       29.137     0.999501   0.00183817   0.00028179 
        67.5      29.3582     0.999501   0.00183406  0.000282483 
        67.5      29.5802     0.999502   0.00182995  0.000283149 
        67.5       29.803     0.999503   0.00182557  0.000283927 
        67.5      30.0267     0.999504   0.00182156  0.000284533 
        67.5      30.2512     0.999504   0.00181758  0.000285115 
        67.5      30.4765     0.999504   0.00181362  0.000285673 
        67.5      30.7027     0.999505   0.00180967  0.000286206 
        67.5      30.9297     0.999505   0.00180575  0.000286715 
        67.5      31.1575     0.999506   0.00180184  0.000287199 
        67.5      31.3862     0.999506   0.00179795   0.00028766 
        67.5      31.6157     0.999507   0.00179409  0.000288097 
        67.5      31.8461     0.999508   0.00179024   0.00028851 
        67.5      32.0773     0.999508   0.00178642    0.0002889 
        67.5      32.3093     0.999509   0.00178261  0.000289267 
        67.5      32.5421      0.99951   0.00177882  0.000289611 
        67.5      32.7758      0.99951   0.00177506  0.000289932 
        67.5      33.0104     0.999511   0.00177132  0.000290231 
        67.5      33.2457     0.999512   0.00176759  0.000290508 
        67.5      33.4819     0.999513   0.00176389  0.000290762 
        67.5       33.719     0.999514   0.00176021  0.000290995 
        67.5      33.9568     0.999515   0.00175656  0.000291207 
        67.5      34.1956     0.999516   0.00175292  0.000291397 
        67.5      34.4351     0.999517   0.00174931  0.000291567 
        67.5      34.6755     0.999518   0.00174571  0.000291716 
        67.5      34.9167     0.999519   0.00174214  0.000291845 
        67.5      35.1588      0.99952   0.00173859  0.000291954 
        67.5      35.4017     0.999521   0.00173507  0.000292044 
        67.5      35.6454     0.999522   0.00173157  0.000292114 
        67.5      35.8899     0.999523   0.00172809  0.000292165 
        67.5      36.1354     0.999524   0.00172463  0.000292199 
        67.5      36.3816     0.999525   0.00172119  0.000292214 
        67.5      36.6287     0.999527   0.00171778  0.000292211 
        67.5      36.8766     0.999528   0.00171439  0.000292191 
        67.5      37.1253     0.999529   0.00171103  0.000292154 
        67.5      37.3749      0.99953   0.00170768  0.000292101 
        67.5      37.6253     0.999532   0.00170437  0.000292032 
        67.5      37.8766     0.999533   0.00170107  0.000291947 
        67.5      38.1287     0.999534    0.0016978  0.000291848 
        67.5      38.3816     0.999535   0.00169455  0.000291733 
        67.5      38.6353     0.999537   0.00169133  0.000291605 
        67.5      38.8899     0.999538   0.00168813  0.000291463 
        67.5      39.1454      0.99954   0.00168495  0.000291308 
        67.5      39.4016     0.999541    0.0016818   0.00029114 
        67.5      39.6588     0.999542   0.00167867   0.00029096 
        67.5      39.9167     0.999544   0.00167556  0.000290769 
        67.5      40.1755     0.999547   0.00167274  0.000290366 
        67.5      40.4351     0.999549   0.00166964  0.000290146 
        67.5      40.6955      0.99955   0.00166658  0.000289915 
        67.5      40.9568     0.999552   0.00166354  0.000289676 
        67.5      41.2189     0.999554   0.00166054  0.000289426 
        67.5      41.4819     0.999555   0.00165755  0.000289167 
        67.5      41.7457     0.999557    0.0016546  0.000288899 
        67.5      42.0103     0.999559   0.00165167  0.000288622 
        67.5      42.2758      0.99956   0.00164877  0.000288335 
        67.5      42.5421     0.999562    0.0016459   0.00028804 
        67.5      42.8092     0.999564   0.00164305  0.000287735 
        67.5      43.0772     0.999566   0.00164023  0.000287421 
        67.5       43.346     0.999567   0.00163743  0.000287099 
        67.5      43.6157     0.999569   0.00163466  0.000286767 
        67.5      43.8862     0.999571   0.00163192  0.000286427 
        67.5      44.1575     0.999572    0.0016292  0.000286079 
        67.5      44.4296     0.999574    0.0016265  0.000285722 
        67.5      44.7026     0.999576   0.00162383  0.000285356 
        67.5      44.9765     0.999577   0.00162118  0.000284982 
        67.5      45.2511     0.999579   0.00161855    0.0002846 
        67.5      45.5266     0.999581   0.00161595   0.00028421 
        67.5       45.803     0.999582   0.00161337  0.000283812 
        67.5      46.0801     0.999584   0.00161081  0.000283406 
        67.5      46.3581     0.999586   0.00160827  0.000282993 
        67.5       46.637     0.999587   0.00160575  0.000282572 
        67.5      46.9167     0.999587    0.0016036  0.000282026 
        67.5      47.1972     0.999589   0.00160116  0.000281604 
        67.5      47.4785     0.999591   0.00159874  0.000281179 
        67.5      47.7607     0.999592   0.00159633  0.000280751 
        67.5      48.0438     0.999594   0.00159395  0.000280319 
        67.5      48.3276     0.999596   0.00159158  0.000279885 
        67.5      48.6123     0.999598   0.00158923  0.000279447 
        67.5      48.8979       0.9996   0.00158691  0.000279007 
        67.5      49.1842     0.999602    0.0015846  0.000278563 
        67.5      49.4714     0.999603   0.00158231  0.000278117 
        67.5      49.7595     0.999605   0.00158003  0.000277668 
        67.5      50.0484     0.999607   0.00157778  0.000277217 
        67.5      50.3381     0.999609   0.00157555  0.000276763 
        67.5      50.6286     0.999611   0.00157333  0.000276307 
        67.5        50.92     0.999613   0.00157114  0.000275848 
        67.5      51.2122     0.999615   0.00156896  0.000275387 
        67.5      51.5053     0.999617   0.00156681  0.000274924 
        67.5      51.7992     0.999619   0.00156467  0.000274459 
        67.5      52.0939     0.999621   0.00156255  0.000273991 
        67.5      52.3895     0.999623   0.00156045  0.000273522 
        67.5      52.6859     0.999625   0.00155837  0.000273052 
        67.5      52.9831     0.999627   0.00155631  0.000272579 
        67.5      53.2812     0.999629   0.00155427  0.000272105 
        67.5      53.5801     0.999631   0.00155225  0.000271629 
        67.5      53.8799     0.999633   0.00155025  0.000271152 
        67.5      54.1805     0.999635   0.00154827  0.000270674 
        67.5      54.4819     0.999636   0.00154631  0.000270195 
        67.5      54.7841     0.999638   0.00154436  0.000269714 
        67.5      55.0872      0.99964   0.00154244  0.000269233 
        67.5      55.3912     0.999642   0.00154054  0.000268751 
        67.5      55.6959     0.999644   0.00153865  0.000268268 
        67.5      56.0015     0.999646   0.00153679  0.000267784 
        67.5       56.308     0.999648   0.00153494    0.0002673 
        67.5      56.6152      0.99965   0.00153312  0.000266816 
        67.5      56.9233     0.999652   0.00153131  0.000266331 
        67.5      57.2323     0.999654   0.00152952  0.000265847 
        67.5      57.5421     0.999656   0.00152775  0.000265362 
        67.5      57.8527     0.999658   0.00152601  0.000264877 
        67.5      58.1641     0.999659   0.00152428  0.000264393 
        67.5      58.4764     0.999661   0.00152257  0.000263909 
        67.5      58.7896     0.999663   0.00152088  0.000263426 
        67.5      59.1035     0.999665   0.00151918  0.000262843 
        67.5      59.4183     0.999667   0.00151755  0.000262348 
        67.5      59.7339     0.999668   0.00151594  0.000261859 
        67.5      60.0504      0.99967   0.00151434  0.000261375 
        67.5      60.3677     0.999672   0.00151275  0.000260897 
        67.5      60.6859     0.999674   0.00151118  0.000260424 
        67.5      61.0048     0.999676   0.00150962  0.000259957 
        67.5      61.3247     0.999678   0.00150807  0.000259495 
        67.5      61.6453      0.99968   0.00150654  0.000259039 
        67.5      61.9668     0.999682   0.00150502  0.000258588 
        67.5      62.2891     0.999684   0.00150351  0.000258142 
        67.5      62.6123     0.999686   0.00150202  0.000257703 
        67.5      62.9363     0.999688   0.00150054  0.000257268 
        67.5      63.2611      0.99969   0.00149908  0.000256839 
        67.5      63.5868     0.999692   0.00149762  0.000256416 
        67.5      63.9133     0.999694   0.00149618  0.000255998 
        67.5      64.2406     0.999696   0.00149476  0.000255585 
        67.5      64.5688     0.999698   0.00149335  0.000255178 
        67.5      64.8978       0.9997   0.00149195  0.000254777 
        67.5      65.2277     0.999702   0.00149056   0.00025438 
        67.5      65.5583     0.999704   0.00148919   0.00025399 
        67.5      65.8899     0.999706   0.00148783  0.000253604 
        67.5      66.2222     0.999708   0.00148649  0.000253224 
        67.5      66.5554      0.99971   0.00148516   0.00025285 
        67.5      66.8894     0.999712   0.00148384   0.00025248 
        67.5      67.2243     0.999714   0.00148253  0.000252117 
        67.5        67.56     0.999716   0.00148124  0.000251758 
        67.5      67.8966     0.999718   0.00147996  0.000251405 
        67.5      68.2339      0.99972    0.0014787  0.000251057 
        67.5      68.5721     0.999722   0.00147744  0.000250714 
        67.5      68.9112     0.999724    0.0014762  0.000250377 
        67.5      69.2511     0.999726   0.00147497  0.000250045 
        67.5      69.5918     0.999728   0.00147376  0.000249718 
        67.5      69.9333      0.99973   0.00147256  0.000249397 
        67.5      70.2757     0.999732   0.00147137   0.00024908 
        67.5      70.6189     0.999734   0.00147019  0.000248769 
        67.5       70.963     0.999736   0.00146903  0.000248463 
        67.5      71.3079     0.999738   0.00146788  0.000248162 
        67.5      71.6536      0.99974   0.00146674  0.000247866 
        67.5      72.0002     0.999742   0.00146562  0.000247575 
        67.5      72.3476     0.999744    0.0014645   0.00024729 
        67.5      72.6959     0.999746    0.0014634  0.000247009 
        67.5      73.0449     0.999748   0.00146231  0.000246733 
        67.5      73.3949      0.99975   0.00146123  0.000246463 
        67.5      73.7456     0.999752   0.00146017  0.000246197 
        67.5      74.0972     0.999754   0.00145912  0.000245936 
        67.5      74.4496     0.999756   0.00145808   0.00024568 
        67.5      74.8029     0.999757   0.00145705  0.000245429 
        67.5       75.157     0.999759   0.00145603  0.000245183 
        67.5      75.5119     0.999761   0.00145502  0.000244941 
        67.5      75.8677     0.999763   0.00145403  0.000244704 
        67.5      76.2243     0.999765   0.00145305  0.000244472 
        67.5      76.5817     0.999767   0.00145207  0.000244244 
        67.5        76.94     0.999769   0.00145111  0.000244022 
        67.5      77.2991     0.999771   0.00145016  0.000243803 
        67.5      77.6591     0.999772   0.00144923   0.00024359 
        67.5      78.0198     0.999774    0.0014483   0.00024338 
        67.5      78.3815     0.999776   0.00144738  0.000243176 
        67.5      78.7439     0.999778   0.00144648  0.000242975 
        67.5      79.1072     0.999779   0.00144558  0.000242779 
        67.5      79.4714     0.999781    0.0014447  0.000242588 
        67.5      79.8363     0.999782    0.0014435   0.00024262 
        67.5      80.2021     0.999784   0.00144263   0.00024241 
        67.5      80.5688     0.999786   0.00144177  0.000242207 
        67.5      80.9362     0.999788   0.00144093  0.000242009 
        67.5      81.3045      0.99979   0.00144009  0.000241819 
        67.5      81.6737     0.999792   0.00143925  0.000241635 
        67.5      82.0437     0.999794   0.00143843  0.000241458 
        67.5      82.4145     0.999796   0.00143761  0.000241287 
        67.5      82.7861     0.999798    0.0014368  0.000241124 
        67.5      83.1586     0.999799   0.00143599  0.000240969 
        67.5       83.532     0.999801   0.00143519   0.00024082 
        67.5      83.9061     0.999803    0.0014344  0.000240679 
        67.5      84.2811     0.999805   0.00143361  0.000240546 
        67.5       84.657     0.999806   0.00143283  0.000240421 
        67.5      85.0336     0.999808   0.00143206  0.000240304 
        67.5      85.4111      0.99981   0.00143128  0.000240194 
        67.5      85.7895     0.999811   0.00143052  0.000240093 
        67.5      86.1687     0.999813   0.00142975  0.000240001 
        67.5      86.5487     0.999814   0.00142899  0.000239917 
        67.5      86.9295     0.999816   0.00142824  0.000239842 
        67.5      87.3112     0.999817   0.00142749  0.000239776 
        67.5      87.6937     0.999819   0.00142674  0.000239719 
        67.5      88.0771      0.99982   0.00142599  0.000239671 
        67.5      88.4613     0.999822   0.00142524  0.000239632 
        67.5      88.8463     0.999823    0.0014245  0.000239603 
        67.5      89.2322     0.999824   0.00142375  0.000239584 
        67.5      89.6189     0.999826   0.00142301  0.000239575 
        67.5      90.0064     0.999827   0.00142227  0.000239575 
        67.5      90.3948     0.999828   0.00142153  0.000239586 
        67.5       90.784     0.999829   0.00142079  0.000239607 
        67.5      91.1741      0.99983   0.00142005  0.000239639 
        67.5       91.565     0.999831    0.0014193  0.000239682 
        67.5      91.9567     0.999837   0.00141929  0.000239416 
        67.5      92.3492     0.999838   0.00141857  0.000239474 
        67.5      92.7426      0.99984   0.00141786  0.000239535 
        67.5      93.1369     0.999842   0.00141716    0.0002396 
        67.5      93.5319     0.999843   0.00141645  0.000239668 
        67.5      93.9278     0.999845   0.00141575  0.000239741 
        67.5      94.3246     0.999846   0.00141506  0.000239817 
        67.5      94.7221     0.999848   0.00141437  0.000239898 
        67.5      95.1206     0.999849   0.00141368  0.000239984 
        67.5      95.5198     0.999851     0.001413  0.000240074 
        67.5      95.9199     0.999852   0.00141232  0.000240168 
        67.5      96.3208     0.999854   0.00141164  0.000240268 
        67.5      96.7226     0.999855   0.00141097  0.000240372 
        67.5      97.1251     0.999856    0.0014103  0.000240482 
        67.5      97.5286     0.999858   0.00140964  0.000240596 
        67.5      97.9328     0.999859   0.00140898  0.000240717 
        67.5      98.3379      0.99986   0.00140833  0.000240843 
        67.5      98.7439     0.999862   0.00140768  0.000240975 
        67.5      99.1506     0.999863   0.00140703  0.000241112 
        67.5      99.5583     0.999864   0.00140639  0.000241256 
        67.5      99.9667     0.999865   0.00140575  0.000241406 
        67.5      100.376     0.999867   0.00140538  0.000241907 
        67.5      100.786     0.999869   0.00140482  0.000242033 
        67.5      101.197      0.99987   0.00140426  0.000242166 
        67.5      101.609     0.999872    0.0014037  0.000242307 
        67.5      102.021     0.999874   0.00140315  0.000242454 
        67.5      102.435     0.999875   0.00140259  0.000242608 
        67.5      102.849     0.999877   0.00140203  0.000242769 
        67.5      103.264     0.999878   0.00140148  0.000242937 
        67.5       103.68      0.99988   0.00140093  0.000243112 
        67.5      104.097     0.999882   0.00140038  0.000243295 
        67.5      104.515     0.999883   0.00139982  0.000243484 
        67.5      104.933     0.999885   0.00139928   0.00024368 
        67.5      105.353     0.999886   0.00139873  0.000243884 
        67.5      105.773     0.999888   0.00139818  0.000244095 
        67.5      106.194     0.999889   0.00139764  0.000244312 
        67.5      106.616     0.999891   0.00139709  0.000244537 
        67.5      107.038     0.999892   0.00139655  0.000244769 
        67.5      107.462     0.999894   0.00139601  0.000245008 
        67.5      107.886     0.999895   0.00139547  0.000245254 
        67.5      108.311     0.999896   0.00139494  0.000245508 
        67.5      108.737     0.999898    0.0013944  0.000245768 
        67.5      109.164     0.999899   0.00139387  0.000246036 
        67.5      109.592     0.999901   0.00139334  0.000246311 
        67.5       110.02     0.999902   0.00139281  0.000246593 
        67.5       110.45     0.999903   0.00139229  0.000246882 
        67.5       110.88     0.999905   0.00139176  0.000247178 
        67.5      111.311     0.999906   0.00139124  0.000247482 
        67.5      111.743     0.999907   0.00139072  0.000247792 
        67.5      112.175     0.999909   0.00139021   0.00024811 
        67.5      112.609      0.99991   0.00138969  0.000248435 
        67.5      113.043     0.999911   0.00138918  0.000248767 
        67.5      113.478     0.999912   0.00138868  0.000249107 
        67.5      113.914     0.999914   0.00138817  0.000249453 
        67.5      114.351     0.999915   0.00138767  0.000249807 
        67.5      114.789     0.999916   0.00138717  0.000250168 
        67.5      115.228     0.999917   0.00138667  0.000250536 
        67.5      115.667     0.999919   0.00138618  0.000250912 
        67.5      116.107      0.99992   0.00138569  0.000251294 
        67.5      116.548     0.999921    0.0013852  0.000251684 
        67.5       116.99     0.999922   0.00138472  0.000252081 
        67.5      117.433     0.999924   0.00138424  0.000252485 
        67.5      117.876     0.999925   0.00138376  0.000252897 
        67.5      118.321     0.999926   0.00138329  0.000253315 
        67.5      118.766     0.999927   0.00138282  0.000253741 
        67.5      119.212     0.999928   0.00138235  0.000254174 
        67.5      119.659      0.99993   0.00138189  0.000254614 
        67.5      120.107     0.999931   0.00138143  0.000255062 
        67.5      120.555     0.999932   0.00138098  0.000255516 
        67.5      121.005     0.999933   0.00138053  0.000255978 
        67.5      121.455     0.999934   0.00138008  0.000256447 
        67.5      121.906     0.999935   0.00137964  0.000256923 
        67.5      122.358     0.999937   0.00137921  0.000257407 
        67.5      122.811     0.999938   0.00137877  0.000257897 
        67.5      123.264     0.999939   0.00137835  0.000258395 
        67.5      123.719      0.99994   0.00137792    0.0002589 
        67.5      124.174     0.999941    0.0013775  0.000259412 
        67.5       124.63     0.999942   0.00137709  0.000259931 
        67.5      125.087     0.999944   0.00137668  0.000260457 
        67.5      125.545     0.999945   0.00137628   0.00026099 
        67.5      126.003     0.999946   0.00137588  0.000261531 
        67.5      126.463     0.999947   0.00137549  0.000262079 
        67.5      126.923     0.999948    0.0013751  0.000262633 
        67.5      127.384      0.99995   0.00137472  0.000263195 
        67.5      127.846     0.999951   0.00137434  0.000263764 
        67.5      128.309     0.999952   0.00137397   0.00026434 
        67.5      128.773     0.999953   0.00137302  0.000264921 
        67.5      129.237     0.999954   0.00137255  0.000265518 
        67.5      129.702     0.999954   0.00137209   0.00026612 
        67.5      130.169     0.999955   0.00137163  0.000266727 
        67.5      130.636     0.999956   0.00137117   0.00026734 
        67.5      131.103     0.999956   0.00137071  0.000267957 
        67.5      131.572     0.999957   0.00137026   0.00026858 
        67.5      132.041     0.999958    0.0013698  0.000269207 
        67.5      132.512     0.999959   0.00136935   0.00026984 
        67.5      132.983     0.999959    0.0013689  0.000270478 
        67.5      133.455      0.99996   0.00136845  0.000271121 
        67.5      133.928     0.999961   0.00136799  0.000271769 
        67.5      134.401     0.999962   0.00136754  0.000272422 
        67.5      134.876     0.999963   0.00136709  0.000273081 
        67.5      135.351     0.999964   0.00136664  0.000273744 
        67.5      135.827     0.999965   0.00136619  0.000274412 
        67.5      136.304     0.999966   0.00136573  0.000275084 
        67.5      136.782     0.999967   0.00136528  0.000275762 
        67.5      137.261     0.999968   0.00136482  0.000276445 
        67.5       137.74     0.999969   0.00136436  0.000277133 
        67.5      138.221      0.99997    0.0013639  0.000277825 
        67.5      138.702     0.999971   0.00136344  0.000278522 
        67.5      139.184     0.999972   0.00136297  0.000279224 
        67.5      139.667     0.999973    0.0013625  0.000279931 
        67.5      140.151     0.999974   0.00136203  0.000280642 
        67.5      140.635     0.999975   0.00136155  0.000281358 
        67.5       141.12     0.999976   0.00136107  0.000282079 
        67.5      141.607     0.999977   0.00136059  0.000282804 
        67.5      142.094     0.999978    0.0013601  0.000283534 
        67.5      142.582      0.99998    0.0013596  0.000284269 
        67.5       143.07     0.999981    0.0013591  0.000285008 
        67.5       143.56     0.999982    0.0013586  0.000285751 
        67.5       144.05     0.999983   0.00135809  0.000286499 
        67.5      144.541     0.999984   0.00135757  0.000287252 
        67.5      145.033     0.999986   0.00135705  0.000288009 
        67.5      145.526     0.999987   0.00135652   0.00028877 
        67.5       146.02     0.999988   0.00135598  0.000289536 
        67.5      146.515     0.999989   0.00135543  0.000290306 
        67.5       147.01      0.99999   0.00135488   0.00029108 
        67.5      147.506     0.999992   0.00135432  0.000291858 
        67.5      148.003     0.999993   0.00135375  0.000292641 
        67.5      148.501     0.999994   0.00135317  0.000293428 
        67.5          149     0.999995   0.00135258  0.000294219 
        67.5        149.5     0.999997   0.00135199  0.000295014 
        67.5          150     0.999998   0.00135138  0.000295813 
