Variables = x, y, u, v, p

Zone, I=600, F=POINT
        37.5        -1.75 -0.000254677  0.000249282   0.00187821 
        37.5     -1.74958 -0.000267676  0.000244345   0.00189356 
        37.5     -1.74831 -0.000308138  0.000230064   0.00193924 
        37.5     -1.74619 -0.000380406  0.000208033   0.00201411 
        37.5     -1.74323 -0.000491762  0.000180853   0.00211642 
        37.5     -1.73943 -0.000652064  0.000152177   0.00224358 
        37.5     -1.73477  -0.00087388  0.000126603   0.00239254 
        37.5     -1.72928  -0.00117193  0.000109681   0.00255949 
        37.5     -1.72293  -0.00156316  0.000107818   0.00274026 
        37.5     -1.71574   -0.0020662  0.000128233   0.00293019 
        37.5     -1.70771  -0.00270111  0.000178871   0.00312433 
        37.5     -1.69883  -0.00348884  0.000268304   0.00331748 
        37.5      -1.6891  -0.00445116  0.000405677   0.00350444 
        37.5     -1.67852  -0.00560946  0.000600518   0.00367997 
        37.5      -1.6671  -0.00698509  0.000862731   0.00383911 
        37.5     -1.65484  -0.00859778   0.00120232   0.00397724 
        37.5     -1.64173   -0.0104659    0.0016294    0.0040903 
        37.5     -1.62777   -0.0126051   0.00215395   0.00417498 
        37.5     -1.61297   -0.0150279   0.00278564    0.0042289 
        37.5     -1.59732   -0.0177432   0.00353384   0.00425088 
        37.5     -1.58082   -0.0207546   0.00440714    0.0042411 
        37.5     -1.56349   -0.0240599   0.00541333   0.00420141 
        37.5      -1.5453   -0.0276506   0.00655927   0.00413555 
        37.5     -1.52627   -0.0315106   0.00785057   0.00404942 
        37.5     -1.50639   -0.0356149   0.00929134    0.0039514 
        37.5     -1.48567   -0.0399288    0.0108841   0.00385258 
        37.5     -1.46409    -0.044407    0.0126292   0.00376716 
        37.5     -1.44168   -0.0489917    0.0145252    0.0037127 
        37.5     -1.41842   -0.0536121    0.0165677   0.00371048 
        37.5     -1.39431   -0.0581831    0.0187502   0.00378587 
        37.5     -1.36936   -0.0626033    0.0210626   0.00396865 
        37.5     -1.34356   -0.0667543    0.0234917   0.00429343 
        37.5     -1.31691   -0.0701184    0.0255146    0.0039216 
        37.5     -1.28942   -0.0731676    0.0277365   0.00390648 
        37.5     -1.26109   -0.0754644    0.0297496   0.00389012 
        37.5      -1.2319   -0.0769831    0.0315396   0.00387283 
        37.5     -1.20187   -0.0777043    0.0330936     0.003855 
        37.5       -1.171   -0.0776164    0.0343998    0.0038371 
        37.5     -1.13928   -0.0767159    0.0354483   0.00381967 
        37.5     -1.10671   -0.0750082    0.0362305   0.00380334 
        37.5      -1.0733   -0.0725083    0.0367398   0.00378882 
        37.5     -1.03904   -0.0692416    0.0369717   0.00377693 
        37.5     -1.00394   -0.0652446    0.0369234   0.00376857 
        37.5    -0.967991   -0.0605659     0.036595   0.00376478 
        37.5    -0.931195   -0.0552664    0.0359887   0.00376668 
        37.5    -0.893554   -0.0494211    0.0351095   0.00377554 
        37.5    -0.855067   -0.0432934     0.034228     0.003787 
        37.5    -0.815734   -0.0366398    0.0331003   0.00380423 
        37.5    -0.775555   -0.0296621    0.0318616   0.00382693 
        37.5     -0.73453   -0.0223883    0.0305152   0.00385452 
        37.5    -0.692659   -0.0148511    0.0290655   0.00388629 
        37.5    -0.649942  -0.00708818    0.0275181   0.00392144 
        37.5     -0.60638  0.000857164    0.0258795   0.00395904 
        37.5    -0.561972   0.00893657    0.0241577   0.00399805 
        37.5    -0.516717    0.0170958    0.0223617   0.00403727 
        37.5    -0.470617    0.0252741    0.0205019   0.00407539 
        37.5    -0.423671    0.0334046    0.0185902   0.00411091 
        37.5     -0.37588    0.0416737     0.016571   0.00414131 
        37.5    -0.327242    0.0502338    0.0145616   0.00416577 
        37.5    -0.277758     0.059848    0.0126935   0.00418332 
        37.5    -0.227429    0.0706528     0.010989   0.00419461 
        37.5    -0.176254    0.0827951   0.00947173   0.00420041 
        37.5    -0.124233    0.0964321     0.008167   0.00420156 
        37.5    -0.071365     0.111732   0.00710169   0.00419904 
        37.5    -0.017653     0.128873   0.00630442   0.00419393 
        37.5     0.036906     0.146759   0.00552101   0.00418875 
        37.5     0.092311     0.166021   0.00486195   0.00418291 
        37.5     0.148561     0.186504   0.00427819   0.00417722 
        37.5     0.205658     0.208224   0.00375918   0.00417209 
        37.5       0.2636     0.231212    0.0032952   0.00416797 
        37.5     0.322388     0.255394   0.00288606   0.00416484 
        37.5     0.382022     0.280832   0.00252128   0.00416328 
        37.5     0.442502     0.307444    0.0021985   0.00416334 
        37.5     0.503828     0.335137   0.00191502   0.00416506 
        37.5        0.566     0.363806   0.00166776    0.0041685 
        37.5     0.629017     0.393339   0.00145326    0.0041737 
        37.5     0.692881      0.42361   0.00126766   0.00418071 
        37.5      0.75759     0.454028    0.0011043   0.00418882 
        37.5     0.823145     0.485651  0.000976906   0.00419947 
        37.5     0.889546     0.517175  0.000868808   0.00421117 
        37.5     0.956793     0.548496  0.000779169   0.00422372 
        37.5      1.02489     0.579504  0.000707036   0.00423692 
        37.5      1.09382     0.610083  0.000651334   0.00425054 
        37.5      1.16361     0.640111  0.000610866   0.00426435 
        37.5      1.23424     0.669455  0.000584309   0.00427807 
        37.5      1.30571     0.697978  0.000570205   0.00429143 
        37.5      1.37804     0.725534  0.000566962   0.00430412 
        37.5      1.45121      0.75197   0.00057285   0.00431583 
        37.5      1.52522     0.777123   0.00058599   0.00432622 
        37.5      1.60008     0.800824  0.000604359   0.00433492 
        37.5      1.67579     0.822894  0.000625779   0.00434154 
        37.5      1.75234     0.844852  0.000645853   0.00434721 
        37.5      1.82973     0.863527  0.000684238   0.00434979 
        37.5      1.90798     0.880701   0.00072207   0.00435006 
        37.5      1.98707     0.896403  0.000759287   0.00434806 
        37.5        2.067     0.910669  0.000795826   0.00434381 
        37.5      2.14778     0.923538  0.000831619   0.00433737 
        37.5      2.22941     0.935055    0.0008666   0.00432878 
        37.5      2.31188     0.945272  0.000900695    0.0043181 
        37.5       2.3952     0.954243  0.000933831   0.00430538 
        37.5      2.47936     0.962031  0.000965933    0.0042907 
        37.5      2.56437     0.968704   0.00099692   0.00427414 
        37.5      2.65023     0.974335   0.00102671   0.00425577 
        37.5      2.73693     0.979003   0.00105522   0.00423569 
        37.5      2.82448     0.982795   0.00108237   0.00421401 
        37.5      2.91287     0.985804   0.00110806   0.00419081 
        37.5      3.00211     0.988129   0.00113219   0.00416623 
        37.5       3.0922     0.989875   0.00115469   0.00414038 
        37.5      3.18313     0.991157   0.00117543    0.0041134 
        37.5      3.27491     0.992094   0.00119434   0.00408543 
        37.5      3.36753     0.992814   0.00121129   0.00405662 
        37.5        3.461     0.993453   0.00122618   0.00402712 
        37.5      3.55531     0.994152   0.00123889   0.00399711 
        37.5      3.65048     0.995064   0.00124933   0.00396677 
        37.5      3.74648     0.996346   0.00125735   0.00393628 
        37.5      3.84333     0.995385    0.0012781   0.00390377 
        37.5      3.94103     0.995543   0.00129002   0.00387167 
        37.5      4.03958     0.995662   0.00130133   0.00383924 
        37.5      4.13897     0.995753   0.00131209   0.00380651 
        37.5       4.2392     0.995825   0.00132233   0.00377354 
        37.5      4.34028     0.995883   0.00133207   0.00374038 
        37.5      4.44221     0.995933   0.00134134   0.00370707 
        37.5      4.54498     0.995977   0.00135016   0.00367365 
        37.5       4.6486     0.996018   0.00135854   0.00364016 
        37.5      4.75307     0.996055    0.0013665   0.00360663 
        37.5      4.85838     0.996092   0.00137403   0.00357309 
        37.5      4.96454     0.996127   0.00138116   0.00353956 
        37.5      5.07154     0.996162   0.00138791   0.00350607 
        37.5      5.17939     0.996197   0.00139427   0.00347265 
        37.5      5.28808     0.996231   0.00140026   0.00343931 
        37.5      5.39762     0.996265   0.00140591   0.00340608 
        37.5      5.50801     0.996298   0.00141119   0.00337298 
        37.5      5.61924     0.996332   0.00141613   0.00334002 
        37.5      5.73132     0.996365   0.00142078    0.0033072 
        37.5      5.84425     0.996399    0.0014251   0.00327457 
        37.5      5.95802     0.996432   0.00142913   0.00324211 
        37.5      6.07263     0.996464   0.00143286   0.00320985 
        37.5      6.18809     0.996497   0.00143631   0.00317778 
        37.5       6.3044      0.99653   0.00143949   0.00314593 
        37.5      6.42155     0.996562   0.00144243   0.00311429 
        37.5      6.53955     0.996594    0.0014451   0.00308288 
        37.5       6.6584     0.996626   0.00144754    0.0030517 
        37.5      6.77809     0.996657   0.00144977   0.00302076 
        37.5      6.89863     0.996688   0.00145178   0.00299006 
        37.5      7.02001     0.996719    0.0014536   0.00295961 
        37.5      7.14224      0.99675   0.00145522   0.00292941 
        37.5      7.26531     0.996781   0.00145665   0.00289946 
        37.5      7.38923     0.996811    0.0014579   0.00286978 
        37.5        7.514     0.996841   0.00145898   0.00284035 
        37.5      7.63961     0.996871    0.0014599    0.0028112 
        37.5      7.76607       0.9969   0.00146072   0.00278232 
        37.5      7.89337      0.99693   0.00146131   0.00275368 
        37.5      8.02152     0.996959   0.00146178   0.00272526 
        37.5      8.15052     0.996987   0.00146216   0.00269717 
        37.5      8.28036     0.997016   0.00146242   0.00266932 
        37.5      8.41105     0.997044    0.0014625   0.00264175 
        37.5      8.54258     0.997072   0.00146253   0.00261445 
        37.5      8.67496       0.9971   0.00146245   0.00258742 
        37.5      8.80818     0.997127   0.00146227   0.00256064 
        37.5      8.94225     0.997154     0.001462   0.00253413 
        37.5      9.07717     0.997181   0.00146164   0.00250789 
        37.5      9.21293     0.997208    0.0014612    0.0024819 
        37.5      9.34954     0.997234   0.00146067   0.00245618 
        37.5        9.487      0.99726   0.00146007   0.00243072 
        37.5       9.6253     0.997286   0.00145941   0.00240552 
        37.5      9.76444     0.997312   0.00145869   0.00238057 
        37.5      9.90443     0.997337   0.00145791   0.00235589 
        37.5      10.0453     0.997362   0.00145709   0.00233146 
        37.5       10.187     0.997387   0.00145623   0.00230728 
        37.5      10.3295     0.997412   0.00145525   0.00228327 
        37.5      10.4729     0.997436   0.00145429   0.00225963 
        37.5      10.6171      0.99746   0.00145329   0.00223622 
        37.5      10.7622     0.997484   0.00145226   0.00221305 
        37.5      10.9081     0.997508   0.00145119   0.00219011 
        37.5      11.0548     0.997531   0.00145008   0.00216741 
        37.5      11.2024     0.997554   0.00144895   0.00214495 
        37.5      11.3509     0.997577   0.00144779   0.00212272 
        37.5      11.5002       0.9976    0.0014466   0.00210073 
        37.5      11.6503     0.997622   0.00144538   0.00207898 
        37.5      11.8013     0.997645   0.00144415   0.00205747 
        37.5      11.9531     0.997667    0.0014429   0.00203619 
        37.5      12.1058     0.997688   0.00144153   0.00201512 
        37.5      12.2593      0.99771   0.00144029   0.00199427 
        37.5      12.4137     0.997731   0.00143904   0.00197365 
        37.5      12.5689     0.997752   0.00143777   0.00195326 
        37.5       12.725     0.997773   0.00143649   0.00193309 
        37.5      12.8819     0.997794    0.0014352   0.00191315 
        37.5      13.0397     0.997814    0.0014339   0.00189341 
        37.5      13.1983     0.997834   0.00143259   0.00187389 
        37.5      13.3577     0.997854   0.00143127   0.00185458 
        37.5       13.518     0.997874   0.00142995   0.00183546 
        37.5      13.6791     0.997894   0.00142861   0.00181654 
        37.5      13.8411     0.997914   0.00142744   0.00179789 
        37.5       14.004     0.997933    0.0014261   0.00177941 
        37.5      14.1676     0.997952   0.00142477   0.00176112 
        37.5      14.3322      0.99797   0.00142346   0.00174302 
        37.5      14.4975     0.997989   0.00142217   0.00172512 
        37.5      14.6637     0.998007    0.0014209   0.00170741 
        37.5      14.8308     0.998026   0.00141964    0.0016899 
        37.5      14.9987     0.998044    0.0014184   0.00167258 
        37.5      15.1675     0.998062   0.00141718   0.00165544 
        37.5      15.3371     0.998079   0.00141597    0.0016385 
        37.5      15.5075     0.998097   0.00141477   0.00162175 
        37.5      15.6788     0.998114   0.00141358   0.00160518 
        37.5      15.8509     0.998132   0.00141241    0.0015888 
        37.5      16.0239     0.998149   0.00141126    0.0015726 
        37.5      16.1977     0.998166   0.00141011   0.00155659 
        37.5      16.3724     0.998182   0.00140897   0.00154076 
        37.5      16.5479     0.998199   0.00140785    0.0015251 
        37.5      16.7243     0.998215   0.00140674   0.00150962 
        37.5      16.9015     0.998231   0.00140563   0.00149432 
        37.5      17.0796     0.998247   0.00140453   0.00147919 
        37.5      17.2585     0.998263   0.00140348   0.00146395 
        37.5      17.4382     0.998278   0.00140239   0.00144911 
        37.5      17.6188     0.998294   0.00140131   0.00143444 
        37.5      17.8002     0.998309   0.00140025   0.00141994 
        37.5      17.9825     0.998325   0.00139922    0.0014056 
        37.5      18.1657      0.99834   0.00139821   0.00139142 
        37.5      18.3496     0.998355   0.00139723    0.0013774 
        37.5      18.5345      0.99837   0.00139628   0.00136354 
        37.5      18.7201     0.998385   0.00139535   0.00134983 
        37.5      18.9066       0.9984   0.00139447   0.00133626 
        37.5       19.094     0.998413   0.00139344   0.00132289 
        37.5      19.2822     0.998428   0.00139261   0.00130957 
        37.5      19.4713     0.998442   0.00139179   0.00129639 
        37.5      19.6612     0.998456   0.00139096   0.00128336 
        37.5      19.8519      0.99847   0.00139013   0.00127047 
        37.5      20.0435     0.998483   0.00138931   0.00125772 
        37.5      20.2359     0.998497   0.00138868   0.00124535 
        37.5      20.4292      0.99851   0.00138787   0.00123294 
        37.5      20.6233     0.998523   0.00138708   0.00122066 
        37.5      20.8183     0.998536   0.00138631   0.00120851 
        37.5      21.0141     0.998549   0.00138556    0.0011965 
        37.5      21.2108     0.998561   0.00138483   0.00118461 
        37.5      21.4083     0.998574   0.00138413   0.00117286 
        37.5      21.6067     0.998586   0.00138344   0.00116124 
        37.5      21.8059     0.998599   0.00138278   0.00114976 
        37.5      22.0059     0.998611   0.00138213    0.0011384 
        37.5      22.2068     0.998623   0.00138151   0.00112716 
        37.5      22.4086     0.998635    0.0013809   0.00111606 
        37.5      22.6111     0.998647   0.00138031   0.00110508 
        37.5      22.8146     0.998659   0.00137975   0.00109423 
        37.5      23.0188     0.998671    0.0013792    0.0010835 
        37.5       23.224     0.998682   0.00137866   0.00107289 
        37.5      23.4299     0.998694   0.00137815   0.00106241 
        37.5      23.6368     0.998705   0.00137765   0.00105204 
        37.5      23.8444     0.998716   0.00137717   0.00104179 
        37.5      24.0529     0.998728    0.0013767   0.00103165 
        37.5      24.2623     0.998739   0.00137626   0.00102163 
        37.5      24.4725      0.99875   0.00137582   0.00101172 
        37.5      24.6835      0.99876    0.0013754   0.00100193 
        37.5      24.8954     0.998771     0.001375  0.000992237 
        37.5      25.1082     0.998782    0.0013746  0.000982654 
        37.5      25.3217     0.998792   0.00137422  0.000973175 
        37.5      25.5362     0.998803   0.00137386  0.000963797 
        37.5      25.7514     0.998813    0.0013735  0.000954518 
        37.5      25.9676     0.998823   0.00137316  0.000945337 
        37.5      26.1845     0.998833   0.00137282  0.000936249 
        37.5      26.4023     0.998841   0.00137258  0.000927168 
        37.5       26.621     0.998851   0.00137227  0.000918359 
        37.5      26.8405     0.998862   0.00137197  0.000909644 
        37.5      27.0608     0.998872   0.00137169  0.000901022 
        37.5       27.282     0.998882   0.00137141  0.000892493 
        37.5      27.5041     0.998892   0.00137115  0.000884057 
        37.5       27.727     0.998901    0.0013709  0.000875712 
        37.5      27.9507     0.998911   0.00137066  0.000867458 
        37.5      28.1753      0.99892   0.00137043  0.000859296 
        37.5      28.4007     0.998929   0.00137021  0.000851223 
        37.5       28.627     0.998938      0.00137   0.00084324 
        37.5      28.8541     0.998947   0.00136981  0.000835346 
        37.5      29.0821     0.998956   0.00136963  0.000827541 
        37.5      29.3109     0.998965   0.00136947  0.000819822 
        37.5      29.5405     0.998973   0.00136932  0.000812191 
        37.5       29.771     0.998982   0.00136918  0.000804645 
        37.5      30.0024      0.99899   0.00136906  0.000797184 
        37.5      30.2346     0.998999   0.00136895  0.000789807 
        37.5      30.4676     0.999007   0.00136885  0.000782514 
        37.5      30.7015     0.999015   0.00136878  0.000775302 
        37.5      30.9362     0.999023   0.00136871  0.000768172 
        37.5      31.1718     0.999031   0.00136867  0.000761121 
        37.5      31.4082     0.999039   0.00136864  0.000754149 
        37.5      31.6455     0.999048   0.00136862  0.000747255 
        37.5      31.8836     0.999056   0.00136863  0.000740437 
        37.5      32.1226     0.999064   0.00136865  0.000733694 
        37.5      32.3624     0.999072   0.00136869  0.000727025 
        37.5       32.603     0.999082   0.00136854   0.00072065 
        37.5      32.8445     0.999089    0.0013685  0.000714155 
        37.5      33.0868     0.999096   0.00136847  0.000707736 
        37.5        33.33     0.999103   0.00136845  0.000701394 
        37.5      33.5741      0.99911   0.00136846  0.000695128 
        37.5       33.819     0.999117   0.00136847  0.000688938 
        37.5      34.0647     0.999124    0.0013685  0.000682823 
        37.5      34.3112     0.999131   0.00136855  0.000676782 
        37.5      34.5587     0.999138   0.00136861  0.000670816 
        37.5      34.8069     0.999145   0.00136868  0.000664923 
        37.5       35.056     0.999152   0.00136876  0.000659103 
        37.5       35.306      0.99916   0.00136885  0.000653355 
        37.5      35.5568     0.999167   0.00136895   0.00064768 
        37.5      35.8084     0.999172   0.00136899  0.000641984 
        37.5      36.0609     0.999179   0.00136908  0.000636384 
        37.5      36.3143     0.999186   0.00136918  0.000630855 
        37.5      36.5685     0.999193   0.00136929  0.000625397 
        37.5      36.8235       0.9992    0.0013694  0.000620009 
        37.5      37.0794     0.999207   0.00136951   0.00061469 
        37.5      37.3361     0.999214   0.00136964  0.000609438 
        37.5      37.5937      0.99922   0.00136976  0.000604252 
        37.5      37.8521     0.999227    0.0013699  0.000599132 
        37.5      38.1113     0.999234   0.00137004  0.000594075 
        37.5      38.3714      0.99924   0.00137018  0.000589081 
        37.5      38.6324     0.999247   0.00137034  0.000584148 
        37.5      38.8942     0.999253    0.0013705  0.000579275 
        37.5      39.1568     0.999259   0.00137067   0.00057446 
        37.5      39.4203     0.999265   0.00137084  0.000569702 
        37.5      39.6847     0.999271   0.00137102     0.000565 
        37.5      39.9498     0.999277   0.00137122  0.000560351 
        37.5      40.2159     0.999283   0.00137142  0.000555755 
        37.5      40.4827     0.999289   0.00137162  0.000551209 
        37.5      40.7505     0.999295   0.00137184  0.000546712 
        37.5       41.019       0.9993   0.00137207  0.000542263 
        37.5      41.2884     0.999305    0.0013723  0.000537859 
        37.5      41.5587     0.999311   0.00137255  0.000533499 
        37.5      41.8298     0.999316    0.0013728  0.000529181 
        37.5      42.1017     0.999321   0.00137258  0.000524949 
        37.5      42.3745     0.999326    0.0013728  0.000520811 
        37.5      42.6482     0.999332   0.00137303  0.000516719 
        37.5      42.9227     0.999338   0.00137325  0.000512671 
        37.5       43.198     0.999343   0.00137348  0.000508669 
        37.5      43.4742     0.999349   0.00137372  0.000504713 
        37.5      43.7512     0.999354   0.00137395  0.000500801 
        37.5      44.0291     0.999359   0.00137419  0.000496935 
        37.5      44.3078     0.999364   0.00137442  0.000493114 
        37.5      44.5873      0.99937   0.00137466  0.000489338 
        37.5      44.8677     0.999375   0.00137491  0.000485606 
        37.5       45.149      0.99938   0.00137515   0.00048192 
        37.5      45.4311     0.999385    0.0013754  0.000478278 
        37.5       45.714      0.99939   0.00137564  0.000474681 
        37.5      45.9978     0.999395   0.00137589  0.000471128 
        37.5      46.2825     0.999399   0.00137615  0.000467619 
        37.5      46.5679     0.999404    0.0013764  0.000464155 
        37.5      46.8543     0.999409   0.00137666  0.000460734 
        37.5      47.1414     0.999414   0.00137692  0.000457357 
        37.5      47.4295     0.999418   0.00137718  0.000454024 
        37.5      47.7183     0.999423   0.00137744  0.000450733 
        37.5       48.008     0.999427    0.0013777  0.000447486 
        37.5      48.2986     0.999432   0.00137797  0.000444282 
        37.5        48.59     0.999436   0.00137824  0.000441121 
        37.5      48.8823     0.999441   0.00137851  0.000438002 
        37.5      49.1753     0.999445   0.00137879  0.000434925 
        37.5      49.4693      0.99945   0.00137906   0.00043189 
        37.5      49.7641     0.999454   0.00137934  0.000428896 
        37.5      50.0597     0.999458   0.00137962  0.000425944 
        37.5      50.3562     0.999463    0.0013799  0.000423033 
        37.5      50.6535     0.999467   0.00138019  0.000420163 
        37.5      50.9517     0.999471   0.00138048  0.000417333 
        37.5      51.2507     0.999476   0.00138004  0.000414187 
        37.5      51.5506      0.99948   0.00138036  0.000411366 
        37.5      51.8513     0.999484   0.00138067  0.000408586 
        37.5      52.1528     0.999488   0.00138099  0.000405847 
        37.5      52.4552     0.999492   0.00138131  0.000403148 
        37.5      52.7585     0.999496   0.00138162  0.000400489 
        37.5      53.0626       0.9995   0.00138194   0.00039787 
        37.5      53.3675     0.999504   0.00138225   0.00039529 
        37.5      53.6733     0.999508   0.00138256  0.000392749 
        37.5      53.9799     0.999512   0.00138286  0.000390247 
        37.5      54.2874     0.999516   0.00138316  0.000387783 
        37.5      54.5957      0.99952   0.00138346  0.000385357 
        37.5      54.9049     0.999524   0.00138375  0.000382968 
        37.5      55.2149     0.999528   0.00138403  0.000380616 
        37.5      55.5257     0.999532    0.0013843    0.0003783 
        37.5      55.8374     0.999536   0.00138457  0.000376021 
        37.5        56.15      0.99954   0.00138482  0.000373777 
        37.5      56.4634     0.999543   0.00138507  0.000371568 
        37.5      56.7776     0.999547    0.0013853  0.000369394 
        37.5      57.0927     0.999551   0.00138552  0.000367254 
        37.5      57.4087     0.999555   0.00138573  0.000365148 
        37.5      57.7254     0.999559   0.00138593  0.000363074 
        37.5      58.0431     0.999562   0.00138611  0.000361033 
        37.5      58.3615     0.999565   0.00138645  0.000359034 
        37.5      58.6808     0.999569   0.00138674   0.00035699 
        37.5       59.001     0.999572   0.00138703  0.000354976 
        37.5       59.322     0.999576   0.00138732   0.00035299 
        37.5      59.6439     0.999579    0.0013876  0.000351034 
        37.5      59.9666     0.999583   0.00138788  0.000349106 
        37.5      60.2901     0.999586   0.00138815  0.000347206 
        37.5      60.6145      0.99959   0.00138842  0.000345335 
        37.5      60.9397     0.999593   0.00138869  0.000343492 
        37.5      61.2658     0.999597   0.00138895  0.000341677 
        37.5      61.5928       0.9996   0.00138921  0.000339889 
        37.5      61.9205     0.999603   0.00138946  0.000338129 
        37.5      62.2492     0.999607   0.00138972  0.000336396 
        37.5      62.5786      0.99961   0.00138997   0.00033469 
        37.5      62.9089     0.999614   0.00139022   0.00033301 
        37.5      63.2401     0.999617   0.00139046  0.000331357 
        37.5      63.5721     0.999621    0.0013907   0.00032973 
        37.5       63.905     0.999624   0.00139095   0.00032813 
        37.5      64.2387     0.999627   0.00139118  0.000326554 
        37.5      64.5732     0.999631   0.00139142  0.000325004 
        37.5      64.9086     0.999634   0.00139166  0.000323479 
        37.5      65.2448     0.999637   0.00139189  0.000321979 
        37.5      65.5819     0.999641   0.00139213  0.000320503 
        37.5      65.9198     0.999644   0.00139236  0.000319051 
        37.5      66.2586     0.999647   0.00139259  0.000317623 
        37.5      66.5982      0.99965   0.00139282  0.000316219 
        37.5      66.9387     0.999654   0.00139306  0.000314838 
        37.5        67.28     0.999657   0.00139329  0.000313479 
        37.5      67.6221      0.99966   0.00139352  0.000312143 
        37.5      67.9651     0.999663   0.00139375  0.000310829 
        37.5       68.309     0.999666   0.00139399  0.000309536 
        37.5      68.6537     0.999669   0.00139422  0.000308265 
        37.5      68.9992     0.999672   0.00139446  0.000307015 
        37.5      69.3456     0.999675   0.00139469  0.000305785 
        37.5      69.6928     0.999678   0.00139493  0.000304576 
        37.5      70.0409     0.999681   0.00139517  0.000303386 
        37.5      70.3898     0.999683   0.00139541  0.000302215 
        37.5      70.7396     0.999686   0.00139566  0.000301064 
        37.5      71.0902     0.999689   0.00139591  0.000299931 
        37.5      71.4417     0.999691   0.00139616  0.000298816 
        37.5       71.794     0.999694   0.00139641  0.000297718 
        37.5      72.1471     0.999696   0.00139667  0.000296638 
        37.5      72.5011     0.999699   0.00139693  0.000295574 
        37.5       72.856     0.999701   0.00139719  0.000294526 
        37.5      73.2117     0.999704   0.00139746  0.000293494 
        37.5      73.5682     0.999706   0.00139774  0.000292478 
        37.5      73.9256     0.999708   0.00139802  0.000291476 
        37.5      74.2838      0.99971    0.0013983  0.000290488 
        37.5      74.6429     0.999711   0.00139869  0.000290366 
        37.5      75.0028     0.999714   0.00139887  0.000289384 
        37.5      75.3636     0.999716   0.00139905  0.000288422 
        37.5      75.7252     0.999719   0.00139924  0.000287479 
        37.5      76.0876     0.999722   0.00139942  0.000286557 
        37.5      76.4509     0.999724   0.00139961  0.000285655 
        37.5      76.8151     0.999727   0.00139979  0.000284773 
        37.5      77.1801      0.99973   0.00139998  0.000283911 
        37.5      77.5459     0.999732   0.00140016  0.000283069 
        37.5      77.9126     0.999735   0.00140035  0.000282247 
        37.5      78.2801     0.999737   0.00140054  0.000281444 
        37.5      78.6485     0.999739   0.00140072  0.000280661 
        37.5      79.0177     0.999742   0.00140091  0.000279898 
        37.5      79.3878     0.999744    0.0014011  0.000279155 
        37.5      79.7587     0.999747   0.00140128  0.000278431 
        37.5      80.1305     0.999749   0.00140147  0.000277727 
        37.5      80.5031     0.999751   0.00140165  0.000277042 
        37.5      80.8765     0.999753   0.00140183  0.000276377 
        37.5      81.2508     0.999756   0.00140201  0.000275731 
        37.5       81.626     0.999758   0.00140219  0.000275104 
        37.5       82.002      0.99976   0.00140236  0.000274496 
        37.5      82.3788     0.999762   0.00140254  0.000273908 
        37.5      82.7565     0.999764   0.00140271  0.000273339 
        37.5       83.135     0.999766   0.00140288  0.000272788 
        37.5      83.5144     0.999768   0.00140304  0.000272257 
        37.5      83.8946      0.99977   0.00140321  0.000271744 
        37.5      84.2757     0.999772   0.00140337  0.000271251 
        37.5      84.6576     0.999774   0.00140352  0.000270775 
        37.5      85.0404     0.999776   0.00140367  0.000270319 
        37.5       85.424     0.999779   0.00140387  0.000269609 
        37.5      85.8084     0.999781   0.00140405  0.000269179 
        37.5      86.1937     0.999783   0.00140423  0.000268763 
        37.5      86.5798     0.999785   0.00140441   0.00026836 
        37.5      86.9668     0.999787   0.00140458   0.00026797 
        37.5      87.3547     0.999789   0.00140476  0.000267594 
        37.5      87.7433     0.999791   0.00140493   0.00026723 
        37.5      88.1329     0.999793    0.0014051   0.00026688 
        37.5      88.5232     0.999795   0.00140527  0.000266542 
        37.5      88.9145     0.999797   0.00140543  0.000266218 
        37.5      89.3065     0.999799    0.0014056  0.000265906 
        37.5      89.6994       0.9998   0.00140576  0.000265607 
        37.5      90.0932     0.999802   0.00140591  0.000265321 
        37.5      90.4878     0.999804   0.00140607  0.000265047 
        37.5      90.8832     0.999806   0.00140622  0.000264786 
        37.5      91.2795     0.999808   0.00140637  0.000264537 
        37.5      91.6766      0.99981   0.00140652  0.000264301 
        37.5      92.0746     0.999812   0.00140666  0.000264077 
        37.5      92.4735     0.999813   0.00140681  0.000263865 
        37.5      92.8731     0.999815   0.00140694  0.000263665 
        37.5      93.2737     0.999817   0.00140708  0.000263477 
        37.5       93.675     0.999819   0.00140721  0.000263301 
        37.5      94.0772     0.999821   0.00140734  0.000263137 
        37.5      94.4803     0.999822   0.00140746  0.000262985 
        37.5      94.8842     0.999824   0.00140758  0.000262844 
        37.5      95.2889     0.999826    0.0014077  0.000262715 
        37.5      95.6945     0.999828   0.00140781  0.000262597 
        37.5       96.101     0.999829   0.00140792   0.00026249 
        37.5      96.5083     0.999831   0.00140803  0.000262395 
        37.5      96.9164     0.999833   0.00140813   0.00026231 
        37.5      97.3254     0.999835   0.00140822  0.000262237 
        37.5      97.7352     0.999836   0.00140832  0.000262174 
        37.5      98.1459     0.999838    0.0014084  0.000262122 
        37.5      98.5574      0.99984   0.00140849  0.000262081 
        37.5      98.9698     0.999842   0.00140856   0.00026205 
        37.5       99.383     0.999843   0.00140864   0.00026203 
        37.5       99.797     0.999845    0.0014087  0.000262019 
        37.5      100.212     0.999847   0.00140877  0.000262019 
        37.5      100.628     0.999848   0.00140882  0.000262029 
        37.5      101.044      0.99985   0.00140888  0.000262049 
        37.5      101.462     0.999852   0.00140892  0.000262078 
        37.5       101.88     0.999854   0.00140897  0.000262117 
        37.5      102.299     0.999855     0.001409  0.000262165 
        37.5      102.719     0.999857   0.00140903  0.000262223 
        37.5       103.14     0.999859   0.00140905  0.000262289 
        37.5      103.562      0.99986   0.00140907  0.000262365 
        37.5      103.984     0.999862   0.00140908   0.00026245 
        37.5      104.407     0.999864   0.00140909  0.000262543 
        37.5      104.832     0.999865   0.00140909  0.000262645 
        37.5      105.257     0.999867   0.00140908  0.000262755 
        37.5      105.683     0.999869   0.00140907  0.000262873 
        37.5      106.109      0.99987   0.00140904  0.000262999 
        37.5      106.537     0.999872   0.00140902  0.000263134 
        37.5      106.965     0.999873   0.00140898  0.000263276 
        37.5      107.395     0.999875   0.00140894  0.000263425 
        37.5      107.825     0.999875   0.00140948  0.000263809 
        37.5      108.256     0.999877   0.00140954  0.000264027 
        37.5      108.688     0.999878    0.0014096  0.000264253 
        37.5       109.12      0.99988   0.00140966  0.000264488 
        37.5      109.554     0.999881   0.00140971   0.00026473 
        37.5      109.988     0.999883   0.00140977  0.000264981 
        37.5      110.423     0.999884   0.00140982   0.00026524 
        37.5      110.859     0.999886   0.00140988  0.000265507 
        37.5      111.296     0.999887   0.00140993  0.000265782 
        37.5      111.734     0.999889   0.00140998  0.000266066 
        37.5      112.173      0.99989   0.00141003  0.000266357 
        37.5      112.612     0.999891   0.00141008  0.000266657 
        37.5      113.052     0.999893   0.00141012  0.000266966 
        37.5      113.493     0.999894   0.00141017  0.000267282 
        37.5      113.935     0.999895   0.00141021  0.000267607 
        37.5      114.378     0.999897   0.00141025   0.00026794 
        37.5      114.822     0.999898   0.00141029  0.000268281 
        37.5      115.266     0.999899   0.00141033  0.000268631 
        37.5      115.712       0.9999   0.00141037  0.000268988 
        37.5      116.158     0.999902    0.0014104  0.000269355 
        37.5      116.605     0.999903   0.00141043  0.000269729 
        37.5      117.053     0.999904   0.00141046  0.000270112 
        37.5      117.502     0.999905   0.00141049  0.000270503 
        37.5      117.951     0.999906   0.00141052  0.000270903 
        37.5      118.402     0.999908   0.00141054  0.000271311 
        37.5      118.853     0.999909   0.00141056  0.000271727 
        37.5      119.305      0.99991   0.00141058  0.000272151 
        37.5      119.758     0.999911   0.00141059  0.000272584 
        37.5      120.212     0.999912   0.00141061  0.000273026 
        37.5      120.666     0.999913   0.00141062  0.000273476 
        37.5      121.122     0.999914   0.00141063  0.000273934 
        37.5      121.578     0.999915   0.00141063    0.0002744 
        37.5      122.035     0.999916   0.00141063  0.000274875 
        37.5      122.493     0.999917   0.00141063  0.000275359 
        37.5      122.952     0.999918   0.00141063  0.000275851 
        37.5      123.412      0.99992   0.00141062  0.000276351 
        37.5      123.873     0.999921   0.00141061   0.00027686 
        37.5      124.334     0.999922   0.00141059  0.000277377 
        37.5      124.796     0.999923   0.00141058  0.000277902 
        37.5      125.259     0.999924   0.00141055  0.000278436 
        37.5      125.723     0.999925   0.00141053  0.000278979 
        37.5      126.188     0.999926    0.0014105  0.000279529 
        37.5      126.654     0.999927   0.00141047  0.000280089 
        37.5       127.12     0.999928   0.00141043  0.000280656 
        37.5      127.588     0.999929   0.00141039  0.000281233 
        37.5      128.056      0.99993   0.00141035  0.000281817 
        37.5      128.525     0.999931    0.0014103   0.00028241 
        37.5      128.995     0.999932   0.00141025  0.000283012 
        37.5      129.466     0.999933   0.00141019  0.000283622 
        37.5      129.937     0.999934   0.00141013   0.00028424 
        37.5       130.41     0.999935   0.00141006  0.000284867 
        37.5      130.883     0.999936   0.00140999  0.000285502 
        37.5      131.357     0.999937   0.00140991  0.000286146 
        37.5      131.832     0.999938   0.00140983  0.000286798 
        37.5      132.308     0.999939   0.00140975  0.000287459 
        37.5      132.784     0.999941   0.00140966  0.000288128 
        37.5      133.262     0.999942   0.00140956  0.000288805 
        37.5       133.74     0.999943   0.00140946  0.000289491 
        37.5      134.219     0.999944   0.00140935  0.000290185 
        37.5      134.699     0.999945   0.00140924  0.000290888 
        37.5       135.18     0.999946   0.00140913  0.000291599 
        37.5      135.662     0.999948     0.001409  0.000292319 
        37.5      136.145     0.999949   0.00140887  0.000293047 
        37.5      136.628      0.99995   0.00140874  0.000293783 
        37.5      137.112     0.999951    0.0014086  0.000294528 
        37.5      137.597     0.999953   0.00140845  0.000295281 
        37.5      138.083     0.999954    0.0014083  0.000296042 
        37.5       138.57     0.999955   0.00140814  0.000296812 
        37.5      139.058     0.999957   0.00140798   0.00029759 
        37.5      139.546     0.999958    0.0014078  0.000298377 
        37.5      140.036      0.99996   0.00140763  0.000299172 
        37.5      140.526     0.999961   0.00140744  0.000299975 
        37.5      141.017     0.999963   0.00140725  0.000300786 
        37.5      141.509     0.999964   0.00140705  0.000301606 
        37.5      142.001     0.999966   0.00140684  0.000302434 
        37.5      142.495     0.999967   0.00140663  0.000303271 
        37.5      142.989     0.999966   0.00140558  0.000304145 
        37.5      143.485     0.999967   0.00140544  0.000305014 
        37.5      143.981     0.999968   0.00140531  0.000305892 
        37.5      144.478     0.999969   0.00140517   0.00030678 
        37.5      144.976      0.99997   0.00140503  0.000307678 
        37.5      145.474     0.999971   0.00140489  0.000308585 
        37.5      145.974     0.999972   0.00140474  0.000309502 
        37.5      146.474     0.999973    0.0014046  0.000310429 
        37.5      146.975     0.999974   0.00140446  0.000311365 
        37.5      147.477     0.999975   0.00140431   0.00031231 
        37.5       147.98     0.999989   0.00140485  0.000312957 
        37.5      148.484     0.999992    0.0014048  0.000313865 
        37.5      148.988     0.999995   0.00140474   0.00031478 
        37.5      149.494     0.999997   0.00140467  0.000315702 
        37.5          150            1   0.00140459   0.00031663 
