Variables = x, y, u, v, p

Zone, I=600, F=POINT
       688.5            0  1.22052e-07   3.1218e-11 -3.51013e-05 
       688.5     0.000418  0.000137144  4.42854e-11 -3.51012e-05 
       688.5     0.001672   0.00054821  2.51528e-10  -3.5101e-05 
       688.5     0.003763   0.00123365  1.15767e-09 -3.51007e-05 
       688.5     0.006689   0.00219281  3.60215e-09 -3.51002e-05 
       688.5     0.010451   0.00342602  8.76149e-09 -3.50996e-05 
       688.5      0.01505    0.0049336  1.81503e-08 -3.50989e-05 
       688.5     0.020485   0.00671525  3.36163e-08  -3.5098e-05 
       688.5     0.026756   0.00877095  5.73439e-08  -3.5097e-05 
       688.5     0.033863    0.0111007  9.18538e-08 -3.50958e-05 
       688.5     0.041806    0.0137045  1.40002e-07 -3.50946e-05 
       688.5     0.050585    0.0165824  2.04981e-07 -3.50932e-05 
       688.5     0.060201    0.0197347  2.90329e-07 -3.50916e-05 
       688.5     0.070652    0.0231607   3.9989e-07 -3.50899e-05 
       688.5      0.08194     0.026861  5.37886e-07 -3.50881e-05 
       688.5     0.094063    0.0308351  7.08826e-07 -3.50862e-05 
       688.5     0.107023    0.0350835   9.1761e-07 -3.50841e-05 
       688.5     0.120819    0.0396059  1.16943e-06 -3.50819e-05 
       688.5     0.135451    0.0444022  1.46982e-06 -3.50796e-05 
       688.5     0.150919    0.0494725  1.82467e-06 -3.50771e-05 
       688.5     0.167224     0.054817  2.24021e-06 -3.50745e-05 
       688.5     0.184364     0.060435  2.72293e-06 -3.50717e-05 
       688.5     0.202341     0.066327  3.27977e-06 -3.50688e-05 
       688.5     0.221153    0.0724924  3.91788e-06 -3.50658e-05 
       688.5     0.240802    0.0789317  4.64488e-06 -3.50627e-05 
       688.5     0.261287    0.0856454  5.46958e-06 -3.50594e-05 
       688.5     0.282608    0.0926301  6.39723e-06  -3.5056e-05 
       688.5     0.304765    0.0998882  7.43866e-06 -3.50524e-05 
       688.5     0.327758     0.107419  8.60267e-06 -3.50487e-05 
       688.5     0.351588     0.115223  9.89839e-06 -3.50449e-05 
       688.5     0.376253     0.123299  1.13351e-05 -3.50409e-05 
       688.5     0.401755     0.131646  1.29226e-05 -3.50368e-05 
       688.5     0.428092     0.140264  1.46707e-05 -3.50326e-05 
       688.5     0.455266     0.149152  1.65899e-05 -3.50282e-05 
       688.5     0.483276      0.15831  1.86906e-05 -3.50237e-05 
       688.5     0.512122     0.167735  2.09837e-05  -3.5019e-05 
       688.5     0.541805     0.177428  2.34803e-05 -3.50143e-05 
       688.5     0.572323     0.187386  2.61917e-05 -3.50093e-05 
       688.5     0.603677     0.197609  2.91296e-05 -3.50042e-05 
       688.5     0.635868     0.208095  3.23061e-05  -3.4999e-05 
       688.5     0.668894     0.218842  3.57331e-05 -3.49936e-05 
       688.5     0.702757     0.229849  3.94233e-05 -3.49881e-05 
       688.5     0.737456     0.241113  4.33894e-05 -3.49824e-05 
       688.5     0.772991     0.252636  4.76751e-05 -3.49777e-05 
       688.5     0.809362     0.264396  5.21978e-05 -3.49711e-05 
       688.5      0.84657     0.276406  5.70421e-05 -3.49644e-05 
       688.5     0.884613     0.288662  6.22186e-05 -3.49577e-05 
       688.5     0.923492      0.30116  6.77383e-05  -3.4951e-05 
       688.5     0.963208     0.313893  7.36118e-05 -3.49442e-05 
       688.5      1.00376     0.326857  7.98492e-05 -3.49374e-05 
       688.5      1.04515     0.340044  8.64606e-05 -3.49304e-05 
       688.5      1.08737     0.353449  9.34555e-05 -3.49234e-05 
       688.5      1.13043     0.367064  0.000100843 -3.49163e-05 
       688.5      1.17433     0.380882  0.000108633  -3.4909e-05 
       688.5      1.21906     0.394893  0.000116833 -3.49015e-05 
       688.5      1.26463     0.409089  0.000125452 -3.48938e-05 
       688.5      1.31103      0.42346  0.000134497 -3.48859e-05 
       688.5      1.35827     0.437996  0.000143976 -3.48777e-05 
       688.5      1.40635     0.452686  0.000153894 -3.48691e-05 
       688.5      1.45526     0.467518  0.000164258 -3.48602e-05 
       688.5      1.50501     0.482478  0.000175073 -3.48509e-05 
       688.5       1.5556     0.497555  0.000186345 -3.48412e-05 
       688.5      1.60702     0.512734  0.000198076 -3.48309e-05 
       688.5      1.65928        0.528   0.00021027   -3.482e-05 
       688.5      1.71237     0.543337   0.00022293 -3.48085e-05 
       688.5       1.7663     0.558163  0.000235359 -3.47944e-05 
       688.5      1.82106      0.57385  0.000249134 -3.47855e-05 
       688.5      1.87667     0.589484  0.000263288 -3.47756e-05 
       688.5      1.93311     0.605051  0.000277809 -3.47649e-05 
       688.5      1.99038     0.620534  0.000292683 -3.47534e-05 
       688.5      2.04849     0.635918  0.000307895  -3.4741e-05 
       688.5      2.10744     0.651187  0.000323428 -3.47278e-05 
       688.5      2.16722     0.666323  0.000339262 -3.47138e-05 
       688.5      2.22784     0.681311  0.000355378  -3.4699e-05 
       688.5      2.28929     0.696132  0.000371751 -3.46833e-05 
       688.5      2.35158      0.71077  0.000388358  -3.4667e-05 
       688.5      2.41471     0.725205  0.000405171 -3.46498e-05 
       688.5      2.47867      0.73942   0.00042216  -3.4632e-05 
       688.5      2.54347     0.753395  0.000439294 -3.46134e-05 
       688.5      2.60911     0.767111  0.000456539 -3.45942e-05 
       688.5      2.67558     0.780549  0.000473859 -3.45744e-05 
       688.5      2.74288     0.793687  0.000491214  -3.4554e-05 
       688.5      2.81103     0.806505  0.000508563 -3.45331e-05 
       688.5      2.88001     0.818982  0.000525863 -3.45117e-05 
       688.5      2.94983     0.831097  0.000543065 -3.44899e-05 
       688.5      3.02048     0.842826   0.00056012 -3.44677e-05 
       688.5      3.09197     0.854149  0.000576976 -3.44452e-05 
       688.5      3.16429     0.865041  0.000593577 -3.44224e-05 
       688.5      3.23745     0.875478  0.000609864 -3.43996e-05 
       688.5      3.31145     0.885438  0.000625775 -3.43766e-05 
       688.5      3.38628     0.894896  0.000641245 -3.43536e-05 
       688.5      3.46195     0.903825  0.000656205 -3.43307e-05 
       688.5      3.53845     0.912202  0.000670584  -3.4308e-05 
       688.5      3.61579     0.919999  0.000684306 -3.42856e-05 
       688.5      3.69397      0.92719  0.000697292 -3.42636e-05 
       688.5      3.77298     0.940886   0.00071985 -3.42413e-05 
       688.5      3.85283     0.945297  0.000729198 -3.42072e-05 
       688.5      3.93352     0.949536  0.000738203 -3.41728e-05 
       688.5      4.01504     0.953604  0.000746862 -3.41382e-05 
       688.5       4.0974     0.957498  0.000755173 -3.41033e-05 
       688.5      4.18059     0.961218  0.000763131 -3.40682e-05 
       688.5      4.26462     0.964763  0.000770736 -3.40328e-05 
       688.5      4.34949     0.968133  0.000777986 -3.39972e-05 
       688.5      4.43519     0.971327   0.00078488 -3.39613e-05 
       688.5      4.52173     0.974345  0.000791419 -3.39252e-05 
       688.5       4.6091     0.977188  0.000797601 -3.38888e-05 
       688.5      4.69731     0.979858  0.000803429 -3.38521e-05 
       688.5      4.78636     0.982354  0.000808904 -3.38152e-05 
       688.5      4.87624     0.984679  0.000814029  -3.3778e-05 
       688.5      4.96696     0.986833  0.000818805 -3.37406e-05 
       688.5      5.05851      0.98882  0.000823237 -3.37029e-05 
       688.5       5.1509     0.990642  0.000827329  -3.3665e-05 
       688.5      5.24413     0.992302  0.000831086 -3.36268e-05 
       688.5       5.3382     0.993802  0.000834514 -3.35883e-05 
       688.5      5.43309     0.995147  0.000837619 -3.35496e-05 
       688.5      5.52883     0.996341   0.00084041 -3.35106e-05 
       688.5       5.6254     0.997388  0.000842893 -3.34714e-05 
       688.5      5.72281     0.998293  0.000845078 -3.34318e-05 
       688.5      5.82105     0.999062  0.000846974  -3.3392e-05 
       688.5      5.92013       0.9997  0.000848593  -3.3352e-05 
       688.5      6.02005      1.00021  0.000849946 -3.33116e-05 
       688.5       6.1208      1.00061  0.000851045  -3.3271e-05 
       688.5      6.22239      1.00089  0.000851904 -3.32301e-05 
       688.5      6.32482      1.00107  0.000852536 -3.31889e-05 
       688.5      6.42808      1.00116  0.000852958 -3.31474e-05 
       688.5      6.53217      1.00116  0.000853185 -3.31056e-05 
       688.5      6.63711      1.00108  0.000853234 -3.30636e-05 
       688.5      6.74287      1.00094  0.000853125 -3.30212e-05 
       688.5      6.84948      1.00074  0.000852876 -3.29785e-05 
       688.5      6.95692      1.00049  0.000852507 -3.29355e-05 
       688.5       7.0652       1.0002   0.00085204 -3.28922e-05 
       688.5      7.17431     0.999896  0.000851497 -3.28486e-05 
       688.5      7.28426     0.999578  0.000850903 -3.28046e-05 
       688.5      7.39505      1.00053  0.000852851 -3.27289e-05 
       688.5      7.50667      1.00047  0.000852738 -3.26835e-05 
       688.5      7.61913      1.00038  0.000852561 -3.26377e-05 
       688.5      7.73242      1.00028   0.00085233 -3.25917e-05 
       688.5      7.84655      1.00015  0.000852056 -3.25452e-05 
       688.5      7.96152      1.00002  0.000851753 -3.24984e-05 
       688.5      8.07732     0.999883  0.000851432 -3.24511e-05 
       688.5      8.19396     0.999745  0.000851108 -3.24033e-05 
       688.5      8.31143     0.999613  0.000850793  -3.2355e-05 
       688.5      8.42974     0.999493  0.000850504 -3.23062e-05 
       688.5      8.54889     0.999391  0.000850254 -3.22567e-05 
       688.5      8.66887     0.999313   0.00085006 -3.22067e-05 
       688.5      8.78969     0.999267  0.000849938  -3.2156e-05 
       688.5      8.91135     0.999259  0.000849905 -3.21046e-05 
       688.5      9.03384     0.999297  0.000849978 -3.20524e-05 
       688.5      9.15717     0.999387  0.000850177 -3.19994e-05 
       688.5      9.28133     0.999538  0.000850521 -3.19456e-05 
       688.5      9.40633     0.999758  0.000851028 -3.18909e-05 
       688.5      9.53216      1.00006   0.00085172 -3.18353e-05 
       688.5      9.65884      0.99967  0.000850881 -3.17909e-05 
       688.5      9.78634     0.999671  0.000850892 -3.17366e-05 
       688.5      9.91469     0.999671  0.000850902 -3.16821e-05 
       688.5      10.0439     0.999672  0.000850911 -3.16271e-05 
       688.5      10.1739     0.999672  0.000850919 -3.15717e-05 
       688.5      10.3047     0.999673  0.000850925 -3.15159e-05 
       688.5      10.4364     0.999674   0.00085093 -3.14597e-05 
       688.5      10.5689     0.999674  0.000850934 -3.14029e-05 
       688.5      10.7023     0.999675  0.000850936 -3.13456e-05 
       688.5      10.8365     0.999676  0.000850937 -3.12878e-05 
       688.5      10.9715     0.999676  0.000850907 -3.12378e-05 
       688.5      11.1074     0.999676   0.00085092 -3.11807e-05 
       688.5      11.2441     0.999677  0.000850932 -3.11234e-05 
       688.5      11.3817     0.999678  0.000850943  -3.1066e-05 
       688.5        11.52     0.999678  0.000850954 -3.10083e-05 
       688.5      11.6592     0.999679  0.000850964 -3.09504e-05 
       688.5      11.7993      0.99968  0.000850974 -3.08922e-05 
       688.5      11.9402      0.99968  0.000850983 -3.08339e-05 
       688.5      12.0819     0.999681  0.000850991 -3.07753e-05 
       688.5      12.2245     0.999681  0.000850998 -3.07165e-05 
       688.5      12.3679     0.999682  0.000851005 -3.06574e-05 
       688.5      12.5121     0.999683  0.000851011 -3.05981e-05 
       688.5      12.6572     0.999683  0.000851017 -3.05385e-05 
       688.5      12.8031     0.999684  0.000851022 -3.04786e-05 
       688.5      12.9498     0.999685  0.000851026 -3.04185e-05 
       688.5      13.0974     0.999685   0.00085103 -3.03581e-05 
       688.5      13.2458     0.999686  0.000851034 -3.02974e-05 
       688.5       13.395     0.999687  0.000851036 -3.02364e-05 
       688.5      13.5451     0.999688  0.000851039 -3.01751e-05 
       688.5       13.696     0.999688  0.000851041 -3.01135e-05 
       688.5      13.8478     0.999689  0.000851042 -3.00516e-05 
       688.5      14.0004      0.99969  0.000851043 -2.99894e-05 
       688.5      14.1538      0.99969  0.000851044 -2.99268e-05 
       688.5      14.3081     0.999691  0.000851044 -2.98638e-05 
       688.5      14.4632     0.999692  0.000851044 -2.98005e-05 
       688.5      14.6191     0.999693  0.000851043 -2.97369e-05 
       688.5      14.7759     0.999693  0.000851043 -2.96728e-05 
       688.5      14.9335     0.999694  0.000851042 -2.96084e-05 
       688.5      15.0919     0.999695   0.00085104 -2.95435e-05 
       688.5      15.2512     0.999696  0.000851039 -2.94782e-05 
       688.5      15.4113     0.999696  0.000851037 -2.94126e-05 
       688.5      15.5723     0.999697  0.000851035 -2.93464e-05 
       688.5      15.7341     0.999698  0.000851034 -2.92798e-05 
       688.5      15.8967     0.999699  0.000851032 -2.92128e-05 
       688.5      16.0602     0.999699   0.00085103 -2.91453e-05 
       688.5      16.2245       0.9997  0.000851028 -2.90772e-05 
       688.5      16.3896     0.999701  0.000851026 -2.90087e-05 
       688.5      16.5556     0.999702  0.000851024 -2.89396e-05 
       688.5      16.7224     0.999702  0.000851022 -2.88701e-05 
       688.5        16.89     0.999703  0.000851021 -2.87999e-05 
       688.5      17.0585     0.999704   0.00085102 -2.87292e-05 
       688.5      17.2278     0.999705  0.000851019 -2.86579e-05 
       688.5      17.3979     0.999706  0.000851018  -2.8586e-05 
       688.5      17.5689     0.999706  0.000851018 -2.85135e-05 
       688.5      17.7408     0.999707  0.000851018 -2.84403e-05 
       688.5      17.9134     0.999708  0.000851018 -2.83665e-05 
       688.5      18.0869     0.999709  0.000851019  -2.8292e-05 
       688.5      18.2612      0.99971  0.000851174 -2.82264e-05 
       688.5      18.4364     0.999711  0.000851177 -2.81449e-05 
       688.5      18.6124     0.999712   0.00085118 -2.80634e-05 
       688.5      18.7892     0.999713  0.000851182  -2.7982e-05 
       688.5      18.9669     0.999713  0.000851184 -2.79007e-05 
       688.5      19.1454     0.999714  0.000851184 -2.78195e-05 
       688.5      19.3248     0.999715  0.000851184 -2.77386e-05 
       688.5       19.505     0.999716  0.000851183 -2.76578e-05 
       688.5       19.686     0.999717  0.000851181 -2.75774e-05 
       688.5      19.8678     0.999718  0.000851177 -2.74973e-05 
       688.5      20.0505     0.999719  0.000851172 -2.74176e-05 
       688.5      20.2341     0.999719  0.000851165 -2.73383e-05 
       688.5      20.4184      0.99972  0.000851157 -2.72595e-05 
       688.5      20.6036     0.999721  0.000851148 -2.71812e-05 
       688.5      20.7897     0.999722  0.000851129 -2.71166e-05 
       688.5      20.9765     0.999723   0.00085114 -2.70369e-05 
       688.5      21.1642     0.999724  0.000851151 -2.69569e-05 
       688.5      21.3528     0.999725  0.000851162 -2.68765e-05 
       688.5      21.5422     0.999726  0.000851172 -2.67957e-05 
       688.5      21.7324     0.999727  0.000851182 -2.67146e-05 
       688.5      21.9234     0.999728  0.000851192  -2.6633e-05 
       688.5      22.1153     0.999729  0.000851201 -2.65512e-05 
       688.5       22.308      0.99973   0.00085121 -2.64689e-05 
       688.5      22.5016     0.999731  0.000851219 -2.63863e-05 
       688.5       22.696     0.999732  0.000851227 -2.63034e-05 
       688.5      22.8912     0.999733  0.000851235   -2.622e-05 
       688.5      23.0873     0.999734  0.000851243 -2.61364e-05 
       688.5      23.2842     0.999735   0.00085125 -2.60524e-05 
       688.5       23.482     0.999736  0.000851258  -2.5968e-05 
       688.5      23.6805     0.999737  0.000851265 -2.58833e-05 
       688.5        23.88     0.999738  0.000851271 -2.57982e-05 
       688.5      24.0802     0.999739  0.000851278 -2.57128e-05 
       688.5      24.2813      0.99974  0.000851284  -2.5627e-05 
       688.5      24.4832     0.999742   0.00085129 -2.55409e-05 
       688.5       24.686     0.999743  0.000851296 -2.54545e-05 
       688.5      24.8896     0.999744  0.000851301 -2.53677e-05 
       688.5       25.094     0.999745  0.000851307 -2.52807e-05 
       688.5      25.2993     0.999746  0.000851312 -2.51932e-05 
       688.5      25.5054     0.999747  0.000851317 -2.51055e-05 
       688.5      25.7123     0.999748  0.000851322 -2.50174e-05 
       688.5      25.9201     0.999749  0.000851326 -2.49291e-05 
       688.5      26.1287      0.99975  0.000851331 -2.48404e-05 
       688.5      26.3381     0.999751  0.000851335 -2.47513e-05 
       688.5      26.5484     0.999752  0.000851339  -2.4662e-05 
       688.5      26.7595     0.999753  0.000851344 -2.45724e-05 
       688.5      26.9715     0.999754  0.000851348 -2.44825e-05 
       688.5      27.1843     0.999755  0.000851352 -2.43922e-05 
       688.5      27.3979     0.999756  0.000851355 -2.43017e-05 
       688.5      27.6124     0.999758  0.000851359 -2.42109e-05 
       688.5      27.8277     0.999759  0.000851363 -2.41198e-05 
       688.5      28.0438      0.99976  0.000851367 -2.40284e-05 
       688.5      28.2608     0.999761   0.00085137 -2.39367e-05 
       688.5      28.4786     0.999762  0.000851374 -2.38448e-05 
       688.5      28.6972     0.999763  0.000851378 -2.37525e-05 
       688.5      28.9167     0.999764  0.000851382   -2.366e-05 
       688.5       29.137     0.999765  0.000851385 -2.35673e-05 
       688.5      29.3582     0.999767  0.000851389 -2.34743e-05 
       688.5      29.5802     0.999768  0.000851393  -2.3381e-05 
       688.5       29.803     0.999769  0.000851397 -2.32874e-05 
       688.5      30.0267      0.99977  0.000851401 -2.31936e-05 
       688.5      30.2512     0.999771  0.000851405 -2.30996e-05 
       688.5      30.4765     0.999772   0.00085141 -2.30053e-05 
       688.5      30.7027     0.999774  0.000851414 -2.29108e-05 
       688.5      30.9297     0.999775  0.000851419 -2.28161e-05 
       688.5      31.1575     0.999776  0.000851424 -2.27211e-05 
       688.5      31.3862     0.999777  0.000851429 -2.26259e-05 
       688.5      31.6157     0.999779  0.000851435 -2.25305e-05 
       688.5      31.8461      0.99978   0.00085144 -2.24349e-05 
       688.5      32.0773     0.999781  0.000851446  -2.2339e-05 
       688.5      32.3093     0.999782  0.000851452  -2.2243e-05 
       688.5      32.5421     0.999784  0.000851459 -2.21468e-05 
       688.5      32.7758     0.999785  0.000851466 -2.20503e-05 
       688.5      33.0104     0.999786  0.000851473 -2.19537e-05 
       688.5      33.2457     0.999788  0.000851481 -2.18569e-05 
       688.5      33.4819     0.999789  0.000851489 -2.17599e-05 
       688.5       33.719      0.99979  0.000851498 -2.16628e-05 
       688.5      33.9568     0.999792  0.000851507 -2.15655e-05 
       688.5      34.1956     0.999793  0.000851516  -2.1468e-05 
       688.5      34.4351     0.999794  0.000851496 -2.13128e-05 
       688.5      34.6755     0.999795  0.000851505 -2.12145e-05 
       688.5      34.9167     0.999797  0.000851515 -2.11163e-05 
       688.5      35.1588     0.999798  0.000851529 -2.10182e-05 
       688.5      35.4017     0.999799  0.000851544 -2.09203e-05 
       688.5      35.6454     0.999801  0.000851563 -2.08224e-05 
       688.5      35.8899     0.999802  0.000851584 -2.07246e-05 
       688.5      36.1354     0.999803  0.000851609 -2.06269e-05 
       688.5      36.3816     0.999805  0.000851637 -2.05292e-05 
       688.5      36.6287     0.999806  0.000851668 -2.04315e-05 
       688.5      36.8766     0.999807  0.000851703 -2.03338e-05 
       688.5      37.1253     0.999808  0.000851794  -2.0412e-05 
       688.5      37.3749     0.999809  0.000851754 -2.02829e-05 
       688.5      37.6253     0.999811  0.000851715 -2.01546e-05 
       688.5      37.8766     0.999812  0.000851679  -2.0027e-05 
       688.5      38.1287     0.999814  0.000851644 -1.99002e-05 
       688.5      38.3816     0.999815  0.000851611 -1.97742e-05 
       688.5      38.6353     0.999817   0.00085158 -1.96489e-05 
       688.5      38.8899     0.999818   0.00085155 -1.95244e-05 
       688.5      39.1454      0.99982  0.000851523 -1.94006e-05 
       688.5      39.4016     0.999821  0.000851496 -1.92774e-05 
       688.5      39.6588     0.999822  0.000851472  -1.9155e-05 
       688.5      39.9167     0.999824  0.000851449 -1.90333e-05 
       688.5      40.1755     0.999825  0.000851428 -1.89122e-05 
       688.5      40.4351     0.999827  0.000851408 -1.87918e-05 
       688.5      40.6955     0.999828   0.00085139  -1.8672e-05 
       688.5      40.9568      0.99983  0.000851373 -1.85528e-05 
       688.5      41.2189     0.999831  0.000851358 -1.84343e-05 
       688.5      41.4819     0.999833  0.000851344 -1.83163e-05 
       688.5      41.7457     0.999834  0.000851331 -1.81989e-05 
       688.5      42.0103     0.999836   0.00085132 -1.80821e-05 
       688.5      42.2758     0.999837   0.00085131 -1.79658e-05 
       688.5      42.5421     0.999839  0.000851302   -1.785e-05 
       688.5      42.8092      0.99984  0.000851294 -1.77347e-05 
       688.5      43.0772     0.999842  0.000851288 -1.76199e-05 
       688.5       43.346     0.999843  0.000851283 -1.75056e-05 
       688.5      43.6157     0.999845  0.000851278 -1.73917e-05 
       688.5      43.8862     0.999846  0.000851275 -1.72782e-05 
       688.5      44.1575     0.999848  0.000851273 -1.71652e-05 
       688.5      44.4296     0.999849  0.000851272 -1.70525e-05 
       688.5      44.7026     0.999851  0.000851272 -1.69401e-05 
       688.5      44.9765     0.999852  0.000851272 -1.68281e-05 
       688.5      45.2511     0.999854  0.000851462 -1.68168e-05 
       688.5      45.5266     0.999855  0.000851466 -1.66962e-05 
       688.5       45.803     0.999857  0.000851471 -1.65761e-05 
       688.5      46.0801     0.999858  0.000851475 -1.64564e-05 
       688.5      46.3581      0.99986   0.00085148 -1.63372e-05 
       688.5       46.637     0.999861  0.000851485 -1.62185e-05 
       688.5      46.9167     0.999863   0.00085149 -1.61001e-05 
       688.5      47.1972     0.999864  0.000851495  -1.5982e-05 
       688.5      47.4785     0.999866    0.0008515 -1.58643e-05 
       688.5      47.7607     0.999867  0.000851506 -1.57468e-05 
       688.5      48.0438     0.999869  0.000851511 -1.56296e-05 
       688.5      48.3276     0.999871  0.000851517 -1.55126e-05 
       688.5      48.6123     0.999872  0.000851523 -1.53958e-05 
       688.5      48.8979     0.999874  0.000851529 -1.52791e-05 
       688.5      49.1842     0.999875  0.000851536 -1.51626e-05 
       688.5      49.4714     0.999877  0.000851542  -1.5046e-05 
       688.5      49.7595     0.999878  0.000851549 -1.49296e-05 
       688.5      50.0484      0.99988  0.000851556 -1.48131e-05 
       688.5      50.3381     0.999882  0.000851563 -1.46965e-05 
       688.5      50.6286     0.999883   0.00085157 -1.45799e-05 
       688.5        50.92     0.999885  0.000851577 -1.44631e-05 
       688.5      51.2122     0.999886  0.000851585 -1.43462e-05 
       688.5      51.5053     0.999888  0.000851592  -1.4229e-05 
       688.5      51.7992      0.99989    0.0008516 -1.41116e-05 
       688.5      52.0939     0.999891  0.000851608 -1.39938e-05 
       688.5      52.3895     0.999893  0.000851616 -1.38757e-05 
       688.5      52.6859     0.999895  0.000851624 -1.37572e-05 
       688.5      52.9831     0.999896  0.000851632 -1.36383e-05 
       688.5      53.2812     0.999898   0.00085164 -1.35189e-05 
       688.5      53.5801     0.999899  0.000851649 -1.33989e-05 
       688.5      53.8799     0.999901  0.000851657 -1.32784e-05 
       688.5      54.1805     0.999903  0.000851666 -1.31572e-05 
       688.5      54.4819     0.999904  0.000851675 -1.30353e-05 
       688.5      54.7841     0.999906  0.000851684 -1.29126e-05 
       688.5      55.0872     0.999908  0.000851693 -1.27892e-05 
       688.5      55.3912     0.999909  0.000851702 -1.26649e-05 
       688.5      55.6959     0.999911  0.000851711 -1.25397e-05 
       688.5      56.0015     0.999912   0.00085172 -1.24136e-05 
       688.5       56.308     0.999914   0.00085173 -1.22864e-05 
       688.5      56.6152     0.999916  0.000851739 -1.21582e-05 
       688.5      56.9233     0.999917  0.000851749 -1.20289e-05 
       688.5      57.2323     0.999919  0.000851759 -1.18983e-05 
       688.5      57.5421     0.999921  0.000851768 -1.17666e-05 
       688.5      57.8527     0.999922  0.000851778 -1.16335e-05 
       688.5      58.1641     0.999924  0.000851788  -1.1499e-05 
       688.5      58.4764     0.999925  0.000851798 -1.13632e-05 
       688.5      58.7896     0.999927  0.000851808 -1.12258e-05 
       688.5      59.1035     0.999929  0.000851818 -1.10869e-05 
       688.5      59.4183      0.99993  0.000851828 -1.09464e-05 
       688.5      59.7339     0.999932  0.000851838 -1.08041e-05 
       688.5      60.0504     0.999933  0.000851849 -1.06602e-05 
       688.5      60.3677     0.999935  0.000851859 -1.05144e-05 
       688.5      60.6859     0.999938  0.000851769 -1.02273e-05 
       688.5      61.0048      0.99994  0.000851757 -1.01308e-05 
       688.5      61.3247     0.999942  0.000851743 -1.00338e-05 
       688.5      61.6453     0.999944  0.000851728 -9.93645e-06 
       688.5      61.9668     0.999946  0.000851711 -9.83866e-06 
       688.5      62.2891     0.999948  0.000851692 -9.74047e-06 
       688.5      62.6123      0.99995  0.000851672  -9.6419e-06 
       688.5      62.9363     0.999952   0.00085165 -9.54297e-06 
       688.5      63.2611     0.999954  0.000851627  -9.4437e-06 
       688.5      63.5868     0.999956  0.000851603 -9.34411e-06 
       688.5      63.9133     0.999958  0.000851577 -9.24421e-06 
       688.5      64.2406      0.99996  0.000851549 -9.14403e-06 
       688.5      64.5688     0.999962   0.00085152 -9.04359e-06 
       688.5      64.8978     0.999964   0.00085149  -8.9429e-06 
       688.5      65.2277     0.999966  0.000851459   -8.842e-06 
       688.5      65.5583     0.999967  0.000851426 -8.74089e-06 
       688.5      65.8899     0.999969  0.000851392 -8.63961e-06 
       688.5      66.2222     0.999971  0.000851356 -8.53817e-06 
       688.5      66.5554     0.999973   0.00085132 -8.43659e-06 
       688.5      66.8894     0.999975  0.000851282 -8.33491e-06 
       688.5      67.2243     0.999976  0.000851802 -7.92489e-06 
       688.5        67.56     0.999978  0.000851744 -7.76401e-06 
       688.5      67.8966     0.999979  0.000851688 -7.60324e-06 
       688.5      68.2339      0.99998  0.000851632 -7.44259e-06 
       688.5      68.5721     0.999982  0.000851577 -7.28205e-06 
       688.5      68.9112     0.999983  0.000851523 -7.12163e-06 
       688.5      69.2511     0.999985   0.00085147 -6.96133e-06 
       688.5      69.5918     0.999986  0.000851419 -6.80115e-06 
       688.5      69.9333     0.999987  0.000851368  -6.6411e-06 
       688.5      70.2757     0.999989  0.000851319 -6.48119e-06 
       688.5      70.6189      0.99999  0.000851271  -6.3214e-06 
       688.5       70.963     0.999992  0.000851224 -6.16175e-06 
       688.5      71.3079     0.999993  0.000851179 -6.00224e-06 
       688.5      71.6536     0.999995  0.000851134 -5.84286e-06 
       688.5      72.0002     0.999996  0.000851092 -5.68363e-06 
       688.5      72.3476     0.999998   0.00085105 -5.52455e-06 
       688.5      72.6959            1  0.000851011 -5.36561e-06 
       688.5      73.0449            1  0.000850973 -5.20682e-06 
       688.5      73.3949            1  0.000850936 -5.04819e-06 
       688.5      73.7456            1  0.000850901 -4.88971e-06 
       688.5      74.0972      1.00001  0.000850868 -4.73139e-06 
       688.5      74.4496      1.00001  0.000850837 -4.57324e-06 
       688.5      74.8029      1.00001  0.000850807 -4.41524e-06 
       688.5       75.157      1.00001   0.00085078 -4.25741e-06 
       688.5      75.5119      1.00001  0.000850754 -4.09975e-06 
       688.5      75.8677      1.00001   0.00085073 -3.94226e-06 
       688.5      76.2243      1.00002  0.000850709 -3.78495e-06 
       688.5      76.5817      1.00002  0.000850689 -3.62781e-06 
       688.5        76.94      1.00002  0.000850672 -3.47085e-06 
       688.5      77.2991      1.00002  0.000850656 -3.31407e-06 
       688.5      77.6591      1.00002  0.000850644 -3.15747e-06 
       688.5      78.0198      1.00002  0.000850633 -3.00106e-06 
       688.5      78.3815      1.00003  0.000850625 -2.84484e-06 
       688.5      78.7439      1.00003  0.000850619 -2.68881e-06 
       688.5      79.1072      1.00003  0.000850616 -2.53297e-06 
       688.5      79.4714      1.00003  0.000850615 -2.37733e-06 
       688.5      79.8363      1.00003  0.000850617 -2.22188e-06 
       688.5      80.2021      1.00004  0.000850622 -2.06664e-06 
       688.5      80.5688      1.00004   0.00085063  -1.9116e-06 
       688.5      80.9362      1.00004   0.00085064 -1.75676e-06 
       688.5      81.3045      1.00004  0.000850653 -1.60214e-06 
       688.5      81.6737      1.00004  0.000850669 -1.44772e-06 
       688.5      82.0437      1.00005  0.000850688 -1.29352e-06 
       688.5      82.4145      1.00005  0.000850711 -1.13953e-06 
       688.5      82.7861      1.00005  0.000850736 -9.85754e-07 
       688.5      83.1586      1.00005  0.000850765 -8.32201e-07 
       688.5       83.532      1.00005  0.000850797 -6.78869e-07 
       688.5      83.9061      1.00005  0.000850832 -5.25762e-07 
       688.5      84.2811      1.00006  0.000850871 -3.72881e-07 
       688.5       84.657      1.00006  0.000850913 -2.20228e-07 
       688.5      85.0336      1.00006  0.000850959 -6.78067e-08 
       688.5      85.4111      1.00006  0.000851009  8.43818e-08 
       688.5      85.7895      1.00006  0.000851062  2.36335e-07 
       688.5      86.1687      1.00007  0.000851119  3.88051e-07 
       688.5      86.5487      1.00007   0.00085118  5.39527e-07 
       688.5      86.9295      1.00007  0.000851245  6.90761e-07 
       688.5      87.3112      1.00007  0.000851314  8.41751e-07 
       688.5      87.6937      1.00007  0.000851386  9.92495e-07 
       688.5      88.0771      1.00008  0.000851464  1.14299e-06 
       688.5      88.4613      1.00008  0.000851545  1.29323e-06 
       688.5      88.8463      1.00008  0.000851631  1.44323e-06 
       688.5      89.2322      1.00008  0.000851721  1.59296e-06 
       688.5      89.6189      1.00008  0.000851815  1.74244e-06 
       688.5      90.0064      1.00008  0.000851915  1.89167e-06 
       688.5      90.3948      1.00009  0.000852018  2.04063e-06 
       688.5       90.784      1.00009  0.000852127  2.18932e-06 
       688.5      91.1741      1.00009   0.00085224  2.33775e-06 
       688.5       91.565      1.00009  0.000852263  2.79298e-06 
       688.5      91.9567      1.00009  0.000852218  2.95857e-06 
       688.5      92.3492       1.0001  0.000852174  3.12394e-06 
       688.5      92.7426       1.0001  0.000852131  3.28909e-06 
       688.5      93.1369       1.0001   0.00085209  3.45406e-06 
       688.5      93.5319       1.0001   0.00085205  3.61886e-06 
       688.5      93.9278       1.0001  0.000852011  3.78352e-06 
       688.5      94.3246      1.00011  0.000851973  3.94807e-06 
       688.5      94.7221      1.00011  0.000851937  4.11252e-06 
       688.5      95.1206      1.00011  0.000851902   4.2769e-06 
       688.5      95.5198      1.00011  0.000851868  4.44123e-06 
       688.5      95.9199      1.00011  0.000851835  4.60555e-06 
       688.5      96.3208      1.00012  0.000851803  4.76987e-06 
       688.5      96.7226      1.00012  0.000851773  4.93421e-06 
       688.5      97.1251      1.00012  0.000851743  5.09861e-06 
       688.5      97.5286      1.00012  0.000851715   5.2631e-06 
       688.5      97.9328      1.00012  0.000851687  5.42769e-06 
       688.5      98.3379      1.00012  0.000851661  5.59241e-06 
       688.5      98.7439      1.00013  0.000851636   5.7573e-06 
       688.5      99.1506      1.00013  0.000851611  5.92238e-06 
       688.5      99.5583      1.00013  0.000851588  6.08767e-06 
       688.5      99.9667      1.00013  0.000851565  6.25321e-06 
       688.5      100.376      1.00013  0.000851544  6.41902e-06 
       688.5      100.786      1.00013  0.000851523  6.58513e-06 
       688.5      101.197      1.00014  0.000851503  6.75157e-06 
       688.5      101.609      1.00014  0.000851484  6.91838e-06 
       688.5      102.021      1.00014  0.000851466  7.08557e-06 
       688.5      102.435      1.00014  0.000851448  7.25319e-06 
       688.5      102.849      1.00014  0.000851432  7.42126e-06 
       688.5      103.264      1.00014  0.000851416  7.58981e-06 
       688.5       103.68      1.00015    0.0008514  7.75887e-06 
       688.5      104.097      1.00015  0.000851386  7.92849e-06 
       688.5      104.515      1.00015  0.000851372  8.09867e-06 
       688.5      104.933      1.00015  0.000851359  8.26947e-06 
       688.5      105.353      1.00015  0.000851346  8.44092e-06 
       688.5      105.773      1.00015  0.000851334  8.61304e-06 
       688.5      106.194      1.00016  0.000851322  8.78587e-06 
       688.5      106.616      1.00016  0.000851311  8.95944e-06 
       688.5      107.038      1.00016    0.0008513   9.1338e-06 
       688.5      107.462      1.00016  0.000851289  9.30897e-06 
       688.5      107.886      1.00016  0.000851279  9.48498e-06 
       688.5      108.311      1.00016   0.00085127  9.66188e-06 
       688.5      108.737      1.00016  0.000851261   9.8397e-06 
       688.5      109.164      1.00017  0.000851252  1.00185e-05 
       688.5      109.592      1.00017  0.000851243  1.01983e-05 
       688.5       110.02      1.00017  0.000851234  1.03791e-05 
       688.5       110.45      1.00017  0.000851226  1.05609e-05 
       688.5       110.88      1.00017  0.000851218  1.07439e-05 
       688.5      111.311      1.00017   0.00085121   1.0928e-05 
       688.5      111.743      1.00017  0.000851202  1.11133e-05 
       688.5      112.175      1.00018  0.000851194  1.12998e-05 
       688.5      112.609      1.00018  0.000851186  1.14876e-05 
       688.5      113.043      1.00018  0.000851179  1.16767e-05 
       688.5      113.478      1.00018  0.000851171  1.18672e-05 
       688.5      113.914      1.00018  0.000851163   1.2059e-05 
       688.5      114.351      1.00018  0.000851155  1.22522e-05 
       688.5      114.789      1.00018  0.000851146  1.24469e-05 
       688.5      115.228      1.00018  0.000851138  1.26431e-05 
       688.5      115.667      1.00019  0.000851129  1.28409e-05 
       688.5      116.107      1.00019   0.00085112  1.30403e-05 
       688.5      116.548      1.00019   0.00085111  1.32412e-05 
       688.5       116.99      1.00019  0.000851101  1.34439e-05 
       688.5      117.433      1.00019  0.000851091  1.36483e-05 
       688.5      117.876      1.00019   0.00085108  1.38545e-05 
       688.5      118.321      1.00019  0.000851069  1.40625e-05 
       688.5      118.766      1.00019  0.000851057  1.42723e-05 
       688.5      119.212      1.00019  0.000851045  1.44841e-05 
       688.5      119.659       1.0002  0.000851032  1.46978e-05 
       688.5      120.107       1.0002  0.000851874  1.47217e-05 
       688.5      120.555       1.0002  0.000851812    1.492e-05 
       688.5      121.005       1.0002   0.00085175  1.51169e-05 
       688.5      121.455       1.0002  0.000851689  1.53126e-05 
       688.5      121.906       1.0002   0.00085163  1.55071e-05 
       688.5      122.358      1.00021  0.000851571  1.57005e-05 
       688.5      122.811      1.00021  0.000851513  1.58928e-05 
       688.5      123.264      1.00021  0.000851456   1.6084e-05 
       688.5      123.719      1.00021    0.0008514  1.62744e-05 
       688.5      124.174      1.00022  0.000851344  1.64638e-05 
       688.5       124.63      1.00022   0.00085129  1.66525e-05 
       688.5      125.087      1.00022  0.000851237  1.68404e-05 
       688.5      125.545      1.00023  0.000851186  1.70276e-05 
       688.5      126.003      1.00023  0.000851135  1.72142e-05 
       688.5      126.463      1.00023  0.000851085  1.74002e-05 
       688.5      126.923      1.00023  0.000851037  1.75858e-05 
       688.5      127.384      1.00024   0.00085099   1.7771e-05 
       688.5      127.846      1.00024  0.000850944  1.79559e-05 
       688.5      128.309      1.00024  0.000850899  1.81405e-05 
       688.5      128.773      1.00024  0.000850856  1.83249e-05 
       688.5      129.237      1.00025  0.000850814  1.85092e-05 
       688.5      129.702      1.00025  0.000850773  1.86934e-05 
       688.5      130.169      1.00025  0.000850734  1.88777e-05 
       688.5      130.636      1.00025  0.000850696  1.90621e-05 
       688.5      131.103      1.00026   0.00085066  1.92467e-05 
       688.5      131.572      1.00026  0.000850625  1.94316e-05 
       688.5      132.041      1.00026  0.000850592  1.96168e-05 
       688.5      132.512      1.00026   0.00085056  1.98024e-05 
       688.5      132.983      1.00027   0.00085053  1.99885e-05 
       688.5      133.455      1.00027  0.000850501  2.01752e-05 
       688.5      133.928      1.00027  0.000850475  2.03626e-05 
       688.5      134.401      1.00027   0.00085045  2.05508e-05 
       688.5      134.876      1.00027  0.000850426  2.07397e-05 
       688.5      135.351      1.00027  0.000850405  2.09296e-05 
       688.5      135.827      1.00028  0.000850385  2.11205e-05 
       688.5      136.304      1.00028  0.000850367  2.13125e-05 
       688.5      136.782      1.00028  0.000850351  2.15057e-05 
       688.5      137.261      1.00028  0.000850337  2.17001e-05 
       688.5       137.74      1.00028  0.000850325  2.18959e-05 
       688.5      138.221      1.00028  0.000850314  2.20931e-05 
       688.5      138.702      1.00028  0.000850306  2.22919e-05 
       688.5      139.184      1.00028    0.0008503  2.24922e-05 
       688.5      139.667      1.00028  0.000850296  2.26944e-05 
       688.5      140.151      1.00028  0.000850294  2.28983e-05 
       688.5      140.635      1.00028  0.000850295  2.31041e-05 
       688.5       141.12      1.00028  0.000850297  2.33119e-05 
       688.5      141.607      1.00028  0.000850302  2.35219e-05 
       688.5      142.094      1.00027  0.000850309   2.3734e-05 
       688.5      142.582      1.00027  0.000850319  2.39484e-05 
       688.5       143.07      1.00027  0.000850331  2.41652e-05 
       688.5       143.56      1.00027  0.000850345  2.43846e-05 
       688.5       144.05      1.00026  0.000850362  2.46065e-05 
       688.5      144.541      1.00026  0.000850381  2.48311e-05 
       688.5      145.033      1.00026  0.000850403  2.50585e-05 
       688.5      145.526      1.00025  0.000850427  2.52888e-05 
       688.5       146.02      1.00025  0.000850454  2.55221e-05 
       688.5      146.515      1.00025  0.000850484  2.57585e-05 
       688.5       147.01      1.00024  0.000850516  2.59981e-05 
       688.5      147.506      1.00024  0.000850551  2.62411e-05 
       688.5      148.003      1.00023  0.000850589  2.64875e-05 
       688.5      148.501      1.00022   0.00085063  2.67374e-05 
       688.5          149      1.00022  0.000850673   2.6991e-05 
       688.5        149.5      1.00021   0.00085072  2.72484e-05 
       688.5          150       1.0002  0.000850769  2.75096e-05 
