Variables = x, y, u, v, p

Zone, I=600, F=POINT
        62.5            0  7.35078e-06   1.0324e-07  -0.00104028 
        62.5     0.000418  0.000260732  1.00693e-07  -0.00104028 
        62.5     0.001672    0.0010209  1.00415e-07  -0.00104027 
        62.5     0.003763   0.00228852  1.24478e-07  -0.00104025 
        62.5     0.006689    0.0040625  2.09513e-07  -0.00104023 
        62.5     0.010451   0.00634358  4.06603e-07  -0.00104021 
        62.5      0.01505    0.0091325  7.81126e-07  -0.00104018 
        62.5     0.020485    0.0124288  1.41225e-06  -0.00104014 
        62.5     0.026756    0.0162326  2.39273e-06   -0.0010401 
        62.5     0.033863    0.0205441  3.82844e-06  -0.00104005 
        62.5     0.041806     0.025363  5.83791e-06     -0.00104 
        62.5     0.050585    0.0306895  8.55172e-06  -0.00103994 
        62.5     0.060201    0.0365237  1.21123e-05  -0.00103988 
        62.5     0.070652     0.042864  1.66718e-05  -0.00103981 
        62.5      0.08194    0.0497108   2.2394e-05  -0.00103974 
        62.5     0.094063    0.0570621  2.94498e-05  -0.00103966 
        62.5     0.107023    0.0649175  3.80208e-05  -0.00103957 
        62.5     0.120819    0.0732748  4.82943e-05  -0.00103948 
        62.5     0.135451    0.0821318  6.04645e-05  -0.00103939 
        62.5     0.150919    0.0914856  7.47307e-05  -0.00103929 
        62.5     0.167224     0.101334  9.12975e-05  -0.00103918 
        62.5     0.184364     0.111671   0.00011037  -0.00103907 
        62.5     0.202341     0.122493  0.000132157  -0.00103895 
        62.5     0.221153     0.133793  0.000156867  -0.00103882 
        62.5     0.240802     0.145567  0.000184708  -0.00103868 
        62.5     0.261287     0.157702  0.000214476  -0.00103853 
        62.5     0.282608     0.170452  0.000249627  -0.00103837 
        62.5     0.304765     0.183605  0.000288002   -0.0010382 
        62.5     0.327758     0.197148  0.000329634  -0.00103801 
        62.5     0.351588     0.211068  0.000374522   -0.0010378 
        62.5     0.376253     0.225346  0.000422623  -0.00103757 
        62.5     0.401755     0.239968  0.000473862   -0.0010373 
        62.5     0.428092     0.254915  0.000528108  -0.00103701 
        62.5     0.455266     0.270169  0.000585193  -0.00103668 
        62.5     0.483276     0.285709  0.000644887  -0.00103631 
        62.5     0.512122     0.301513  0.000706903   -0.0010359 
        62.5     0.541805     0.317561  0.000770895  -0.00103543 
        62.5     0.572323     0.333825  0.000836444   -0.0010349 
        62.5     0.603677     0.350281  0.000903061  -0.00103432 
        62.5     0.635868     0.366903  0.000970183  -0.00103366 
        62.5     0.668894     0.383659   0.00103716  -0.00103292 
        62.5     0.702757      0.40052   0.00110325  -0.00103209 
        62.5     0.737456     0.417454   0.00116763  -0.00103116 
        62.5     0.772991     0.434734   0.00123715   -0.0010301 
        62.5     0.809362     0.451949   0.00129752    -0.001029 
        62.5      0.84657     0.469421   0.00135893  -0.00102778 
        62.5     0.884613     0.487129   0.00142135  -0.00102642 
        62.5     0.923492      0.50505   0.00148473  -0.00102493 
        62.5     0.963208     0.523161   0.00154906  -0.00102329 
        62.5      1.00376     0.541434   0.00161431   -0.0010215 
        62.5      1.04515     0.559843   0.00168042  -0.00101956 
        62.5      1.08737     0.578356   0.00174739  -0.00101744 
        62.5      1.13043      0.59694   0.00181516  -0.00101515 
        62.5      1.17433     0.615563    0.0018837  -0.00101268 
        62.5      1.21906     0.634185   0.00195297  -0.00101002 
        62.5      1.26463     0.652769   0.00202294  -0.00100716 
        62.5      1.31103     0.671271   0.00209355  -0.00100409 
        62.5      1.35827     0.689648   0.00216478   -0.0010008 
        62.5      1.40635     0.707851   0.00223657 -0.000997291 
        62.5      1.45526      0.72583   0.00230888 -0.000993545 
        62.5      1.50501     0.743532   0.00238166 -0.000989555 
        62.5       1.5556       0.7609   0.00245487 -0.000985312 
        62.5      1.60702     0.777875   0.00252844 -0.000980806 
        62.5      1.65928     0.794394   0.00260234 -0.000976027 
        62.5      1.71237     0.810391    0.0026765 -0.000970965 
        62.5       1.7663       0.8263   0.00274066 -0.000966039 
        62.5      1.82106     0.840927   0.00280981 -0.000960307 
        62.5      1.87667     0.854876   0.00287614 -0.000954345 
        62.5      1.93311     0.868137   0.00293959 -0.000948151 
        62.5      1.99038     0.880702   0.00300009 -0.000941727 
        62.5      2.04849     0.892562    0.0030576 -0.000935072 
        62.5      2.10744     0.903716    0.0031121 -0.000928189 
        62.5      2.16722     0.914161   0.00316353 -0.000921079 
        62.5      2.22784     0.923897   0.00321189 -0.000913744 
        62.5      2.28929      0.93293   0.00325717 -0.000906187 
        62.5      2.35158     0.941264   0.00329937 -0.000898411 
        62.5      2.41471     0.948909   0.00333848 -0.000890422 
        62.5      2.47867     0.955877   0.00337455 -0.000882223 
        62.5      2.54347     0.962184   0.00340759  -0.00087382 
        62.5      2.60911     0.967847   0.00343766  -0.00086522 
        62.5      2.67558      0.97289    0.0034648 -0.000856428 
        62.5      2.74288     0.977336    0.0034891 -0.000847453 
        62.5      2.81103     0.981214   0.00351062 -0.000838303 
        62.5      2.88001     0.984558   0.00352947 -0.000828987 
        62.5      2.94983     0.987402   0.00354575 -0.000819515 
        62.5      3.02048     0.989788   0.00355959 -0.000809898 
        62.5      3.09197      0.99176   0.00357113 -0.000800148 
        62.5      3.16429     0.993365   0.00358053 -0.000790277 
        62.5      3.23745     0.994657   0.00358794 -0.000780299 
        62.5      3.31145     0.995693   0.00359357 -0.000770228 
        62.5      3.38628     0.996535    0.0035976  -0.00076008 
        62.5      3.46195     0.997248   0.00360028 -0.000749871 
        62.5      3.53845     0.997904   0.00360182 -0.000739618 
        62.5      3.61579      0.99858    0.0036025 -0.000729341 
        62.5      3.69397     0.999357   0.00360258 -0.000719059 
        62.5      3.77298     0.999424   0.00360454 -0.000708292 
        62.5      3.85283      0.99962   0.00360378 -0.000697662 
        62.5      3.93352     0.999783   0.00360269 -0.000686964 
        62.5      4.01504     0.999914    0.0036013   -0.0006762 
        62.5       4.0974      1.00002    0.0035996 -0.000665371 
        62.5      4.18059      1.00009   0.00359763  -0.00065448 
        62.5      4.26462      1.00014    0.0035954 -0.000643529 
        62.5      4.34949      1.00013   0.00359269 -0.000632514 
        62.5      4.43519      1.00016   0.00359006 -0.000621451 
        62.5      4.52173      1.00017   0.00358729 -0.000610336 
        62.5       4.6091      1.00018   0.00358439 -0.000599171 
        62.5      4.69731      1.00018   0.00358135 -0.000587957 
        62.5      4.78636      1.00018   0.00357818 -0.000576696 
        62.5      4.87624      1.00018   0.00357488 -0.000565391 
        62.5      4.96696      1.00017   0.00357145 -0.000554045 
        62.5      5.05851      1.00016   0.00356791 -0.000542658 
        62.5       5.1509      1.00015   0.00356425 -0.000531234 
        62.5      5.24413      1.00014   0.00356047 -0.000519775 
        62.5       5.3382      1.00012   0.00355659 -0.000508283 
        62.5      5.43309      1.00011   0.00355262 -0.000496761 
        62.5      5.52883       1.0001   0.00354859 -0.000485219 
        62.5       5.6254      1.00009   0.00354442 -0.000473643 
        62.5      5.72281      1.00008   0.00354015 -0.000462044 
        62.5      5.82105      1.00007   0.00353577 -0.000450426 
        62.5      5.92013      1.00006   0.00353128 -0.000438789 
        62.5      6.02005      1.00005   0.00352669 -0.000427137 
        62.5       6.1208      1.00003   0.00352199 -0.000415472 
        62.5      6.22239      1.00002   0.00351717 -0.000403796 
        62.5      6.32482      1.00001   0.00351225 -0.000392111 
        62.5      6.42808            1   0.00350722  -0.00038042 
        62.5      6.53217      0.99999   0.00350209 -0.000368724 
        62.5      6.63711     0.999979   0.00349684 -0.000357028 
        62.5      6.74287     0.999968   0.00349149 -0.000345332 
        62.5      6.84948     0.999956   0.00348603 -0.000333639 
        62.5      6.95692     0.999945   0.00348046 -0.000321953 
        62.5       7.0652     0.999934   0.00347478  -0.00031027 
        62.5      7.17431     0.999923   0.00346899 -0.000298609 
        62.5      7.28426     0.999912   0.00346309  -0.00028696 
        62.5      7.39505     0.999901   0.00345708 -0.000275325 
        62.5      7.50667      0.99989   0.00345097 -0.000263707 
        62.5      7.61913     0.999879   0.00344474 -0.000252109 
        62.5      7.73242     0.999868    0.0034384 -0.000240533 
        62.5      7.84655     0.999857   0.00343196 -0.000228982 
        62.5      7.96152     0.999846   0.00342542 -0.000217485 
        62.5      8.07732     0.999835   0.00341877 -0.000205995 
        62.5      8.19396     0.999824     0.003412  -0.00019454 
        62.5      8.31143     0.999813   0.00340513 -0.000183122 
        62.5      8.42974     0.999802   0.00339816 -0.000171744 
        62.5      8.54889     0.999791   0.00339108 -0.000160407 
        62.5      8.66887     0.999781   0.00338389 -0.000149114 
        62.5      8.78969      0.99977    0.0033766 -0.000137867 
        62.5      8.91135      0.99976   0.00336921 -0.000126667 
        62.5      9.03384     0.999749   0.00336172 -0.000115518 
        62.5      9.15717     0.999738   0.00335413 -0.000104422 
        62.5      9.28133     0.999728   0.00334643 -9.33797e-05 
        62.5      9.40633     0.999718   0.00333865 -8.23945e-05 
        62.5      9.53216     0.999707   0.00333076  -7.1468e-05 
        62.5      9.65884     0.999697   0.00332279 -6.06026e-05 
        62.5      9.78634     0.999687   0.00331472 -4.98004e-05 
        62.5      9.91469     0.999677   0.00330656 -3.90635e-05 
        62.5      10.0439     0.999667   0.00329831 -2.83941e-05 
        62.5      10.1739     0.999657   0.00328996  -1.7758e-05 
        62.5      10.3047     0.999647   0.00328151 -7.23889e-06 
        62.5      10.4364     0.999637   0.00327298  3.20854e-06 
        62.5      10.5689     0.999628   0.00326436  1.35823e-05 
        62.5      10.7023     0.999618   0.00325566  2.38806e-05 
        62.5      10.8365     0.999608   0.00324688  3.41016e-05 
        62.5      10.9715     0.999599   0.00323802  4.42434e-05 
        62.5      11.1074      0.99959   0.00322907  5.43043e-05 
        62.5      11.2441      0.99958   0.00322005  6.42823e-05 
        62.5      11.3817     0.999571   0.00321094  7.41757e-05 
        62.5        11.52     0.999562   0.00320176  8.39828e-05 
        62.5      11.6592     0.999553   0.00319251  9.37016e-05 
        62.5      11.7993     0.999544   0.00318318  0.000103331 
        62.5      11.9402     0.999535   0.00317377  0.000112868 
        62.5      12.0819     0.999527    0.0031643  0.000122312 
        62.5      12.2245     0.999518   0.00315472  0.000131671 
        62.5      12.3679      0.99951   0.00314514  0.000140921 
        62.5      12.5121     0.999501    0.0031355  0.000150072 
        62.5      12.6572     0.999493   0.00312579  0.000159125 
        62.5      12.8031     0.999485   0.00311602  0.000168078 
        62.5      12.9498     0.999477   0.00310619   0.00017693 
        62.5      13.0974     0.999469    0.0030963  0.000185682 
        62.5      13.2458     0.999461   0.00308635  0.000194332 
        62.5       13.395     0.999453   0.00307635   0.00020288 
        62.5      13.5451     0.999445   0.00306629  0.000211327 
        62.5       13.696     0.999438   0.00305619   0.00021967 
        62.5      13.8478      0.99943   0.00304603  0.000227911 
        62.5      14.0004     0.999423   0.00303583  0.000236048 
        62.5      14.1538     0.999416   0.00302556  0.000244069 
        62.5      14.3081     0.999409   0.00301529   0.00025197 
        62.5      14.4632     0.999402   0.00300499  0.000259765 
        62.5      14.6191     0.999395   0.00299465  0.000267453 
        62.5      14.7759     0.999388   0.00298428  0.000275033 
        62.5      14.9335     0.999381   0.00297388  0.000282504 
        62.5      15.0919     0.999375   0.00296345  0.000289866 
        62.5      15.2512     0.999368   0.00295299  0.000297118 
        62.5      15.4113     0.999362    0.0029425  0.000304259 
        62.5      15.5723     0.999356   0.00293199  0.000311289 
        62.5      15.7341      0.99935   0.00292146  0.000318208 
        62.5      15.8967     0.999344    0.0029109  0.000325014 
        62.5      16.0602     0.999338   0.00290033  0.000331708 
        62.5      16.2245     0.999332   0.00288973  0.000338288 
        62.5      16.3896     0.999327   0.00287912  0.000344755 
        62.5      16.5556     0.999321   0.00286849  0.000351108 
        62.5      16.7224     0.999316   0.00285785  0.000357348 
        62.5        16.89     0.999311    0.0028472  0.000363473 
        62.5      17.0585     0.999306   0.00283654  0.000369483 
        62.5      17.2278     0.999301   0.00282583  0.000375261 
        62.5      17.3979     0.999296   0.00281517  0.000381107 
        62.5      17.5689     0.999291   0.00280451   0.00038683 
        62.5      17.7408     0.999287   0.00279386  0.000392434 
        62.5      17.9134     0.999282   0.00278321  0.000397918 
        62.5      18.0869     0.999278   0.00277256  0.000403283 
        62.5      18.2612     0.999274   0.00276192  0.000408532 
        62.5      18.4364     0.999269   0.00275129  0.000413665 
        62.5      18.6124     0.999265   0.00274066  0.000418684 
        62.5      18.7892     0.999261   0.00273005   0.00042359 
        62.5      18.9669     0.999258   0.00271944  0.000428385 
        62.5      19.1454     0.999254   0.00270883   0.00043307 
        62.5      19.3248      0.99925   0.00269824  0.000437648 
        62.5       19.505     0.999247   0.00268766  0.000442119 
        62.5       19.686     0.999243   0.00267709  0.000446487 
        62.5      19.8678      0.99924   0.00266654  0.000450753 
        62.5      20.0505     0.999237   0.00265576  0.000454948 
        62.5      20.2341     0.999234   0.00264531   0.00045901 
        62.5      20.4184     0.999231   0.00263489  0.000462976 
        62.5      20.6036     0.999228   0.00262448  0.000466846 
        62.5      20.7897     0.999225    0.0026141   0.00047062 
        62.5      20.9765     0.999222   0.00260375  0.000474297 
        62.5      21.1642      0.99922   0.00259342  0.000477879 
        62.5      21.3528     0.999218   0.00258312  0.000481364 
        62.5      21.5422     0.999215   0.00257285  0.000484754 
        62.5      21.7324     0.999213    0.0025626  0.000488047 
        62.5      21.9234     0.999211    0.0025524  0.000491245 
        62.5      22.1153     0.999209   0.00254222  0.000494347 
        62.5       22.308     0.999207   0.00253208  0.000497355 
        62.5      22.5016     0.999205   0.00252197  0.000500267 
        62.5       22.696     0.999204   0.00251191  0.000503085 
        62.5      22.8912     0.999202   0.00250188  0.000505808 
        62.5      23.0873     0.999201   0.00249189  0.000508438 
        62.5      23.2842     0.999199   0.00248195  0.000510974 
        62.5       23.482     0.999198   0.00247205  0.000513418 
        62.5      23.6805     0.999197   0.00246219  0.000515769 
        62.5        23.88     0.999196   0.00245238  0.000518028 
        62.5      24.0802     0.999195   0.00244262  0.000520196 
        62.5      24.2813     0.999194   0.00243291  0.000522274 
        62.5      24.4832     0.999193   0.00242325  0.000524262 
        62.5       24.686     0.999192   0.00241365  0.000526161 
        62.5      24.8896     0.999192   0.00240409  0.000527971 
        62.5       25.094     0.999191    0.0023946  0.000529694 
        62.5      25.2993      0.99919   0.00238542  0.000531698 
        62.5      25.5054     0.999189   0.00237591  0.000533265 
        62.5      25.7123     0.999189   0.00236646  0.000534765 
        62.5      25.9201     0.999189   0.00235706    0.0005362 
        62.5      26.1287     0.999189   0.00234772  0.000537567 
        62.5      26.3381     0.999188   0.00233844   0.00053887 
        62.5      26.5484     0.999188   0.00232922  0.000540106 
        62.5      26.7595     0.999188   0.00232005  0.000541278 
        62.5      26.9715     0.999189   0.00231095  0.000542386 
        62.5      27.1843     0.999189    0.0023019  0.000543429 
        62.5      27.3979     0.999189   0.00229292  0.000544409 
        62.5      27.6124     0.999189   0.00228399  0.000545326 
        62.5      27.8277      0.99919   0.00227513  0.000546181 
        62.5      28.0438      0.99919   0.00226632  0.000546974 
        62.5      28.2608     0.999191   0.00225758  0.000547705 
        62.5      28.4786     0.999191    0.0022489  0.000548377 
        62.5      28.6972     0.999192   0.00224028  0.000548988 
        62.5      28.9167     0.999193   0.00223172  0.000549541 
        62.5       29.137     0.999193   0.00222322  0.000550035 
        62.5      29.3582     0.999194   0.00221478  0.000550471 
        62.5      29.5802     0.999195   0.00220641  0.000550851 
        62.5       29.803     0.999196    0.0021981  0.000551175 
        62.5      30.0267     0.999197   0.00218985  0.000551444 
        62.5      30.2512     0.999198   0.00218166  0.000551658 
        62.5      30.4765     0.999199   0.00217354   0.00055182 
        62.5      30.7027     0.999201   0.00216548  0.000551929 
        62.5      30.9297     0.999202   0.00215748  0.000551987 
        62.5      31.1575     0.999203   0.00214954  0.000551994 
        62.5      31.3862     0.999205   0.00214167  0.000551953 
        62.5      31.6157     0.999206   0.00213386  0.000551863 
        62.5      31.8461     0.999208   0.00212611  0.000551727 
        62.5      32.0773     0.999209   0.00211843  0.000551544 
        62.5      32.3093     0.999211   0.00211081  0.000551317 
        62.5      32.5421     0.999213   0.00210325  0.000551047 
        62.5      32.7758     0.999214   0.00209575  0.000550735 
        62.5      33.0104     0.999216   0.00208832  0.000550382 
        62.5      33.2457     0.999218   0.00208095  0.000549989 
        62.5      33.4819      0.99922   0.00207364  0.000549559 
        62.5       33.719     0.999222   0.00206639  0.000549091 
        62.5      33.9568     0.999223    0.0020592  0.000548589 
        62.5      34.1956     0.999225   0.00205208  0.000548053 
        62.5      34.4351     0.999227   0.00204502  0.000547485 
        62.5      34.6755     0.999229   0.00203802  0.000546886 
        62.5      34.9167     0.999231   0.00203108  0.000546258 
        62.5      35.1588     0.999234    0.0020242  0.000545602 
        62.5      35.4017     0.999236   0.00201738  0.000544921 
        62.5      35.6454     0.999238   0.00201062  0.000544216 
        62.5      35.8899      0.99924   0.00200392  0.000543489 
        62.5      36.1354     0.999242   0.00199728  0.000542742 
        62.5      36.3816     0.999244   0.00199041  0.000541169 
        62.5      36.6287     0.999247   0.00198357  0.000540128 
        62.5      36.8766     0.999249   0.00197699  0.000539992 
        62.5      37.1253     0.999251   0.00197056   0.00053917 
        62.5      37.3749     0.999251   0.00196546  0.000537924 
        62.5      37.6253     0.999254   0.00195892  0.000536956 
        62.5      37.8766     0.999257   0.00195245  0.000535965 
        62.5      38.1287      0.99926   0.00194605  0.000534952 
        62.5      38.3816     0.999263   0.00193972  0.000533917 
        62.5      38.6353     0.999266   0.00193345   0.00053286 
        62.5      38.8899     0.999269   0.00192725  0.000531783 
        62.5      39.1454     0.999272   0.00192111  0.000530685 
        62.5      39.4016     0.999275   0.00191504  0.000529566 
        62.5      39.6588     0.999278   0.00190904  0.000528428 
        62.5      39.9167     0.999281    0.0019031  0.000527271 
        62.5      40.1755     0.999284   0.00189723  0.000526095 
        62.5      40.4351     0.999287   0.00189142    0.0005249 
        62.5      40.6955      0.99929   0.00188568  0.000523688 
        62.5      40.9568     0.999293      0.00188  0.000522459 
        62.5      41.2189     0.999296   0.00187439  0.000521213 
        62.5      41.4819     0.999299   0.00186884  0.000519951 
        62.5      41.7457     0.999302   0.00186336  0.000518673 
        62.5      42.0103     0.999305   0.00185794   0.00051738 
        62.5      42.2758     0.999309   0.00185258  0.000516073 
        62.5      42.5421     0.999312   0.00184729  0.000514751 
        62.5      42.8092     0.999315   0.00184206  0.000513417 
        62.5      43.0772     0.999318   0.00183689   0.00051207 
        62.5       43.346     0.999321   0.00183178  0.000510711 
        62.5      43.6157     0.999324   0.00182674   0.00050934 
        62.5      43.8862     0.999327   0.00182176  0.000507959 
        62.5      44.1575      0.99933   0.00181683  0.000506568 
        62.5      44.4296     0.999333   0.00181197  0.000505168 
        62.5      44.7026     0.999336   0.00180717  0.000503758 
        62.5      44.9765     0.999338   0.00180243  0.000502341 
        62.5      45.2511     0.999341   0.00179774  0.000500917 
        62.5      45.5266     0.999344   0.00179311  0.000499486 
        62.5       45.803     0.999347   0.00178855   0.00049805 
        62.5      46.0801      0.99935   0.00178403  0.000496609 
        62.5      46.3581     0.999353   0.00177958  0.000495163 
        62.5       46.637     0.999355   0.00177518  0.000493715 
        62.5      46.9167     0.999358   0.00177083  0.000492263 
        62.5      47.1972     0.999361   0.00176654   0.00049081 
        62.5      47.4785     0.999364   0.00176231  0.000489356 
        62.5      47.7607     0.999366   0.00175812  0.000487902 
        62.5      48.0438     0.999369   0.00175399  0.000486449 
        62.5      48.3276     0.999371   0.00174991  0.000484998 
        62.5      48.6123     0.999374   0.00174588  0.000483549 
        62.5      48.8979     0.999378    0.0017409  0.000482247 
        62.5      49.1842     0.999382   0.00173666   0.00048073 
        62.5      49.4714     0.999385   0.00173247   0.00047922 
        62.5      49.7595     0.999389   0.00172835  0.000477717 
        62.5      50.0484     0.999392   0.00172428  0.000476219 
        62.5      50.3381     0.999396   0.00172026  0.000474728 
        62.5      50.6286     0.999399    0.0017163  0.000473241 
        62.5        50.92     0.999402    0.0017124   0.00047176 
        62.5      51.2122     0.999406   0.00170855  0.000470283 
        62.5      51.5053     0.999409   0.00170476   0.00046881 
        62.5      51.7992     0.999412   0.00170103  0.000467341 
        62.5      52.0939     0.999416   0.00169734  0.000465875 
        62.5      52.3895     0.999419   0.00169371  0.000464413 
        62.5      52.6859     0.999422   0.00169014  0.000462953 
        62.5      52.9831     0.999425   0.00168661  0.000461495 
        62.5      53.2812     0.999428   0.00168314  0.000460039 
        62.5      53.5801     0.999431   0.00167972  0.000458584 
        62.5      53.8799     0.999434   0.00167635   0.00045713 
        62.5      54.1805     0.999437   0.00167304  0.000455677 
        62.5      54.4819      0.99944   0.00166977  0.000454223 
        62.5      54.7841     0.999444   0.00166712  0.000452748 
        62.5      55.0872     0.999447   0.00166387  0.000451269 
        62.5      55.3912     0.999451   0.00166063  0.000449803 
        62.5      55.6959     0.999454   0.00165742   0.00044835 
        62.5      56.0015     0.999457   0.00165423  0.000446909 
        62.5       56.308      0.99946   0.00165105  0.000445479 
        62.5      56.6152     0.999463    0.0016479  0.000444061 
        62.5      56.9233     0.999466   0.00164478  0.000442654 
        62.5      57.2323     0.999469   0.00164167  0.000441257 
        62.5      57.5421     0.999472   0.00163859  0.000439871 
        62.5      57.8527     0.999475   0.00163554  0.000438494 
        62.5      58.1641     0.999478   0.00163252  0.000437128 
        62.5      58.4764     0.999482   0.00162952   0.00043577 
        62.5      58.7896     0.999485   0.00162656   0.00043442 
        62.5      59.1035     0.999488   0.00162362  0.000433079 
        62.5      59.4183     0.999491   0.00162072  0.000431746 
        62.5      59.7339     0.999494   0.00161785   0.00043042 
        62.5      60.0504     0.999497   0.00161502  0.000429101 
        62.5      60.3677       0.9995   0.00161222  0.000427788 
        62.5      60.6859     0.999503   0.00160945  0.000426481 
        62.5      61.0048     0.999506   0.00160673   0.00042518 
        62.5      61.3247     0.999509   0.00160405  0.000423884 
        62.5      61.6453     0.999512    0.0016014  0.000422592 
        62.5      61.9668     0.999515    0.0015988  0.000421304 
        62.5      62.2891     0.999519   0.00159624  0.000420019 
        62.5      62.6123     0.999522   0.00159373  0.000418737 
        62.5      62.9363     0.999525   0.00159126  0.000417458 
        62.5      63.2611     0.999529   0.00158884  0.000416181 
        62.5      63.5868     0.999532   0.00158647  0.000414904 
        62.5      63.9133     0.999535   0.00158415  0.000413629 
        62.5      64.2406     0.999539   0.00158188  0.000412354 
        62.5      64.5688     0.999543   0.00157966  0.000411078 
        62.5      64.8978     0.999547   0.00157637  0.000409725 
        62.5      65.2277      0.99955   0.00157412  0.000408535 
        62.5      65.5583     0.999553    0.0015719  0.000407353 
        62.5      65.8899     0.999556   0.00156969   0.00040618 
        62.5      66.2222     0.999559   0.00156751  0.000405015 
        62.5      66.5554     0.999562   0.00156534   0.00040386 
        62.5      66.8894     0.999565   0.00156319  0.000402713 
        62.5      67.2243     0.999568   0.00156106  0.000401575 
        62.5        67.56      0.99957   0.00155895  0.000400447 
        62.5      67.8966     0.999573   0.00155685  0.000399327 
        62.5      68.2339     0.999576   0.00155478  0.000398217 
        62.5      68.5721     0.999579   0.00155272  0.000397115 
        62.5      68.9112     0.999582   0.00155069  0.000396023 
        62.5      69.2511     0.999585   0.00154867  0.000394941 
        62.5      69.5918     0.999588   0.00154667  0.000393868 
        62.5      69.9333     0.999591   0.00154469  0.000392804 
        62.5      70.2757     0.999594   0.00154273   0.00039175 
        62.5      70.6189     0.999596   0.00154079  0.000390705 
        62.5       70.963     0.999599   0.00153887   0.00038967 
        62.5      71.3079     0.999602   0.00153696  0.000388645 
        62.5      71.6536     0.999605   0.00153508  0.000387629 
        62.5      72.0002     0.999608   0.00153321  0.000386624 
        62.5      72.3476     0.999611   0.00153137  0.000385628 
        62.5      72.6959     0.999613   0.00152954  0.000384642 
        62.5      73.0449     0.999616   0.00152773  0.000383666 
        62.5      73.3949     0.999619   0.00152594    0.0003827 
        62.5      73.7456     0.999622   0.00152416  0.000381745 
        62.5      74.0972     0.999625   0.00152241    0.0003808 
        62.5      74.4496     0.999627   0.00152068  0.000379864 
        62.5      74.8029      0.99963   0.00151896   0.00037894 
        62.5       75.157     0.999633   0.00151726  0.000378025 
        62.5      75.5119     0.999636   0.00151559  0.000377121 
        62.5      75.8677     0.999639   0.00151393  0.000376228 
        62.5      76.2243     0.999641   0.00151229  0.000375345 
        62.5      76.5817     0.999644   0.00151066  0.000374473 
        62.5        76.94     0.999647   0.00150906  0.000373611 
        62.5      77.2991      0.99965   0.00150747   0.00037276 
        62.5      77.6591     0.999652   0.00150591   0.00037192 
        62.5      78.0198     0.999655   0.00150436  0.000371091 
        62.5      78.3815     0.999658   0.00150283  0.000370273 
        62.5      78.7439      0.99966   0.00150131  0.000369466 
        62.5      79.1072     0.999663   0.00149982  0.000368669 
        62.5      79.4714     0.999666   0.00149834  0.000367884 
        62.5      79.8363     0.999668   0.00149688   0.00036711 
        62.5      80.2021     0.999671   0.00149544  0.000366347 
        62.5      80.5688     0.999674   0.00149402  0.000365595 
        62.5      80.9362     0.999676   0.00149262  0.000364855 
        62.5      81.3045     0.999679   0.00149123  0.000364126 
        62.5      81.6737     0.999682   0.00148986  0.000363409 
        62.5      82.0437     0.999684   0.00148851  0.000362703 
        62.5      82.4145     0.999687   0.00148718  0.000362008 
        62.5      82.7861      0.99969   0.00148586  0.000361325 
        62.5      83.1586     0.999692   0.00148456  0.000360654 
        62.5       83.532     0.999695   0.00148328  0.000359994 
        62.5      83.9061     0.999697   0.00148202  0.000359347 
        62.5      84.2811       0.9997   0.00148077  0.000358711 
        62.5       84.657     0.999703   0.00147954  0.000358086 
        62.5      85.0336     0.999705   0.00147832  0.000357474 
        62.5      85.4111     0.999708   0.00147713  0.000356874 
        62.5      85.7895      0.99971   0.00147595  0.000356286 
        62.5      86.1687     0.999713   0.00147478  0.000355709 
        62.5      86.5487     0.999715   0.00147364  0.000355145 
        62.5      86.9295     0.999718   0.00147251  0.000354593 
        62.5      87.3112     0.999724   0.00146969  0.000354216 
        62.5      87.6937     0.999727   0.00146854  0.000353707 
        62.5      88.0771     0.999729    0.0014674  0.000353206 
        62.5      88.4613     0.999731   0.00146629  0.000352712 
        62.5      88.8463     0.999733   0.00146519  0.000352226 
        62.5      89.2322     0.999736   0.00146411  0.000351748 
        62.5      89.6189     0.999738   0.00146305  0.000351275 
        62.5      90.0064      0.99974   0.00146201   0.00035081 
        62.5      90.3948     0.999742   0.00146098   0.00035035 
        62.5       90.784     0.999744   0.00145998  0.000349896 
        62.5      91.1741     0.999746   0.00145899  0.000349448 
        62.5       91.565     0.999748   0.00145802  0.000349005 
        62.5      91.9567      0.99975   0.00145707  0.000348567 
        62.5      92.3492     0.999752   0.00145614  0.000348134 
        62.5      92.7426     0.999754   0.00145522  0.000347705 
        62.5      93.1369     0.999756   0.00145432   0.00034728 
        62.5      93.5319     0.999758   0.00145344  0.000346858 
        62.5      93.9278     0.999759   0.00145258   0.00034644 
        62.5      94.3246     0.999761   0.00145174  0.000346025 
        62.5      94.7221     0.999763   0.00145091  0.000345612 
        62.5      95.1206     0.999765    0.0014501  0.000345202 
        62.5      95.5198     0.999766   0.00144931  0.000344793 
        62.5      95.9199     0.999768   0.00144854  0.000344387 
        62.5      96.3208      0.99977   0.00144778  0.000343981 
        62.5      96.7226     0.999771   0.00144704  0.000343576 
        62.5      97.1251     0.999773   0.00144632  0.000343172 
        62.5      97.5286     0.999774   0.00144561  0.000342767 
        62.5      97.9328     0.999776   0.00144493  0.000342362 
        62.5      98.3379     0.999779   0.00144257  0.000343729 
        62.5      98.7439     0.999781   0.00144168  0.000343393 
        62.5      99.1506     0.999783   0.00144078   0.00034307 
        62.5      99.5583     0.999785    0.0014399  0.000342761 
        62.5      99.9667     0.999788   0.00143901  0.000342465 
        62.5      100.376      0.99979   0.00143813  0.000342182 
        62.5      100.786     0.999792   0.00143725  0.000341913 
        62.5      101.197     0.999794   0.00143638  0.000341658 
        62.5      101.609     0.999797   0.00143551  0.000341415 
        62.5      102.021     0.999799   0.00143465  0.000341187 
        62.5      102.435     0.999801   0.00143379  0.000340971 
        62.5      102.849     0.999803   0.00143294  0.000340768 
        62.5      103.264     0.999805   0.00143208  0.000340579 
        62.5       103.68     0.999807   0.00143124  0.000340403 
        62.5      104.097     0.999809    0.0014304   0.00034024 
        62.5      104.515     0.999811   0.00142956   0.00034009 
        62.5      104.933     0.999814   0.00142873  0.000339952 
        62.5      105.353     0.999816    0.0014279  0.000339828 
        62.5      105.773     0.999818   0.00142707  0.000339717 
        62.5      106.194      0.99982   0.00142625  0.000339618 
        62.5      106.616     0.999822   0.00142544  0.000339532 
        62.5      107.038     0.999824   0.00142463  0.000339459 
        62.5      107.462     0.999826   0.00142382  0.000339399 
        62.5      107.886     0.999828   0.00142302  0.000339351 
        62.5      108.311      0.99983   0.00142223  0.000339315 
        62.5      108.737     0.999842   0.00142061  0.000339734 
        62.5      109.164     0.999844   0.00141982  0.000339788 
        62.5      109.592     0.999846   0.00141903   0.00033985 
        62.5       110.02     0.999847   0.00141824  0.000339921 
        62.5       110.45     0.999849   0.00141746      0.00034 
        62.5       110.88     0.999851   0.00141668  0.000340087 
        62.5      111.311     0.999853   0.00141591  0.000340183 
        62.5      111.743     0.999854   0.00141514  0.000340287 
        62.5      112.175     0.999856   0.00141437    0.0003404 
        62.5      112.609     0.999857   0.00141361  0.000340521 
        62.5      113.043     0.999859   0.00141285   0.00034065 
        62.5      113.478      0.99986    0.0014121  0.000340788 
        62.5      113.914     0.999862   0.00141135  0.000340935 
        62.5      114.351     0.999863    0.0014106   0.00034109 
        62.5      114.789     0.999864   0.00140986  0.000341253 
        62.5      115.228     0.999866   0.00140912  0.000341425 
        62.5      115.667     0.999867   0.00140839  0.000341606 
        62.5      116.107     0.999868   0.00140765  0.000341796 
        62.5      116.548     0.999869   0.00140693  0.000341994 
        62.5       116.99      0.99987    0.0014062    0.0003422 
        62.5      117.433     0.999872   0.00140548  0.000342416 
        62.5      117.876     0.999873   0.00140476   0.00034264 
        62.5      118.321     0.999874   0.00140405  0.000342873 
        62.5      118.766     0.999875   0.00140334  0.000343114 
        62.5      119.212     0.999876   0.00140263  0.000343364 
        62.5      119.659     0.999877   0.00140193  0.000343624 
        62.5      120.107     0.999878   0.00140123  0.000343891 
        62.5      120.555     0.999879   0.00140053  0.000344168 
        62.5      121.005      0.99988   0.00139983  0.000344454 
        62.5      121.455     0.999881   0.00139914  0.000344748 
        62.5      121.906     0.999882   0.00139845  0.000345051 
        62.5      122.358     0.999883   0.00139776  0.000345363 
        62.5      122.811     0.999884   0.00139708  0.000345684 
        62.5      123.264     0.999885    0.0013964  0.000346014 
        62.5      123.719     0.999886   0.00139572  0.000346353 
        62.5      124.174     0.999887   0.00139504  0.000346701 
        62.5       124.63     0.999888   0.00139437  0.000347058 
        62.5      125.087     0.999889    0.0013937  0.000347423 
        62.5      125.545     0.999889   0.00139303  0.000347798 
        62.5      126.003      0.99989   0.00139236  0.000348182 
        62.5      126.463     0.999891    0.0013917  0.000348575 
        62.5      126.923     0.999892   0.00139104  0.000348976 
        62.5      127.384     0.999893   0.00139037  0.000349387 
        62.5      127.846     0.999894   0.00138972  0.000349807 
        62.5      128.309     0.999895   0.00138906  0.000350236 
        62.5      128.773     0.999896    0.0013884  0.000350674 
        62.5      129.237     0.999897   0.00138775  0.000351122 
        62.5      129.702     0.999898    0.0013871  0.000351578 
        62.5      130.169     0.999899   0.00138645  0.000352043 
        62.5      130.636       0.9999    0.0013858  0.000352518 
        62.5      131.103     0.999901   0.00138515  0.000353002 
        62.5      131.572     0.999902   0.00138451  0.000353495 
        62.5      132.041     0.999904   0.00138386  0.000353997 
        62.5      132.512     0.999905   0.00138322  0.000354508 
        62.5      132.983     0.999906   0.00138258  0.000355029 
        62.5      133.455     0.999907   0.00138194  0.000355559 
        62.5      133.928     0.999908   0.00138129  0.000356098 
        62.5      134.401      0.99991   0.00138065  0.000356646 
        62.5      134.876     0.999911   0.00138002  0.000357203 
        62.5      135.351     0.999912   0.00137938   0.00035777 
        62.5      135.827     0.999914   0.00137874  0.000358346 
        62.5      136.304     0.999915    0.0013781  0.000358932 
        62.5      136.782     0.999917   0.00137746  0.000359526 
        62.5      137.261     0.999918   0.00137683   0.00036013 
        62.5       137.74      0.99992   0.00137619  0.000360743 
        62.5      138.221     0.999921   0.00137555  0.000361366 
        62.5      138.702     0.999923   0.00137492  0.000361998 
        62.5      139.184     0.999925   0.00137428  0.000362639 
        62.5      139.667     0.999927   0.00137364  0.000363289 
        62.5      140.151     0.999929     0.001373  0.000363949 
        62.5      140.635     0.999931   0.00137236  0.000364618 
        62.5       141.12     0.999933   0.00137172  0.000365297 
        62.5      141.607     0.999935   0.00137108  0.000365985 
        62.5      142.094     0.999937   0.00137044  0.000366682 
        62.5      142.582     0.999939    0.0013698  0.000367389 
        62.5       143.07     0.999942   0.00136916  0.000368105 
        62.5       143.56     0.999944   0.00136852   0.00036883 
        62.5       144.05     0.999946   0.00136787  0.000369565 
        62.5      144.541     0.999949   0.00136722   0.00037031 
        62.5      145.033     0.999952   0.00136658  0.000371063 
        62.5      145.526     0.999954   0.00136593  0.000371826 
        62.5       146.02     0.999957   0.00136528  0.000372599 
        62.5      146.515      0.99996   0.00136462   0.00037338 
        62.5       147.01     0.999963   0.00136397  0.000374172 
        62.5      147.506     0.999966   0.00136331  0.000374972 
        62.5      148.003      0.99997   0.00136265  0.000375782 
        62.5      148.501     0.999973   0.00136199  0.000376602 
        62.5          149     0.999976   0.00136133  0.000377431 
        62.5        149.5      0.99998   0.00136066  0.000378269 
        62.5          150     0.999984   0.00135999  0.000379117 
