Variables = x, y, u, v, p

Zone, I=600, F=POINT
        85.5            0   1.9797e-06  1.02387e-08 -0.000711652 
        85.5     0.000418  0.000224487  1.00693e-08 -0.000711651 
        85.5     0.001672  0.000892031  1.12407e-08 -0.000711649 
        85.5     0.003763   0.00200521  1.87961e-08 -0.000711646 
        85.5     0.006689   0.00356307  4.11263e-08 -0.000711641 
        85.5     0.010451   0.00556629  8.99877e-08 -0.000711635 
        85.5      0.01505   0.00801559  1.80516e-07 -0.000711628 
        85.5     0.020485    0.0109107  3.31173e-07 -0.000711619 
        85.5     0.026756    0.0142517  5.63788e-07 -0.000711609 
        85.5     0.033863    0.0180391  9.03543e-07 -0.000711598 
        85.5     0.041806     0.022273  1.37897e-06 -0.000711585 
        85.5     0.050585    0.0269538  2.02197e-06 -0.000711571 
        85.5     0.060201    0.0320823  2.86787e-06 -0.000711556 
        85.5     0.070652    0.0376576  3.95507e-06 -0.000711539 
        85.5      0.08194    0.0436812  5.32573e-06 -0.000711521 
        85.5     0.094063    0.0501521  7.02489e-06 -0.000711501 
        85.5     0.107023    0.0570715  9.10143e-06  -0.00071148 
        85.5     0.120819    0.0644392  1.16072e-05 -0.000711458 
        85.5     0.135451    0.0722551  1.45975e-05 -0.000711434 
        85.5     0.150919    0.0805191   1.8131e-05 -0.000711409 
        85.5     0.167224    0.0892316  2.22698e-05 -0.000711381 
        85.5     0.184364    0.0983913  2.70788e-05 -0.000711352 
        85.5     0.202341     0.107999  3.26272e-05 -0.000711322 
        85.5     0.221153     0.118052  3.89863e-05 -0.000711289 
        85.5     0.240802     0.128552   4.6232e-05 -0.000711255 
        85.5     0.261287     0.139491  5.45331e-05 -0.000711218 
        85.5     0.282608     0.150873  6.36295e-05 -0.000711178 
        85.5     0.304765     0.162694  7.38814e-05 -0.000711136 
        85.5     0.327758     0.174949    8.535e-05  -0.00071109 
        85.5     0.351588     0.187633  9.80933e-05 -0.000711042 
        85.5     0.376253      0.20074  0.000112164 -0.000710989 
        85.5     0.401755     0.214264  0.000127611 -0.000710932 
        85.5     0.428092     0.228195  0.000144477  -0.00071087 
        85.5     0.455266     0.242527  0.000162799 -0.000710802 
        85.5     0.483276     0.257248  0.000182607 -0.000710727 
        85.5     0.512122     0.272346  0.000203922 -0.000710645 
        85.5     0.541805     0.287811  0.000226758 -0.000710555 
        85.5     0.572323     0.303626  0.000251119 -0.000710455 
        85.5     0.603677     0.319777  0.000276997 -0.000710344 
        85.5     0.635868     0.336247  0.000304377 -0.000710222 
        85.5     0.668894     0.353015  0.000333227 -0.000710086 
        85.5     0.702757     0.370063  0.000363507 -0.000709935 
        85.5     0.737456     0.387366  0.000395159 -0.000709767 
        85.5     0.772991     0.404992   0.00042818 -0.000709574 
        85.5     0.809362     0.422703  0.000462091 -0.000709374 
        85.5      0.84657     0.440622  0.000496783 -0.000709149 
        85.5     0.884613      0.45873   0.00053224 -0.000708898 
        85.5     0.923492     0.477006  0.000568454  -0.00070862 
        85.5     0.963208     0.495428  0.000605409 -0.000708312 
        85.5      1.00376     0.513972  0.000643089 -0.000707973 
        85.5      1.04515     0.532615  0.000681478 -0.000707601 
        85.5      1.08737      0.55133  0.000720555 -0.000707194 
        85.5      1.13043     0.570089    0.0007603 -0.000706752 
        85.5      1.17433     0.588865  0.000800688 -0.000706271 
        85.5      1.21906     0.607628  0.000841696 -0.000705749 
        85.5      1.26463     0.626345  0.000883296 -0.000705186 
        85.5      1.31103     0.644983  0.000925457 -0.000704578 
        85.5      1.35827     0.663508  0.000968148 -0.000703923 
        85.5      1.40635     0.681882   0.00101133  -0.00070322 
        85.5      1.45526     0.700068   0.00105498 -0.000702466 
        85.5      1.50501     0.718026   0.00109904 -0.000701658 
        85.5       1.5556     0.735712   0.00114347 -0.000700795 
        85.5      1.60702     0.753084   0.00118824 -0.000699874 
        85.5      1.65928     0.770096   0.00123329 -0.000698891 
        85.5      1.71237     0.786699   0.00127856 -0.000697846 
        85.5       1.7663     0.802957    0.0013199 -0.000696815 
        85.5      1.82106     0.818566   0.00136719 -0.000695625 
        85.5      1.87667      0.83351   0.00141299 -0.000694378 
        85.5      1.93311     0.847776   0.00145728 -0.000693073 
        85.5      1.99038     0.861355       0.0015  -0.00069171 
        85.5      2.04849     0.874236   0.00154111 -0.000690289 
        85.5      2.10744     0.886415   0.00158057  -0.00068881 
        85.5      2.16722     0.897886   0.00161835 -0.000687273 
        85.5      2.22784     0.908648   0.00165442 -0.000685678 
        85.5      2.28929     0.918702   0.00168875 -0.000684025 
        85.5      2.35158     0.928051   0.00172132 -0.000682316 
        85.5      2.41471       0.9367    0.0017521 -0.000680549 
        85.5      2.47867     0.944659    0.0017811 -0.000678728 
        85.5      2.54347     0.951938   0.00180829 -0.000676851 
        85.5      2.60911     0.958553   0.00183368  -0.00067492 
        85.5      2.67558      0.96452   0.00185727 -0.000672937 
        85.5      2.74288     0.969861   0.00187906 -0.000670903 
        85.5      2.81103       0.9746   0.00189906 -0.000668819 
        85.5      2.88001     0.978764    0.0019173 -0.000666687 
        85.5      2.94983     0.982384    0.0019338 -0.000664509 
        85.5      3.02048     0.985494   0.00194859 -0.000662288 
        85.5      3.09197     0.988135   0.00196171 -0.000660024 
        85.5      3.16429     0.990346    0.0019732 -0.000657722 
        85.5      3.23745     0.992176   0.00198312 -0.000655383 
        85.5      3.31145     0.993675   0.00199151  -0.00065301 
        85.5      3.38628     0.994897   0.00199845 -0.000650607 
        85.5      3.46195     0.995902   0.00200401 -0.000648177 
        85.5      3.53845     0.996754   0.00200827 -0.000645723 
        85.5      3.61579      0.99752   0.00201131  -0.00064325 
        85.5      3.69397     0.998274   0.00201324 -0.000640761 
        85.5      3.77298     0.998858   0.00202011  -0.00063817 
        85.5      3.85283     0.999126   0.00202249 -0.000635582 
        85.5      3.93352      0.99936   0.00202468 -0.000632966 
        85.5      4.01504      0.99956    0.0020267 -0.000630323 
        85.5       4.0974     0.999728   0.00202855 -0.000627652 
        85.5      4.18059     0.999867   0.00203023 -0.000624954 
        85.5      4.26462     0.999979   0.00203177 -0.000622229 
        85.5      4.34949      1.00007   0.00203317 -0.000619476 
        85.5      4.43519      1.00013   0.00203445 -0.000616696 
        85.5      4.52173      1.00017   0.00203561 -0.000613889 
        85.5       4.6091      1.00015    0.0020364 -0.000611051 
        85.5      4.69731      1.00017   0.00203746 -0.000608193 
        85.5      4.78636      1.00019   0.00203848 -0.000605307 
        85.5      4.87624      1.00021   0.00203946 -0.000602395 
        85.5      4.96696      1.00022    0.0020404 -0.000599457 
        85.5      5.05851      1.00022    0.0020413 -0.000596492 
        85.5       5.1509      1.00022   0.00204218 -0.000593501 
        85.5      5.24413      1.00022   0.00204303 -0.000590484 
        85.5       5.3382      1.00021   0.00204386  -0.00058744 
        85.5      5.43309      1.00021   0.00204468 -0.000584369 
        85.5      5.52883       1.0002   0.00204548 -0.000581272 
        85.5       5.6254      1.00019   0.00204629 -0.000578149 
        85.5      5.72281      1.00019   0.00204709    -0.000575 
        85.5      5.82105      1.00019    0.0020479 -0.000571824 
        85.5      5.92013      1.00019   0.00204874 -0.000568622 
        85.5      6.02005      1.00019   0.00204952 -0.000565401 
        85.5       6.1208      1.00019   0.00205029 -0.000562156 
        85.5      6.22239      1.00018   0.00205106 -0.000558886 
        85.5      6.32482      1.00018   0.00205181  -0.00055559 
        85.5      6.42808      1.00018   0.00205256 -0.000552271 
        85.5      6.53217      1.00017   0.00205329 -0.000548926 
        85.5      6.63711      1.00017   0.00205401 -0.000545558 
        85.5      6.74287      1.00017   0.00205472 -0.000542165 
        85.5      6.84948      1.00017   0.00205542 -0.000538748 
        85.5      6.95692      1.00016   0.00205611 -0.000535308 
        85.5       7.0652      1.00016   0.00205679 -0.000531844 
        85.5      7.17431      1.00016   0.00205745 -0.000528358 
        85.5      7.28426      1.00015   0.00205809  -0.00052485 
        85.5      7.39505      1.00015   0.00205872 -0.000521319 
        85.5      7.50667      1.00015   0.00205934 -0.000517765 
        85.5      7.61913      1.00014   0.00205994 -0.000514189 
        85.5      7.73242      1.00014   0.00206053 -0.000510591 
        85.5      7.84655      1.00014    0.0020611 -0.000506971 
        85.5      7.96152      1.00014   0.00206165  -0.00050333 
        85.5      8.07732      1.00013   0.00206219 -0.000499667 
        85.5      8.19396      1.00013   0.00206272 -0.000495983 
        85.5      8.31143      1.00013   0.00206323 -0.000492279 
        85.5      8.42974      1.00012   0.00206372 -0.000488554 
        85.5      8.54889      1.00012   0.00206419 -0.000484809 
        85.5      8.66887      1.00012   0.00206464 -0.000481034 
        85.5      8.78969      1.00011   0.00206508 -0.000477246 
        85.5      8.91135      1.00011    0.0020655 -0.000473438 
        85.5      9.03384      1.00011   0.00206591 -0.000469612 
        85.5      9.15717       1.0001   0.00206629 -0.000465767 
        85.5      9.28133       1.0001   0.00206665 -0.000461904 
        85.5      9.40633       1.0001     0.002067 -0.000458023 
        85.5      9.53216      1.00009   0.00206732 -0.000454125 
        85.5      9.65884      1.00009   0.00206762 -0.000450208 
        85.5      9.78634      1.00009    0.0020679 -0.000446275 
        85.5      9.91469      1.00008   0.00206816 -0.000442325 
        85.5      10.0439      1.00008    0.0020684 -0.000438359 
        85.5      10.1739      1.00008   0.00206862 -0.000434376 
        85.5      10.3047      1.00007   0.00206881 -0.000430378 
        85.5      10.4364      1.00007   0.00206898 -0.000426364 
        85.5      10.5689      1.00007   0.00206913 -0.000422335 
        85.5      10.7023      1.00006    0.0020693  -0.00041829 
        85.5      10.8365      1.00006    0.0020694 -0.000414232 
        85.5      10.9715      1.00006   0.00206948 -0.000410159 
        85.5      11.1074      1.00005   0.00206953 -0.000406071 
        85.5      11.2441      1.00005   0.00206957 -0.000401968 
        85.5      11.3817      1.00005   0.00206958 -0.000397852 
        85.5        11.52      1.00004   0.00206957 -0.000393721 
        85.5      11.6592      1.00004   0.00206954 -0.000389576 
        85.5      11.7993      1.00004   0.00206948 -0.000385418 
        85.5      11.9402      1.00003   0.00206941 -0.000381246 
        85.5      12.0819      1.00003   0.00206931 -0.000377061 
        85.5      12.2245      1.00003   0.00206915  -0.00037288 
        85.5      12.3679      1.00002     0.002069 -0.000368683 
        85.5      12.5121      1.00002   0.00206881 -0.000364476 
        85.5      12.6572      1.00001    0.0020686 -0.000360259 
        85.5      12.8031      1.00001   0.00206836 -0.000356032 
        85.5      12.9498      1.00001    0.0020681 -0.000351796 
        85.5      13.0974            1   0.00206781  -0.00034755 
        85.5      13.2458            1   0.00206749 -0.000343296 
        85.5       13.395     0.999997   0.00206714 -0.000339034 
        85.5      13.5451     0.999994   0.00206677 -0.000334764 
        85.5       13.696      0.99999   0.00206637 -0.000330486 
        85.5      13.8478     0.999987   0.00206594 -0.000326202 
        85.5      14.0004     0.999983   0.00206548 -0.000321911 
        85.5      14.1538     0.999979     0.002065 -0.000317614 
        85.5      14.3081     0.999976   0.00206451 -0.000313301 
        85.5      14.4632     0.999972   0.00206397 -0.000308996 
        85.5      14.6191     0.999969    0.0020634 -0.000304687 
        85.5      14.7759     0.999965    0.0020628 -0.000300374 
        85.5      14.9335     0.999962   0.00206218 -0.000296058 
        85.5      15.0919     0.999958   0.00206153 -0.000291739 
        85.5      15.2512     0.999955   0.00206085 -0.000287418 
        85.5      15.4113     0.999951   0.00206014 -0.000283094 
        85.5      15.5723     0.999948    0.0020594 -0.000278769 
        85.5      15.7341     0.999944   0.00205864 -0.000274442 
        85.5      15.8967     0.999941   0.00205784 -0.000270115 
        85.5      16.0602     0.999937   0.00205702 -0.000265787 
        85.5      16.2245     0.999934   0.00205617 -0.000261459 
        85.5      16.3896     0.999931   0.00205529 -0.000257132 
        85.5      16.5556     0.999927   0.00205439 -0.000252805 
        85.5      16.7224     0.999924   0.00205345  -0.00024848 
        85.5        16.89      0.99992   0.00205249 -0.000244156 
        85.5      17.0585     0.999917    0.0020515 -0.000239835 
        85.5      17.2278     0.999914   0.00205048 -0.000235516 
        85.5      17.3979      0.99991   0.00204944 -0.000231201 
        85.5      17.5689     0.999907   0.00204838 -0.000226886 
        85.5      17.7408     0.999904   0.00204728 -0.000222584 
        85.5      17.9134       0.9999   0.00204615 -0.000218287 
        85.5      18.0869     0.999897   0.00204499 -0.000213995 
        85.5      18.2612     0.999894    0.0020438 -0.000209708 
        85.5      18.4364     0.999891   0.00204258 -0.000205426 
        85.5      18.6124     0.999887   0.00204134 -0.000201149 
        85.5      18.7892     0.999884   0.00204006 -0.000196879 
        85.5      18.9669     0.999881   0.00203875 -0.000192616 
        85.5      19.1454     0.999877   0.00203742  -0.00018836 
        85.5      19.3248     0.999874   0.00203605 -0.000184112 
        85.5       19.505     0.999871   0.00203466 -0.000179871 
        85.5       19.686     0.999868   0.00203324 -0.000175639 
        85.5      19.8678     0.999864   0.00203179 -0.000171416 
        85.5      20.0505     0.999861    0.0020303 -0.000167203 
        85.5      20.2341     0.999858   0.00202879 -0.000162999 
        85.5      20.4184     0.999854   0.00202725 -0.000158806 
        85.5      20.6036     0.999851   0.00202568 -0.000154624 
        85.5      20.7897     0.999848   0.00202408 -0.000150453 
        85.5      20.9765     0.999845   0.00202245 -0.000146294 
        85.5      21.1642     0.999841   0.00202079 -0.000142147 
        85.5      21.3528     0.999838   0.00201911 -0.000138013 
        85.5      21.5422     0.999835   0.00201721 -0.000133951 
        85.5      21.7324     0.999832   0.00201548 -0.000129849 
        85.5      21.9234     0.999829   0.00201373 -0.000125761 
        85.5      22.1153     0.999826   0.00201196 -0.000121686 
        85.5       22.308     0.999823   0.00201016 -0.000117625 
        85.5      22.5016      0.99982   0.00200833 -0.000113579 
        85.5       22.696     0.999817   0.00200648 -0.000109547 
        85.5      22.8912     0.999815   0.00200461 -0.000105531 
        85.5      23.0873     0.999812    0.0020027  -0.00010153 
        85.5      23.2842     0.999809   0.00200078 -9.75452e-05 
        85.5       23.482     0.999806   0.00199883 -9.35765e-05 
        85.5      23.6805     0.999803   0.00199685 -8.96244e-05 
        85.5        23.88       0.9998   0.00199485 -8.56893e-05 
        85.5      24.0802     0.999798   0.00199283 -8.17714e-05 
        85.5      24.2813     0.999795   0.00199079 -7.78712e-05 
        85.5      24.4832     0.999792   0.00198872  -7.3989e-05 
        85.5       24.686     0.999789   0.00198663 -7.01251e-05 
        85.5      24.8896     0.999787   0.00198451   -6.628e-05 
        85.5       25.094     0.999784   0.00198242 -6.24053e-05 
        85.5      25.2993     0.999782   0.00198026 -5.85804e-05 
        85.5      25.5054     0.999779   0.00197808 -5.47803e-05 
        85.5      25.7123     0.999776   0.00197588 -5.10051e-05 
        85.5      25.9201     0.999773   0.00197366  -4.7255e-05 
        85.5      26.1287      0.99977   0.00197141 -4.35299e-05 
        85.5      26.3381     0.999768   0.00196915   -3.983e-05 
        85.5      26.5484     0.999765   0.00196687 -3.61554e-05 
        85.5      26.7595     0.999762   0.00196457  -3.2506e-05 
        85.5      26.9715      0.99976   0.00196225  -2.8882e-05 
        85.5      27.1843     0.999757   0.00195991 -2.52835e-05 
        85.5      27.3979     0.999755   0.00195755 -2.17103e-05 
        85.5      27.6124     0.999753   0.00195517 -1.81627e-05 
        85.5      27.8277      0.99975   0.00195278 -1.46405e-05 
        85.5      28.0438     0.999748   0.00195036 -1.11438e-05 
        85.5      28.2608     0.999746   0.00194793 -7.67261e-06 
        85.5      28.4786     0.999743   0.00194551 -4.10643e-06 
        85.5      28.6972     0.999741   0.00194309 -6.73799e-07 
        85.5      28.9167     0.999739   0.00194065  2.73303e-06 
        85.5       29.137     0.999737   0.00193819  6.11409e-06 
        85.5      29.3582     0.999735    0.0019357  9.46939e-06 
        85.5      29.5802     0.999733   0.00193319   1.2799e-05 
        85.5       29.803     0.999731   0.00193067   1.6103e-05 
        85.5      30.0267     0.999729   0.00192812  1.93814e-05 
        85.5      30.2512     0.999727   0.00192555  2.26344e-05 
        85.5      30.4765     0.999725   0.00192297   2.5862e-05 
        85.5      30.7027     0.999723   0.00192036  2.90643e-05 
        85.5      30.9297     0.999722   0.00191774  3.22414e-05 
        85.5      31.1575      0.99972    0.0019151  3.53935e-05 
        85.5      31.3862     0.999718   0.00191244  3.85206e-05 
        85.5      31.6157     0.999717   0.00190977   4.1623e-05 
        85.5      31.8461     0.999715   0.00190708  4.47008e-05 
        85.5      32.0773     0.999713   0.00190437  4.77541e-05 
        85.5      32.3093     0.999712   0.00190165  5.07831e-05 
        85.5      32.5421      0.99971   0.00189892   5.3788e-05 
        85.5      32.7758     0.999709   0.00189617   5.6769e-05 
        85.5      33.0104     0.999707   0.00189341  5.97263e-05 
        85.5      33.2457     0.999706   0.00189064  6.26601e-05 
        85.5      33.4819     0.999704   0.00188785  6.55707e-05 
        85.5       33.719     0.999702   0.00188506  6.84582e-05 
        85.5      33.9568     0.999701   0.00188225  7.13229e-05 
        85.5      34.1956     0.999699   0.00187944  7.41652e-05 
        85.5      34.4351     0.999698   0.00187662  7.69852e-05 
        85.5      34.6755     0.999696   0.00187378  7.97833e-05 
        85.5      34.9167     0.999695   0.00187095  8.25597e-05 
        85.5      35.1588     0.999693    0.0018681  8.53148e-05 
        85.5      35.4017     0.999693   0.00186564  8.79484e-05 
        85.5      35.6454     0.999692   0.00186284  9.06138e-05 
        85.5      35.8899     0.999691   0.00186003   9.3253e-05 
        85.5      36.1354      0.99969    0.0018572   9.5866e-05 
        85.5      36.3816     0.999689   0.00185435  9.84525e-05 
        85.5      36.6287     0.999688   0.00185149  0.000101013 
        85.5      36.8766     0.999687   0.00184862  0.000103546 
        85.5      37.1253     0.999686   0.00184573  0.000106053 
        85.5      37.3749     0.999685   0.00184283  0.000108533 
        85.5      37.6253     0.999684   0.00183991  0.000110986 
        85.5      37.8766     0.999683   0.00183698  0.000113412 
        85.5      38.1287     0.999682   0.00183404   0.00011581 
        85.5      38.3816     0.999681   0.00183108  0.000118182 
        85.5      38.6353      0.99968   0.00182811  0.000120526 
        85.5      38.8899      0.99968   0.00182512  0.000122843 
        85.5      39.1454     0.999679   0.00182212  0.000125133 
        85.5      39.4016     0.999676   0.00182004  0.000127435 
        85.5      39.6588     0.999675   0.00181711  0.000129657 
        85.5      39.9167     0.999675   0.00181419  0.000131855 
        85.5      40.1755     0.999674   0.00181127  0.000134029 
        85.5      40.4351     0.999674   0.00180835  0.000136179 
        85.5      40.6955     0.999673   0.00180543  0.000138304 
        85.5      40.9568     0.999673   0.00180252  0.000140406 
        85.5      41.2189     0.999672   0.00179961  0.000142484 
        85.5      41.4819     0.999672    0.0017967  0.000144537 
        85.5      41.7457     0.999672    0.0017938  0.000146567 
        85.5      42.0103     0.999671    0.0017909  0.000148573 
        85.5      42.2758     0.999671   0.00178801  0.000150555 
        85.5      42.5421     0.999671   0.00178512  0.000152514 
        85.5      42.8092      0.99967   0.00178223  0.000154448 
        85.5      43.0772      0.99967   0.00177935  0.000156359 
        85.5       43.346      0.99967   0.00177647  0.000158247 
        85.5      43.6157      0.99967    0.0017736  0.000160111 
        85.5      43.8862     0.999669   0.00177073  0.000161951 
        85.5      44.1575     0.999669   0.00176787  0.000163768 
        85.5      44.4296     0.999669   0.00176501  0.000165562 
        85.5      44.7026     0.999669   0.00176216  0.000167333 
        85.5      44.9765     0.999669   0.00175931  0.000169081 
        85.5      45.2511     0.999669   0.00175647  0.000170807 
        85.5      45.5266     0.999669   0.00175364  0.000172509 
        85.5       45.803     0.999669   0.00175081  0.000174189 
        85.5      46.0801     0.999669   0.00174799  0.000175846 
        85.5      46.3581     0.999669   0.00174518  0.000177481 
        85.5       46.637     0.999669   0.00174237  0.000179094 
        85.5      46.9167     0.999669   0.00173957  0.000180685 
        85.5      47.1972     0.999669   0.00173678  0.000182254 
        85.5      47.4785     0.999669     0.001734  0.000183801 
        85.5      47.7607      0.99967   0.00173122  0.000185326 
        85.5      48.0438      0.99967   0.00172845  0.000186831 
        85.5      48.3276      0.99967   0.00172569  0.000188314 
        85.5      48.6123      0.99967   0.00172293  0.000189776 
        85.5      48.8979      0.99967   0.00172019  0.000191217 
        85.5      49.1842     0.999671   0.00171745  0.000192638 
        85.5      49.4714     0.999671   0.00171472  0.000194039 
        85.5      49.7595     0.999671   0.00171201  0.000195419 
        85.5      50.0484     0.999672    0.0017093   0.00019678 
        85.5      50.3381     0.999672    0.0017066  0.000198121 
        85.5      50.6286     0.999672   0.00170391  0.000199442 
        85.5        50.92     0.999673   0.00170123  0.000200744 
        85.5      51.2122     0.999673   0.00169856  0.000202028 
        85.5      51.5053     0.999674    0.0016959  0.000203293 
        85.5      51.7992     0.999674   0.00169325  0.000204539 
        85.5      52.0939     0.999675   0.00169061  0.000205767 
        85.5      52.3895     0.999675   0.00168799  0.000206978 
        85.5      52.6859     0.999676   0.00168537  0.000208171 
        85.5      52.9831     0.999676   0.00168277  0.000209347 
        85.5      53.2812     0.999677   0.00168017  0.000210505 
        85.5      53.5801     0.999677   0.00167759  0.000211648 
        85.5      53.8799     0.999678   0.00167503  0.000212774 
        85.5      54.1805     0.999679   0.00167247  0.000213884 
        85.5      54.4819     0.999679   0.00166993  0.000214978 
        85.5      54.7841      0.99968    0.0016674  0.000216058 
        85.5      55.0872     0.999681   0.00166488  0.000217122 
        85.5      55.3912     0.999681   0.00166237  0.000218172 
        85.5      55.6959     0.999682   0.00165988  0.000219208 
        85.5      56.0015     0.999683   0.00165741   0.00022023 
        85.5       56.308     0.999684   0.00165494  0.000221238 
        85.5      56.6152     0.999684    0.0016525  0.000222234 
        85.5      56.9233     0.999685   0.00165006  0.000223217 
        85.5      57.2323     0.999686   0.00164764  0.000224188 
        85.5      57.5421     0.999687   0.00164524  0.000225147 
        85.5      57.8527     0.999687   0.00164285  0.000226095 
        85.5      58.1641     0.999688   0.00164048  0.000227032 
        85.5      58.4764     0.999689   0.00163812  0.000227958 
        85.5      58.7896      0.99969   0.00163578  0.000228875 
        85.5      59.1035     0.999692   0.00163271  0.000229381 
        85.5      59.4183     0.999693   0.00163029   0.00023022 
        85.5      59.7339     0.999694   0.00162789  0.000231041 
        85.5      60.0504     0.999695    0.0016255  0.000231844 
        85.5      60.3677     0.999696   0.00162313  0.000232629 
        85.5      60.6859     0.999697   0.00162076  0.000233396 
        85.5      61.0048     0.999698   0.00161841  0.000234145 
        85.5      61.3247     0.999699   0.00161607  0.000234875 
        85.5      61.6453     0.999701   0.00161374  0.000235587 
        85.5      61.9668     0.999702   0.00161143  0.000236281 
        85.5      62.2891     0.999703   0.00160913  0.000236957 
        85.5      62.6123     0.999705   0.00160684  0.000237615 
        85.5      62.9363     0.999706   0.00160456  0.000238255 
        85.5      63.2611     0.999707    0.0016023  0.000238877 
        85.5      63.5868     0.999709   0.00160006  0.000239481 
        85.5      63.9133      0.99971   0.00159783  0.000240067 
        85.5      64.2406     0.999712   0.00159561  0.000240636 
        85.5      64.5688      0.99971   0.00159353  0.000241872 
        85.5      64.8978     0.999712   0.00159136  0.000242508 
        85.5      65.2277     0.999713   0.00158921  0.000243132 
        85.5      65.5583     0.999715   0.00158706  0.000243744 
        85.5      65.8899     0.999716   0.00158491  0.000244343 
        85.5      66.2222     0.999717   0.00158277   0.00024493 
        85.5      66.5554     0.999719   0.00158064  0.000245505 
        85.5      66.8894      0.99972   0.00157851  0.000246069 
        85.5      67.2243     0.999722   0.00157639  0.000246621 
        85.5        67.56     0.999723   0.00157427  0.000247161 
        85.5      67.8966     0.999725   0.00157217  0.000247691 
        85.5      68.2339     0.999726   0.00157006  0.000248209 
        85.5      68.5721     0.999728   0.00156797  0.000248717 
        85.5      68.9112      0.99973   0.00156588  0.000249215 
        85.5      69.2511     0.999731   0.00156381  0.000249702 
        85.5      69.5918     0.999733   0.00156174  0.000250179 
        85.5      69.9333     0.999735   0.00155967  0.000250647 
        85.5      70.2757     0.999736   0.00155762  0.000251105 
        85.5      70.6189     0.999738   0.00155557  0.000251553 
        85.5       70.963     0.999741   0.00155366  0.000251966 
        85.5      71.3079     0.999743    0.0015517  0.000252433 
        85.5      71.6536     0.999744   0.00154975  0.000252897 
        85.5      72.0002     0.999745   0.00154782  0.000253357 
        85.5      72.3476     0.999746    0.0015459  0.000253814 
        85.5      72.6959     0.999748   0.00154399  0.000254267 
        85.5      73.0449     0.999749    0.0015421  0.000254716 
        85.5      73.3949      0.99975   0.00154022  0.000255162 
        85.5      73.7456     0.999751   0.00153835  0.000255604 
        85.5      74.0972     0.999753    0.0015365  0.000256042 
        85.5      74.4496     0.999754   0.00153466  0.000256477 
        85.5      74.8029     0.999755   0.00153283  0.000256909 
        85.5       75.157     0.999756   0.00153102  0.000257337 
        85.5      75.5119     0.999758   0.00152922  0.000257761 
        85.5      75.8677     0.999759   0.00152743  0.000258182 
        85.5      76.2243      0.99976   0.00152565    0.0002586 
        85.5      76.5817     0.999761   0.00152389  0.000259014 
        85.5        76.94     0.999762   0.00152213  0.000259424 
        85.5      77.2991     0.999764    0.0015204  0.000259832 
        85.5      77.6591     0.999765   0.00151867  0.000260236 
        85.5      78.0198     0.999766   0.00151695  0.000260637 
        85.5      78.3815     0.999767   0.00151525  0.000261034 
        85.5      78.7439     0.999769   0.00151356  0.000261428 
        85.5      79.1072      0.99977   0.00151188  0.000261819 
        85.5      79.4714     0.999771   0.00151021  0.000262207 
        85.5      79.8363     0.999772   0.00150856  0.000262592 
        85.5      80.2021     0.999774   0.00150691  0.000262973 
        85.5      80.5688     0.999775   0.00150528  0.000263351 
        85.5      80.9362     0.999776   0.00150366  0.000263727 
        85.5      81.3045     0.999778   0.00150205  0.000264099 
        85.5      81.6737     0.999779   0.00150045  0.000264468 
        85.5      82.0437      0.99978   0.00149886  0.000264835 
        85.5      82.4145     0.999782   0.00149728  0.000265198 
        85.5      82.7861     0.999783   0.00149571  0.000265559 
        85.5      83.1586     0.999784   0.00149415  0.000265916 
        85.5       83.532     0.999786    0.0014926  0.000266271 
        85.5      83.9061     0.999787   0.00149107  0.000266624 
        85.5      84.2811     0.999788   0.00148954  0.000266973 
        85.5       84.657      0.99979   0.00148802   0.00026732 
        85.5      85.0336     0.999791   0.00148651  0.000267664 
        85.5      85.4111     0.999793   0.00148501  0.000268005 
        85.5      85.7895     0.999794   0.00148352  0.000268344 
        85.5      86.1687     0.999796   0.00148204  0.000268681 
        85.5      86.5487     0.999797   0.00148057  0.000269015 
        85.5      86.9295     0.999799   0.00147911  0.000269346 
        85.5      87.3112       0.9998   0.00147765  0.000269675 
        85.5      87.6937     0.999802   0.00147621  0.000270002 
        85.5      88.0771     0.999803   0.00147477  0.000270327 
        85.5      88.4613     0.999805   0.00147334  0.000270649 
        85.5      88.8463     0.999806   0.00147192  0.000270969 
        85.5      89.2322     0.999808    0.0014705  0.000271287 
        85.5      89.6189      0.99981   0.00146909  0.000271603 
        85.5      90.0064     0.999812   0.00146769  0.000271917 
        85.5      90.3948     0.999813    0.0014663  0.000272229 
        85.5       90.784     0.999815   0.00146491  0.000272539 
        85.5      91.1741     0.999817   0.00146354  0.000272847 
        85.5       91.565     0.999819   0.00146216  0.000273154 
        85.5      91.9567     0.999821   0.00146079  0.000273458 
        85.5      92.3492      0.99983   0.00145819  0.000273025 
        85.5      92.7426     0.999831   0.00145678  0.000273415 
        85.5      93.1369     0.999832   0.00145537  0.000273807 
        85.5      93.5319     0.999833   0.00145398    0.0002742 
        85.5      93.9278     0.999834   0.00145259  0.000274593 
        85.5      94.3246     0.999835   0.00145121  0.000274987 
        85.5      94.7221     0.999837   0.00144984  0.000275381 
        85.5      95.1206     0.999838   0.00144848  0.000275776 
        85.5      95.5198     0.999839   0.00144712   0.00027617 
        85.5      95.9199      0.99984   0.00144578  0.000276564 
        85.5      96.3208     0.999841   0.00144444  0.000276957 
        85.5      96.7226     0.999842   0.00144311  0.000277349 
        85.5      97.1251     0.999844    0.0014418  0.000277741 
        85.5      97.5286     0.999845   0.00144049  0.000278131 
        85.5      97.9328     0.999846   0.00143919   0.00027852 
        85.5      98.3379     0.999848   0.00143791  0.000278908 
        85.5      98.7439     0.999849   0.00143663  0.000279293 
        85.5      99.1506     0.999851   0.00143537  0.000279677 
        85.5      99.5583     0.999852   0.00143411  0.000280058 
        85.5      99.9667     0.999854   0.00143287  0.000280437 
        85.5      100.376     0.999856   0.00143163  0.000280813 
        85.5      100.786     0.999857   0.00143041  0.000281186 
        85.5      101.197     0.999859    0.0014292  0.000281556 
        85.5      101.609     0.999861     0.001428  0.000281922 
        85.5      102.021     0.999863   0.00142682  0.000282285 
        85.5      102.435     0.999865   0.00142564  0.000282644 
        85.5      102.849     0.999868   0.00142448  0.000282998 
        85.5      103.264      0.99987   0.00142333  0.000283349 
        85.5       103.68     0.999872   0.00142219  0.000283694 
        85.5      104.097     0.999875   0.00142107  0.000284035 
        85.5      104.515     0.999878   0.00141996   0.00028437 
        85.5      104.933     0.999868   0.00142117  0.000284327 
        85.5      105.353      0.99987   0.00141992  0.000284655 
        85.5      105.773     0.999871   0.00141867  0.000284989 
        85.5      106.194     0.999873   0.00141744  0.000285328 
        85.5      106.616     0.999875   0.00141622  0.000285672 
        85.5      107.038     0.999877     0.001415  0.000286022 
        85.5      107.462     0.999879    0.0014138  0.000286377 
        85.5      107.886      0.99988    0.0014126  0.000286738 
        85.5      108.311     0.999882   0.00141141  0.000287104 
        85.5      108.737     0.999884   0.00141023  0.000287476 
        85.5      109.164     0.999886   0.00140906  0.000287853 
        85.5      109.592     0.999887    0.0014079  0.000288235 
        85.5       110.02     0.999889   0.00140675  0.000288623 
        85.5       110.45     0.999891    0.0014056  0.000289016 
        85.5       110.88     0.999893   0.00140447  0.000289415 
        85.5      111.311     0.999894   0.00140334  0.000289819 
        85.5      111.743     0.999896   0.00140222  0.000290229 
        85.5      112.175     0.999898   0.00140111  0.000290644 
        85.5      112.609     0.999899       0.0014  0.000291064 
        85.5      113.043     0.999901   0.00139891   0.00029149 
        85.5      113.478     0.999902   0.00139782  0.000291921 
        85.5      113.914     0.999904   0.00139674  0.000292357 
        85.5      114.351     0.999906   0.00139566  0.000292799 
        85.5      114.789     0.999907    0.0013946  0.000293246 
        85.5      115.228     0.999909   0.00139354  0.000293698 
        85.5      115.667      0.99991   0.00139248  0.000294156 
        85.5      116.107     0.999912   0.00139144  0.000294619 
        85.5      116.548     0.999913    0.0013904  0.000295087 
        85.5       116.99     0.999915   0.00138937  0.000295561 
        85.5      117.433     0.999916   0.00138834   0.00029604 
        85.5      117.876     0.999918   0.00138732  0.000296524 
        85.5      118.321     0.999919   0.00138631  0.000297013 
        85.5      118.766     0.999921    0.0013853  0.000297508 
        85.5      119.212     0.999922    0.0013843  0.000298007 
        85.5      119.659     0.999923   0.00138331  0.000298512 
        85.5      120.107     0.999925   0.00138232  0.000299023 
        85.5      120.555     0.999926   0.00138133  0.000299538 
        85.5      121.005     0.999928   0.00138035  0.000300059 
        85.5      121.455     0.999929   0.00137938  0.000300584 
        85.5      121.906      0.99993   0.00137841  0.000301115 
        85.5      122.358     0.999931   0.00137745  0.000301651 
        85.5      122.811     0.999933   0.00137649  0.000302192 
        85.5      123.264     0.999934   0.00137553  0.000302738 
        85.5      123.719     0.999935   0.00137458  0.000303289 
        85.5      124.174     0.999936   0.00137364  0.000303846 
        85.5       124.63     0.999938   0.00137269  0.000304407 
        85.5      125.087     0.999939   0.00137175  0.000304973 
        85.5      125.545      0.99994   0.00137082  0.000305545 
        85.5      126.003     0.999937   0.00137071   0.00030545 
        85.5      126.463     0.999939   0.00136968  0.000306024 
        85.5      126.923      0.99994   0.00136865  0.000306602 
        85.5      127.384     0.999941   0.00136762  0.000307186 
        85.5      127.846     0.999942    0.0013666  0.000307773 
        85.5      128.309     0.999943   0.00136559  0.000308366 
        85.5      128.773     0.999944   0.00136457  0.000308962 
        85.5      129.237     0.999945   0.00136356  0.000309564 
        85.5      129.702     0.999946   0.00136256  0.000310169 
        85.5      130.169     0.999947   0.00136155   0.00031078 
        85.5      130.636     0.999948   0.00136055  0.000311394 
        85.5      131.103     0.999949   0.00135956  0.000312013 
        85.5      131.572      0.99995   0.00135856  0.000312637 
        85.5      132.041     0.999951   0.00135758  0.000313265 
        85.5      132.512     0.999952   0.00135659  0.000313897 
        85.5      132.983     0.999953   0.00135561  0.000314534 
        85.5      133.455     0.999954   0.00135463  0.000315175 
        85.5      133.928     0.999955   0.00135365   0.00031582 
        85.5      134.401     0.999956   0.00135268   0.00031647 
        85.5      134.876     0.999957   0.00135171  0.000317124 
        85.5      135.351     0.999958   0.00135074  0.000317783 
        85.5      135.827     0.999959   0.00134978  0.000318445 
        85.5      136.304      0.99996   0.00134881  0.000319112 
        85.5      136.782     0.999961   0.00134785  0.000319783 
        85.5      137.261     0.999962    0.0013469  0.000320459 
        85.5       137.74     0.999963   0.00134594  0.000321138 
        85.5      138.221     0.999964   0.00134499  0.000321822 
        85.5      138.702     0.999965   0.00134404   0.00032251 
        85.5      139.184     0.999966   0.00134309  0.000323202 
        85.5      139.667     0.999967   0.00134214  0.000323898 
        85.5      140.151     0.999968    0.0013412  0.000324599 
        85.5      140.635     0.999969   0.00134026  0.000325303 
        85.5       141.12     0.999971   0.00133932  0.000326011 
        85.5      141.607     0.999972   0.00133838  0.000326724 
        85.5      142.094     0.999973   0.00133744   0.00032744 
        85.5      142.582     0.999974   0.00133651  0.000328161 
        85.5       143.07     0.999976   0.00133557  0.000328886 
        85.5       143.56     0.999977   0.00133464  0.000329614 
        85.5       144.05     0.999978   0.00133371  0.000330346 
        85.5      144.541      0.99998   0.00133278  0.000331083 
        85.5      145.033     0.999981   0.00133185  0.000331823 
        85.5      145.526     0.999983   0.00133092  0.000332567 
        85.5       146.02     0.999984   0.00132999  0.000333315 
        85.5      146.515     0.999986   0.00132907  0.000334066 
        85.5       147.01     0.999988   0.00132814  0.000334822 
        85.5      147.506     0.999989   0.00132722  0.000335581 
        85.5      148.003     0.999991   0.00132629  0.000336344 
        85.5      148.501     0.999993   0.00132537  0.000337111 
        85.5          149     0.999995   0.00132444  0.000337881 
        85.5        149.5     0.999997   0.00132352  0.000338655 
        85.5          150     0.999999   0.00132259  0.000339433 
