Variables = x, y, u, v, p

Zone, I=600, F=POINT
        -3.5            0 -7.56063e-07  5.86814e-08  -0.00222236 
        -3.5     0.000418  0.000259271  5.65086e-08  -0.00222236 
        -3.5     0.001672   0.00103922  4.65971e-08  -0.00222237 
        -3.5     0.003763   0.00233929  1.87999e-08  -0.00222237 
        -3.5     0.006689   0.00415758 -4.35791e-08  -0.00222238 
        -3.5     0.010451   0.00649375 -1.63615e-07  -0.00222239 
        -3.5      0.01505   0.00934722 -3.70426e-07  -0.00222241 
        -3.5     0.020485    0.0127159 -6.98621e-07  -0.00222243 
        -3.5     0.026756    0.0165981 -1.18785e-06  -0.00222244 
        -3.5     0.033863    0.0209917 -1.88216e-06  -0.00222247 
        -3.5     0.041806    0.0258947 -2.82922e-06  -0.00222249 
        -3.5     0.050585    0.0313046 -4.07953e-06  -0.00222251 
        -3.5     0.060201    0.0372193 -5.68566e-06  -0.00222254 
        -3.5     0.070652    0.0436348 -7.70049e-06  -0.00222256 
        -3.5      0.08194    0.0505493 -1.01774e-05  -0.00222259 
        -3.5     0.094063    0.0579583 -1.31673e-05  -0.00222262 
        -3.5     0.107023    0.0658597 -1.67194e-05  -0.00222264 
        -3.5     0.120819    0.0742492 -2.08778e-05  -0.00222266 
        -3.5     0.135451    0.0831233 -2.56811e-05  -0.00222269 
        -3.5     0.150919    0.0924783 -3.11605e-05   -0.0022227 
        -3.5     0.167224     0.102311 -3.73386e-05  -0.00222272 
        -3.5     0.184364     0.112616 -4.42256e-05  -0.00222272 
        -3.5     0.202341      0.12339 -5.18209e-05  -0.00222272 
        -3.5     0.221153     0.134629  -6.0107e-05  -0.00222271 
        -3.5     0.240802      0.14633 -6.90513e-05  -0.00222269 
        -3.5     0.261287     0.158506  -7.8481e-05  -0.00222266 
        -3.5     0.282608     0.171101 -8.90992e-05  -0.00222261 
        -3.5     0.304765     0.184152 -0.000100205  -0.00222255 
        -3.5     0.327758     0.197653 -0.000111779  -0.00222246 
        -3.5     0.351588       0.2116 -0.000123794  -0.00222234 
        -3.5     0.376253     0.225985 -0.000136216   -0.0022222 
        -3.5     0.401755     0.240801 -0.000149006  -0.00222202 
        -3.5     0.428092      0.25604 -0.000162114   -0.0022218 
        -3.5     0.455266     0.271696 -0.000175483  -0.00222153 
        -3.5     0.483276      0.28776 -0.000189046  -0.00222122 
        -3.5     0.512122     0.304221 -0.000202727  -0.00222084 
        -3.5     0.541805     0.321071 -0.000216438   -0.0022204 
        -3.5     0.572323     0.338299 -0.000230078  -0.00221989 
        -3.5     0.603677     0.355893 -0.000243538  -0.00221929 
        -3.5     0.635868     0.373843 -0.000256692   -0.0022186 
        -3.5     0.668894     0.392134   -0.0002694  -0.00221781 
        -3.5     0.702757     0.410754 -0.000281511  -0.00221691 
        -3.5     0.737456     0.429689 -0.000292855  -0.00221588 
        -3.5     0.772991     0.448695 -0.000303904  -0.00221465 
        -3.5     0.809362     0.468249 -0.000314602  -0.00221339 
        -3.5      0.84657     0.487994 -0.000324371  -0.00221196 
        -3.5     0.884613     0.507902 -0.000333172  -0.00221033 
        -3.5     0.923492     0.527942  -0.00034097  -0.00220849 
        -3.5     0.963208     0.548082 -0.000347734  -0.00220644 
        -3.5      1.00376     0.568284 -0.000353437  -0.00220416 
        -3.5      1.04515     0.588513 -0.000358057  -0.00220165 
        -3.5      1.08737     0.608728 -0.000361578  -0.00219888 
        -3.5      1.13043     0.628887 -0.000363987  -0.00219585 
        -3.5      1.17433     0.648946 -0.000365279  -0.00219255 
        -3.5      1.21906     0.668857 -0.000365454  -0.00218896 
        -3.5      1.26463     0.688571 -0.000364519  -0.00218507 
        -3.5      1.31103     0.708034 -0.000362487  -0.00218087 
        -3.5      1.35827     0.727191 -0.000359379  -0.00217635 
        -3.5      1.40635     0.745984 -0.000355222  -0.00217149 
        -3.5      1.45526     0.764349 -0.000350054  -0.00216627 
        -3.5      1.50501     0.782224 -0.000343917   -0.0021607 
        -3.5       1.5556     0.799538 -0.000336865  -0.00215474 
        -3.5      1.60702     0.816221  -0.00032896   -0.0021484 
        -3.5      1.65928     0.832196 -0.000320274  -0.00214164 
        -3.5      1.71237     0.847386 -0.000310888  -0.00213447 
        -3.5       1.7663     0.863657 -0.000304371  -0.00212761 
        -3.5      1.82106     0.876853 -0.000292517  -0.00211945 
        -3.5      1.87667     0.889332 -0.000281226  -0.00211099 
        -3.5      1.93311     0.901086 -0.000270514  -0.00210222 
        -3.5      1.99038      0.91211 -0.000260394  -0.00209316 
        -3.5      2.04849     0.922403 -0.000250879   -0.0020838 
        -3.5      2.10744     0.931964 -0.000241979  -0.00207414 
        -3.5      2.16722     0.940797 -0.000233706  -0.00206419 
        -3.5      2.22784     0.948908 -0.000226067  -0.00205396 
        -3.5      2.28929     0.956307 -0.000219069  -0.00204344 
        -3.5      2.35158     0.963006 -0.000212718  -0.00203265 
        -3.5      2.41471     0.969022 -0.000207017  -0.00202158 
        -3.5      2.47867     0.974372 -0.000201969  -0.00201025 
        -3.5      2.54347     0.979082 -0.000197573  -0.00199867 
        -3.5      2.60911     0.983176 -0.000193829  -0.00198685 
        -3.5      2.67558     0.986686 -0.000190731  -0.00197478 
        -3.5      2.74288     0.989646 -0.000188275   -0.0019625 
        -3.5      2.81103     0.992095 -0.000186453  -0.00195001 
        -3.5      2.88001     0.994075 -0.000185255  -0.00193732 
        -3.5      2.94983     0.995635 -0.000184669  -0.00192444 
        -3.5      3.02048     0.996825  -0.00018468   -0.0019114 
        -3.5      3.09197     0.997703 -0.000185273  -0.00189821 
        -3.5      3.16429     0.998329 -0.000186427  -0.00188489 
        -3.5      3.23745     0.998771  -0.00018812  -0.00187146 
        -3.5      3.31145     0.999099 -0.000190329  -0.00185794 
        -3.5      3.38628      0.99939 -0.000193026  -0.00184435 
        -3.5      3.46195     0.999727 -0.000196181  -0.00183072 
        -3.5      3.53845       1.0002 -0.000199761  -0.00181707 
        -3.5      3.61579      1.00089  -0.00020373  -0.00180342 
        -3.5      3.69397      1.00192  -0.00020805  -0.00178981 
        -3.5      3.77298      1.00113 -0.000208701  -0.00177542 
        -3.5      3.85283      1.00118 -0.000211688  -0.00176133 
        -3.5      3.93352      1.00123 -0.000214618  -0.00174715 
        -3.5      4.01504      1.00125 -0.000217487  -0.00173291 
        -3.5       4.0974      1.00127 -0.000220286  -0.00171859 
        -3.5      4.18059      1.00127 -0.000223058  -0.00170422 
        -3.5      4.26462      1.00127 -0.000225693  -0.00168977 
        -3.5      4.34949      1.00126 -0.000228219  -0.00167527 
        -3.5      4.43519      1.00126 -0.000230628  -0.00166072 
        -3.5      4.52173      1.00125 -0.000232913  -0.00164613 
        -3.5       4.6091      1.00124 -0.000235065   -0.0016315 
        -3.5      4.69731      1.00122 -0.000237086  -0.00161689 
        -3.5      4.78636      1.00121 -0.000239076   -0.0016022 
        -3.5      4.87624       1.0012  -0.00024088  -0.00158745 
        -3.5      4.96696      1.00118 -0.000242613  -0.00157267 
        -3.5      5.05851      1.00117  -0.00024422  -0.00155785 
        -3.5       5.1509      1.00116 -0.000245699  -0.00154301 
        -3.5      5.24413      1.00114 -0.000247049  -0.00152814 
        -3.5       5.3382      1.00113 -0.000248269  -0.00151324 
        -3.5      5.43309      1.00111 -0.000249356  -0.00149833 
        -3.5      5.52883       1.0011  -0.00025031  -0.00148339 
        -3.5       5.6254      1.00108 -0.000251129  -0.00146843 
        -3.5      5.72281      1.00107 -0.000251787  -0.00145346 
        -3.5      5.82105      1.00105  -0.00025239  -0.00143847 
        -3.5      5.92013      1.00104 -0.000252868  -0.00142348 
        -3.5      6.02005      1.00103 -0.000253221  -0.00140848 
        -3.5       6.1208      1.00101 -0.000253451  -0.00139348 
        -3.5      6.22239        1.001 -0.000253556  -0.00137848 
        -3.5      6.32482      1.00098 -0.000253538  -0.00136347 
        -3.5      6.42808      1.00097 -0.000253396  -0.00134848 
        -3.5      6.53217      1.00095 -0.000253131  -0.00133348 
        -3.5      6.63711      1.00094 -0.000252745   -0.0013185 
        -3.5      6.74287      1.00092 -0.000252237  -0.00130352 
        -3.5      6.84948      1.00091 -0.000251609  -0.00128855 
        -3.5      6.95692       1.0009 -0.000250862  -0.00127359 
        -3.5       7.0652      1.00088 -0.000249997  -0.00125865 
        -3.5      7.17431      1.00087 -0.000249045  -0.00124375 
        -3.5      7.28426      1.00085 -0.000247911  -0.00122883 
        -3.5      7.39505      1.00084 -0.000246659  -0.00121392 
        -3.5      7.50667      1.00082 -0.000245289  -0.00119905 
        -3.5      7.61913      1.00081 -0.000243931  -0.00118421 
        -3.5      7.73242       1.0008 -0.000242413   -0.0011694 
        -3.5      7.84655      1.00078 -0.000240773  -0.00115462 
        -3.5      7.96152      1.00077  -0.00023901  -0.00113985 
        -3.5      8.07732      1.00075 -0.000237124   -0.0011251 
        -3.5      8.19396      1.00074 -0.000235116  -0.00111038 
        -3.5      8.31143      1.00072 -0.000232984  -0.00109568 
        -3.5      8.42974      1.00071 -0.000230729  -0.00108102 
        -3.5      8.54889       1.0007 -0.000228351  -0.00106639 
        -3.5      8.66887      1.00068  -0.00022585   -0.0010518 
        -3.5      8.78969      1.00067 -0.000223132  -0.00103751 
        -3.5      8.91135      1.00065 -0.000220431  -0.00102304 
        -3.5      9.03384      1.00064 -0.000217619  -0.00100861 
        -3.5      9.15717      1.00063 -0.000214698 -0.000994232 
        -3.5      9.28133      1.00061 -0.000211671 -0.000979905 
        -3.5      9.40633       1.0006  -0.00020854 -0.000965632 
        -3.5      9.53216      1.00059 -0.000205306 -0.000951417 
        -3.5      9.65884      1.00057 -0.000201972 -0.000937263 
        -3.5      9.78634      1.00056 -0.000198541 -0.000923173 
        -3.5      9.91469      1.00055 -0.000195015 -0.000909149 
        -3.5      10.0439      1.00053 -0.000191397 -0.000895196 
        -3.5      10.1739      1.00052  -0.00018769 -0.000881315 
        -3.5      10.3047      1.00051 -0.000183532 -0.000867717 
        -3.5      10.4364      1.00049 -0.000179741 -0.000853791 
        -3.5      10.5689      1.00048 -0.000175834 -0.000839942 
        -3.5      10.7023      1.00047 -0.000171813  -0.00082617 
        -3.5      10.8365      1.00045 -0.000167678 -0.000812476 
        -3.5      10.9715      1.00044 -0.000163429 -0.000798859 
        -3.5      11.1074      1.00043 -0.000158564 -0.000785643 
        -3.5      11.2441      1.00042 -0.000154205 -0.000772265 
        -3.5      11.3817       1.0004 -0.000149707  -0.00075895 
        -3.5        11.52      1.00039 -0.000145074 -0.000745698 
        -3.5      11.6592      1.00038 -0.000140313 -0.000732513 
        -3.5      11.7993      1.00037 -0.000135431 -0.000719396 
        -3.5      11.9402      1.00035 -0.000130433  -0.00070635 
        -3.5      12.0819      1.00034 -0.000125327 -0.000693376 
        -3.5      12.2245      1.00033  -0.00012012 -0.000680476 
        -3.5      12.3679      1.00032 -0.000114818 -0.000667653 
        -3.5      12.5121       1.0003  -0.00010943 -0.000654909 
        -3.5      12.6572      1.00029 -0.000103964 -0.000642246 
        -3.5      12.8031      1.00028 -9.84279e-05 -0.000629665 
        -3.5      12.9498      1.00027 -9.28304e-05 -0.000617168 
        -3.5      13.0974      1.00026 -8.71803e-05 -0.000604759 
        -3.5      13.2458      1.00025 -8.14871e-05 -0.000592438 
        -3.5       13.395      1.00023   -7.576e-05 -0.000580208 
        -3.5      13.5451      1.00022 -7.00092e-05 -0.000568071 
        -3.5       13.696      1.00021 -6.42448e-05 -0.000556029 
        -3.5      13.8478       1.0002 -5.84774e-05 -0.000544083 
        -3.5      14.0004      1.00019 -5.22796e-05 -0.000532239 
        -3.5      14.1538      1.00018 -4.61182e-05 -0.000520451 
        -3.5      14.3081      1.00017 -3.99079e-05 -0.000508755 
        -3.5      14.4632      1.00016 -3.36469e-05  -0.00049715 
        -3.5      14.6191      1.00015 -2.73336e-05 -0.000485636 
        -3.5      14.7759      1.00014 -2.09661e-05 -0.000474213 
        -3.5      14.9335      1.00013 -1.45427e-05  -0.00046288 
        -3.5      15.0919      1.00012 -8.06149e-06 -0.000451637 
        -3.5      15.2512      1.00011 -1.52057e-06 -0.000440482 
        -3.5      15.4113       1.0001  5.08197e-06 -0.000429416 
        -3.5      15.5723      1.00009  1.17482e-05 -0.000418438 
        -3.5      15.7341      1.00008  1.84802e-05 -0.000407546 
        -3.5      15.8967      1.00007  2.53455e-05  -0.00039675 
        -3.5      16.0602      1.00006  3.24122e-05  -0.00038612 
        -3.5      16.2245      1.00005  3.94709e-05 -0.000375575 
        -3.5      16.3896      1.00004  4.65237e-05 -0.000365118 
        -3.5      16.5556      1.00003  5.35729e-05 -0.000354749 
        -3.5      16.7224      1.00002  6.06208e-05 -0.000344467 
        -3.5        16.89      1.00001  6.76699e-05 -0.000334274 
        -3.5      17.0585     0.999998  7.47226e-05 -0.000324169 
        -3.5      17.2278     0.999989  8.17816e-05 -0.000314152 
        -3.5      17.3979      0.99998  8.88495e-05 -0.000304225 
        -3.5      17.5689     0.999971  9.59291e-05 -0.000294386 
        -3.5      17.7408     0.999962  0.000103023 -0.000284637 
        -3.5      17.9134     0.999955  0.000110038 -0.000275071 
        -3.5      18.0869     0.999947  0.000117336  -0.00026553 
        -3.5      18.2612     0.999938  0.000124689 -0.000256092 
        -3.5      18.4364      0.99993  0.000132094 -0.000246756 
        -3.5      18.6124     0.999921  0.000139547 -0.000237521 
        -3.5      18.7892     0.999913  0.000147044 -0.000228386 
        -3.5      18.9669     0.999905  0.000154579 -0.000219352 
        -3.5      19.1454     0.999897  0.000162148 -0.000210416 
        -3.5      19.3248     0.999888  0.000169746 -0.000201578 
        -3.5       19.505      0.99988  0.000177368 -0.000192837 
        -3.5       19.686     0.999873   0.00018501 -0.000184192 
        -3.5      19.8678     0.999865  0.000192665 -0.000175642 
        -3.5      20.0505     0.999857  0.000200329 -0.000167185 
        -3.5      20.2341      0.99985  0.000207995 -0.000158821 
        -3.5      20.4184     0.999842  0.000215659 -0.000150547 
        -3.5      20.6036     0.999837  0.000223122 -0.000142249 
        -3.5      20.7897      0.99983  0.000230974 -0.000134291 
        -3.5      20.9765     0.999823  0.000238833 -0.000126422 
        -3.5      21.1642     0.999817  0.000246698 -0.000118642 
        -3.5      21.3528      0.99981  0.000254568  -0.00011095 
        -3.5      21.5422     0.999804  0.000262443 -0.000103348 
        -3.5      21.7324     0.999797  0.000270321 -9.58345e-05 
        -3.5      21.9234     0.999791  0.000278201 -8.84099e-05 
        -3.5      22.1153     0.999785  0.000286082 -8.10741e-05 
        -3.5       22.308     0.999778  0.000293964 -7.38271e-05 
        -3.5      22.5016     0.999772  0.000301844 -6.66686e-05 
        -3.5       22.696     0.999766  0.000309722 -5.95986e-05 
        -3.5      22.8912      0.99976  0.000317597 -5.26167e-05 
        -3.5      23.0873     0.999754  0.000325468 -4.57228e-05 
        -3.5      23.2842     0.999749  0.000333334 -3.89164e-05 
        -3.5       23.482     0.999743  0.000341192 -3.21974e-05 
        -3.5      23.6805     0.999738  0.000349043 -2.55653e-05 
        -3.5        23.88     0.999732  0.000356885 -1.90196e-05 
        -3.5      24.0802     0.999725  0.000364214 -1.25618e-05 
        -3.5      24.2813      0.99972  0.000372155 -6.14336e-06 
        -3.5      24.4832     0.999716  0.000380077  1.80558e-07 
        -3.5       24.686     0.999711  0.000387982   6.4103e-06 
        -3.5      24.8896     0.999706  0.000395868  1.25461e-05 
        -3.5       25.094     0.999702  0.000403738  1.85884e-05 
        -3.5      25.2993     0.999697  0.000411592  2.45374e-05 
        -3.5      25.5054     0.999693   0.00041943  3.03937e-05 
        -3.5      25.7123     0.999689  0.000427253  3.61576e-05 
        -3.5      25.9201     0.999684  0.000435062  4.18297e-05 
        -3.5      26.1287      0.99968  0.000442858  4.74105e-05 
        -3.5      26.3381     0.999676  0.000450641  5.29005e-05 
        -3.5      26.5484     0.999673  0.000458412  5.83005e-05 
        -3.5      26.7595     0.999669  0.000466173  6.36109e-05 
        -3.5      26.9715     0.999665  0.000473923  6.88327e-05 
        -3.5      27.1843     0.999661  0.000481665  7.39663e-05 
        -3.5      27.3979     0.999658  0.000489398  7.90128e-05 
        -3.5      27.6124     0.999654  0.000497124  8.39728e-05 
        -3.5      27.8277     0.999651  0.000504843  8.88474e-05 
        -3.5      28.0438     0.999647  0.000512558  9.36372e-05 
        -3.5      28.2608     0.999644  0.000520269  9.83435e-05 
        -3.5      28.4786      0.99964  0.000527976  0.000102967 
        -3.5      28.6972     0.999637  0.000535682  0.000107509 
        -3.5      28.9167     0.999634  0.000543387  0.000111971 
        -3.5       29.137     0.999627  0.000550933  0.000116519 
        -3.5      29.3582     0.999625  0.000558479  0.000120898 
        -3.5      29.5802     0.999622  0.000566003  0.000125195 
        -3.5       29.803      0.99962  0.000573501  0.000129411 
        -3.5      30.0267     0.999618  0.000580974  0.000133547 
        -3.5      30.2512     0.999615   0.00058842  0.000137603 
        -3.5      30.4765     0.999613  0.000595839  0.000141581 
        -3.5      30.7027     0.999611   0.00060323  0.000145482 
        -3.5      30.9297     0.999609  0.000610591  0.000149307 
        -3.5      31.1575     0.999607  0.000617922  0.000153056 
        -3.5      31.3862     0.999604  0.000625222  0.000156731 
        -3.5      31.6157     0.999602   0.00063249  0.000160333 
        -3.5      31.8461       0.9996  0.000639725  0.000163863 
        -3.5      32.0773     0.999598  0.000646926  0.000167323 
        -3.5      32.3093     0.999596  0.000654091  0.000170713 
        -3.5      32.5421     0.999594  0.000661221  0.000174036 
        -3.5      32.7758     0.999592  0.000668314  0.000177292 
        -3.5      33.0104      0.99959  0.000675369  0.000180483 
        -3.5      33.2457     0.999588  0.000682384  0.000183611 
        -3.5      33.4819     0.999583  0.000689727  0.000187015 
        -3.5       33.719     0.999581  0.000696811  0.000190024 
        -3.5      33.9568      0.99958  0.000703849  0.000192979 
        -3.5      34.1956     0.999578  0.000710843  0.000195881 
        -3.5      34.4351     0.999577  0.000717791  0.000198729 
        -3.5      34.6755     0.999575  0.000724695  0.000201524 
        -3.5      34.9167     0.999574  0.000731554  0.000204266 
        -3.5      35.1588     0.999573  0.000738369  0.000206955 
        -3.5      35.4017     0.999572  0.000745141  0.000209591 
        -3.5      35.6454     0.999571  0.000751868  0.000212173 
        -3.5      35.8899      0.99957  0.000758553  0.000214704 
        -3.5      36.1354     0.999569  0.000765195  0.000217181 
        -3.5      36.3816     0.999568  0.000771794  0.000219607 
        -3.5      36.6287     0.999567  0.000778352   0.00022198 
        -3.5      36.8766     0.999566  0.000784867  0.000224301 
        -3.5      37.1253     0.999566  0.000791342  0.000226571 
        -3.5      37.3749     0.999565  0.000797775  0.000228789 
        -3.5      37.6253     0.999565  0.000804169  0.000230957 
        -3.5      37.8766     0.999564  0.000810522  0.000233073 
        -3.5      38.1287     0.999564  0.000816837  0.000235139 
        -3.5      38.3816     0.999563  0.000823112  0.000237155 
        -3.5      38.6353     0.999563  0.000829349   0.00023912 
        -3.5      38.8899     0.999562  0.000835549  0.000241037 
        -3.5      39.1454     0.999562  0.000841712  0.000242904 
        -3.5      39.4016     0.999562  0.000847838  0.000244722 
        -3.5      39.6588     0.999562  0.000853928  0.000246492 
        -3.5      39.9167     0.999562  0.000859983  0.000248213 
        -3.5      40.1755     0.999561  0.000866004  0.000249888 
        -3.5      40.4351     0.999561  0.000871991  0.000251515 
        -3.5      40.6955     0.999561  0.000877945  0.000253095 
        -3.5      40.9568     0.999561  0.000883867  0.000254629 
        -3.5      41.2189     0.999561  0.000889757  0.000256118 
        -3.5      41.4819     0.999561  0.000895616  0.000257561 
        -3.5      41.7457     0.999561  0.000901445  0.000258959 
        -3.5      42.0103     0.999569  0.000908263  0.000260433 
        -3.5      42.2758     0.999569  0.000913815  0.000261783 
        -3.5      42.5421     0.999568  0.000919338  0.000263102 
        -3.5      42.8092     0.999568  0.000924833  0.000264392 
        -3.5      43.0772     0.999567  0.000930299  0.000265652 
        -3.5       43.346     0.999567  0.000935737  0.000266883 
        -3.5      43.6157     0.999567  0.000941145  0.000268084 
        -3.5      43.8862     0.999567  0.000946523  0.000269256 
        -3.5      44.1575     0.999567  0.000951872    0.0002704 
        -3.5      44.4296     0.999567  0.000957191  0.000271514 
        -3.5      44.7026     0.999567   0.00096248    0.0002726 
        -3.5      44.9765     0.999567  0.000967738  0.000273658 
        -3.5      45.2511     0.999568  0.000972966  0.000274689 
        -3.5      45.5266     0.999568  0.000978162  0.000275691 
        -3.5       45.803     0.999568  0.000983327  0.000276666 
        -3.5      46.0801     0.999569   0.00098846  0.000277614 
        -3.5      46.3581     0.999569  0.000993561  0.000278535 
        -3.5       46.637      0.99957  0.000998631  0.000279429 
        -3.5      46.9167     0.999571   0.00100367  0.000280298 
        -3.5      47.1972     0.999571   0.00100867   0.00028114 
        -3.5      47.4785     0.999572   0.00101364  0.000281956 
        -3.5      47.7607     0.999573   0.00101858  0.000282748 
        -3.5      48.0438     0.999574   0.00102349  0.000283514 
        -3.5      48.3276     0.999575   0.00102836  0.000284256 
        -3.5      48.6123     0.999576    0.0010332  0.000284974 
        -3.5      48.8979     0.999577     0.001038  0.000285667 
        -3.5      49.1842     0.999578   0.00104277  0.000286338 
        -3.5      49.4714      0.99958    0.0010475  0.000286985 
        -3.5      49.7595     0.999581    0.0010522   0.00028761 
        -3.5      50.0484     0.999582   0.00105687  0.000288212 
        -3.5      50.3381     0.999584    0.0010615  0.000288792 
        -3.5      50.6286     0.999585   0.00106609  0.000289351 
        -3.5        50.92     0.999587   0.00107065  0.000289889 
        -3.5      51.2122     0.999588   0.00107517  0.000290407 
        -3.5      51.5053      0.99959   0.00107966  0.000290904 
        -3.5      51.7992     0.999592   0.00108411  0.000291382 
        -3.5      52.0939     0.999594   0.00108852  0.000291841 
        -3.5      52.3895     0.999596    0.0010929  0.000292281 
        -3.5      52.6859     0.999597   0.00109724  0.000292703 
        -3.5      52.9831     0.999599   0.00110154  0.000293108 
        -3.5      53.2812     0.999599   0.00110532  0.000293408 
        -3.5      53.5801       0.9996   0.00110933  0.000293917 
        -3.5      53.8799     0.999602   0.00111331  0.000294405 
        -3.5      54.1805     0.999603   0.00111725  0.000294873 
        -3.5      54.4819     0.999604   0.00112115   0.00029532 
        -3.5      54.7841     0.999605   0.00112502  0.000295746 
        -3.5      55.0872     0.999607   0.00112886  0.000296151 
        -3.5      55.3912     0.999608   0.00113266  0.000296535 
        -3.5      55.6959      0.99961   0.00113643  0.000296897 
        -3.5      56.0015     0.999611   0.00114017  0.000297237 
        -3.5       56.308     0.999612   0.00114388  0.000297556 
        -3.5      56.6152     0.999614   0.00114755  0.000297852 
        -3.5      56.9233     0.999615    0.0011512  0.000298126 
        -3.5      57.2323     0.999617   0.00115483  0.000298378 
        -3.5      57.5421     0.999618   0.00115842  0.000298607 
        -3.5      57.8527      0.99962   0.00116199  0.000298813 
        -3.5      58.1641     0.999621   0.00116554  0.000298996 
        -3.5      58.4764     0.999623   0.00116906  0.000299156 
        -3.5      58.7896     0.999624   0.00117256  0.000299293 
        -3.5      59.1035     0.999626   0.00117603  0.000299406 
        -3.5      59.4183     0.999627   0.00117949  0.000299495 
        -3.5      59.7339     0.999629   0.00118293   0.00029956 
        -3.5      60.0504      0.99963   0.00118635  0.000299601 
        -3.5      60.3677     0.999632   0.00118976  0.000299617 
        -3.5      60.6859     0.999633   0.00119315  0.000299609 
        -3.5      61.0048     0.999635   0.00119652  0.000299576 
        -3.5      61.3247     0.999636   0.00119988  0.000299518 
        -3.5      61.6453     0.999638   0.00120323  0.000299435 
        -3.5      61.9668     0.999639   0.00120657  0.000299327 
        -3.5      62.2891     0.999641    0.0012099  0.000299193 
        -3.5      62.6123     0.999642   0.00121323  0.000299033 
        -3.5      62.9363     0.999645   0.00121764  0.000300363 
        -3.5      63.2611     0.999648   0.00122087  0.000300431 
        -3.5      63.5868     0.999651   0.00122405  0.000300497 
        -3.5      63.9133     0.999654   0.00122721   0.00030056 
        -3.5      64.2406     0.999657   0.00123034  0.000300622 
        -3.5      64.5688      0.99966   0.00123343  0.000300682 
        -3.5      64.8978     0.999663   0.00123649   0.00030074 
        -3.5      65.2277     0.999665   0.00123952  0.000300797 
        -3.5      65.5583     0.999668   0.00124251  0.000300852 
        -3.5      65.8899     0.999671   0.00124548  0.000300906 
        -3.5      66.2222     0.999673   0.00124841  0.000300958 
        -3.5      66.5554     0.999676   0.00125131   0.00030101 
        -3.5      66.8894     0.999678   0.00125418  0.000301061 
        -3.5      67.2243     0.999681   0.00125702   0.00030111 
        -3.5        67.56     0.999683   0.00125983  0.000301159 
        -3.5      67.8966     0.999686   0.00126261  0.000301208 
        -3.5      68.2339     0.999688   0.00126536  0.000301256 
        -3.5      68.5721      0.99969   0.00126808  0.000301303 
        -3.5      68.9112     0.999692   0.00127078  0.000301351 
        -3.5      69.2511     0.999695   0.00127344  0.000301398 
        -3.5      69.5918     0.999697   0.00127607  0.000301446 
        -3.5      69.9333     0.999699   0.00127867  0.000301494 
        -3.5      70.2757     0.999701   0.00128125  0.000301542 
        -3.5      70.6189     0.999703    0.0012838   0.00030159 
        -3.5       70.963     0.999705   0.00128632   0.00030164 
        -3.5      71.3079     0.999707   0.00128881   0.00030169 
        -3.5      71.6536     0.999709   0.00129127  0.000301741 
        -3.5      72.0002     0.999711   0.00129371  0.000301793 
        -3.5      72.3476     0.999713   0.00129612  0.000301847 
        -3.5      72.6959     0.999715   0.00129851  0.000301902 
        -3.5      73.0449     0.999717   0.00130086  0.000301958 
        -3.5      73.3949     0.999719    0.0013032  0.000302017 
        -3.5      73.7456      0.99972   0.00130551  0.000302077 
        -3.5      74.0972     0.999722   0.00130779  0.000302139 
        -3.5      74.4496     0.999724   0.00131005  0.000302204 
        -3.5      74.8029     0.999726   0.00131228  0.000302271 
        -3.5       75.157     0.999727    0.0013145   0.00030234 
        -3.5      75.5119     0.999729   0.00131668  0.000302413 
        -3.5      75.8677     0.999731   0.00131885  0.000302488 
        -3.5      76.2243     0.999732   0.00132099  0.000302567 
        -3.5      76.5817     0.999734   0.00132311  0.000302649 
        -3.5        76.94     0.999736   0.00132521  0.000302734 
        -3.5      77.2991     0.999737   0.00132729  0.000302823 
        -3.5      77.6591     0.999739   0.00132934  0.000302916 
        -3.5      78.0198     0.999741   0.00133138  0.000303013 
        -3.5      78.3815     0.999742    0.0013334  0.000303115 
        -3.5      78.7439     0.999744   0.00133539  0.000303221 
        -3.5      79.1072     0.999745   0.00133737  0.000303331 
        -3.5      79.4714     0.999747   0.00133933  0.000303447 
        -3.5      79.8363     0.999749   0.00134128  0.000303567 
        -3.5      80.2021      0.99975    0.0013432  0.000303693 
        -3.5      80.5688     0.999752   0.00134511  0.000303824 
        -3.5      80.9362     0.999753     0.001347  0.000303961 
        -3.5      81.3045     0.999755   0.00134888  0.000304104 
        -3.5      81.6737     0.999757   0.00135074  0.000304254 
        -3.5      82.0437     0.999758   0.00135258  0.000304409 
        -3.5      82.4145      0.99976   0.00135441  0.000304571 
        -3.5      82.7861     0.999762   0.00135623   0.00030474 
        -3.5      83.1586     0.999763   0.00135804  0.000304916 
        -3.5       83.532     0.999765   0.00135983  0.000305099 
        -3.5      83.9061     0.999767   0.00136161   0.00030529 
        -3.5      84.2811     0.999768   0.00136338  0.000305489 
        -3.5       84.657      0.99977   0.00136514  0.000305695 
        -3.5      85.0336     0.999772   0.00136688   0.00030591 
        -3.5      85.4111     0.999774   0.00136862  0.000306133 
        -3.5      85.7895     0.999775   0.00137035  0.000306365 
        -3.5      86.1687     0.999777   0.00137208  0.000306606 
        -3.5      86.5487     0.999779   0.00137379  0.000306856 
        -3.5      86.9295     0.999781    0.0013755  0.000307115 
        -3.5      87.3112     0.999783    0.0013772  0.000307384 
        -3.5      87.6937     0.999785    0.0013789  0.000307663 
        -3.5      88.0771     0.999787   0.00138059  0.000307953 
        -3.5      88.4613     0.999789   0.00138228  0.000308253 
        -3.5      88.8463     0.999791   0.00138396  0.000308564 
        -3.5      89.2322     0.999793   0.00138564  0.000308885 
        -3.5      89.6189     0.999796   0.00138732  0.000309218 
        -3.5      90.0064     0.999798     0.001389  0.000309563 
        -3.5      90.3948       0.9998   0.00139068   0.00030992 
        -3.5       90.784     0.999803   0.00139236  0.000310288 
        -3.5      91.1741     0.999805   0.00139404  0.000310669 
        -3.5       91.565     0.999807   0.00139572  0.000311063 
        -3.5      91.9567     0.999809   0.00139917  0.000310892 
        -3.5      92.3492      0.99981   0.00140089  0.000311146 
        -3.5      92.7426     0.999811   0.00140259  0.000311415 
        -3.5      93.1369     0.999812   0.00140427  0.000311701 
        -3.5      93.5319     0.999803   0.00139682  0.000305632 
        -3.5      93.9278     0.999804   0.00139786  0.000305903 
        -3.5      94.3246     0.999805   0.00139883  0.000306146 
        -3.5      94.7221     0.999809   0.00140603  0.000311174 
        -3.5      95.1206     0.999811   0.00140715  0.000311431 
        -3.5      95.5198     0.999812   0.00140826  0.000311696 
        -3.5      95.9199     0.999814   0.00140936  0.000311969 
        -3.5      96.3208     0.999816   0.00141045  0.000312251 
        -3.5      96.7226     0.999817   0.00141154   0.00031254 
        -3.5      97.1251     0.999819   0.00141261  0.000312838 
        -3.5      97.5286     0.999821   0.00141368  0.000313144 
        -3.5      97.9328     0.999823   0.00141475  0.000313458 
        -3.5      98.3379     0.999824    0.0014158   0.00031378 
        -3.5      98.7439     0.999826   0.00141684   0.00031411 
        -3.5      99.1506     0.999828   0.00141788  0.000314449 
        -3.5      99.5583      0.99983   0.00141891  0.000314795 
        -3.5      99.9667     0.999831   0.00141993   0.00031515 
        -3.5      100.376     0.999833   0.00142094  0.000315512 
        -3.5      100.786     0.999835   0.00142195  0.000315883 
        -3.5      101.197     0.999836   0.00142295  0.000316262 
        -3.5      101.609     0.999838   0.00142394  0.000316648 
        -3.5      102.021      0.99984   0.00142492  0.000317043 
        -3.5      102.435     0.999841   0.00142589  0.000317446 
        -3.5      102.849     0.999843   0.00142686  0.000317857 
        -3.5      103.264     0.999845   0.00142782  0.000318275 
        -3.5       103.68     0.999847   0.00142877  0.000318702 
        -3.5      104.097     0.999848   0.00142972  0.000319136 
        -3.5      104.515      0.99985   0.00143065  0.000319579 
        -3.5      104.933     0.999852   0.00143159  0.000320029 
        -3.5      105.353     0.999853   0.00143251  0.000320488 
        -3.5      105.773     0.999855   0.00143342  0.000320954 
        -3.5      106.194     0.999856   0.00143433  0.000321427 
        -3.5      106.616     0.999858   0.00143523  0.000321909 
        -3.5      107.038      0.99986   0.00143613  0.000322399 
        -3.5      107.462     0.999861   0.00143702  0.000322896 
        -3.5      107.886     0.999863    0.0014379  0.000323401 
        -3.5      108.311     0.999864   0.00143877  0.000323913 
        -3.5      108.737     0.999866   0.00143964  0.000324434 
        -3.5      109.164     0.999867    0.0014405  0.000324961 
        -3.5      109.592     0.999869   0.00144135  0.000325497 
        -3.5       110.02     0.999871    0.0014422   0.00032604 
        -3.5       110.45     0.999872   0.00144304  0.000326591 
        -3.5       110.88     0.999874   0.00144388  0.000327149 
        -3.5      111.311     0.999875   0.00144471  0.000327715 
        -3.5      111.743     0.999876   0.00144553  0.000328288 
        -3.5      112.175     0.999878   0.00144634  0.000328868 
        -3.5      112.609     0.999879   0.00144715  0.000329457 
        -3.5      113.043     0.999881   0.00144796  0.000330052 
        -3.5      113.478     0.999882   0.00144876  0.000330655 
        -3.5      113.914     0.999884   0.00144955  0.000331265 
        -3.5      114.351     0.999885   0.00145034  0.000331882 
        -3.5      114.789     0.999886   0.00145112  0.000332506 
        -3.5      115.228     0.999888    0.0014519  0.000333138 
        -3.5      115.667     0.999889   0.00145267  0.000333777 
        -3.5      116.107      0.99989   0.00145343  0.000334423 
        -3.5      116.548     0.999891   0.00145419  0.000335076 
        -3.5       116.99     0.999893   0.00145495  0.000335736 
        -3.5      117.433     0.999894    0.0014557  0.000336403 
        -3.5      117.876     0.999895   0.00145644  0.000337077 
        -3.5      118.321     0.999896   0.00145718  0.000337758 
        -3.5      118.766     0.999897   0.00145792  0.000338445 
        -3.5      119.212     0.999898   0.00145865   0.00033914 
        -3.5      119.659       0.9999   0.00145938  0.000339841 
        -3.5      120.107     0.999901    0.0014601  0.000340549 
        -3.5      120.555     0.999902   0.00146082  0.000341264 
        -3.5      121.005     0.999903   0.00146153  0.000341986 
        -3.5      121.455     0.999904   0.00146224  0.000342714 
        -3.5      121.906     0.999905   0.00146294  0.000343448 
        -3.5      122.358     0.999906   0.00146365  0.000344189 
        -3.5      122.811     0.999906   0.00146434  0.000344936 
        -3.5      123.264     0.999907   0.00146504   0.00034569 
        -3.5      123.719     0.999908   0.00146573   0.00034645 
        -3.5      124.174     0.999909   0.00146642  0.000347217 
        -3.5       124.63      0.99991    0.0014671  0.000347989 
        -3.5      125.087      0.99991   0.00146778  0.000348768 
        -3.5      125.545     0.999911   0.00146846  0.000349553 
        -3.5      126.003     0.999912   0.00146914  0.000350344 
        -3.5      126.463     0.999913   0.00146981  0.000351141 
        -3.5      126.923     0.999913   0.00147048  0.000351944 
        -3.5      127.384     0.999914   0.00147115  0.000352752 
        -3.5      127.846     0.999914   0.00147181  0.000353567 
        -3.5      128.309     0.999915   0.00147248  0.000354387 
        -3.5      128.773     0.999915   0.00147314  0.000355213 
        -3.5      129.237     0.999916    0.0014738  0.000356045 
        -3.5      129.702     0.999916   0.00147445  0.000356882 
        -3.5      130.169     0.999916   0.00147511  0.000357725 
        -3.5      130.636     0.999917   0.00147576  0.000358573 
        -3.5      131.103     0.999917   0.00147642  0.000359427 
        -3.5      131.572     0.999917   0.00147707  0.000360285 
        -3.5      132.041      0.99992   0.00147363  0.000361206 
        -3.5      132.512     0.999921   0.00147435  0.000362097 
        -3.5      132.983     0.999921   0.00147506  0.000362996 
        -3.5      133.455     0.999921   0.00147575  0.000363904 
        -3.5      133.928     0.999921   0.00147642   0.00036482 
        -3.5      134.401     0.999921   0.00147706  0.000365743 
        -3.5      134.876     0.999921    0.0014777  0.000366676 
        -3.5      135.351     0.999922   0.00147831  0.000367616 
        -3.5      135.827     0.999922    0.0014789  0.000368564 
        -3.5      136.304     0.999922   0.00147947   0.00036952 
        -3.5      136.782     0.999922   0.00148002  0.000370484 
        -3.5      137.261     0.999923   0.00148055  0.000371455 
        -3.5       137.74     0.999923   0.00148106  0.000372435 
        -3.5      138.221     0.999923   0.00148155  0.000373422 
        -3.5      138.702     0.999924   0.00148201  0.000374417 
        -3.5      139.184     0.999924   0.00148246  0.000375419 
        -3.5      139.667     0.999925   0.00148289  0.000376429 
        -3.5      140.151     0.999926   0.00148329  0.000377447 
        -3.5      140.635     0.999927   0.00148367  0.000378471 
        -3.5       141.12     0.999927   0.00148403  0.000379503 
        -3.5      141.607     0.999928   0.00148437  0.000380543 
        -3.5      142.094      0.99993   0.00148469  0.000381589 
        -3.5      142.582     0.999931   0.00148498  0.000382643 
        -3.5       143.07     0.999932   0.00148525  0.000383704 
        -3.5       143.56     0.999934    0.0014855  0.000384771 
        -3.5       144.05     0.999935   0.00148572  0.000385846 
        -3.5      144.541     0.999937   0.00148592  0.000386928 
        -3.5      145.033     0.999939    0.0014861  0.000388016 
        -3.5      145.526     0.999941   0.00148625  0.000389111 
        -3.5       146.02     0.999944   0.00148638  0.000390212 
        -3.5      146.515     0.999946   0.00148649  0.000391321 
        -3.5       147.01     0.999949   0.00148657  0.000392435 
        -3.5      147.506     0.999952   0.00148662  0.000393556 
        -3.5      148.003     0.999955   0.00148665  0.000394683 
        -3.5      148.501     0.999958   0.00148666  0.000395817 
        -3.5          149     0.999962   0.00148664  0.000396957 
        -3.5        149.5     0.999966    0.0014866  0.000398102 
        -3.5          150      0.99997   0.00148653  0.000399254 
