Variables = x, y, u, v, p

Zone, I=600, F=POINT
       523.5            0   1.7424e-07  -1.1259e-09 -4.95054e-05 
       523.5     0.000418  0.000149794 -1.07998e-09 -4.95052e-05 
       523.5     0.001672  0.000598652 -7.24844e-10 -4.95048e-05 
       523.5     0.003763   0.00134711  5.92506e-10 -4.95042e-05 
       523.5     0.006689   0.00239445  3.95814e-09 -4.95034e-05 
       523.5     0.010451   0.00374104  1.08949e-08 -4.95023e-05 
       523.5      0.01505   0.00538724  2.33643e-08  -4.9501e-05 
       523.5     0.020485   0.00733269  4.37598e-08 -4.94996e-05 
       523.5     0.026756   0.00957741  7.49136e-08 -4.94981e-05 
       523.5     0.033863    0.0121214  1.20096e-07 -4.94964e-05 
       523.5     0.041806    0.0149646  1.83015e-07 -4.94947e-05 
       523.5     0.050585    0.0181071  2.67821e-07 -4.94929e-05 
       523.5     0.060201    0.0215492  3.79115e-07 -4.94911e-05 
       523.5     0.070652    0.0252902  5.21907e-07 -4.94892e-05 
       523.5      0.08194    0.0293308  7.01702e-07 -4.94873e-05 
       523.5     0.094063    0.0336703  9.24389e-07 -4.94854e-05 
       523.5     0.107023    0.0383093  1.19638e-06 -4.94833e-05 
       523.5     0.120819    0.0432475  1.52446e-06  -4.9481e-05 
       523.5     0.135451    0.0484848  1.91593e-06 -4.94785e-05 
       523.5     0.150919    0.0540212  2.37848e-06 -4.94756e-05 
       523.5     0.167224    0.0598569  2.92035e-06 -4.94721e-05 
       523.5     0.184364    0.0659912   3.5501e-06 -4.94679e-05 
       523.5     0.202341    0.0724247   4.2769e-06 -4.94626e-05 
       523.5     0.221153    0.0791566  5.11024e-06  -4.9456e-05 
       523.5     0.240802    0.0861874  6.06022e-06 -4.94477e-05 
       523.5     0.261287    0.0935175   7.1235e-06 -4.94347e-05 
       523.5     0.282608     0.101143  8.34265e-06 -4.94458e-05 
       523.5     0.304765     0.109067  9.70875e-06 -4.94528e-05 
       523.5     0.327758     0.117288  1.12332e-05 -4.94557e-05 
       523.5     0.351588     0.125807  1.29277e-05 -4.94545e-05 
       523.5     0.376253     0.134622  1.48044e-05 -4.94494e-05 
       523.5     0.401755     0.143733   1.6876e-05 -4.94408e-05 
       523.5     0.428092     0.153138  1.91552e-05 -4.94292e-05 
       523.5     0.455266     0.162837  2.16557e-05 -4.94151e-05 
       523.5     0.483276     0.172828   2.4391e-05 -4.93992e-05 
       523.5     0.512122      0.18311  2.73754e-05 -4.93826e-05 
       523.5     0.541805     0.193681  3.06236e-05 -4.93663e-05 
       523.5     0.572323      0.20454  3.41502e-05 -4.93516e-05 
       523.5     0.603677     0.215684  3.79707e-05 -4.93401e-05 
       523.5     0.635868     0.227112  4.21009e-05 -4.93334e-05 
       523.5     0.668894     0.238821  4.65567e-05 -4.93336e-05 
       523.5     0.702757     0.250809  5.13549e-05 -4.93429e-05 
       523.5     0.737456     0.263072  5.65122e-05 -4.93639e-05 
       523.5     0.772991     0.275611   6.2147e-05 -4.93418e-05 
       523.5     0.809362     0.288403  6.80054e-05 -4.93563e-05 
       523.5      0.84657     0.301459  7.42834e-05 -4.93653e-05 
       523.5     0.884613     0.314773  8.09934e-05 -4.93688e-05 
       523.5     0.923492     0.328338  8.81478e-05  -4.9367e-05 
       523.5     0.963208     0.342148  9.57587e-05 -4.93603e-05 
       523.5      1.00376     0.356195  0.000103837 -4.93489e-05 
       523.5      1.04515      0.37047  0.000112393 -4.93332e-05 
       523.5      1.08737     0.384965  0.000121438 -4.93137e-05 
       523.5      1.13043     0.399668  0.000130979  -4.9291e-05 
       523.5      1.17433      0.41457  0.000141026 -4.92657e-05 
       523.5      1.21906     0.429659  0.000151586 -4.92385e-05 
       523.5      1.26463     0.444924  0.000162666 -4.92103e-05 
       523.5      1.31103     0.460349  0.000174272  -4.9182e-05 
       523.5      1.35827     0.475923  0.000186408 -4.91547e-05 
       523.5      1.40635     0.491629  0.000199078 -4.91295e-05 
       523.5      1.45526     0.507452  0.000212284 -4.91076e-05 
       523.5      1.50501     0.523375  0.000226028 -4.90905e-05 
       523.5       1.5556     0.539379   0.00024031 -4.90796e-05 
       523.5      1.60702     0.555446  0.000255128 -4.90767e-05 
       523.5      1.65928     0.571556  0.000270481 -4.90834e-05 
       523.5      1.71237     0.587687  0.000286363 -4.91017e-05 
       523.5       1.7663     0.603123  0.000301375 -4.92471e-05 
       523.5      1.82106     0.619552  0.000318777 -4.91877e-05 
       523.5      1.87667     0.635832  0.000336512 -4.91337e-05 
       523.5      1.93311     0.651946   0.00035456 -4.90851e-05 
       523.5      1.99038     0.667877  0.000372901 -4.90417e-05 
       523.5      2.04849     0.683607   0.00039151 -4.90033e-05 
       523.5      2.10744      0.69912  0.000410365 -4.89696e-05 
       523.5      2.16722     0.714397  0.000429436 -4.89404e-05 
       523.5      2.22784     0.729421  0.000448696 -4.89154e-05 
       523.5      2.28929     0.744174  0.000468111 -4.88941e-05 
       523.5      2.35158     0.758638  0.000487648 -4.88762e-05 
       523.5      2.41471     0.772794   0.00050727 -4.88612e-05 
       523.5      2.47867     0.786625  0.000526938 -4.88487e-05 
       523.5      2.54347     0.800112   0.00054661 -4.88381e-05 
       523.5      2.60911     0.813236  0.000566242 -4.88288e-05 
       523.5      2.67558     0.825979  0.000585786 -4.88202e-05 
       523.5      2.74288     0.838322  0.000605191 -4.88115e-05 
       523.5      2.81103     0.850246  0.000624405 -4.88021e-05 
       523.5      2.88001     0.861732  0.000643371 -4.87911e-05 
       523.5      2.94983     0.872761  0.000662029 -4.87777e-05 
       523.5      3.02048     0.883314  0.000680317 -4.87609e-05 
       523.5      3.09197     0.893371  0.000698168 -4.87397e-05 
       523.5      3.16429     0.902914  0.000715513 -4.87132e-05 
       523.5      3.23745     0.911922  0.000732279 -4.86802e-05 
       523.5      3.31145     0.920376  0.000748389 -4.86395e-05 
       523.5      3.38628     0.928257  0.000763762 -4.85898e-05 
       523.5      3.46195     0.935544  0.000778314   -4.853e-05 
       523.5      3.53845      0.94222  0.000791957 -4.84585e-05 
       523.5      3.61579     0.948262  0.000804598 -4.83739e-05 
       523.5      3.69397     0.953652  0.000816142 -4.82748e-05 
       523.5      3.77298     0.960234  0.000831767 -4.71575e-05 
       523.5      3.85283     0.964514  0.000841677  -4.6949e-05 
       523.5      3.93352     0.975859  0.000863153 -4.62241e-05 
       523.5      4.01504     0.977928  0.000868989 -4.64364e-05 
       523.5       4.0974     0.979896  0.000874537 -4.66389e-05 
       523.5      4.18059     0.981764  0.000879796 -4.68315e-05 
       523.5      4.26462      0.98353  0.000884766 -4.70138e-05 
       523.5      4.34949     0.985197  0.000889449 -4.71859e-05 
       523.5      4.43519     0.986763  0.000893846 -4.73476e-05 
       523.5      4.52173     0.988231  0.000897959 -4.74986e-05 
       523.5       4.6091       0.9896  0.000901792 -4.76389e-05 
       523.5      4.69731     0.990872  0.000905348 -4.77684e-05 
       523.5      4.78636     0.992048  0.000908631 -4.78869e-05 
       523.5      4.87624      0.99313  0.000911646 -4.79943e-05 
       523.5      4.96696      0.99412  0.000914398 -4.80906e-05 
       523.5      5.05851     0.995019  0.000916894 -4.81756e-05 
       523.5       5.1509     0.995831   0.00091914 -4.82494e-05 
       523.5      5.24413     0.996556  0.000921143 -4.83118e-05 
       523.5       5.3382       0.9972  0.000922914 -4.83628e-05 
       523.5      5.43309     0.997763  0.000924459 -4.84023e-05 
       523.5      5.52883      0.99825   0.00092579 -4.84304e-05 
       523.5       5.6254     0.998665  0.000926917  -4.8447e-05 
       523.5      5.72281      0.99901  0.000927852 -4.84522e-05 
       523.5      5.82105     0.999291  0.000928606 -4.84458e-05 
       523.5      5.92013     0.999512  0.000929194 -4.84281e-05 
       523.5      6.02005     0.999678   0.00092963  -4.8399e-05 
       523.5       6.1208     0.999793  0.000929927 -4.83586e-05 
       523.5      6.22239     0.999863  0.000930103  -4.8307e-05 
       523.5      6.32482     0.999894  0.000930174 -4.82442e-05 
       523.5      6.42808     0.999892  0.000930159 -4.81704e-05 
       523.5      6.53217     0.999863  0.000930075 -4.80856e-05 
       523.5      6.63711     0.999814  0.000929943 -4.79901e-05 
       523.5      6.74287     0.999752  0.000929784  -4.7884e-05 
       523.5      6.84948     0.999685  0.000929619 -4.77674e-05 
       523.5      6.95692      0.99962  0.000929472 -4.76405e-05 
       523.5       7.0652     0.999565  0.000929366 -4.75036e-05 
       523.5      7.17431     0.999529  0.000929327 -4.73568e-05 
       523.5      7.28426     0.999522  0.000929381 -4.72005e-05 
       523.5      7.39505     0.999551  0.000929556 -4.70348e-05 
       523.5      7.50667     0.999628  0.000929879 -4.68601e-05 
       523.5      7.61913     0.999709  0.000931063 -4.58101e-05 
       523.5      7.73242     0.999707  0.000930898 -4.57256e-05 
       523.5      7.84655     0.999704  0.000930772 -4.56543e-05 
       523.5      7.96152     0.999703  0.000930683 -4.55953e-05 
       523.5      8.07732     0.999701  0.000930627 -4.55472e-05 
       523.5      8.19396       0.9997    0.0009306  -4.5509e-05 
       523.5      8.31143     0.999699    0.0009306 -4.54793e-05 
       523.5      8.42974     0.999699  0.000930622 -4.54568e-05 
       523.5      8.54889     0.999698  0.000930662   -4.544e-05 
       523.5      8.66887     0.999698  0.000930716 -4.54276e-05 
       523.5      8.78969     0.999699   0.00093078 -4.54178e-05 
       523.5      8.91135     0.999699  0.000930849 -4.54092e-05 
       523.5      9.03384       0.9997  0.000930918    -4.54e-05 
       523.5      9.15717       0.9997  0.000930983 -4.53884e-05 
       523.5      9.28133     0.999713  0.000930772 -4.51157e-05 
       523.5      9.40633     0.999715  0.000930767 -4.50372e-05 
       523.5      9.53216     0.999716  0.000930756 -4.49587e-05 
       523.5      9.65884     0.999717   0.00093074 -4.48802e-05 
       523.5      9.78634     0.999718  0.000930718 -4.48022e-05 
       523.5      9.91469     0.999718  0.000930692 -4.47248e-05 
       523.5      10.0439     0.999719  0.000930662 -4.46483e-05 
       523.5      10.1739     0.999719  0.000930628  -4.4573e-05 
       523.5      10.3047     0.999719  0.000930591 -4.44992e-05 
       523.5      10.4364     0.999719  0.000930552 -4.44271e-05 
       523.5      10.5689     0.999719   0.00093051 -4.43571e-05 
       523.5      10.7023     0.999719  0.000930468 -4.42895e-05 
       523.5      10.8365     0.999719  0.000930425 -4.42246e-05 
       523.5      10.9715     0.999718  0.000930383 -4.41628e-05 
       523.5      11.1074     0.999718  0.000930341 -4.41043e-05 
       523.5      11.2441     0.999718  0.000930301 -4.40496e-05 
       523.5      11.3817     0.999718  0.000930263  -4.3999e-05 
       523.5        11.52     0.999718  0.000930228  -4.3953e-05 
       523.5      11.6592     0.999718  0.000930198 -4.39118e-05 
       523.5      11.7993     0.999718  0.000930172  -4.3876e-05 
       523.5      11.9402     0.999718  0.000930152 -4.38458e-05 
       523.5      12.0819     0.999718  0.000930139 -4.38219e-05 
       523.5      12.2245     0.999718  0.000930133 -4.38045e-05 
       523.5      12.3679     0.999719  0.000930136 -4.37941e-05 
       523.5      12.5121      0.99972  0.000930148 -4.37913e-05 
       523.5      12.6572     0.999721  0.000930171 -4.37964e-05 
       523.5      12.8031     0.999722  0.000930395 -4.35442e-05 
       523.5      12.9498     0.999722  0.000930413  -4.3436e-05 
       523.5      13.0974     0.999723  0.000930428 -4.33295e-05 
       523.5      13.2458     0.999724  0.000930442 -4.32246e-05 
       523.5       13.395     0.999724  0.000930454 -4.31213e-05 
       523.5      13.5451     0.999725  0.000930464 -4.30195e-05 
       523.5       13.696     0.999726  0.000930473 -4.29192e-05 
       523.5      13.8478     0.999727   0.00093048 -4.28203e-05 
       523.5      14.0004     0.999727  0.000930486 -4.27227e-05 
       523.5      14.1538     0.999728  0.000930491 -4.26263e-05 
       523.5      14.3081     0.999729  0.000930494 -4.25312e-05 
       523.5      14.4632     0.999729  0.000930496 -4.24373e-05 
       523.5      14.6191      0.99973  0.000930497 -4.23443e-05 
       523.5      14.7759     0.999731  0.000930497 -4.22524e-05 
       523.5      14.9335     0.999731  0.000930496 -4.21613e-05 
       523.5      15.0919     0.999732  0.000930495 -4.20711e-05 
       523.5      15.2512     0.999733  0.000930493 -4.19816e-05 
       523.5      15.4113     0.999733  0.000930491 -4.18928e-05 
       523.5      15.5723     0.999734  0.000930488 -4.18044e-05 
       523.5      15.7341     0.999735  0.000930485 -4.17166e-05 
       523.5      15.8967     0.999735  0.000930482 -4.16291e-05 
       523.5      16.0602     0.999736  0.000930479 -4.15418e-05 
       523.5      16.2245     0.999737  0.000930477 -4.14546e-05 
       523.5      16.3896     0.999737  0.000930474 -4.13675e-05 
       523.5      16.5556     0.999738  0.000930473 -4.12803e-05 
       523.5      16.7224     0.999739  0.000930472 -4.11929e-05 
       523.5        16.89     0.999739  0.000930472 -4.11051e-05 
       523.5      17.0585      0.99974  0.000930473 -4.10169e-05 
       523.5      17.2278     0.999741  0.000930475 -4.09281e-05 
       523.5      17.3979     0.999741  0.000930478 -4.08385e-05 
       523.5      17.5689     0.999742  0.000930483 -4.07481e-05 
       523.5      17.7408     0.999743   0.00093053  -4.0601e-05 
       523.5      17.9134     0.999744   0.00093053 -4.05019e-05 
       523.5      18.0869     0.999745  0.000930532 -4.04037e-05 
       523.5      18.2612     0.999745  0.000930536 -4.03064e-05 
       523.5      18.4364     0.999746  0.000930541 -4.02101e-05 
       523.5      18.6124     0.999747  0.000930548 -4.01148e-05 
       523.5      18.7892     0.999748  0.000930557 -4.00204e-05 
       523.5      18.9669     0.999749  0.000930569 -3.99271e-05 
       523.5      19.1454     0.999749  0.000930583 -3.98349e-05 
       523.5      19.3248      0.99975    0.0009306 -3.97437e-05 
       523.5       19.505     0.999751  0.000930561 -3.96527e-05 
       523.5       19.686     0.999752  0.000930568 -3.95484e-05 
       523.5      19.8678     0.999753  0.000930576 -3.94438e-05 
       523.5      20.0505     0.999753  0.000930583 -3.93389e-05 
       523.5      20.2341     0.999754  0.000930591 -3.92338e-05 
       523.5      20.4184     0.999755  0.000930598 -3.91283e-05 
       523.5      20.6036     0.999756  0.000930605 -3.90227e-05 
       523.5      20.7897     0.999757  0.000930613 -3.89167e-05 
       523.5      20.9765     0.999757   0.00093062 -3.88104e-05 
       523.5      21.1642     0.999758  0.000930628 -3.87039e-05 
       523.5      21.3528     0.999759  0.000930635 -3.85971e-05 
       523.5      21.5422      0.99976  0.000930643 -3.84901e-05 
       523.5      21.7324     0.999761   0.00093065 -3.83828e-05 
       523.5      21.9234     0.999762  0.000930657 -3.82752e-05 
       523.5      22.1153     0.999762  0.000930665 -3.81673e-05 
       523.5       22.308     0.999763  0.000930672 -3.80592e-05 
       523.5      22.5016     0.999764   0.00093068 -3.79507e-05 
       523.5       22.696     0.999765  0.000930687 -3.78421e-05 
       523.5      22.8912     0.999766  0.000930694 -3.77331e-05 
       523.5      23.0873     0.999767  0.000930702 -3.76239e-05 
       523.5      23.2842     0.999768  0.000930709 -3.75144e-05 
       523.5       23.482     0.999769  0.000930716 -3.74046e-05 
       523.5      23.6805     0.999769  0.000930723 -3.72946e-05 
       523.5        23.88      0.99977  0.000930741 -3.72304e-05 
       523.5      24.0802     0.999771  0.000930745 -3.71196e-05 
       523.5      24.2813     0.999772  0.000930748 -3.70081e-05 
       523.5      24.4832     0.999773  0.000930752 -3.68961e-05 
       523.5       24.686     0.999774  0.000930756 -3.67834e-05 
       523.5      24.8896     0.999775   0.00093076 -3.66701e-05 
       523.5       25.094     0.999776  0.000930765 -3.65561e-05 
       523.5      25.2993     0.999777   0.00093077 -3.64414e-05 
       523.5      25.5054     0.999778  0.000930775 -3.63261e-05 
       523.5      25.7123     0.999779  0.000930781   -3.621e-05 
       523.5      25.9201      0.99978  0.000930788 -3.60933e-05 
       523.5      26.1287     0.999781  0.000930796 -3.59758e-05 
       523.5      26.3381     0.999782  0.000930804 -3.58576e-05 
       523.5      26.5484     0.999783  0.000930814 -3.57387e-05 
       523.5      26.7595     0.999784  0.000930824  -3.5619e-05 
       523.5      26.9715     0.999785  0.000930836 -3.54986e-05 
       523.5      27.1843     0.999786  0.000930849 -3.53774e-05 
       523.5      27.3979     0.999787  0.000930864 -3.52554e-05 
       523.5      27.6124     0.999788  0.000930856 -3.51486e-05 
       523.5      27.8277     0.999789  0.000930863  -3.5029e-05 
       523.5      28.0438      0.99979  0.000930869 -3.49089e-05 
       523.5      28.2608     0.999791  0.000930876 -3.47884e-05 
       523.5      28.4786     0.999792  0.000930883 -3.46673e-05 
       523.5      28.6972     0.999793   0.00093089 -3.45458e-05 
       523.5      28.9167     0.999794  0.000930897 -3.44238e-05 
       523.5       29.137     0.999795  0.000930904 -3.43013e-05 
       523.5      29.3582     0.999796  0.000930911 -3.41783e-05 
       523.5      29.5802     0.999797  0.000930918 -3.40549e-05 
       523.5       29.803     0.999798  0.000930923 -3.39312e-05 
       523.5      30.0267     0.999799   0.00093093 -3.38073e-05 
       523.5      30.2512       0.9998  0.000930937 -3.36831e-05 
       523.5      30.4765     0.999801  0.000930944 -3.35584e-05 
       523.5      30.7027     0.999802   0.00093095 -3.34332e-05 
       523.5      30.9297     0.999803  0.000930957 -3.33076e-05 
       523.5      31.1575     0.999804  0.000930963 -3.31816e-05 
       523.5      31.3862     0.999805   0.00093097 -3.30551e-05 
       523.5      31.6157     0.999806  0.000930976 -3.29281e-05 
       523.5      31.8461     0.999807  0.000930982 -3.28007e-05 
       523.5      32.0773     0.999809  0.000930989 -3.26729e-05 
       523.5      32.3093      0.99981  0.000930995 -3.25446e-05 
       523.5      32.5421     0.999811  0.000931001 -3.24158e-05 
       523.5      32.7758     0.999812  0.000931007 -3.22865e-05 
       523.5      33.0104     0.999813  0.000931013 -3.21568e-05 
       523.5      33.2457     0.999814  0.000931019 -3.20267e-05 
       523.5      33.4819     0.999815  0.000931025  -3.1896e-05 
       523.5       33.719     0.999816  0.000931031 -3.17649e-05 
       523.5      33.9568     0.999817  0.000931037 -3.16333e-05 
       523.5      34.1956     0.999819  0.000931043 -3.15012e-05 
       523.5      34.4351      0.99982  0.000931049 -3.13687e-05 
       523.5      34.6755     0.999821  0.000931055 -3.12356e-05 
       523.5      34.9167     0.999822   0.00093106 -3.11021e-05 
       523.5      35.1588     0.999823  0.000931066 -3.09681e-05 
       523.5      35.4017     0.999824  0.000931072 -3.08336e-05 
       523.5      35.6454     0.999826  0.000931077 -3.06986e-05 
       523.5      35.8899     0.999827  0.000931083 -3.05631e-05 
       523.5      36.1354     0.999828  0.000931089 -3.04271e-05 
       523.5      36.3816     0.999829  0.000931094 -3.02906e-05 
       523.5      36.6287      0.99983    0.0009311 -3.01536e-05 
       523.5      36.8766     0.999831  0.000931105 -3.00161e-05 
       523.5      37.1253     0.999833  0.000931111 -2.98781e-05 
       523.5      37.3749     0.999834  0.000931116 -2.97396e-05 
       523.5      37.6253     0.999835  0.000931122 -2.96005e-05 
       523.5      37.8766     0.999836  0.000931127  -2.9462e-05 
       523.5      38.1287     0.999837  0.000931133 -2.93224e-05 
       523.5      38.3816     0.999839  0.000931138 -2.91823e-05 
       523.5      38.6353      0.99984  0.000931143 -2.90418e-05 
       523.5      38.8899     0.999841  0.000931148 -2.89008e-05 
       523.5      39.1454     0.999842  0.000931153 -2.87593e-05 
       523.5      39.4016     0.999844  0.000931158 -2.86174e-05 
       523.5      39.6588     0.999845  0.000931163  -2.8475e-05 
       523.5      39.9167     0.999846  0.000931168 -2.83321e-05 
       523.5      40.1755     0.999847  0.000931173 -2.81888e-05 
       523.5      40.4351     0.999849  0.000931178  -2.8045e-05 
       523.5      40.6955      0.99985  0.000931183 -2.79007e-05 
       523.5      40.9568     0.999851  0.000931187 -2.77559e-05 
       523.5      41.2189     0.999852  0.000931192 -2.76107e-05 
       523.5      41.4819     0.999854  0.000931197  -2.7465e-05 
       523.5      41.7457     0.999855  0.000931201 -2.73189e-05 
       523.5      42.0103     0.999856  0.000931206 -2.71722e-05 
       523.5      42.2758     0.999858   0.00093121 -2.70251e-05 
       523.5      42.5421     0.999859  0.000931215 -2.68775e-05 
       523.5      42.8092      0.99986  0.000931219 -2.67294e-05 
       523.5      43.0772     0.999861  0.000931223 -2.65809e-05 
       523.5       43.346     0.999863  0.000931228 -2.64319e-05 
       523.5      43.6157     0.999864  0.000931232 -2.62824e-05 
       523.5      43.8862     0.999865  0.000931236 -2.61324e-05 
       523.5      44.1575     0.999867   0.00093124 -2.59819e-05 
       523.5      44.4296     0.999868  0.000931244  -2.5831e-05 
       523.5      44.7026     0.999869  0.000931248 -2.56796e-05 
       523.5      44.9765     0.999871  0.000931252 -2.55277e-05 
       523.5      45.2511     0.999872  0.000931256 -2.53753e-05 
       523.5      45.5266     0.999873   0.00093126 -2.52224e-05 
       523.5       45.803     0.999875  0.000931264 -2.50691e-05 
       523.5      46.0801     0.999876  0.000931267 -2.49152e-05 
       523.5      46.3581     0.999877  0.000931271 -2.47609e-05 
       523.5       46.637     0.999879  0.000931275 -2.46061e-05 
       523.5      46.9167      0.99988  0.000931278 -2.44508e-05 
       523.5      47.1972     0.999881  0.000931278  -2.4296e-05 
       523.5      47.4785     0.999883  0.000931281 -2.41407e-05 
       523.5      47.7607     0.999884  0.000931284 -2.39848e-05 
       523.5      48.0438     0.999885  0.000931287 -2.38284e-05 
       523.5      48.3276     0.999887  0.000931289 -2.36715e-05 
       523.5      48.6123     0.999888  0.000931292 -2.35141e-05 
       523.5      48.8979      0.99989  0.000931295 -2.33562e-05 
       523.5      49.1842     0.999891  0.000931297 -2.31978e-05 
       523.5      49.4714     0.999892    0.0009313 -2.30388e-05 
       523.5      49.7595     0.999894  0.000931303 -2.28794e-05 
       523.5      50.0484     0.999895  0.000931305 -2.27195e-05 
       523.5      50.3381     0.999897  0.000931308  -2.2559e-05 
       523.5      50.6286     0.999898   0.00093131 -2.23981e-05 
       523.5        50.92     0.999899  0.000931312 -2.22366e-05 
       523.5      51.2122     0.999901  0.000931315 -2.20747e-05 
       523.5      51.5053     0.999902  0.000931317 -2.19123e-05 
       523.5      51.7992     0.999904  0.000931319 -2.17493e-05 
       523.5      52.0939     0.999905  0.000931322 -2.15859e-05 
       523.5      52.3895     0.999906  0.000931324 -2.14219e-05 
       523.5      52.6859     0.999908  0.000931326 -2.12575e-05 
       523.5      52.9831     0.999909  0.000931328 -2.10926e-05 
       523.5      53.2812     0.999911   0.00093133 -2.09272e-05 
       523.5      53.5801     0.999912  0.000931332 -2.07613e-05 
       523.5      53.8799     0.999914  0.000931333 -2.05949e-05 
       523.5      54.1805     0.999915  0.000931335 -2.04281e-05 
       523.5      54.4819     0.999916  0.000931337 -2.02607e-05 
       523.5      54.7841     0.999918  0.000931338 -2.00929e-05 
       523.5      55.0872     0.999919   0.00093134 -1.99246e-05 
       523.5      55.3912     0.999921  0.000931341 -1.97558e-05 
       523.5      55.6959     0.999922  0.000931342 -1.95865e-05 
       523.5      56.0015     0.999924  0.000931343 -1.94168e-05 
       523.5       56.308     0.999925  0.000931344 -1.92466e-05 
       523.5      56.6152     0.999927  0.000931345 -1.90759e-05 
       523.5      56.9233     0.999928  0.000931346 -1.89047e-05 
       523.5      57.2323     0.999929  0.000931347 -1.87331e-05 
       523.5      57.5421     0.999931  0.000931347  -1.8561e-05 
       523.5      57.8527     0.999932  0.000931348 -1.83885e-05 
       523.5      58.1641     0.999934  0.000931348 -1.82155e-05 
       523.5      58.4764     0.999935  0.000931348  -1.8042e-05 
       523.5      58.7896     0.999937  0.000931349 -1.78681e-05 
       523.5      59.1035     0.999938  0.000931349 -1.76937e-05 
       523.5      59.4183      0.99994  0.000931348 -1.75188e-05 
       523.5      59.7339     0.999941  0.000931348 -1.73435e-05 
       523.5      60.0504     0.999943  0.000931347 -1.71678e-05 
       523.5      60.3677     0.999944  0.000931347 -1.69916e-05 
       523.5      60.6859     0.999946  0.000931346  -1.6815e-05 
       523.5      61.0048     0.999947  0.000931345 -1.66379e-05 
       523.5      61.3247     0.999949  0.000931344 -1.64604e-05 
       523.5      61.6453      0.99995  0.000931343 -1.62824e-05 
       523.5      61.9668     0.999952  0.000931341  -1.6104e-05 
       523.5      62.2891     0.999953  0.000931339 -1.59252e-05 
       523.5      62.6123     0.999955  0.000931338 -1.57459e-05 
       523.5      62.9363     0.999956  0.000931338 -1.55757e-05 
       523.5      63.2611     0.999958  0.000931337 -1.53954e-05 
       523.5      63.5868     0.999959  0.000931336 -1.52148e-05 
       523.5      63.9133     0.999961  0.000931334 -1.50337e-05 
       523.5      64.2406     0.999962  0.000931332 -1.48522e-05 
       523.5      64.5688     0.999964  0.000931331 -1.46703e-05 
       523.5      64.8978     0.999965  0.000931329 -1.44879e-05 
       523.5      65.2277     0.999967  0.000931327 -1.43051e-05 
       523.5      65.5583     0.999968  0.000931325 -1.41219e-05 
       523.5      65.8899      0.99997  0.000931323 -1.39383e-05 
       523.5      66.2222     0.999971   0.00093132 -1.37542e-05 
       523.5      66.5554     0.999973  0.000931318 -1.35697e-05 
       523.5      66.8894     0.999974  0.000931315 -1.33848e-05 
       523.5      67.2243     0.999976  0.000931313 -1.31995e-05 
       523.5        67.56     0.999977   0.00093131 -1.30137e-05 
       523.5      67.8966     0.999979  0.000931307 -1.28275e-05 
       523.5      68.2339      0.99998  0.000931304 -1.26408e-05 
       523.5      68.5721     0.999982  0.000931301 -1.24538e-05 
       523.5      68.9112     0.999984  0.000931297 -1.22663e-05 
       523.5      69.2511     0.999985  0.000931294 -1.20783e-05 
       523.5      69.5918     0.999987   0.00093129 -1.18899e-05 
       523.5      69.9333     0.999988  0.000931287 -1.17011e-05 
       523.5      70.2757      0.99999  0.000931283 -1.15118e-05 
       523.5      70.6189     0.999991  0.000931279 -1.13221e-05 
       523.5       70.963     0.999993  0.000931275  -1.1132e-05 
       523.5      71.3079     0.999994   0.00093127 -1.09414e-05 
       523.5      71.6536     0.999996  0.000931266 -1.07504e-05 
       523.5      72.0002     0.999997  0.000931261 -1.05589e-05 
       523.5      72.3476     0.999999  0.000931256  -1.0367e-05 
       523.5      72.6959            1  0.000931251 -1.01746e-05 
       523.5      73.0449            1  0.000931246 -9.98184e-06 
       523.5      73.3949            1  0.000931241 -9.78858e-06 
       523.5      73.7456      1.00001  0.000931235 -9.59487e-06 
       523.5      74.0972      1.00001  0.000931229 -9.40071e-06 
       523.5      74.4496      1.00001  0.000931223  -9.2061e-06 
       523.5      74.8029      1.00001  0.000931217 -9.01104e-06 
       523.5       75.157      1.00001  0.000931211 -8.81552e-06 
       523.5      75.5119      1.00001  0.000931205 -8.61954e-06 
       523.5      75.8677      1.00001  0.000931198 -8.42311e-06 
       523.5      76.2243      1.00002  0.000931191 -8.22622e-06 
       523.5      76.5817      1.00002  0.000931184 -8.02887e-06 
       523.5        76.94      1.00002  0.000931176 -7.83105e-06 
       523.5      77.2991      1.00002  0.000931169 -7.63278e-06 
       523.5      77.6591      1.00002  0.000931161 -7.43404e-06 
       523.5      78.0198      1.00002  0.000931153 -7.23483e-06 
       523.5      78.3815      1.00003  0.000931145 -7.03516e-06 
       523.5      78.7439      1.00003  0.000931136 -6.83501e-06 
       523.5      79.1072      1.00003  0.000931128  -6.6344e-06 
       523.5      79.4714      1.00003  0.000931119 -6.43332e-06 
       523.5      79.8363      1.00003   0.00093111 -6.23176e-06 
       523.5      80.2021      1.00003    0.0009311 -6.02973e-06 
       523.5      80.5688      1.00003  0.000931091 -5.82722e-06 
       523.5      80.9362      1.00004  0.000931081 -5.62424e-06 
       523.5      81.3045      1.00004  0.000931035 -5.34643e-06 
       523.5      81.6737      1.00004   0.00093103 -5.14366e-06 
       523.5      82.0437      1.00004  0.000931025 -4.94053e-06 
       523.5      82.4145      1.00004  0.000931019 -4.73703e-06 
       523.5      82.7861      1.00004  0.000931014 -4.53318e-06 
       523.5      83.1586      1.00004  0.000931007 -4.32896e-06 
       523.5       83.532      1.00005  0.000931001 -4.12437e-06 
       523.5      83.9061      1.00005  0.000930994 -3.91942e-06 
       523.5      84.2811      1.00005  0.000930987  -3.7141e-06 
       523.5       84.657      1.00005  0.000930979 -3.50841e-06 
       523.5      85.0336      1.00005  0.000930971 -3.30235e-06 
       523.5      85.4111      1.00005  0.000930963 -3.09592e-06 
       523.5      85.7895      1.00006  0.000930954 -2.88911e-06 
       523.5      86.1687      1.00006  0.000930946 -2.68193e-06 
       523.5      86.5487      1.00006  0.000930936 -2.47437e-06 
       523.5      86.9295      1.00006  0.000930927 -2.26643e-06 
       523.5      87.3112      1.00006  0.000930917 -2.05811e-06 
       523.5      87.6937      1.00006  0.000930906 -1.84942e-06 
       523.5      88.0771      1.00006  0.000930896 -1.64034e-06 
       523.5      88.4613      1.00007  0.000930885 -1.43087e-06 
       523.5      88.8463      1.00007  0.000930873 -1.22102e-06 
       523.5      89.2322      1.00007  0.000930862 -1.01078e-06 
       523.5      89.6189      1.00007   0.00093085 -8.00155e-07 
       523.5      90.0064      1.00007  0.000930837 -5.89136e-07 
       523.5      90.3948      1.00007  0.000930825 -3.77723e-07 
       523.5       90.784      1.00008  0.000930812 -1.65917e-07 
       523.5      91.1741      1.00008  0.000930798  4.62863e-08 
       523.5       91.565      1.00008  0.000930784  2.58888e-07 
       523.5      91.9567      1.00008   0.00093077  4.71889e-07 
       523.5      92.3492      1.00008  0.000930756  6.85293e-07 
       523.5      92.7426      1.00008  0.000930741    8.991e-07 
       523.5      93.1369      1.00008  0.000930725  1.11331e-06 
       523.5      93.5319      1.00009   0.00093071  1.32793e-06 
       523.5      93.9278      1.00009  0.000930694  1.54297e-06 
       523.5      94.3246      1.00009  0.000930677  1.75841e-06 
       523.5      94.7221      1.00009  0.000930661  1.97426e-06 
       523.5      95.1206      1.00009  0.000930644  2.19054e-06 
       523.5      95.5198      1.00009  0.000930626  2.40723e-06 
       523.5      95.9199       1.0001  0.000930608  2.62434e-06 
       523.5      96.3208       1.0001   0.00093059  2.84187e-06 
       523.5      96.7226       1.0001  0.000930572  3.05983e-06 
       523.5      97.1251       1.0001  0.000930553  3.27821e-06 
       523.5      97.5286       1.0001  0.000930533  3.49703e-06 
       523.5      97.9328       1.0001  0.000930514  3.71627e-06 
       523.5      98.3379      1.00011  0.000930493  3.93595e-06 
       523.5      98.7439      1.00011  0.000930473  4.15606e-06 
       523.5      99.1506      1.00011  0.000930452  4.37662e-06 
       523.5      99.5583      1.00011   0.00093067  4.53958e-06 
       523.5      99.9667      1.00011  0.000930648   4.7668e-06 
       523.5      100.376      1.00011  0.000930625  4.99417e-06 
       523.5      100.786      1.00011  0.000930603  5.22172e-06 
       523.5      101.197      1.00012  0.000930581  5.44948e-06 
       523.5      101.609      1.00012  0.000930559   5.6775e-06 
       523.5      102.021      1.00012  0.000930537  5.90579e-06 
       523.5      102.435      1.00012  0.000930514   6.1344e-06 
       523.5      102.849      1.00012  0.000930492  6.36336e-06 
       523.5      103.264      1.00012   0.00093047  6.59271e-06 
       523.5       103.68      1.00012  0.000930448  6.82247e-06 
       523.5      104.097      1.00012  0.000930426  7.05269e-06 
       523.5      104.515      1.00012  0.000930404   7.2834e-06 
       523.5      104.933      1.00012  0.000930382  7.51463e-06 
       523.5      105.353      1.00013  0.000930359  7.74644e-06 
       523.5      105.773      1.00013  0.000930337  7.97884e-06 
       523.5      106.194      1.00013  0.000930314  8.21188e-06 
       523.5      106.616      1.00013  0.000930292   8.4456e-06 
       523.5      107.038      1.00013  0.000930269  8.68003e-06 
       523.5      107.462      1.00013  0.000930247  8.91522e-06 
       523.5      107.886      1.00014  0.000930224  9.15121e-06 
       523.5      108.311      1.00014  0.000930201  9.38803e-06 
       523.5      108.737      1.00014  0.000930177  9.62572e-06 
       523.5      109.164      1.00014  0.000930154  9.86433e-06 
       523.5      109.592      1.00014  0.000930131  1.01039e-05 
       523.5       110.02      1.00014  0.000930107  1.03445e-05 
       523.5       110.45      1.00015  0.000930083  1.05861e-05 
       523.5       110.88      1.00015  0.000930059  1.08288e-05 
       523.5      111.311      1.00015  0.000930034  1.10726e-05 
       523.5      111.743      1.00015  0.000930009  1.13176e-05 
       523.5      112.175      1.00015  0.000929984  1.15638e-05 
       523.5      112.609      1.00016  0.000929959  1.18112e-05 
       523.5      113.043      1.00016  0.000929934    1.206e-05 
       523.5      113.478      1.00016  0.000929908  1.23101e-05 
       523.5      113.914      1.00016  0.000929881  1.25616e-05 
       523.5      114.351      1.00017  0.000929855  1.28146e-05 
       523.5      114.789      1.00017  0.000929828   1.3069e-05 
       523.5      115.228      1.00017  0.000929801   1.3325e-05 
       523.5      115.667      1.00014  0.000929628  1.35659e-05 
       523.5      116.107      1.00015  0.000929601   1.3804e-05 
       523.5      116.548      1.00015  0.000929574  1.40427e-05 
       523.5       116.99      1.00016  0.000929546  1.42817e-05 
       523.5      117.433      1.00016  0.000929518  1.45212e-05 
       523.5      117.876      1.00017   0.00092949  1.47612e-05 
       523.5      118.321      1.00017  0.000929462  1.50015e-05 
       523.5      118.766      1.00018  0.000929433  1.52423e-05 
       523.5      119.212      1.00018  0.000929404  1.54836e-05 
       523.5      119.659      1.00018  0.000929375  1.57252e-05 
       523.5      120.107      1.00019  0.000929345  1.59673e-05 
       523.5      120.555      1.00019  0.000929315  1.62099e-05 
       523.5      121.005       1.0002  0.000929285  1.64528e-05 
       523.5      121.455       1.0002  0.000929255  1.66962e-05 
       523.5      121.906      1.00021  0.000929225    1.694e-05 
       523.5      122.358      1.00021  0.000929194  1.71842e-05 
       523.5      122.811      1.00022  0.000929163  1.74288e-05 
       523.5      123.264      1.00022  0.000929132  1.76739e-05 
       523.5      123.719      1.00023    0.0009291  1.79193e-05 
       523.5      124.174      1.00023  0.000929069  1.81652e-05 
       523.5       124.63      1.00023  0.000929037  1.84115e-05 
       523.5      125.087      1.00024  0.000929005  1.86582e-05 
       523.5      125.545      1.00024  0.000928972  1.89054e-05 
       523.5      126.003      1.00025   0.00092894  1.91529e-05 
       523.5      126.463      1.00025  0.000928907  1.94008e-05 
       523.5      126.923      1.00025  0.000928874  1.96492e-05 
       523.5      127.384      1.00026  0.000928841  1.98979e-05 
       523.5      127.846      1.00026  0.000928807  2.01471e-05 
       523.5      128.309      1.00026  0.000928774  2.03966e-05 
       523.5      128.773      1.00027   0.00092874  2.06466e-05 
       523.5      129.237      1.00027  0.000928706  2.08969e-05 
       523.5      129.702      1.00027  0.000928671  2.11477e-05 
       523.5      130.169      1.00028  0.000928637  2.13988e-05 
       523.5      130.636      1.00028  0.000928602  2.16503e-05 
       523.5      131.103      1.00028  0.000928567  2.19022e-05 
       523.5      131.572      1.00028  0.000928532  2.21545e-05 
       523.5      132.041      1.00028  0.000928497  2.24072e-05 
       523.5      132.512      1.00029  0.000928462  2.26603e-05 
       523.5      132.983      1.00029  0.000928426  2.29138e-05 
       523.5      133.455      1.00029   0.00092839  2.31676e-05 
       523.5      133.928      1.00029  0.000928354  2.34218e-05 
       523.5      134.401      1.00029  0.000928318  2.36764e-05 
       523.5      134.876      1.00029  0.000928282  2.39314e-05 
       523.5      135.351      1.00029  0.000928246  2.41868e-05 
       523.5      135.827      1.00029  0.000928209  2.44425e-05 
       523.5      136.304      1.00029  0.000928172  2.46986e-05 
       523.5      136.782      1.00029  0.000928135   2.4955e-05 
       523.5      137.261      1.00029  0.000928098  2.52118e-05 
       523.5       137.74      1.00029  0.000928061   2.5469e-05 
       523.5      138.221      1.00029  0.000928023  2.57266e-05 
       523.5      138.702      1.00028  0.000927986  2.59845e-05 
       523.5      139.184      1.00028  0.000927948  2.62427e-05 
       523.5      139.667      1.00028   0.00092791  2.65014e-05 
       523.5      140.151      1.00028  0.000927872  2.67603e-05 
       523.5      140.635      1.00027  0.000927834  2.70196e-05 
       523.5       141.12      1.00027  0.000927796  2.72793e-05 
       523.5      141.607      1.00027  0.000927758  2.75393e-05 
       523.5      142.094      1.00026  0.000927719  2.77997e-05 
       523.5      142.582      1.00026  0.000927681  2.80604e-05 
       523.5       143.07      1.00025  0.000927642  2.83214e-05 
       523.5       143.56      1.00025  0.000927603  2.85828e-05 
       523.5       144.05      1.00024  0.000927564  2.88445e-05 
       523.5      144.541      1.00023  0.000927525  2.91066e-05 
       523.5      145.033      1.00023  0.000927486   2.9369e-05 
       523.5      145.526      1.00022  0.000927447  2.96317e-05 
       523.5       146.02      1.00021  0.000927408  2.98947e-05 
       523.5      146.515       1.0002  0.000927368  3.01581e-05 
       523.5       147.01      1.00019  0.000927329  3.04217e-05 
       523.5      147.506      1.00018  0.000927289  3.06857e-05 
       523.5      148.003      1.00017   0.00092725  3.09501e-05 
       523.5      148.501      1.00016   0.00092721  3.12147e-05 
       523.5          149      1.00015   0.00092717  3.14796e-05 
       523.5        149.5      1.00014   0.00092713  3.17449e-05 
       523.5          150      1.00013  0.000927091  3.20104e-05 
