Variables = x, y, u, v, p

Zone, I=600, F=POINT
        21.5        -0.75  9.32136e-06  3.09012e-07    0.0132041 
        21.5     -0.74958 -6.83006e-06  3.01455e-07    0.0131936 
        21.5    -0.748319 -5.45602e-05  2.64738e-07    0.0131624 
        21.5    -0.746219 -0.000131509  1.56992e-07    0.0131112 
        21.5    -0.743278 -0.000233943 -9.13973e-08    0.0130416 
        21.5    -0.739496 -0.000356532 -5.77076e-07    0.0129553 
        21.5    -0.734875 -0.000492369 -1.42256e-06    0.0128548 
        21.5    -0.729413 -0.000633162  -2.7762e-06    0.0127428 
        21.5     -0.72311 -0.000769039  -4.8102e-06    0.0126226 
        21.5    -0.715968 -0.000888601 -7.71846e-06    0.0124975 
        21.5    -0.707985 -0.000979031 -1.17172e-05    0.0123713 
        21.5    -0.699162  -0.00102598 -1.70403e-05    0.0122477 
        21.5    -0.689498  -0.00101362 -2.39398e-05    0.0121305 
        21.5    -0.678995   -0.0009247 -3.26797e-05    0.0120234 
        21.5    -0.667651 -0.000740469 -4.35394e-05    0.0119299 
        21.5    -0.655466 -0.000440736 -5.68058e-05    0.0118529 
        21.5    -0.642442 -3.95826e-06 -7.27693e-05    0.0117951 
        21.5    -0.628577   0.00059294 -9.17279e-05    0.0117584 
        21.5    -0.613872   0.00137434 -0.000113975    0.0117436 
        21.5    -0.598326   0.00236609 -0.000139803    0.0117509 
        21.5     -0.58194    0.0035953 -0.000169493    0.0117789 
        21.5    -0.564714   0.00509047 -0.000203314    0.0118249 
        21.5    -0.546648   0.00688143 -0.000241519    0.0118847 
        21.5    -0.527741   0.00899943 -0.000284343    0.0119518 
        21.5    -0.507994    0.0114768 -0.000331987     0.012018 
        21.5    -0.487407    0.0143472 -0.000384627    0.0120725 
        21.5    -0.465979    0.0176458 -0.000442402     0.012102 
        21.5    -0.443711    0.0214086 -0.000505406    0.0120901 
        21.5    -0.420603    0.0256729 -0.000573686    0.0120175 
        21.5    -0.396654    0.0304773  -0.00064724    0.0118611 
        21.5    -0.371866     0.035868 -0.000726053    0.0119477 
        21.5    -0.346236    0.0418326  -0.00081088    0.0119475 
        21.5    -0.319767    0.0484558 -0.000900813    0.0119473 
        21.5    -0.292457    0.0557699 -0.000995839    0.0119471 
        21.5    -0.264307    0.0638054   -0.0010959    0.0119468 
        21.5    -0.235317    0.0725921  -0.00120088    0.0119465 
        21.5    -0.205486    0.0821582  -0.00131066    0.0119461 
        21.5    -0.174816    0.0925298  -0.00142501    0.0119457 
        21.5    -0.143304     0.103733   -0.0015437    0.0119453 
        21.5    -0.110953     0.115788   -0.0016664    0.0119447 
        21.5    -0.077761     0.128717  -0.00179275    0.0119441 
        21.5    -0.043729     0.142537   -0.0019223    0.0119434 
        21.5    -0.008857     0.157264  -0.00205454    0.0119426 
        21.5     0.026856     0.172848  -0.00218992     0.011942 
        21.5     0.063409     0.189327  -0.00232698    0.0119407 
        21.5     0.100802     0.206673  -0.00246652    0.0119381 
        21.5     0.139036     0.224863  -0.00260752    0.0119352 
        21.5      0.17811     0.243867  -0.00274878    0.0119336 
        21.5     0.218024     0.263648    -0.002889    0.0119349 
        21.5     0.258779     0.284172  -0.00302642    0.0119352 
        21.5     0.300373     0.305454  -0.00317363     0.011928 
        21.5     0.342808     0.327279  -0.00331739    0.0119224 
        21.5     0.386084     0.349605  -0.00345771    0.0119181 
        21.5     0.430199     0.372388  -0.00359464    0.0119145 
        21.5     0.475155     0.395577   -0.0037283    0.0119112 
        21.5     0.520952     0.419115  -0.00385881    0.0119075 
        21.5     0.567588     0.442938  -0.00398638    0.0119028 
        21.5     0.615065     0.466977  -0.00411125    0.0118964 
        21.5     0.663382     0.491155   -0.0042337    0.0118873 
        21.5      0.71254     0.515389  -0.00435411    0.0118748 
        21.5     0.762538     0.539436  -0.00449242    0.0118626 
        21.5     0.813376     0.563811  -0.00460328    0.0118512 
        21.5     0.865054     0.587926  -0.00471038    0.0118389 
        21.5     0.917573     0.611736  -0.00481346    0.0118255 
        21.5     0.970932     0.635192  -0.00491229    0.0118111 
        21.5      1.02513     0.658243   -0.0050066    0.0117956 
        21.5      1.08017     0.680838  -0.00509616     0.011779 
        21.5      1.13605     0.702921  -0.00518071    0.0117611 
        21.5      1.19277     0.724437     -0.00526     0.011742 
        21.5      1.25033     0.745327  -0.00533378    0.0117216 
        21.5      1.30873     0.765529   -0.0054018    0.0116998 
        21.5      1.36797     0.784982  -0.00546379    0.0116766 
        21.5      1.42805     0.803618  -0.00551951    0.0116519 
        21.5      1.48898     0.821371  -0.00556871    0.0116256 
        21.5      1.55074      0.83817  -0.00561112    0.0115977 
        21.5      1.61334     0.853941  -0.00564649    0.0115682 
        21.5      1.67678     0.868611  -0.00567457    0.0115368 
        21.5      1.74107     0.882099   -0.0056951    0.0115037 
        21.5      1.80619     0.895824   -0.0056931    0.0114704 
        21.5      1.87215     0.906966  -0.00569447    0.0114347 
        21.5      1.93896     0.917272  -0.00569167     0.011398 
        21.5       2.0066     0.926751  -0.00568476    0.0113605 
        21.5      2.07508     0.935415  -0.00567382    0.0113221 
        21.5      2.14441      0.94328  -0.00565894    0.0112828 
        21.5      2.21457     0.950365  -0.00564021    0.0112427 
        21.5      2.28558     0.956692  -0.00561777    0.0112018 
        21.5      2.35742     0.962286  -0.00559174    0.0111601 
        21.5      2.43011     0.967178  -0.00556227    0.0111177 
        21.5      2.50364     0.971399  -0.00552955    0.0110744 
        21.5        2.578     0.974988  -0.00549375    0.0110305 
        21.5      2.65321     0.977983  -0.00545508    0.0109858 
        21.5      2.72926     0.980431  -0.00541378    0.0109404 
        21.5      2.80614     0.982381  -0.00537009    0.0108945 
        21.5      2.88387     0.983886  -0.00532426    0.0108479 
        21.5      2.96244     0.985003  -0.00527661    0.0108007 
        21.5      3.04185     0.985795  -0.00522742     0.010753 
        21.5       3.1221      0.98633  -0.00517704    0.0107049 
        21.5      3.20318     0.986679  -0.00512581    0.0106563 
        21.5      3.28511     0.986919  -0.00507412    0.0106073 
        21.5      3.36788     0.987132  -0.00502237    0.0105579 
        21.5      3.45149     0.987405  -0.00497099    0.0105083 
        21.5      3.53594     0.987832  -0.00492042    0.0104584 
        21.5      3.62123     0.988509  -0.00487114    0.0104084 
        21.5      3.70736     0.989541  -0.00482366    0.0103583 
        21.5      3.79433     0.988874  -0.00476721    0.0103063 
        21.5      3.88215     0.988999  -0.00471709     0.010255 
        21.5       3.9708     0.989111  -0.00466663    0.0102039 
        21.5      4.06029     0.989205  -0.00461644    0.0101528 
        21.5      4.15062      0.98929  -0.00456462    0.0101006 
        21.5      4.24179     0.989363  -0.00451263    0.0100484 
        21.5      4.33381     0.989427  -0.00446049   0.00999615 
        21.5      4.42666     0.989483  -0.00440828   0.00994374 
        21.5      4.52035     0.989533  -0.00435605   0.00989112 
        21.5      4.61489     0.989579  -0.00430386   0.00983823 
        21.5      4.71026     0.989624  -0.00425177   0.00978497 
        21.5      4.80647      0.98967  -0.00419986   0.00973129 
        21.5      4.90353     0.989719  -0.00414819    0.0096771 
        21.5      5.00142     0.989769  -0.00409773   0.00962279 
        21.5      5.10016     0.989827  -0.00404546   0.00956865 
        21.5      5.19974     0.989885  -0.00399314   0.00951433 
        21.5      5.30015     0.989943  -0.00394079   0.00945982 
        21.5      5.40141     0.990001  -0.00388848   0.00940514 
        21.5       5.5035      0.99006  -0.00383623   0.00935028 
        21.5      5.60644     0.990119  -0.00378411   0.00929525 
        21.5      5.71022     0.990177  -0.00373215   0.00924004 
        21.5      5.81483     0.990235  -0.00368041   0.00918467 
        21.5      5.92029     0.990293  -0.00362895   0.00912912 
        21.5      6.02659      0.99035  -0.00357782   0.00907341 
        21.5      6.13373     0.990406  -0.00352708   0.00901753 
        21.5       6.2417      0.99046  -0.00347631   0.00896149 
        21.5      6.35052     0.990516  -0.00342558   0.00890573 
        21.5      6.46018     0.990575  -0.00337413   0.00884875 
        21.5      6.57068     0.990632  -0.00332315   0.00879258 
        21.5      6.68202     0.990689  -0.00327196   0.00873602 
        21.5       6.7942     0.990747  -0.00322138   0.00867944 
        21.5      6.90722     0.990805  -0.00317093   0.00862279 
        21.5      7.02108     0.990863  -0.00312064   0.00856608 
        21.5      7.13578     0.990921  -0.00307051   0.00850932 
        21.5      7.25132      0.99098  -0.00302055    0.0084525 
        21.5       7.3677     0.991038  -0.00297078   0.00839564 
        21.5      7.48493     0.991097   -0.0029212   0.00833874 
        21.5      7.60299     0.991155  -0.00287182    0.0082818 
        21.5      7.72189     0.991214  -0.00282266   0.00822484 
        21.5      7.84163     0.991272  -0.00277372   0.00816785 
        21.5      7.96222     0.991331  -0.00272502   0.00811084 
        21.5      8.08364      0.99139  -0.00267657   0.00805382 
        21.5       8.2059     0.991448  -0.00262838   0.00799679 
        21.5      8.32901     0.991506  -0.00258046   0.00793975 
        21.5      8.45295     0.991565  -0.00253281   0.00788272 
        21.5      8.57774     0.991623  -0.00248544   0.00782567 
        21.5      8.70336     0.991681  -0.00243824   0.00776866 
        21.5      8.82982     0.991739  -0.00239131    0.0077117 
        21.5      8.95713     0.991798  -0.00234467   0.00765477 
        21.5      9.08528     0.991856  -0.00229831    0.0075979 
        21.5      9.21426     0.991914  -0.00225225   0.00754108 
        21.5      9.34409     0.991973  -0.00220649   0.00748433 
        21.5      9.47475     0.992031  -0.00216103   0.00742766 
        21.5      9.60626     0.992089  -0.00211588   0.00737107 
        21.5      9.73861     0.992147  -0.00207104   0.00731457 
        21.5       9.8718     0.992205  -0.00202653   0.00725817 
        21.5      10.0058     0.992263  -0.00198234   0.00720189 
        21.5      10.1407      0.99232  -0.00193848   0.00714572 
        21.5      10.2764     0.992378  -0.00189496   0.00708968 
        21.5      10.4129     0.992435  -0.00185178   0.00703377 
        21.5      10.5503     0.992492  -0.00180892   0.00697792 
        21.5      10.6886     0.992549   -0.0017664   0.00692223 
        21.5      10.8276     0.992606  -0.00172423   0.00686667 
        21.5      10.9675     0.992663  -0.00168241   0.00681126 
        21.5      11.1083      0.99272  -0.00164094   0.00675601 
        21.5      11.2499     0.992776  -0.00159983   0.00670091 
        21.5      11.3923     0.992833  -0.00155908   0.00664598 
        21.5      11.5356     0.992889  -0.00151869   0.00659123 
        21.5      11.6797     0.992945  -0.00147867   0.00653665 
        21.5      11.8246     0.993001  -0.00143901   0.00648226 
        21.5      11.9704     0.993056  -0.00139973   0.00642807 
        21.5      12.1171     0.993112  -0.00136082   0.00637407 
        21.5      12.2645     0.993167  -0.00132215   0.00632023 
        21.5      12.4129     0.993222    -0.001284   0.00626666 
        21.5       12.562     0.993277  -0.00124622    0.0062133 
        21.5       12.712     0.993331   -0.0012088   0.00616015 
        21.5      12.8628     0.993386  -0.00117175   0.00610723 
        21.5      13.0145      0.99344  -0.00113508   0.00605452 
        21.5       13.167     0.993494  -0.00109877   0.00600205 
        21.5      13.3204     0.993548  -0.00106285   0.00594981 
        21.5      13.4746     0.993601   -0.0010273   0.00589782 
        21.5      13.6296     0.993654 -0.000992133   0.00584606 
        21.5      13.7855     0.993707 -0.000957345   0.00579457 
        21.5      13.9422      0.99376 -0.000922937   0.00574332 
        21.5      14.0998     0.993813 -0.000888912   0.00569234 
        21.5      14.2582     0.993865 -0.000855268   0.00564162 
        21.5      14.4174     0.993917 -0.000822007   0.00559117 
        21.5      14.5775     0.993968 -0.000789129     0.005541 
        21.5      14.7384      0.99402 -0.000756632   0.00549111 
        21.5      14.9001     0.994071 -0.000724518    0.0054415 
        21.5      15.0627     0.994122 -0.000692785   0.00539218 
        21.5      15.2262     0.994172 -0.000661306   0.00534311 
        21.5      15.3905     0.994223 -0.000630281   0.00529441 
        21.5      15.5556     0.994273 -0.000599635     0.005246 
        21.5      15.7215     0.994322 -0.000569368   0.00519789 
        21.5      15.8883     0.994372 -0.000539476   0.00515007 
        21.5       16.056     0.994421 -0.000509957   0.00510255 
        21.5      16.2245     0.994469 -0.000480806   0.00505533 
        21.5      16.3938     0.994518 -0.000452022    0.0050084 
        21.5      16.5639     0.994566 -0.000423599   0.00496178 
        21.5      16.7349     0.994614 -0.000395535   0.00491546 
        21.5      16.9068     0.994662 -0.000367824   0.00486943 
        21.5      17.0795     0.994709 -0.000340462   0.00482371 
        21.5       17.253     0.994756 -0.000313444   0.00477829 
        21.5      17.4273     0.994802 -0.000286764   0.00473317 
        21.5      17.6025     0.994848 -0.000260497   0.00468881 
        21.5      17.7786     0.994895 -0.000234561   0.00464434 
        21.5      17.9555      0.99494 -0.000208956   0.00460021 
        21.5      18.1332     0.994986 -0.000183683   0.00455643 
        21.5      18.3118     0.995031 -0.000158742   0.00451299 
        21.5      18.4912     0.995075 -0.000134132    0.0044699 
        21.5      18.6714      0.99512 -0.000109854   0.00442715 
        21.5      18.8525     0.995164  -8.5907e-05   0.00438474 
        21.5      19.0344     0.995207  -6.2291e-05   0.00434268 
        21.5      19.2172     0.995251 -3.90053e-05   0.00430096 
        21.5      19.4008     0.995294 -1.60493e-05   0.00425958 
        21.5      19.5852     0.995337   6.5781e-06   0.00421854 
        21.5      19.7705     0.995379  2.88777e-05   0.00417784 
        21.5      19.9566     0.995421   5.0701e-05   0.00413747 
        21.5      20.1436     0.995463  7.24231e-05   0.00409737 
        21.5      20.3314     0.995504  9.38282e-05    0.0040576 
        21.5      20.5201     0.995545   0.00011492   0.00401817 
        21.5      20.7095     0.995586  0.000135702   0.00397906 
        21.5      20.8999     0.995626  0.000156178    0.0039403 
        21.5       21.091     0.995667  0.000176352   0.00390187 
        21.5      21.2831     0.995706   0.00019623   0.00386377 
        21.5      21.4759     0.995746  0.000215816   0.00382601 
        21.5      21.6696     0.995785  0.000235114   0.00378859 
        21.5      21.8641     0.995824   0.00025413    0.0037515 
        21.5      22.0595     0.995862  0.000272869   0.00371475 
        21.5      22.2557     0.995901  0.000291338   0.00367833 
        21.5      22.4527     0.995938  0.000309541   0.00364225 
        21.5      22.6506     0.995976  0.000327486   0.00360651 
        21.5      22.8494     0.996013  0.000345178   0.00357109 
        21.5      23.0489      0.99605  0.000362624   0.00353601 
        21.5      23.2493     0.996086  0.000379831   0.00350127 
        21.5      23.4506     0.996123  0.000395698   0.00346679 
        21.5      23.6527     0.996159  0.000412628   0.00343268 
        21.5      23.8556     0.996194  0.000429265   0.00339886 
        21.5      24.0594      0.99623  0.000445611   0.00336532 
        21.5       24.264     0.996265   0.00046167   0.00333209 
        21.5      24.4695     0.996299  0.000477444   0.00329915 
        21.5      24.6758     0.996334  0.000492936   0.00326651 
        21.5      24.8829     0.996368  0.000508149   0.00323418 
        21.5      25.0909     0.996402  0.000523086   0.00320216 
        21.5      25.2997     0.996436  0.000537752   0.00317045 
        21.5      25.5093     0.996469  0.000552149   0.00313905 
        21.5      25.7198       0.9965  0.000566997   0.00310944 
        21.5      25.9312     0.996533  0.000580868   0.00307865 
        21.5      26.1433     0.996565  0.000594546   0.00304819 
        21.5      26.3564     0.996597  0.000608032   0.00301803 
        21.5      26.5702     0.996629  0.000621326   0.00298819 
        21.5      26.7849     0.996661  0.000634429   0.00295866 
        21.5      27.0004     0.996692  0.000647342   0.00292944 
        21.5      27.2168     0.996723  0.000660067   0.00290053 
        21.5       27.434     0.996753  0.000672604   0.00287192 
        21.5      27.6521     0.996783  0.000684955   0.00284362 
        21.5       27.871     0.996813  0.000697121   0.00281562 
        21.5      28.0907     0.996843  0.000709103   0.00278792 
        21.5      28.3113     0.996873  0.000720904   0.00276051 
        21.5      28.5327     0.996902  0.000732524    0.0027334 
        21.5       28.755      0.99693  0.000743964   0.00270658 
        21.5      28.9781     0.996959  0.000755228   0.00268005 
        21.5       29.202     0.996987  0.000766317    0.0026538 
        21.5      29.4268     0.997015  0.000777232   0.00262784 
        21.5      29.6524     0.997043  0.000787975   0.00260215 
        21.5      29.8789      0.99707   0.00079855   0.00257674 
        21.5      30.1062     0.997098  0.000808957    0.0025516 
        21.5      30.3343     0.997125  0.000819199   0.00252673 
        21.5      30.5633     0.997151  0.000829279   0.00250212 
        21.5      30.7931     0.997178  0.000839199   0.00247777 
        21.5      31.0238     0.997204  0.000848961   0.00245367 
        21.5      31.2553      0.99723  0.000858568   0.00242983 
        21.5      31.4876     0.997256  0.000868024   0.00240623 
        21.5      31.7208     0.997281   0.00087733   0.00238288 
        21.5      31.9548     0.997306   0.00088649   0.00235976 
        21.5      32.1897     0.997331  0.000895506   0.00233687 
        21.5      32.4254     0.997356  0.000904383    0.0023142 
        21.5       32.662     0.997381  0.000913122   0.00229176 
        21.5      32.8993     0.997405  0.000921728   0.00226953 
        21.5      33.1376     0.997429  0.000930204   0.00224751 
        21.5      33.3766     0.997453  0.000938553   0.00222569 
        21.5      33.6165     0.997477   0.00094678   0.00220406 
        21.5      33.8573       0.9975  0.000954422   0.00218313 
        21.5      34.0989     0.997523  0.000962335   0.00216239 
        21.5      34.3413     0.997546  0.000970129   0.00214186 
        21.5      34.5846     0.997568  0.000977805   0.00212153 
        21.5      34.8287     0.997591  0.000985364    0.0021014 
        21.5      35.0736     0.997613  0.000992806   0.00208148 
        21.5      35.3194     0.997635   0.00100013   0.00206177 
        21.5       35.566     0.997657   0.00100734   0.00204226 
        21.5      35.8135     0.997678   0.00101444   0.00202295 
        21.5      36.0618       0.9977   0.00102143   0.00200385 
        21.5       36.311     0.997721   0.00102831   0.00198495 
        21.5      36.5609     0.997742   0.00103507   0.00196625 
        21.5      36.8118     0.997763   0.00104173   0.00194776 
        21.5      37.0634     0.997783   0.00104828   0.00192947 
        21.5       37.316     0.997804   0.00105472   0.00191137 
        21.5      37.5693     0.997824   0.00106106   0.00189348 
        21.5      37.8235     0.997844   0.00106729   0.00187579 
        21.5      38.0785     0.997864   0.00107342    0.0018583 
        21.5      38.3344     0.997883   0.00107946   0.00184101 
        21.5      38.5911     0.997903   0.00108539   0.00182391 
        21.5      38.8487     0.997922   0.00109123   0.00180701 
        21.5       39.107     0.997941   0.00109697    0.0017903 
        21.5      39.3663      0.99796   0.00110261   0.00177379 
        21.5      39.6264     0.997979   0.00110817   0.00175747 
        21.5      39.8873     0.997997   0.00111363   0.00174135 
        21.5       40.149     0.998016   0.00111901   0.00172541 
        21.5      40.4116     0.998034    0.0011243   0.00170967 
        21.5       40.675     0.998052   0.00112951   0.00169411 
        21.5      40.9393      0.99807   0.00113463   0.00167873 
        21.5      41.2044     0.998087   0.00113967   0.00166355 
        21.5      41.4704     0.998105   0.00114464   0.00164854 
        21.5      41.7372     0.998122   0.00114953   0.00163372 
        21.5      42.0048     0.998139   0.00115434   0.00161908 
        21.5      42.2733     0.998156   0.00115909   0.00160461 
        21.5      42.5426     0.998173   0.00116376   0.00159032 
        21.5      42.8128     0.998189   0.00116837   0.00157621 
        21.5      43.0838     0.998206   0.00117291   0.00156227 
        21.5      43.3556     0.998222    0.0011774    0.0015485 
        21.5      43.6283     0.998239   0.00118196   0.00153408 
        21.5      43.9018     0.998255   0.00118627    0.0015206 
        21.5      44.1761     0.998271    0.0011905   0.00150727 
        21.5      44.4513     0.998287   0.00119463   0.00149409 
        21.5      44.7274     0.998302   0.00119868   0.00148105 
        21.5      45.0043     0.998318   0.00120264   0.00146816 
        21.5       45.282     0.998333    0.0012065    0.0014554 
        21.5      45.5605     0.998348   0.00121028   0.00144277 
        21.5      45.8399     0.998363   0.00121397   0.00143027 
        21.5      46.1202     0.998378   0.00121803     0.001418 
        21.5      46.4013     0.998393   0.00122181   0.00140572 
        21.5      46.6832     0.998408   0.00122554   0.00139359 
        21.5      46.9659     0.998422   0.00122923   0.00138163 
        21.5      47.2495     0.998436   0.00123287   0.00136984 
        21.5       47.534     0.998451   0.00123646    0.0013582 
        21.5      47.8193     0.998465   0.00123961   0.00134635 
        21.5      48.1054     0.998479   0.00124305   0.00133507 
        21.5      48.3923     0.998493   0.00124644   0.00132391 
        21.5      48.6801     0.998506   0.00124977   0.00131288 
        21.5      48.9688      0.99852   0.00125305   0.00130197 
        21.5      49.2583     0.998533   0.00125628   0.00129118 
        21.5      49.5486     0.998547   0.00125946   0.00128051 
        21.5      49.8398      0.99856   0.00126258   0.00126997 
        21.5      50.1318     0.998573   0.00126566   0.00125954 
        21.5      50.4246     0.998586   0.00126868   0.00124923 
        21.5      50.7183     0.998599   0.00127166   0.00123903 
        21.5      51.0128     0.998612   0.00127458   0.00122896 
        21.5      51.3082     0.998624   0.00127746     0.001219 
        21.5      51.6044     0.998637   0.00128029   0.00120916 
        21.5      51.9014     0.998649   0.00128307   0.00119944 
        21.5      52.1993     0.998661   0.00128581   0.00118982 
        21.5       52.498     0.998674   0.00128851   0.00118033 
        21.5      52.7976     0.998686   0.00129115   0.00117094 
        21.5       53.098     0.998698   0.00129376   0.00116167 
        21.5      53.3993     0.998709   0.00129632    0.0011525 
        21.5      53.7014     0.998721   0.00129884   0.00114345 
        21.5      54.0043     0.998733   0.00130132   0.00113451 
        21.5       54.308     0.998744   0.00130376   0.00112567 
        21.5      54.6127     0.998756   0.00130616   0.00111694 
        21.5      54.9181     0.998767   0.00130852   0.00110831 
        21.5      55.2244     0.998778   0.00131084   0.00109979 
        21.5      55.5315      0.99879   0.00131313   0.00109137 
        21.5      55.8395     0.998801   0.00131538   0.00108306 
        21.5      56.1483     0.998812    0.0013176   0.00107484 
        21.5       56.458     0.998822   0.00131978   0.00106673 
        21.5      56.7684     0.998833   0.00132193   0.00105871 
        21.5      57.0798     0.998844   0.00132405   0.00105078 
        21.5      57.3919     0.998854   0.00132614   0.00104296 
        21.5       57.705     0.998865    0.0013282   0.00103522 
        21.5      58.0188     0.998875   0.00133023   0.00102758 
        21.5      58.3335     0.998886   0.00133223   0.00102003 
        21.5       58.649     0.998896   0.00133421   0.00101257 
        21.5      58.9654     0.998906   0.00133617    0.0010052 
        21.5      59.2826     0.998916    0.0013381   0.00099791 
        21.5      59.6007     0.998926      0.00134  0.000990707 
        21.5      59.9196     0.998936   0.00134189  0.000983586 
        21.5      60.2393     0.998946   0.00134376  0.000976546 
        21.5      60.5599     0.998955   0.00134561  0.000969585 
        21.5      60.8813     0.998965   0.00134744  0.000962701 
        21.5      61.2035     0.998974   0.00134925  0.000955892 
        21.5      61.5266     0.998984   0.00135105  0.000949157 
        21.5      61.8506     0.998993   0.00135278  0.000942898 
        21.5      62.1753     0.999002   0.00135436  0.000936358 
        21.5       62.501     0.999012   0.00135592  0.000929897 
        21.5      62.8274     0.999021   0.00135747  0.000923514 
        21.5      63.1547      0.99903   0.00135901   0.00091721 
        21.5      63.4828     0.999039   0.00136053  0.000910983 
        21.5      63.8118     0.999048   0.00136204  0.000904834 
        21.5      64.1416     0.999057   0.00136353  0.000898761 
        21.5      64.4723     0.999065     0.001365  0.000892766 
        21.5      64.8038     0.999074   0.00136646  0.000886846 
        21.5      65.1361     0.999083    0.0013679  0.000881003 
        21.5      65.4693     0.999091   0.00136933  0.000875234 
        21.5      65.8033       0.9991   0.00137073   0.00086954 
        21.5      66.1382     0.999108   0.00137212  0.000863921 
        21.5      66.4739     0.999116    0.0013735  0.000858375 
        21.5      66.8104     0.999125   0.00137485  0.000852902 
        21.5      67.1478     0.999133   0.00137619  0.000847502 
        21.5       67.486     0.999141   0.00137751  0.000842174 
        21.5      67.8251     0.999149   0.00137881  0.000836917 
        21.5       68.165     0.999157   0.00138008  0.000831732 
        21.5      68.5057     0.999165   0.00138134  0.000826616 
        21.5      68.8473     0.999173   0.00138258   0.00082157 
        21.5      69.1897      0.99918    0.0013838  0.000816593 
        21.5       69.533     0.999188     0.001385  0.000811685 
        21.5      69.8771     0.999196   0.00138618  0.000806844 
        21.5       70.222     0.999203   0.00138734   0.00080207 
        21.5      70.5678     0.999211   0.00138847  0.000797362 
        21.5      70.9145     0.999218   0.00138959  0.000792719 
        21.5      71.2619     0.999225   0.00139068  0.000788141 
        21.5      71.6102     0.999233   0.00139174  0.000783627 
        21.5      71.9594      0.99924   0.00139279  0.000779176 
        21.5      72.3093     0.999247   0.00139381  0.000774788 
        21.5      72.6602     0.999254    0.0013948  0.000770461 
        21.5      73.0118     0.999261   0.00139574  0.000766184 
        21.5      73.3643     0.999268   0.00139678  0.000761857 
        21.5      73.7177     0.999275   0.00139779  0.000757586 
        21.5      74.0719     0.999282   0.00139879  0.000753372 
        21.5      74.4269     0.999289   0.00139976  0.000749215 
        21.5      74.7828     0.999296   0.00140072  0.000745114 
        21.5      75.1395     0.999303   0.00140165   0.00074107 
        21.5       75.497     0.999309   0.00140256  0.000737082 
        21.5      75.8554     0.999316   0.00140345   0.00073315 
        21.5      76.2146     0.999323   0.00140433  0.000729273 
        21.5      76.5747     0.999329   0.00140518  0.000725452 
        21.5      76.9356     0.999336   0.00140602  0.000721687 
        21.5      77.2974     0.999342   0.00140684  0.000717976 
        21.5      77.6599     0.999348   0.00140765   0.00071432 
        21.5      78.0234     0.999355   0.00140844  0.000710718 
        21.5      78.3876     0.999361   0.00140922  0.000707171 
        21.5      78.7528     0.999367   0.00140998  0.000703678 
        21.5      79.1187     0.999373   0.00141073  0.000700238 
        21.5      79.4855     0.999379   0.00141147  0.000696851 
        21.5      79.8531     0.999386    0.0014122  0.000693518 
        21.5      80.2216     0.999391   0.00141291  0.000690237 
        21.5      80.5909     0.999397   0.00141362  0.000687009 
        21.5      80.9611     0.999403   0.00141431  0.000683832 
        21.5      81.3321     0.999409     0.001415  0.000680707 
        21.5      81.7039     0.999415   0.00141568  0.000677634 
        21.5      82.0766     0.999421   0.00141635  0.000674611 
        21.5      82.4501     0.999426   0.00141702  0.000671639 
        21.5      82.8244     0.999432   0.00141769  0.000668717 
        21.5      83.1996     0.999437   0.00141834  0.000665845 
        21.5      83.5757     0.999443     0.001419  0.000663022 
        21.5      83.9525     0.999448   0.00141965  0.000660248 
        21.5      84.3302     0.999454   0.00142031  0.000657523 
        21.5      84.7088     0.999461   0.00142095  0.000653987 
        21.5      85.0882     0.999466   0.00142153  0.000651342 
        21.5      85.4684     0.999471   0.00142209  0.000648731 
        21.5      85.8495     0.999476   0.00142265  0.000646154 
        21.5      86.2314     0.999481   0.00142319   0.00064361 
        21.5      86.6142     0.999486   0.00142373  0.000641101 
        21.5      86.9978     0.999491   0.00142426  0.000638625 
        21.5      87.3822     0.999496   0.00142479  0.000636183 
        21.5      87.7675     0.999501    0.0014253  0.000633775 
        21.5      88.1536     0.999506   0.00142581    0.0006314 
        21.5      88.5406      0.99951   0.00142631  0.000629059 
        21.5      88.9284     0.999515    0.0014268  0.000626752 
        21.5       89.317      0.99952   0.00142728  0.000624478 
        21.5      89.7065     0.999525   0.00142776  0.000622237 
        21.5      90.0968      0.99953   0.00142822  0.000620029 
        21.5      90.4879     0.999534   0.00142868  0.000617855 
        21.5      90.8799     0.999539   0.00142913  0.000615714 
        21.5      91.2728     0.999544   0.00142958  0.000613606 
        21.5      91.6665     0.999548   0.00143001  0.000611531 
        21.5       92.061     0.999553   0.00143044  0.000609489 
        21.5      92.4563     0.999557   0.00143086   0.00060748 
        21.5      92.8525     0.999562   0.00143127  0.000605503 
        21.5      93.2496     0.999566   0.00143167  0.000603559 
        21.5      93.6475     0.999571   0.00143206  0.000601648 
        21.5      94.0462     0.999575   0.00143245  0.000599769 
        21.5      94.4458     0.999579   0.00143283  0.000597922 
        21.5      94.8462     0.999584    0.0014332  0.000596107 
        21.5      95.2474     0.999588   0.00143357  0.000594324 
        21.5      95.6495     0.999592   0.00143392  0.000592574 
        21.5      96.0524     0.999596   0.00143427  0.000590855 
        21.5      96.4562     0.999601   0.00143461  0.000589167 
        21.5      96.8608     0.999605   0.00143494  0.000587512 
        21.5      97.2662     0.999609   0.00143526  0.000585887 
        21.5      97.6725     0.999613   0.00143558  0.000584294 
        21.5      98.0796     0.999617   0.00143589  0.000582732 
        21.5      98.4876     0.999621   0.00143619    0.0005812 
        21.5      98.8964     0.999625   0.00143649    0.0005797 
        21.5       99.306     0.999629   0.00143677   0.00057823 
        21.5      99.7165     0.999633   0.00143705  0.000576791 
        21.5      100.128     0.999637   0.00143732  0.000575381 
        21.5       100.54     0.999641   0.00143758  0.000574002 
        21.5      100.953     0.999644   0.00143784  0.000572653 
        21.5      101.367     0.999648   0.00143809  0.000571334 
        21.5      101.782     0.999652   0.00143833  0.000570044 
        21.5      102.197     0.999656   0.00143856  0.000568783 
        21.5      102.613     0.999659   0.00143879  0.000567552 
        21.5      103.031     0.999663   0.00143901  0.000566349 
        21.5      103.449     0.999666   0.00143922  0.000565176 
        21.5      103.868      0.99967   0.00143942  0.000564031 
        21.5      104.287     0.999674   0.00143962  0.000562914 
        21.5      104.708     0.999677   0.00143981  0.000561825 
        21.5      105.129      0.99968   0.00143999  0.000560765 
        21.5      105.552     0.999684   0.00144017  0.000559731 
        21.5      105.975     0.999687   0.00144034  0.000558726 
        21.5      106.399     0.999691    0.0014405  0.000557747 
        21.5      106.823     0.999694   0.00144066  0.000556796 
        21.5      107.249     0.999697    0.0014408  0.000555871 
        21.5      107.675       0.9997   0.00144094  0.000554973 
        21.5      108.103     0.999704   0.00144108  0.000554101 
        21.5      108.531     0.999707   0.00144121  0.000553255 
        21.5       108.96      0.99971   0.00144133  0.000552435 
        21.5       109.39     0.999713   0.00144144   0.00055164 
        21.5       109.82     0.999716   0.00144155   0.00055087 
        21.5      110.252     0.999719   0.00144165  0.000550125 
        21.5      110.684     0.999722   0.00144174  0.000549405 
        21.5      111.117     0.999725   0.00144183  0.000548709 
        21.5      111.551     0.999728   0.00144191  0.000548037 
        21.5      111.986      0.99973   0.00144199  0.000547389 
        21.5      112.422     0.999733   0.00144206  0.000546764 
        21.5      112.858     0.999736   0.00144212  0.000546163 
        21.5      113.296     0.999739   0.00144218  0.000545584 
        21.5      113.734     0.999741   0.00144223  0.000545028 
        21.5      114.173     0.999744   0.00144227  0.000544494 
        21.5      114.613     0.999747   0.00144231  0.000543981 
        21.5      115.054     0.999749   0.00144234  0.000543491 
        21.5      115.495     0.999752   0.00144237  0.000543021 
        21.5      115.938     0.999745   0.00144314  0.000542716 
        21.5      116.381     0.999747   0.00144314   0.00054221 
        21.5      116.825     0.999679   0.00144439  0.000541481 
        21.5       117.27     0.999691   0.00144432  0.000541143 
        21.5      117.716     0.999702   0.00144424  0.000540824 
        21.5      118.162     0.999712   0.00144417  0.000540523 
        21.5       118.61     0.999722    0.0014441   0.00054024 
        21.5      119.058     0.999732   0.00144402  0.000539976 
        21.5      119.507      0.99974   0.00144395   0.00053973 
        21.5      119.957     0.999749   0.00144387  0.000539503 
        21.5      120.408     0.999756    0.0014438  0.000539294 
        21.5       120.86     0.999764   0.00144372  0.000539104 
        21.5      121.312     0.999771   0.00144364  0.000538933 
        21.5      121.766     0.999777   0.00144356  0.000538781 
        21.5       122.22     0.999783   0.00144348  0.000538648 
        21.5      122.675     0.999788    0.0014434  0.000538534 
        21.5      123.131     0.999794   0.00144332  0.000538439 
        21.5      123.587     0.999798   0.00144323  0.000538364 
        21.5      124.045     0.999803   0.00144315  0.000538308 
        21.5      124.503     0.999807   0.00144306  0.000538272 
        21.5      124.962      0.99981   0.00144297  0.000538255 
        21.5      125.423     0.999813   0.00144288  0.000538258 
        21.5      125.883     0.999816   0.00144279   0.00053828 
        21.5      126.345     0.999819    0.0014427  0.000538323 
        21.5      126.808     0.999821   0.00144261  0.000538386 
        21.5      127.271     0.999823   0.00144251  0.000538468 
        21.5      127.735     0.999825   0.00144241  0.000538571 
        21.5      128.201     0.999827   0.00144231  0.000538694 
        21.5      128.666     0.999828   0.00144221  0.000538837 
        21.5      129.133     0.999829   0.00144211  0.000539001 
        21.5      129.601      0.99983   0.00144201  0.000539185 
        21.5      130.069     0.999831    0.0014419   0.00053939 
        21.5      130.539     0.999832   0.00144179  0.000539616 
        21.5      131.009     0.999832   0.00144168  0.000539862 
        21.5       131.48     0.999833   0.00144157  0.000540129 
        21.5      131.952     0.999833   0.00144145  0.000540418 
        21.5      132.424     0.999833   0.00144134  0.000540727 
        21.5      132.898     0.999833   0.00144122  0.000541058 
        21.5      133.372     0.999834    0.0014411   0.00054141 
        21.5      133.847     0.999834   0.00144097  0.000541783 
        21.5      134.323     0.999834   0.00144085  0.000542178 
        21.5        134.8     0.999834   0.00144072  0.000542594 
        21.5      135.278     0.999834   0.00144058  0.000543032 
        21.5      135.757     0.999834   0.00144045  0.000543492 
        21.5      136.236     0.999834   0.00144031  0.000543973 
        21.5      136.716     0.999835   0.00144017  0.000544476 
        21.5      137.197     0.999835   0.00144003  0.000545002 
        21.5      137.679     0.999836   0.00143988  0.000545549 
        21.5      138.162     0.999837   0.00143973  0.000546119 
        21.5      138.645     0.999838   0.00143958  0.000546711 
        21.5       139.13     0.999839   0.00143943  0.000547326 
        21.5      139.615      0.99984   0.00143927  0.000547963 
        21.5      140.101     0.999842   0.00143911  0.000548622 
        21.5      140.588     0.999843   0.00143894  0.000549305 
        21.5      141.076     0.999846   0.00143877   0.00055001 
        21.5      141.565     0.999848    0.0014386  0.000550737 
        21.5      142.054     0.999851   0.00143843  0.000551488 
        21.5      142.544     0.999854   0.00143825  0.000552262 
        21.5      143.036     0.999857   0.00143806  0.000553059 
        21.5      143.528     0.999861   0.00143788  0.000553879 
        21.5       144.02     0.999866   0.00143769  0.000554723 
        21.5      144.514      0.99987   0.00143749   0.00055559 
        21.5      145.009     0.999876   0.00143729   0.00055648 
        21.5      145.504     0.999881   0.00143709  0.000557395 
        21.5          146     0.999888   0.00143688  0.000558332 
        21.5      146.497     0.999895   0.00143667  0.000559294 
        21.5      146.995     0.999902   0.00143646   0.00056028 
        21.5      147.494      0.99991   0.00143624  0.000561289 
        21.5      147.993     0.999918   0.00143601  0.000562323 
        21.5      148.494     0.999928   0.00143578   0.00056338 
        21.5      148.995     0.999938   0.00143555  0.000564462 
        21.5      149.497     0.999948   0.00143531  0.000565569 
        21.5          150     0.999959   0.00143507    0.0005667 
