Variables = x, y, u, v, p

Zone, I=600, F=POINT
       803.5            0  9.81728e-08 -7.35712e-10 -4.00778e-05 
       803.5     0.000418  0.000129859 -7.05857e-10 -4.00777e-05 
       803.5     0.001672  0.000519143 -4.75121e-10 -4.00775e-05 
       803.5     0.003763   0.00116826    3.806e-10 -4.00771e-05 
       803.5     0.006689   0.00207659  2.56668e-09 -4.00766e-05 
       803.5     0.010451   0.00324445  7.07221e-09 -4.00759e-05 
       803.5      0.01505   0.00467215  1.51712e-08 -4.00752e-05 
       803.5     0.020485   0.00635938  2.84184e-08 -4.00743e-05 
       803.5     0.026756   0.00830614  4.86535e-08 -4.00734e-05 
       803.5     0.033863    0.0105124   7.8001e-08 -4.00724e-05 
       803.5     0.041806    0.0129783   1.1887e-07 -4.00714e-05 
       803.5     0.050585    0.0157036  1.73957e-07 -4.00703e-05 
       803.5     0.060201    0.0186888  2.46252e-07 -4.00692e-05 
       803.5     0.070652    0.0219333  3.39012e-07 -4.00682e-05 
       803.5      0.08194    0.0254375  4.55812e-07 -4.00671e-05 
       803.5     0.094063     0.029201  6.00484e-07 -4.00659e-05 
       803.5     0.107023    0.0332243   7.7719e-07 -4.00647e-05 
       803.5     0.120819     0.037507  9.90355e-07 -4.00634e-05 
       803.5     0.135451    0.0420492  1.24471e-06 -4.00618e-05 
       803.5     0.150919    0.0468509  1.54527e-06   -4.006e-05 
       803.5     0.167224    0.0519122  1.89739e-06 -4.00578e-05 
       803.5     0.184364    0.0572326  2.30663e-06 -4.00551e-05 
       803.5     0.202341    0.0628125  2.77898e-06 -4.00516e-05 
       803.5     0.221153    0.0686514   3.3206e-06 -4.00471e-05 
       803.5     0.240802    0.0747498  3.93807e-06 -4.00415e-05 
       803.5     0.261287    0.0811077   4.6339e-06 -4.00376e-05 
       803.5     0.282608     0.087723  5.42286e-06  -4.0043e-05 
       803.5     0.304765    0.0945973  6.30807e-06  -4.0046e-05 
       803.5     0.327758      0.10173  7.29694e-06 -4.00468e-05 
       803.5     0.351588     0.109122   8.3972e-06 -4.00453e-05 
       803.5     0.376253     0.116771   9.6167e-06 -4.00418e-05 
       803.5     0.401755     0.124678  1.09637e-05 -4.00363e-05 
       803.5     0.428092     0.132841  1.24466e-05 -4.00292e-05 
       803.5     0.455266     0.141261  1.40742e-05 -4.00209e-05 
       803.5     0.483276     0.149937  1.58554e-05 -4.00117e-05 
       803.5     0.512122     0.158867  1.77994e-05 -4.00022e-05 
       803.5     0.541805     0.168051  1.99156e-05 -3.99931e-05 
       803.5     0.572323     0.177489  2.22136e-05 -3.99852e-05 
       803.5     0.603677     0.187178  2.47033e-05 -3.99792e-05 
       803.5     0.635868     0.197117  2.73951e-05 -3.99763e-05 
       803.5     0.668894     0.207306   3.0299e-05 -3.99776e-05 
       803.5     0.702757     0.217743  3.34259e-05 -3.99843e-05 
       803.5     0.737456     0.228426  3.67865e-05  -3.9998e-05 
       803.5     0.772991     0.239356  4.04753e-05 -3.99815e-05 
       803.5     0.809362     0.250517   4.4298e-05 -3.99808e-05 
       803.5      0.84657     0.261919   4.8399e-05 -3.99786e-05 
       803.5     0.884613     0.273557  5.27878e-05 -3.99749e-05 
       803.5     0.923492     0.285428  5.74739e-05 -3.99697e-05 
       803.5     0.963208     0.297527   6.2467e-05 -3.99632e-05 
       803.5      1.00376     0.309851  6.77762e-05 -3.99556e-05 
       803.5      1.04515     0.322394  7.34103e-05 -3.99468e-05 
       803.5      1.08737      0.33515  7.93781e-05 -3.99373e-05 
       803.5      1.13043     0.348114  8.56881e-05  -3.9927e-05 
       803.5      1.17433     0.361279  9.23484e-05 -3.99163e-05 
       803.5      1.21906     0.374639  9.93668e-05 -3.99055e-05 
       803.5      1.26463     0.388186  0.000106751 -3.98948e-05 
       803.5      1.31103     0.401913  0.000114508 -3.98845e-05 
       803.5      1.35827     0.415811  0.000122644 -3.98751e-05 
       803.5      1.40635     0.429872  0.000131166 -3.98669e-05 
       803.5      1.45526     0.444085  0.000140079 -3.98604e-05 
       803.5      1.50501     0.458441  0.000149388  -3.9856e-05 
       803.5       1.5556     0.472929  0.000159099 -3.98542e-05 
       803.5      1.60702     0.487537  0.000169215 -3.98556e-05 
       803.5      1.65928     0.502254  0.000179741 -3.98609e-05 
       803.5      1.71237     0.517067  0.000190678 -3.98706e-05 
       803.5       1.7663      0.53161  0.000201715 -3.96373e-05 
       803.5      1.82106     0.546732  0.000213463 -3.96875e-05 
       803.5      1.87667     0.561851  0.000225606 -3.97295e-05 
       803.5      1.93311     0.576953  0.000238134 -3.97636e-05 
       803.5      1.99038     0.592025  0.000251037 -3.97897e-05 
       803.5      2.04849     0.607052  0.000264303 -3.98083e-05 
       803.5      2.10744      0.62202  0.000277919 -3.98195e-05 
       803.5      2.16722     0.636911  0.000291869 -3.98237e-05 
       803.5      2.22784     0.651712  0.000306137 -3.98212e-05 
       803.5      2.28929     0.666404  0.000320704 -3.98124e-05 
       803.5      2.35158     0.680973  0.000335549 -3.97978e-05 
       803.5      2.41471     0.695399   0.00035065 -3.97779e-05 
       803.5      2.47867     0.709665  0.000365981 -3.97533e-05 
       803.5      2.54347     0.723753  0.000381516 -3.97247e-05 
       803.5      2.60911     0.737643  0.000397226 -3.96927e-05 
       803.5      2.67558     0.751317   0.00041308  -3.9658e-05 
       803.5      2.74288     0.764753  0.000429044 -3.96216e-05 
       803.5      2.81103     0.777932  0.000445082 -3.95844e-05 
       803.5      2.88001     0.790832  0.000461155 -3.95472e-05 
       803.5      2.94983     0.803431  0.000477223 -3.95111e-05 
       803.5      3.02048     0.815706  0.000493241 -3.94772e-05 
       803.5      3.09197     0.827635  0.000509165 -3.94468e-05 
       803.5      3.16429     0.839194  0.000524943 -3.94211e-05 
       803.5      3.23745     0.850358  0.000540525 -3.94014e-05 
       803.5      3.31145     0.861103  0.000555855 -3.93892e-05 
       803.5      3.38628     0.871402  0.000570876 -3.93859e-05 
       803.5      3.46195     0.881229  0.000585526 -3.93933e-05 
       803.5      3.53845     0.890557  0.000599741  -3.9413e-05 
       803.5      3.61579     0.899358  0.000613454 -3.94467e-05 
       803.5      3.69397     0.907603  0.000626594 -3.94964e-05 
       803.5      3.77298     0.924585  0.000652714  -3.9647e-05 
       803.5      3.85283     0.929605  0.000662451 -3.97058e-05 
       803.5      3.93352     0.934457  0.000671882 -3.97561e-05 
       803.5      4.01504     0.939141  0.000681005 -3.97977e-05 
       803.5       4.0974     0.943653  0.000689814 -3.98308e-05 
       803.5      4.18059     0.947993  0.000698307 -3.98551e-05 
       803.5      4.26462      0.95216   0.00070648 -3.98706e-05 
       803.5      4.34949     0.956151   0.00071433 -3.98774e-05 
       803.5      4.43519     0.959966  0.000721855 -3.98755e-05 
       803.5      4.52173     0.963604  0.000729053 -3.98647e-05 
       803.5       4.6091     0.967064  0.000735923 -3.98451e-05 
       803.5      4.69731     0.970348  0.000742464 -3.98169e-05 
       803.5      4.78636     0.973454  0.000748675 -3.97799e-05 
       803.5      4.87624     0.976383  0.000754557 -3.97342e-05 
       803.5      4.96696     0.979136   0.00076011   -3.968e-05 
       803.5      5.05851     0.981715  0.000765335 -3.96172e-05 
       803.5       5.1509     0.984119  0.000770235  -3.9546e-05 
       803.5      5.24413     0.986351  0.000774811 -3.94665e-05 
       803.5       5.3382     0.988414  0.000779066 -3.93788e-05 
       803.5      5.43309     0.990308  0.000783003 -3.92831e-05 
       803.5      5.52883     0.992038  0.000786628 -3.91794e-05 
       803.5       5.6254     0.993606  0.000789944 -3.90681e-05 
       803.5      5.72281     0.995015  0.000792957 -3.89492e-05 
       803.5      5.82105      0.99627  0.000795673 -3.88231e-05 
       803.5      5.92013     0.997375  0.000798099 -3.86898e-05 
       803.5      6.02005     0.998333  0.000800241 -3.85497e-05 
       803.5       6.1208     0.999151  0.000802109  -3.8403e-05 
       803.5      6.22239     0.999834  0.000803711 -3.82501e-05 
       803.5      6.32482      1.00039  0.000805057 -3.80911e-05 
       803.5      6.42808      1.00082  0.000806157 -3.79265e-05 
       803.5      6.53217      1.00113  0.000807022 -3.77566e-05 
       803.5      6.63711      1.00133  0.000807664 -3.75817e-05 
       803.5      6.74287      1.00144  0.000808096 -3.74022e-05 
       803.5      6.84948      1.00145  0.000808331 -3.72186e-05 
       803.5      6.95692      1.00137  0.000808384 -3.70313e-05 
       803.5       7.0652      1.00122  0.000808271 -3.68407e-05 
       803.5      7.17431        1.001  0.000808006 -3.66473e-05 
       803.5      7.28426      1.00073  0.000807608 -3.64516e-05 
       803.5      7.39505      1.00041  0.000807095 -3.62541e-05 
       803.5      7.50667      1.00005  0.000806484 -3.60555e-05 
       803.5      7.61913      1.00062  0.000799711 -3.91278e-05 
       803.5      7.73242      1.00061  0.000799966 -3.89837e-05 
       803.5      7.84655      1.00056   0.00080015 -3.88402e-05 
       803.5      7.96152      1.00049  0.000800274 -3.86974e-05 
       803.5      8.07732      1.00039  0.000800345 -3.85548e-05 
       803.5      8.19396      1.00027  0.000800376 -3.84124e-05 
       803.5      8.31143      1.00014  0.000800375 -3.82699e-05 
       803.5      8.42974      0.99999  0.000800355 -3.81271e-05 
       803.5      8.54889     0.999835  0.000800326 -3.79839e-05 
       803.5      8.66887     0.999679  0.000800301 -3.78399e-05 
       803.5      8.78969     0.999526  0.000800293 -3.76949e-05 
       803.5      8.91135     0.999381  0.000800314 -3.75487e-05 
       803.5      9.03384     0.999251  0.000800379 -3.74009e-05 
       803.5      9.15717     0.999141  0.000800501 -3.72514e-05 
       803.5      9.28133     0.999056  0.000800695 -3.70999e-05 
       803.5      9.40633     0.999005  0.000800976 -3.69459e-05 
       803.5      9.53216     0.998992  0.000801361 -3.67893e-05 
       803.5      9.65884     0.999025  0.000801866 -3.66297e-05 
       803.5      9.78634     0.999111  0.000802507 -3.64668e-05 
       803.5      9.91469     0.999257  0.000803303 -3.63002e-05 
       803.5      10.0439      0.99947  0.000804272 -3.61295e-05 
       803.5      10.1739     0.999759  0.000805433 -3.59545e-05 
       803.5      10.3047      1.00013  0.000806804 -3.57746e-05 
       803.5      10.4364     0.999522  0.000807456 -3.62835e-05 
       803.5      10.5689     0.999526  0.000807415 -3.64296e-05 
       803.5      10.7023     0.999531  0.000807327 -3.66038e-05 
       803.5      10.8365     0.999534  0.000807191 -3.68072e-05 
       803.5      10.9715     0.999538  0.000807005 -3.70409e-05 
       803.5      11.1074     0.999542  0.000806768 -3.73061e-05 
       803.5      11.2441     0.999546  0.000806478 -3.76039e-05 
       803.5      11.3817     0.999549  0.000806134 -3.79355e-05 
       803.5        11.52     0.999524  0.000803181 -3.61757e-05 
       803.5      11.6592     0.999526  0.000803279 -3.61439e-05 
       803.5      11.7993     0.999528  0.000803375 -3.61115e-05 
       803.5      11.9402      0.99953  0.000803469 -3.60785e-05 
       803.5      12.0819     0.999532  0.000803561 -3.60448e-05 
       803.5      12.2245     0.999534  0.000803651 -3.60104e-05 
       803.5      12.3679     0.999535  0.000803738 -3.59755e-05 
       803.5      12.5121     0.999537  0.000803824   -3.594e-05 
       803.5      12.6572     0.999539  0.000803907 -3.59039e-05 
       803.5      12.8031     0.999541  0.000803988 -3.58672e-05 
       803.5      12.9498     0.999542  0.000804067   -3.583e-05 
       803.5      13.0974     0.999544  0.000804143 -3.57922e-05 
       803.5      13.2458     0.999545  0.000804218 -3.57539e-05 
       803.5       13.395     0.999547   0.00080429 -3.57152e-05 
       803.5      13.5451     0.999548  0.000804359 -3.56759e-05 
       803.5       13.696      0.99955  0.000804427 -3.56362e-05 
       803.5      13.8478     0.999551  0.000804492 -3.55961e-05 
       803.5      14.0004     0.999553  0.000804555 -3.55556e-05 
       803.5      14.1538     0.999554  0.000804615 -3.55146e-05 
       803.5      14.3081     0.999555  0.000804673 -3.54734e-05 
       803.5      14.4632     0.999556  0.000804729 -3.54317e-05 
       803.5      14.6191     0.999558  0.000804782 -3.53898e-05 
       803.5      14.7759     0.999559  0.000804833 -3.53475e-05 
       803.5      14.9335      0.99956  0.000804881  -3.5305e-05 
       803.5      15.0919     0.999561  0.000804927 -3.52623e-05 
       803.5      15.2512     0.999562  0.000804971 -3.52193e-05 
       803.5      15.4113     0.999564  0.000805012 -3.51762e-05 
       803.5      15.5723     0.999565  0.000805051  -3.5133e-05 
       803.5      15.7341     0.999566  0.000805087 -3.50896e-05 
       803.5      15.8967     0.999567  0.000805121 -3.50461e-05 
       803.5      16.0602     0.999568  0.000805152 -3.50026e-05 
       803.5      16.2245     0.999569  0.000805181 -3.49591e-05 
       803.5      16.3896      0.99957  0.000805208 -3.49156e-05 
       803.5      16.5556     0.999571  0.000805232 -3.48722e-05 
       803.5      16.7224     0.999572  0.000805253 -3.48288e-05 
       803.5        16.89     0.999573  0.000805273 -3.47856e-05 
       803.5      17.0585     0.999574  0.000805289 -3.47426e-05 
       803.5      17.2278     0.999575  0.000805304 -3.46998e-05 
       803.5      17.3979     0.999577  0.000805316 -3.46572e-05 
       803.5      17.5689     0.999578  0.000805325  -3.4615e-05 
       803.5      17.7408     0.999579  0.000805332  -3.4573e-05 
       803.5      17.9134      0.99958  0.000805337 -3.45315e-05 
       803.5      18.0869     0.999581  0.000805339 -3.44904e-05 
       803.5      18.2612     0.999583  0.000805339 -3.44498e-05 
       803.5      18.4364     0.999584  0.000805336 -3.44097e-05 
       803.5      18.6124     0.999585  0.000805332 -3.43702e-05 
       803.5      18.7892     0.999587  0.000805324 -3.43314e-05 
       803.5      18.9669     0.999588  0.000805315 -3.42932e-05 
       803.5      19.1454      0.99959  0.000805303 -3.42557e-05 
       803.5      19.3248     0.999591  0.000805289  -3.4219e-05 
       803.5       19.505     0.999593  0.000805273 -3.41832e-05 
       803.5       19.686     0.999592  0.000805264 -3.37877e-05 
       803.5      19.8678     0.999593  0.000805264 -3.37169e-05 
       803.5      20.0505     0.999595  0.000805265 -3.36468e-05 
       803.5      20.2341     0.999596  0.000805269 -3.35775e-05 
       803.5      20.4184     0.999598  0.000805274 -3.35088e-05 
       803.5      20.6036     0.999599  0.000805282 -3.34407e-05 
       803.5      20.7897     0.999601  0.000805292 -3.33732e-05 
       803.5      20.9765     0.999602  0.000805303 -3.33064e-05 
       803.5      21.1642     0.999604  0.000805316   -3.324e-05 
       803.5      21.3528     0.999605  0.000805331 -3.31742e-05 
       803.5      21.5422     0.999607  0.000805348 -3.31088e-05 
       803.5      21.7324     0.999608  0.000805366 -3.30439e-05 
       803.5      21.9234      0.99961  0.000805386 -3.29794e-05 
       803.5      22.1153     0.999612  0.000805408 -3.29152e-05 
       803.5       22.308     0.999613  0.000805392 -3.28433e-05 
       803.5      22.5016     0.999614  0.000805393 -3.27738e-05 
       803.5       22.696     0.999616  0.000805394 -3.27042e-05 
       803.5      22.8912     0.999617  0.000805396 -3.26346e-05 
       803.5      23.0873     0.999619  0.000805397 -3.25649e-05 
       803.5      23.2842      0.99962  0.000805399 -3.24952e-05 
       803.5       23.482     0.999622  0.000805401 -3.24253e-05 
       803.5      23.6805     0.999623  0.000805404 -3.23553e-05 
       803.5        23.88     0.999625  0.000805406 -3.22851e-05 
       803.5      24.0802     0.999626  0.000805409 -3.22149e-05 
       803.5      24.2813     0.999628  0.000805412 -3.21444e-05 
       803.5      24.4832      0.99963  0.000805415 -3.20738e-05 
       803.5       24.686     0.999631  0.000805419 -3.20031e-05 
       803.5      24.8896     0.999633  0.000805422 -3.19321e-05 
       803.5       25.094     0.999635  0.000805426 -3.18609e-05 
       803.5      25.2993     0.999636   0.00080543 -3.17894e-05 
       803.5      25.5054     0.999638  0.000805434 -3.17177e-05 
       803.5      25.7123     0.999639  0.000805439 -3.16458e-05 
       803.5      25.9201     0.999641  0.000805443 -3.15736e-05 
       803.5      26.1287     0.999643  0.000805448  -3.1501e-05 
       803.5      26.3381     0.999645  0.000805453 -3.14282e-05 
       803.5      26.5484     0.999646  0.000805458  -3.1355e-05 
       803.5      26.7595     0.999648  0.000805464 -3.12814e-05 
       803.5      26.9715      0.99965  0.000805469 -3.12075e-05 
       803.5      27.1843     0.999651  0.000805475 -3.11332e-05 
       803.5      27.3979     0.999653  0.000805481 -3.10585e-05 
       803.5      27.6124     0.999655  0.000805487 -3.09833e-05 
       803.5      27.8277     0.999657  0.000805493 -3.09077e-05 
       803.5      28.0438     0.999658    0.0008055 -3.08316e-05 
       803.5      28.2608      0.99966  0.000805506 -3.07549e-05 
       803.5      28.4786     0.999662  0.000805513 -3.06778e-05 
       803.5      28.6972     0.999664   0.00080552 -3.06001e-05 
       803.5      28.9167     0.999666  0.000805527 -3.05219e-05 
       803.5       29.137     0.999668  0.000805534  -3.0443e-05 
       803.5      29.3582     0.999669  0.000805541 -3.03636e-05 
       803.5      29.5802     0.999671  0.000805548 -3.02835e-05 
       803.5       29.803     0.999673  0.000805556 -3.02027e-05 
       803.5      30.0267     0.999675  0.000805564 -3.01212e-05 
       803.5      30.2512     0.999677  0.000805571  -3.0039e-05 
       803.5      30.4765     0.999679  0.000805579 -2.99561e-05 
       803.5      30.7027     0.999681  0.000805587 -2.98724e-05 
       803.5      30.9297     0.999683  0.000805595 -2.97878e-05 
       803.5      31.1575     0.999684  0.000805604 -2.97025e-05 
       803.5      31.3862     0.999686  0.000805612 -2.96163e-05 
       803.5      31.6157     0.999688   0.00080562 -2.95291e-05 
       803.5      31.8461      0.99969  0.000805629 -2.94411e-05 
       803.5      32.0773     0.999692  0.000805637 -2.93521e-05 
       803.5      32.3093     0.999694  0.000805646 -2.92622e-05 
       803.5      32.5421     0.999696  0.000805655 -2.91712e-05 
       803.5      32.7758     0.999698  0.000805663 -2.90791e-05 
       803.5      33.0104       0.9997  0.000805672  -2.8986e-05 
       803.5      33.2457     0.999702  0.000805642 -2.89418e-05 
       803.5      33.4819     0.999704  0.000805641 -2.88589e-05 
       803.5       33.719     0.999706   0.00080564  -2.8776e-05 
       803.5      33.9568     0.999708   0.00080564 -2.86932e-05 
       803.5      34.1956      0.99971   0.00080564 -2.86105e-05 
       803.5      34.4351     0.999712   0.00080564 -2.85277e-05 
       803.5      34.6755     0.999714  0.000805641  -2.8445e-05 
       803.5      34.9167     0.999716  0.000805642 -2.83622e-05 
       803.5      35.1588     0.999718  0.000805643 -2.82792e-05 
       803.5      35.4017      0.99972  0.000805645 -2.81962e-05 
       803.5      35.6454     0.999723  0.000805647  -2.8113e-05 
       803.5      35.8899     0.999725  0.000805649 -2.80297e-05 
       803.5      36.1354     0.999727  0.000805652 -2.79461e-05 
       803.5      36.3816     0.999729  0.000805655 -2.78622e-05 
       803.5      36.6287     0.999731  0.000805659 -2.77781e-05 
       803.5      36.8766     0.999733  0.000805663 -2.76936e-05 
       803.5      37.1253     0.999735  0.000805667 -2.76088e-05 
       803.5      37.3749     0.999737  0.000805672 -2.75236e-05 
       803.5      37.6253      0.99974  0.000805677 -2.74379e-05 
       803.5      37.8766     0.999742  0.000805682 -2.73517e-05 
       803.5      38.1287     0.999744  0.000805688  -2.7265e-05 
       803.5      38.3816     0.999746  0.000805694 -2.71777e-05 
       803.5      38.6353     0.999749  0.000805715 -2.70627e-05 
       803.5      38.8899     0.999751  0.000805722 -2.69709e-05 
       803.5      39.1454     0.999753  0.000805729 -2.68788e-05 
       803.5      39.4016     0.999755  0.000805736 -2.67863e-05 
       803.5      39.6588     0.999757  0.000805743 -2.66934e-05 
       803.5      39.9167      0.99976   0.00080575 -2.66002e-05 
       803.5      40.1755     0.999762  0.000805756 -2.65067e-05 
       803.5      40.4351     0.999764  0.000805763 -2.64128e-05 
       803.5      40.6955     0.999767  0.000805769 -2.63186e-05 
       803.5      40.9568     0.999769  0.000805776 -2.62241e-05 
       803.5      41.2189     0.999771  0.000805782 -2.61292e-05 
       803.5      41.4819     0.999773  0.000805788  -2.6034e-05 
       803.5      41.7457     0.999776  0.000805794 -2.59384e-05 
       803.5      42.0103     0.999778    0.0008058 -2.58426e-05 
       803.5      42.2758      0.99978  0.000805806 -2.57464e-05 
       803.5      42.5421     0.999783  0.000805812 -2.56499e-05 
       803.5      42.8092     0.999785  0.000805817  -2.5553e-05 
       803.5      43.0772     0.999787  0.000805823 -2.54559e-05 
       803.5       43.346      0.99979  0.000805829 -2.53585e-05 
       803.5      43.6157     0.999792  0.000805834 -2.52607e-05 
       803.5      43.8862     0.999794  0.000805839 -2.51627e-05 
       803.5      44.1575     0.999797  0.000805845 -2.50643e-05 
       803.5      44.4296     0.999799   0.00080585 -2.49657e-05 
       803.5      44.7026     0.999802  0.000805855 -2.48667e-05 
       803.5      44.9765     0.999804   0.00080586 -2.47675e-05 
       803.5      45.2511     0.999806  0.000805865  -2.4668e-05 
       803.5      45.5266     0.999809   0.00080587 -2.45682e-05 
       803.5       45.803     0.999811  0.000805875 -2.44681e-05 
       803.5      46.0801     0.999814   0.00080588 -2.43677e-05 
       803.5      46.3581     0.999816  0.000805885 -2.42671e-05 
       803.5       46.637     0.999819  0.000805889 -2.41662e-05 
       803.5      46.9167     0.999821  0.000805894 -2.40651e-05 
       803.5      47.1972     0.999823  0.000805899 -2.39637e-05 
       803.5      47.4785     0.999826  0.000805903  -2.3862e-05 
       803.5      47.7607     0.999828  0.000805908 -2.37601e-05 
       803.5      48.0438     0.999831  0.000805912 -2.36579e-05 
       803.5      48.3276     0.999833  0.000805916 -2.35556e-05 
       803.5      48.6123     0.999836  0.000805921 -2.34529e-05 
       803.5      48.8979     0.999838  0.000805925   -2.335e-05 
       803.5      49.1842     0.999841  0.000805929  -2.3247e-05 
       803.5      49.4714     0.999843  0.000805934 -2.31436e-05 
       803.5      49.7595     0.999846  0.000805938 -2.30401e-05 
       803.5      50.0484     0.999848  0.000805942 -2.29363e-05 
       803.5      50.3381     0.999851  0.000805946 -2.28324e-05 
       803.5      50.6286     0.999853   0.00080595 -2.27282e-05 
       803.5        50.92     0.999856  0.000805955 -2.26239e-05 
       803.5      51.2122     0.999858  0.000805959 -2.25193e-05 
       803.5      51.5053     0.999861  0.000805963 -2.24146e-05 
       803.5      51.7992     0.999863  0.000805967 -2.23096e-05 
       803.5      52.0939     0.999866  0.000805971 -2.22045e-05 
       803.5      52.3895     0.999869  0.000805975 -2.20992e-05 
       803.5      52.6859     0.999871   0.00080598 -2.19938e-05 
       803.5      52.9831     0.999874  0.000805984 -2.18882e-05 
       803.5      53.2812     0.999876  0.000805998 -2.17891e-05 
       803.5      53.5801     0.999879  0.000805997 -2.16794e-05 
       803.5      53.8799     0.999881  0.000805997 -2.15695e-05 
       803.5      54.1805     0.999884  0.000805997 -2.14594e-05 
       803.5      54.4819     0.999887  0.000805997 -2.13492e-05 
       803.5      54.7841     0.999889  0.000805997 -2.12389e-05 
       803.5      55.0872     0.999892  0.000805997 -2.11285e-05 
       803.5      55.3912     0.999894  0.000805998 -2.10179e-05 
       803.5      55.6959     0.999897  0.000805999 -2.09072e-05 
       803.5      56.0015     0.999899     0.000806 -2.07964e-05 
       803.5       56.308     0.999902  0.000806001 -2.06854e-05 
       803.5      56.6152     0.999905  0.000806002 -2.05744e-05 
       803.5      56.9233     0.999907  0.000806004 -2.04632e-05 
       803.5      57.2323      0.99991  0.000806006 -2.03518e-05 
       803.5      57.5421     0.999912  0.000806008 -2.02404e-05 
       803.5      57.8527     0.999915  0.000806011 -2.01288e-05 
       803.5      58.1641     0.999918  0.000806014 -2.00171e-05 
       803.5      58.4764      0.99992  0.000806017 -1.99053e-05 
       803.5      58.7896     0.999923  0.000806021 -1.97933e-05 
       803.5      59.1035     0.999926  0.000806025 -1.96812e-05 
       803.5      59.4183     0.999928   0.00080603 -1.95691e-05 
       803.5      59.7339     0.999931  0.000806035 -1.94568e-05 
       803.5      60.0504     0.999933   0.00080604 -1.93443e-05 
       803.5      60.3677     0.999936  0.000806046 -1.92318e-05 
       803.5      60.6859     0.999939  0.000806052 -1.91192e-05 
       803.5      61.0048     0.999941  0.000806059 -1.90064e-05 
       803.5      61.3247     0.999944  0.000806066 -1.88935e-05 
       803.5      61.6453     0.999947  0.000806073 -1.87805e-05 
       803.5      61.9668     0.999949  0.000806082 -1.86674e-05 
       803.5      62.2891     0.999952   0.00080609 -1.85542e-05 
       803.5      62.6123     0.999955    0.0008061 -1.84409e-05 
       803.5      62.9363     0.999957  0.000806285 -1.83268e-05 
       803.5      63.2611      0.99996  0.000806273 -1.82113e-05 
       803.5      63.5868     0.999963  0.000806261 -1.80951e-05 
       803.5      63.9133     0.999965  0.000806248 -1.79785e-05 
       803.5      64.2406     0.999968  0.000806235 -1.78613e-05 
       803.5      64.5688     0.999971  0.000806222 -1.77435e-05 
       803.5      64.8978     0.999973  0.000806209 -1.76253e-05 
       803.5      65.2277     0.999976  0.000806195 -1.75065e-05 
       803.5      65.5583     0.999979  0.000806182 -1.73872e-05 
       803.5      65.8899     0.999981  0.000806168 -1.72675e-05 
       803.5      66.2222     0.999984  0.000806155 -1.71472e-05 
       803.5      66.5554     0.999986  0.000806141 -1.70265e-05 
       803.5      66.8894     0.999989  0.000806128 -1.69053e-05 
       803.5      67.2243     0.999992  0.000806114 -1.67837e-05 
       803.5        67.56     0.999994  0.000806101 -1.66616e-05 
       803.5      67.8966     0.999997  0.000806088 -1.65391e-05 
       803.5      68.2339            1  0.000806076 -1.64161e-05 
       803.5      68.5721            1  0.000806064 -1.62928e-05 
       803.5      68.9112            1  0.000806052  -1.6169e-05 
       803.5      69.2511      1.00001   0.00080604 -1.60449e-05 
       803.5      69.5918      1.00001  0.000806029 -1.59204e-05 
       803.5      69.9333      1.00001  0.000806019 -1.57955e-05 
       803.5      70.2757      1.00002  0.000806009 -1.56703e-05 
       803.5      70.6189      1.00002  0.000805999 -1.55447e-05 
       803.5       70.963      1.00002  0.000805991 -1.54188e-05 
       803.5      71.3079      1.00002  0.000805983 -1.52926e-05 
       803.5      71.6536      1.00003  0.000805976  -1.5166e-05 
       803.5      72.0002      1.00003  0.000805969 -1.50392e-05 
       803.5      72.3476      1.00003  0.000805964 -1.49121e-05 
       803.5      72.6959      1.00003  0.000805959 -1.47847e-05 
       803.5      73.0449      1.00004  0.000805956 -1.46571e-05 
       803.5      73.3949      1.00004  0.000805954 -1.45293e-05 
       803.5      73.7456      1.00004  0.000805952 -1.44012e-05 
       803.5      74.0972      1.00004  0.000805952 -1.42729e-05 
       803.5      74.4496      1.00005  0.000805953 -1.41444e-05 
       803.5      74.8029      1.00005  0.000805955 -1.40157e-05 
       803.5       75.157      1.00005  0.000805959 -1.38868e-05 
       803.5      75.5119      1.00005  0.000805964 -1.37578e-05 
       803.5      75.8677      1.00006  0.000805971 -1.36286e-05 
       803.5      76.2243      1.00006  0.000805979 -1.34993e-05 
       803.5      76.5817      1.00006  0.000805989 -1.33699e-05 
       803.5        76.94      1.00006     0.000806 -1.32405e-05 
       803.5      77.2991      1.00007  0.000806013 -1.31109e-05 
       803.5      77.6591      1.00007  0.000806028 -1.29812e-05 
       803.5      78.0198      1.00007  0.000806045 -1.28515e-05 
       803.5      78.3815      1.00007  0.000806064 -1.27218e-05 
       803.5      78.7439      1.00008  0.000806084 -1.25921e-05 
       803.5      79.1072      1.00008  0.000806107 -1.24623e-05 
       803.5      79.4714      1.00008  0.000806132 -1.23326e-05 
       803.5      79.8363      1.00009  0.000806159 -1.22029e-05 
       803.5      80.2021      1.00009  0.000806189 -1.20733e-05 
       803.5      80.5688      1.00009   0.00080622 -1.19437e-05 
       803.5      80.9362      1.00009  0.000806255 -1.18142e-05 
       803.5      81.3045       1.0001  0.000806291 -1.16848e-05 
       803.5      81.6737       1.0001  0.000806331 -1.15555e-05 
       803.5      82.0437       1.0001  0.000806372 -1.14264e-05 
       803.5      82.4145       1.0001  0.000806417 -1.12974e-05 
       803.5      82.7861      1.00011  0.000806465 -1.11686e-05 
       803.5      83.1586      1.00011  0.000806515   -1.104e-05 
       803.5       83.532      1.00011  0.000806568 -1.09116e-05 
       803.5      83.9061      1.00011  0.000806625 -1.07835e-05 
       803.5      84.2811      1.00012  0.000806684 -1.06556e-05 
       803.5       84.657      1.00012  0.000806412 -1.02222e-05 
       803.5      85.0336      1.00012  0.000806438 -1.01152e-05 
       803.5      85.4111      1.00012  0.000806461 -1.00093e-05 
       803.5      85.7895      1.00013   0.00080648 -9.90443e-06 
       803.5      86.1687      1.00013  0.000806497 -9.80065e-06 
       803.5      86.5487      1.00013   0.00080651 -9.69793e-06 
       803.5      86.9295      1.00013  0.000806519 -9.59625e-06 
       803.5      87.3112      1.00014  0.000806524 -9.49559e-06 
       803.5      87.6937      1.00014  0.000806525 -9.39595e-06 
       803.5      88.0771      1.00014  0.000806522 -9.29731e-06 
       803.5      88.4613      1.00014  0.000806514 -9.19966e-06 
       803.5      88.8463      1.00015  0.000806501 -9.10297e-06 
       803.5      89.2322      1.00015  0.000806484 -9.00725e-06 
       803.5      89.6189      1.00015  0.000806461 -8.91246e-06 
       803.5      90.0064      1.00015  0.000806433  -8.8186e-06 
       803.5      90.3948      1.00016  0.000806399 -8.72564e-06 
       803.5       90.784      1.00016  0.000806359 -8.63359e-06 
       803.5      91.1741      1.00016  0.000806313 -8.54241e-06 
       803.5       91.565      1.00016  0.000806261 -8.45209e-06 
       803.5      91.9567      1.00017  0.000806203 -8.36261e-06 
       803.5      92.3492      1.00017  0.000806138 -8.27396e-06 
       803.5      92.7426      1.00018  0.000806978 -6.89151e-06 
       803.5      93.1369      1.00018  0.000806941  -6.7454e-06 
       803.5      93.5319      1.00018  0.000806903 -6.60052e-06 
       803.5      93.9278      1.00018  0.000806865 -6.45691e-06 
       803.5      94.3246      1.00018  0.000806827 -6.31458e-06 
       803.5      94.7221      1.00018  0.000806787 -6.17357e-06 
       803.5      95.1206      1.00019  0.000806747 -6.03391e-06 
       803.5      95.5198      1.00019  0.000806706 -5.89562e-06 
       803.5      95.9199      1.00019  0.000806663 -5.75874e-06 
       803.5      96.3208      1.00019   0.00080662 -5.62329e-06 
       803.5      96.7226      1.00019  0.000806574  -5.4893e-06 
       803.5      97.1251      1.00019  0.000806527 -5.35681e-06 
       803.5      97.5286       1.0002  0.000806477 -5.22585e-06 
       803.5      97.9328       1.0002  0.000806426 -5.09644e-06 
       803.5      98.3379       1.0002  0.000806372 -4.96862e-06 
       803.5      98.7439       1.0002  0.000806315 -4.84241e-06 
       803.5      99.1506      1.00021  0.000806256 -4.71786e-06 
       803.5      99.5583      1.00021  0.000806193 -4.59498e-06 
       803.5      99.9667      1.00021  0.000806128 -4.47382e-06 
       803.5      100.376      1.00021  0.000806059  -4.3544e-06 
       803.5      100.786      1.00022  0.000805987 -4.23676e-06 
       803.5      101.197      1.00022  0.000805911 -4.12093e-06 
       803.5      101.609      1.00022   0.00080583 -4.00694e-06 
       803.5      102.021      1.00023  0.000805746 -3.89483e-06 
       803.5      102.435      1.00023  0.000805657 -3.78463e-06 
       803.5      102.849      1.00023  0.000805564 -3.67638e-06 
       803.5      103.264      1.00024  0.000805466  -3.5701e-06 
       803.5       103.68      1.00024  0.000805362 -3.46584e-06 
       803.5      104.097      1.00019  0.000806099 -2.14505e-06 
       803.5      104.515      1.00018  0.000806115 -2.05771e-06 
       803.5      104.933      1.00018  0.000806132 -1.96874e-06 
       803.5      105.353      1.00018   0.00080615 -1.87817e-06 
       803.5      105.773      1.00018  0.000806169   -1.786e-06 
       803.5      106.194      1.00018  0.000806188 -1.69224e-06 
       803.5      106.616      1.00018  0.000806208 -1.59692e-06 
       803.5      107.038      1.00018  0.000806229 -1.50003e-06 
       803.5      107.462      1.00018   0.00080625 -1.40161e-06 
       803.5      107.886      1.00018  0.000806272 -1.30166e-06 
       803.5      108.311      1.00018  0.000806295 -1.20019e-06 
       803.5      108.737      1.00018  0.000806318 -1.09723e-06 
       803.5      109.164      1.00018  0.000806342 -9.92779e-07 
       803.5      109.592      1.00018  0.000806366 -8.86865e-07 
       803.5       110.02      1.00018   0.00080639 -7.79499e-07 
       803.5       110.45      1.00018  0.000806415 -6.70696e-07 
       803.5       110.88      1.00018   0.00080644 -5.60474e-07 
       803.5      111.311      1.00019  0.000806466 -4.48849e-07 
       803.5      111.743      1.00019  0.000806491 -3.35838e-07 
       803.5      112.175      1.00019  0.000806517 -2.21457e-07 
       803.5      112.609       1.0002  0.000806544 -1.05723e-07 
       803.5      113.043       1.0002   0.00080657  1.13443e-08 
       803.5      113.478       1.0002  0.000806597  1.29729e-07 
       803.5      113.914      1.00021  0.000806623  2.49413e-07 
       803.5      114.351      1.00021   0.00080665  3.70377e-07 
       803.5      114.789      1.00021  0.000806677  4.92603e-07 
       803.5      115.228      1.00022  0.000806703  6.16072e-07 
       803.5      115.667      1.00022   0.00080673  7.40765e-07 
       803.5      116.107      1.00023  0.000806757  8.66662e-07 
       803.5      116.548      1.00023  0.000806783  9.93744e-07 
       803.5       116.99      1.00024  0.000806809  1.12199e-06 
       803.5      117.433      1.00024  0.000806835  1.25138e-06 
       803.5      117.876      1.00025  0.000806861   1.3819e-06 
       803.5      118.321      1.00025  0.000806886  1.51352e-06 
       803.5      118.766      1.00026  0.000806911  1.64622e-06 
       803.5      119.212      1.00026  0.000806935  1.77998e-06 
       803.5      119.659      1.00027   0.00080696  1.91478e-06 
       803.5      120.107      1.00027  0.000806983   2.0506e-06 
       803.5      120.555      1.00028  0.000807006  2.18741e-06 
       803.5      121.005      1.00029  0.000807029  2.32519e-06 
       803.5      121.455      1.00029   0.00080705  2.46393e-06 
       803.5      121.906       1.0003  0.000807072  2.60359e-06 
       803.5      122.358       1.0003  0.000807092  2.74415e-06 
       803.5      122.811      1.00031  0.000807112   2.8856e-06 
       803.5      123.264      1.00031   0.00080713  3.02789e-06 
       803.5      123.719      1.00032  0.000807148  3.17102e-06 
       803.5      124.174      1.00033  0.000807165  3.31496e-06 
       803.5       124.63      1.00033  0.000807181  3.45968e-06 
       803.5      125.087      1.00034  0.000807196  3.60515e-06 
       803.5      125.545      1.00034   0.00080721  3.75136e-06 
       803.5      126.003      1.00035  0.000807222  3.89827e-06 
       803.5      126.463      1.00035  0.000807234  4.04586e-06 
       803.5      126.923      1.00036  0.000807244   4.1941e-06 
       803.5      127.384      1.00036  0.000807253  4.34297e-06 
       803.5      127.846      1.00037  0.000807261  4.49243e-06 
       803.5      128.309      1.00037  0.000807267  4.64247e-06 
       803.5      128.773      1.00038  0.000807272  4.79306e-06 
       803.5      129.237      1.00038  0.000807275  4.94415e-06 
       803.5      129.702      1.00039  0.000807277  5.09574e-06 
       803.5      130.169      1.00039  0.000807277  5.24778e-06 
       803.5      130.636      1.00039  0.000807275  5.40026e-06 
       803.5      131.103       1.0004  0.000807272  5.55313e-06 
       803.5      131.572       1.0004  0.000807266  5.70638e-06 
       803.5      132.041       1.0004  0.000807259  5.85997e-06 
       803.5      132.512      1.00041   0.00080725  6.01387e-06 
       803.5      132.983      1.00041  0.000807239  6.16805e-06 
       803.5      133.455      1.00041  0.000807226  6.32248e-06 
       803.5      133.928      1.00041  0.000807211  6.47713e-06 
       803.5      134.401      1.00042  0.000807194  6.63197e-06 
       803.5      134.876      1.00042  0.000807174  6.78696e-06 
       803.5      135.351      1.00042  0.000807153  6.94207e-06 
       803.5      135.827      1.00042  0.000807129  7.09728e-06 
       803.5      136.304      1.00042  0.000807102  7.25254e-06 
       803.5      136.782      1.00042  0.000807073  7.40782e-06 
       803.5      137.261      1.00042  0.000807041   7.5631e-06 
       803.5       137.74      1.00042  0.000807007  7.71834e-06 
       803.5      138.221      1.00042   0.00080697   7.8735e-06 
       803.5      138.702      1.00042  0.000806931  8.02854e-06 
       803.5      139.184      1.00041  0.000806888  8.18344e-06 
       803.5      139.667      1.00041  0.000806843  8.33816e-06 
       803.5      140.151      1.00041  0.000806795  8.49266e-06 
       803.5      140.635       1.0004  0.000806743  8.64691e-06 
       803.5       141.12       1.0004  0.000806689  8.80086e-06 
       803.5      141.607      1.00039  0.000806631  8.95449e-06 
       803.5      142.094      1.00039  0.000806571  9.10776e-06 
       803.5      142.582      1.00038  0.000806507  9.26063e-06 
       803.5       143.07      1.00038  0.000806439  9.41305e-06 
       803.5       143.56      1.00037  0.000806368  9.56501e-06 
       803.5       144.05      1.00036  0.000806294  9.71644e-06 
       803.5      144.541      1.00035  0.000806216  9.86732e-06 
       803.5      145.033      1.00034  0.000806135  1.00176e-05 
       803.5      145.526      1.00033  0.000806049  1.01673e-05 
       803.5       146.02      1.00032   0.00080596  1.03163e-05 
       803.5      146.515      1.00031  0.000805867  1.04645e-05 
       803.5       147.01       1.0003   0.00080577   1.0612e-05 
       803.5      147.506      1.00029  0.000805669  1.07588e-05 
       803.5      148.003      1.00027  0.000805564  1.09047e-05 
       803.5      148.501      1.00026  0.000805454  1.10497e-05 
       803.5          149      1.00024  0.000805341  1.11938e-05 
       803.5        149.5      1.00023  0.000805223  1.13369e-05 
       803.5          150      1.00021    0.0008051   1.1479e-05 
