Variables = x, y, u, v, p

Zone, I=600, F=POINT
         6.5        -0.75  1.58914e-05 -7.14398e-07  -0.00123567 
         6.5     -0.74958 -7.40987e-05  -6.9942e-07  -0.00123594 
         6.5    -0.748319  -0.00034329 -6.56516e-07  -0.00123673 
         6.5    -0.746219 -0.000788278 -5.92037e-07  -0.00123803 
         6.5    -0.743278  -0.00140453 -5.16737e-07  -0.00123981 
         6.5    -0.739496  -0.00218509 -4.46487e-07    -0.001242 
         6.5    -0.734875  -0.00312066 -4.02927e-07  -0.00124456 
         6.5    -0.729413  -0.00420075 -4.14309e-07  -0.00124742 
         6.5     -0.72311  -0.00541254 -5.16729e-07  -0.00125048 
         6.5    -0.715968  -0.00674087  -7.5532e-07  -0.00125367 
         6.5    -0.707985  -0.00816943 -1.18595e-06   -0.0012569 
         6.5    -0.699162  -0.00967941 -1.87677e-06  -0.00126006 
         6.5    -0.689498   -0.0112505 -2.91037e-06  -0.00126306 
         6.5    -0.678995   -0.0128599 -4.38543e-06  -0.00126582 
         6.5    -0.667651   -0.0144839 -6.41991e-06  -0.00126824 
         6.5    -0.655466   -0.0160962 -9.15294e-06  -0.00127024 
         6.5    -0.642442   -0.0176687 -1.27472e-05  -0.00127176 
         6.5    -0.628577    -0.019172 -1.73932e-05  -0.00127276 
         6.5    -0.613872   -0.0205746 -2.33111e-05  -0.00127322 
         6.5    -0.598326   -0.0218435 -3.07551e-05  -0.00127312 
         6.5     -0.58194   -0.0229436 -4.00159e-05  -0.00127251 
         6.5    -0.564714   -0.0238386 -5.14251e-05  -0.00127146 
         6.5    -0.546648   -0.0244902 -6.53594e-05  -0.00127008 
         6.5    -0.527741   -0.0248589 -8.22453e-05  -0.00126852 
         6.5    -0.507994   -0.0249033 -0.000102561  -0.00126701 
         6.5    -0.487407   -0.0245807 -0.000126844  -0.00126582 
         6.5    -0.465979   -0.0238468 -0.000155694  -0.00126529 
         6.5    -0.443711    -0.022656 -0.000189779  -0.00126582 
         6.5    -0.420603   -0.0209612 -0.000229839  -0.00126793 
         6.5    -0.396654   -0.0187141 -0.000276693   -0.0012722 
         6.5    -0.371866   -0.0158798 -0.000331656  -0.00127028 
         6.5    -0.346236   -0.0124121 -0.000392118  -0.00127061 
         6.5    -0.319767  -0.00825657 -0.000462139  -0.00127094 
         6.5    -0.292457    -0.003367 -0.000542265  -0.00127128 
         6.5    -0.264307   0.00230221 -0.000633018  -0.00127162 
         6.5    -0.235317   0.00879659 -0.000734908  -0.00127195 
         6.5    -0.205486    0.0161615 -0.000848428  -0.00127226 
         6.5    -0.174816    0.0244412  -0.00097404  -0.00127255 
         6.5    -0.143304    0.0336804   -0.0011122  -0.00127281 
         6.5    -0.110953    0.0439212   -0.0012633  -0.00127303 
         6.5    -0.077761    0.0552065  -0.00142774  -0.00127319 
         6.5    -0.043729    0.0675768  -0.00160585  -0.00127328 
         6.5    -0.008857    0.0810715  -0.00179794  -0.00127328 
         6.5     0.026856    0.0957072  -0.00199982   -0.0012732 
         6.5     0.063409     0.111521   -0.0022134    -0.001273 
         6.5     0.100802     0.128526  -0.00243612  -0.00127273 
         6.5     0.139036     0.146711  -0.00266615  -0.00127236 
         6.5      0.17811     0.166054  -0.00290137  -0.00127181 
         6.5     0.218024     0.186525  -0.00313938  -0.00127105 
         6.5     0.258779     0.207929  -0.00337745     -0.00127 
         6.5     0.300373     0.230625  -0.00361483   -0.0012691 
         6.5     0.342808     0.254048  -0.00384785  -0.00126787 
         6.5     0.386084     0.278136  -0.00407649  -0.00126629 
         6.5     0.430199     0.302815  -0.00430078  -0.00126436 
         6.5     0.475155     0.328006  -0.00452083  -0.00126205 
         6.5     0.520952     0.353617  -0.00473679  -0.00125935 
         6.5     0.567588     0.379546  -0.00494887  -0.00125626 
         6.5     0.615065     0.405682  -0.00515736  -0.00125276 
         6.5     0.663382     0.431899  -0.00536261  -0.00124883 
         6.5      0.71254     0.458063  -0.00556505  -0.00124447 
         6.5     0.762538     0.484151  -0.00576324  -0.00123843 
         6.5     0.813376     0.510514  -0.00596241  -0.00123315 
         6.5     0.865054     0.536744  -0.00615706  -0.00122706 
         6.5     0.917573     0.562791  -0.00634674  -0.00122015 
         6.5     0.970932     0.588598  -0.00653094  -0.00121238 
         6.5      1.02513     0.614106  -0.00670917  -0.00120376 
         6.5      1.08017     0.639252  -0.00688093  -0.00119425 
         6.5      1.13605     0.663972  -0.00704567  -0.00118386 
         6.5      1.19277     0.688196  -0.00720285  -0.00117255 
         6.5      1.25033     0.711853  -0.00735191  -0.00116033 
         6.5      1.30873     0.734867  -0.00749228  -0.00114719 
         6.5      1.36797     0.757159  -0.00762335   -0.0011331 
         6.5      1.42805     0.778645  -0.00774451  -0.00111808 
         6.5      1.48898     0.799239  -0.00785513   -0.0011021 
         6.5      1.55074      0.81885  -0.00795456  -0.00108517 
         6.5      1.61334     0.837382  -0.00804214  -0.00106729 
         6.5      1.67678     0.854738  -0.00811717  -0.00104846 
         6.5      1.74107     0.870813  -0.00817895  -0.00102867 
         6.5      1.80619     0.886847  -0.00824599  -0.00101125 
         6.5      1.87215     0.900273    -0.008283 -0.000989624 
         6.5      1.93896      0.91271  -0.00831225 -0.000967404 
         6.5       2.0066     0.924167  -0.00833384 -0.000944612 
         6.5      2.07508     0.934657  -0.00834791 -0.000921268 
         6.5      2.14441     0.944199  -0.00835464  -0.00089739 
         6.5      2.21457     0.952813  -0.00835422 -0.000873001 
         6.5      2.28558     0.960523  -0.00834688 -0.000848128 
         6.5      2.35742     0.967359  -0.00833289 -0.000822796 
         6.5      2.43011     0.973354  -0.00831253 -0.000797035 
         6.5      2.50364     0.978544  -0.00828614 -0.000770877 
         6.5        2.578     0.982972  -0.00825408 -0.000744356 
         6.5      2.65321     0.986684  -0.00821676 -0.000717509 
         6.5      2.72926     0.989731  -0.00817461 -0.000690375 
         6.5      2.80614     0.992168  -0.00812811 -0.000662997 
         6.5      2.88387     0.994058  -0.00807777  -0.00063542 
         6.5      2.96244     0.995465  -0.00802416 -0.000607691 
         6.5      3.04185     0.996462  -0.00796788  -0.00057986 
         6.5       3.1221     0.997125  -0.00790956 -0.000551983 
         6.5      3.20318     0.997537   -0.0078499 -0.000524114 
         6.5      3.28511     0.997785  -0.00778963 -0.000496315 
         6.5      3.36788     0.997965  -0.00772953 -0.000468649 
         6.5      3.45149     0.998175  -0.00767042 -0.000441181 
         6.5      3.53594     0.998523  -0.00761319 -0.000413983 
         6.5      3.62123      0.99912  -0.00755876 -0.000387126 
         6.5      3.70736      1.00009  -0.00750812 -0.000360689 
         6.5      3.79433     0.999479   -0.0074448  -0.00033417 
         6.5      3.88215     0.999573  -0.00738361 -0.000304723 
         6.5       3.9708     0.999638   -0.0073194  -0.00027448 
         6.5      4.06029     0.999669  -0.00725705 -0.000246537 
         6.5      4.15062     0.999674  -0.00719525 -0.000219014 
         6.5      4.24179     0.999659   -0.0071342 -0.000191695 
         6.5      4.33381     0.999629  -0.00707415 -0.000164347 
         6.5      4.42666     0.999593  -0.00701532 -0.000136726 
         6.5      4.52035     0.999557  -0.00695797 -0.000108575 
         6.5      4.61489     0.999519  -0.00690206 -8.06992e-05 
         6.5      4.71026     0.999487  -0.00684174 -5.23489e-05 
         6.5      4.80647     0.999458  -0.00678104 -2.44672e-05 
         6.5      4.90353     0.999431  -0.00672003  3.01255e-06 
         6.5      5.00142     0.999407  -0.00665823  3.07516e-05 
         6.5      5.10016     0.999382   -0.0065976  5.64799e-05 
         6.5      5.19974     0.999359  -0.00653711   8.2084e-05 
         6.5      5.30015     0.999338  -0.00647714  0.000107656 
         6.5      5.40141     0.999317   -0.0064181  0.000133292 
         6.5       5.5035     0.999295   -0.0063604  0.000159097 
         6.5      5.60644     0.999267  -0.00630999  0.000189914 
         6.5      5.71022     0.999236  -0.00624886  0.000214196 
         6.5      5.81483     0.999208  -0.00618825  0.000238782 
         6.5      5.92029     0.999182  -0.00612817  0.000263603 
         6.5      6.02659     0.999157  -0.00606861  0.000288585 
         6.5      6.13373     0.999134  -0.00600956   0.00031365 
         6.5       6.2417     0.999111  -0.00595101  0.000338718 
         6.5      6.35052     0.999088  -0.00589296  0.000363704 
         6.5      6.46018     0.999065  -0.00583539  0.000388519 
         6.5      6.57068     0.999041  -0.00577829  0.000413072 
         6.5      6.68202     0.999015  -0.00572165  0.000437266 
         6.5       6.7942     0.998987  -0.00566545  0.000461001 
         6.5      6.90722     0.998976  -0.00560576  0.000484997 
         6.5      7.02108     0.998952  -0.00554925  0.000508818 
         6.5      7.13578      0.99893  -0.00549223  0.000531948 
         6.5      7.25132     0.998908  -0.00543544  0.000554864 
         6.5       7.3677     0.998887  -0.00537889  0.000577558 
         6.5      7.48493     0.998865  -0.00532258  0.000600022 
         6.5      7.60299     0.998844  -0.00526649  0.000622248 
         6.5      7.72189     0.998823  -0.00521064  0.000644228 
         6.5      7.84163     0.998802  -0.00515501  0.000665953 
         6.5      7.96222     0.998782   -0.0050996  0.000687416 
         6.5      8.08364     0.998761  -0.00504441  0.000708607 
         6.5       8.2059     0.998741  -0.00498943  0.000729519 
         6.5      8.32901     0.998722  -0.00493466  0.000750143 
         6.5      8.45295     0.998702  -0.00488008  0.000770471 
         6.5      8.57774     0.998683   -0.0048257  0.000790494 
         6.5      8.70336     0.998664  -0.00477149  0.000810204 
         6.5      8.82982     0.998645  -0.00471747  0.000829592 
         6.5      8.95713     0.998627   -0.0046636   0.00084865 
         6.5      9.08528      0.99861  -0.00461017  0.000867967 
         6.5      9.21426     0.998592   -0.0045569  0.000886703 
         6.5      9.34409     0.998575  -0.00450387  0.000905131 
         6.5      9.47475     0.998558  -0.00445108  0.000923244 
         6.5      9.60626     0.998541  -0.00439837  0.000941061 
         6.5      9.73861     0.998525  -0.00434608  0.000958555 
         6.5       9.8718     0.998509  -0.00429402  0.000975763 
         6.5      10.0058     0.998493   -0.0042422  0.000992683 
         6.5      10.1407     0.998477  -0.00419062   0.00100931 
         6.5      10.2764     0.998462  -0.00413928   0.00102565 
         6.5      10.4129     0.998447   -0.0040882    0.0010417 
         6.5      10.5503     0.998433  -0.00403736   0.00105745 
         6.5      10.6886     0.998418  -0.00398678   0.00107291 
         6.5      10.8276     0.998404  -0.00393645   0.00108807 
         6.5      10.9675      0.99839  -0.00388639   0.00110294 
         6.5      11.1083     0.998377  -0.00383658   0.00111751 
         6.5      11.2499     0.998364  -0.00378704   0.00113178 
         6.5      11.3923     0.998351  -0.00373776   0.00114576 
         6.5      11.5356     0.998338  -0.00368876   0.00115943 
         6.5      11.6797     0.998326  -0.00364002   0.00117281 
         6.5      11.8246     0.998314  -0.00359155    0.0011859 
         6.5      11.9704     0.998303  -0.00354335   0.00119868 
         6.5      12.1171     0.998291  -0.00349542   0.00121118 
         6.5      12.2645      0.99828  -0.00344776   0.00122338 
         6.5      12.4129      0.99827  -0.00340038   0.00123528 
         6.5       12.562     0.998259  -0.00335327    0.0012469 
         6.5       12.712     0.998249  -0.00330643   0.00125823 
         6.5      12.8628     0.998239  -0.00325986   0.00126927 
         6.5      13.0145      0.99823  -0.00321356   0.00128002 
         6.5       13.167      0.99822  -0.00316754   0.00129049 
         6.5      13.3204     0.998211  -0.00312177   0.00130069 
         6.5      13.4746     0.998203  -0.00307628    0.0013106 
         6.5      13.6296     0.998194  -0.00303122   0.00132031 
         6.5      13.7855     0.998186  -0.00298641   0.00132972 
         6.5      13.9422     0.998178  -0.00294182   0.00133873 
         6.5      14.0998     0.998171   -0.0028975   0.00134749 
         6.5      14.2582     0.998164  -0.00285347   0.00135598 
         6.5      14.4174     0.998157  -0.00280973   0.00136421 
         6.5      14.5775      0.99815  -0.00276627   0.00137219 
         6.5      14.7384     0.998144  -0.00272309    0.0013799 
         6.5      14.9001     0.998137  -0.00268021   0.00138735 
         6.5      15.0627     0.998132  -0.00263762   0.00139455 
         6.5      15.2262     0.998126  -0.00259532   0.00140148 
         6.5      15.3905     0.998121  -0.00255332   0.00140816 
         6.5      15.5556     0.998115  -0.00251161   0.00141459 
         6.5      15.7215     0.998111   -0.0024702   0.00142076 
         6.5      15.8883     0.998106  -0.00242908   0.00142667 
         6.5       16.056     0.998102  -0.00238826   0.00143234 
         6.5      16.2245     0.998098  -0.00234774   0.00143775 
         6.5      16.3938     0.998094  -0.00230751   0.00144292 
         6.5      16.5639      0.99809  -0.00226758   0.00144784 
         6.5      16.7349     0.998087  -0.00222795   0.00145252 
         6.5      16.9068     0.998084  -0.00218862   0.00145695 
         6.5      17.0795     0.998081  -0.00214958   0.00146115 
         6.5       17.253     0.998079  -0.00211084   0.00146511 
         6.5      17.4273     0.998076  -0.00207239   0.00146883 
         6.5      17.6025     0.998074  -0.00203424   0.00147233 
         6.5      17.7786     0.998072  -0.00199638    0.0014756 
         6.5      17.9555     0.998071   -0.0019588   0.00147864 
         6.5      18.1332     0.998069  -0.00192152   0.00148147 
         6.5      18.3118     0.998068  -0.00188453   0.00148407 
         6.5      18.4912     0.998067  -0.00184781   0.00148647 
         6.5      18.6714     0.998066  -0.00181138   0.00148866 
         6.5      18.8525     0.998066  -0.00177523   0.00149064 
         6.5      19.0344     0.998066  -0.00173936   0.00149242 
         6.5      19.2172     0.998066  -0.00170376   0.00149401 
         6.5      19.4008     0.998066  -0.00166843   0.00149541 
         6.5      19.5852     0.998066  -0.00163337   0.00149662 
         6.5      19.7705     0.998066  -0.00159892   0.00149775 
         6.5      19.9566     0.998067  -0.00156456   0.00149859 
         6.5      20.1436     0.998068  -0.00153049   0.00149924 
         6.5      20.3314     0.998069   -0.0014967   0.00149971 
         6.5      20.5201      0.99807  -0.00146321       0.0015 
         6.5      20.7095     0.998072     -0.00143   0.00150012 
         6.5      20.8999     0.998073  -0.00139708   0.00150006 
         6.5       21.091     0.998075  -0.00136445   0.00149983 
         6.5      21.2831     0.998077  -0.00133211   0.00149943 
         6.5      21.4759     0.998079  -0.00130005   0.00149886 
         6.5      21.6696     0.998082  -0.00126829   0.00149813 
         6.5      21.8641     0.998084   -0.0012368   0.00149724 
         6.5      22.0595     0.998087  -0.00120561   0.00149619 
         6.5      22.2557      0.99809   -0.0011747   0.00149499 
         6.5      22.4527     0.998093  -0.00114407   0.00149364 
         6.5      22.6506     0.998096  -0.00111372   0.00149214 
         6.5      22.8494     0.998099  -0.00108366    0.0014905 
         6.5      23.0489     0.998103  -0.00105387   0.00148873 
         6.5      23.2493     0.998106  -0.00102437   0.00148681 
         6.5      23.4506      0.99811 -0.000995137   0.00148477 
         6.5      23.6527     0.998114 -0.000966179    0.0014826 
         6.5      23.8556     0.998118 -0.000937494   0.00148031 
         6.5      24.0594     0.998122 -0.000909078    0.0014779 
         6.5       24.264     0.998127 -0.000881096   0.00147508 
         6.5      24.4695     0.998131   -0.0008532   0.00147249 
         6.5      24.6758     0.998135 -0.000825562   0.00146975 
         6.5      24.8829      0.99814 -0.000798185   0.00146687 
         6.5      25.0909     0.998145 -0.000771071   0.00146386 
         6.5      25.2997      0.99815 -0.000744221    0.0014607 
         6.5      25.5093     0.998155 -0.000717638   0.00145741 
         6.5      25.7198      0.99816 -0.000691323   0.00145399 
         6.5      25.9312     0.998165 -0.000665278   0.00145045 
         6.5      26.1433     0.998171  -0.00063996   0.00144717 
         6.5      26.3564     0.998176 -0.000614434   0.00144348 
         6.5      26.5702     0.998182 -0.000589174   0.00143971 
         6.5      26.7849     0.998187 -0.000564179   0.00143585 
         6.5      27.0004     0.998193 -0.000539448   0.00143191 
         6.5      27.2168     0.998199 -0.000514979   0.00142788 
         6.5       27.434     0.998205 -0.000490771   0.00142376 
         6.5      27.6521     0.998211  -0.00046682   0.00141957 
         6.5       27.871     0.998217 -0.000443125    0.0014153 
         6.5      28.0907     0.998224 -0.000419683   0.00141096 
         6.5      28.3113      0.99823 -0.000396493   0.00140654 
         6.5      28.5327     0.998236 -0.000373551   0.00140204 
         6.5       28.755     0.998243 -0.000350855   0.00139748 
         6.5      28.9781      0.99825 -0.000328402   0.00139285 
         6.5       29.202     0.998256 -0.000306189   0.00138816 
         6.5      29.4268     0.998263 -0.000284213    0.0013834 
         6.5      29.6524      0.99827 -0.000262471   0.00137857 
         6.5      29.8789     0.998277 -0.000240959    0.0013737 
         6.5      30.1062     0.998284 -0.000219675   0.00136876 
         6.5      30.3343     0.998291 -0.000198613   0.00136377 
         6.5      30.5633     0.998298 -0.000177771   0.00135873 
         6.5      30.7931     0.998305 -0.000157145   0.00135364 
         6.5      31.0238     0.998312  -0.00013673   0.00134851 
         6.5      31.2553     0.998319 -0.000116522   0.00134334 
         6.5      31.4876     0.998326 -9.65165e-05   0.00133812 
         6.5      31.7208     0.998334 -7.67096e-05   0.00133287 
         6.5      31.9548     0.998341 -5.71831e-05    0.0013276 
         6.5      32.1897     0.998349 -3.80652e-05   0.00132222 
         6.5      32.4254     0.998356 -1.91426e-05   0.00131682 
         6.5       32.662     0.998364 -4.15176e-07   0.00131138 
         6.5      32.8993     0.998371  1.81172e-05   0.00130592 
         6.5      33.1376     0.998379  3.64543e-05   0.00130042 
         6.5      33.3766     0.998387  5.45966e-05    0.0012949 
         6.5      33.6165     0.998394  7.25441e-05   0.00128935 
         6.5      33.8573     0.998402   9.0297e-05   0.00128378 
         6.5      34.0989      0.99841  0.000107856   0.00127818 
         6.5      34.3413     0.998418   0.00012522   0.00127257 
         6.5      34.5846     0.998425  0.000142392   0.00126693 
         6.5      34.8287     0.998433   0.00015937   0.00126127 
         6.5      35.0736     0.998441  0.000176156   0.00125559 
         6.5      35.3194     0.998449  0.000192749   0.00124989 
         6.5       35.566     0.998457  0.000209152   0.00124418 
         6.5      35.8135     0.998465  0.000225363   0.00123846 
         6.5      36.0618     0.998473  0.000241385   0.00123272 
         6.5       36.311     0.998481  0.000257217   0.00122698 
         6.5      36.5609     0.998489  0.000272861   0.00122122 
         6.5      36.8118     0.998497  0.000288317   0.00121546 
         6.5      37.0634     0.998505  0.000303587   0.00120969 
         6.5       37.316     0.998513  0.000318672   0.00120391 
         6.5      37.5693     0.998521  0.000333572   0.00119814 
         6.5      37.8235     0.998529  0.000348289   0.00119236 
         6.5      38.0785     0.998537  0.000362824   0.00118658 
         6.5      38.3344     0.998545  0.000377178   0.00118081 
         6.5      38.5911     0.998554  0.000391353   0.00117504 
         6.5      38.8487     0.998562  0.000405349   0.00116928 
         6.5       39.107      0.99857  0.000419169   0.00116352 
         6.5      39.3663     0.998578  0.000432814   0.00115778 
         6.5      39.6264     0.998586  0.000446285   0.00115205 
         6.5      39.8873     0.998594  0.000459585   0.00114633 
         6.5       40.149     0.998602  0.000472714   0.00114063 
         6.5      40.4116      0.99861  0.000485675   0.00113494 
         6.5       40.675     0.998619  0.000499255    0.0011282 
         6.5      40.9393     0.998627  0.000512014   0.00112263 
         6.5      41.2044     0.998635  0.000524594   0.00111705 
         6.5      41.4704     0.998643  0.000536996   0.00111148 
         6.5      41.7372     0.998651  0.000549223   0.00110589 
         6.5      42.0048     0.998659  0.000561279   0.00110031 
         6.5      42.2733     0.998667  0.000573166   0.00109471 
         6.5      42.5426     0.998675  0.000584888    0.0010891 
         6.5      42.8128     0.998684  0.000596447   0.00108349 
         6.5      43.0838     0.998692  0.000607848   0.00107786 
         6.5      43.3556       0.9987  0.000619094   0.00107221 
         6.5      43.6283     0.998708  0.000630187   0.00106655 
         6.5      43.9018     0.998716  0.000641133   0.00106087 
         6.5      44.1761     0.998724  0.000651933   0.00105517 
         6.5      44.4513     0.998731   0.00066326    0.0010508 
         6.5      44.7274     0.998739  0.000673924   0.00104506 
         6.5      45.0043     0.998748  0.000684469   0.00103936 
         6.5       45.282     0.998756  0.000694895    0.0010337 
         6.5      45.5605     0.998764  0.000705202   0.00102809 
         6.5      45.8399     0.998772  0.000715391   0.00102253 
         6.5      46.1202      0.99878  0.000725461   0.00101701 
         6.5      46.4013     0.998788  0.000735413   0.00101153 
         6.5      46.6832     0.998796  0.000745246    0.0010061 
         6.5      46.9659     0.998804  0.000754961   0.00100071 
         6.5      47.2495     0.998812  0.000764558  0.000995359 
         6.5       47.534      0.99882  0.000774037  0.000990055 
         6.5      47.8193     0.998828  0.000783399  0.000984794 
         6.5      48.1054     0.998836  0.000792643  0.000979574 
         6.5      48.3923     0.998843   0.00080177  0.000974396 
         6.5      48.6801     0.998851  0.000810781  0.000969258 
         6.5      48.9688     0.998859  0.000819675  0.000964161 
         6.5      49.2583     0.998867  0.000828453  0.000959104 
         6.5      49.5486     0.998874  0.000837116  0.000954087 
         6.5      49.8398     0.998882  0.000845663  0.000949108 
         6.5      50.1318      0.99889  0.000852874  0.000943978 
         6.5      50.4246     0.998897  0.000861226  0.000939029 
         6.5      50.7183     0.998905  0.000869472  0.000934102 
         6.5      51.0128     0.998912  0.000877612  0.000929197 
         6.5      51.3082      0.99892  0.000885648  0.000924316 
         6.5      51.6044     0.998927   0.00089358  0.000919458 
         6.5      51.9014     0.998935  0.000901409  0.000914625 
         6.5      52.1993     0.998942  0.000909136  0.000909816 
         6.5       52.498      0.99895  0.000916761  0.000905033 
         6.5      52.7976     0.998957  0.000924286  0.000900276 
         6.5       53.098     0.998965  0.000931712  0.000895545 
         6.5      53.3993     0.998972   0.00093904  0.000890841 
         6.5      53.7014     0.998979   0.00094627  0.000886165 
         6.5      54.0043     0.998987  0.000953404  0.000881518 
         6.5       54.308     0.998994  0.000960443  0.000876899 
         6.5      54.6127     0.999001  0.000967388  0.000872309 
         6.5      54.9181     0.999009   0.00097424   0.00086775 
         6.5      55.2244     0.999016  0.000981001  0.000863221 
         6.5      55.5315     0.999023  0.000987671  0.000858723 
         6.5      55.8395      0.99903  0.000994252  0.000854257 
         6.5      56.1483     0.999037   0.00100074  0.000849824 
         6.5       56.458     0.999044   0.00100715  0.000845424 
         6.5      56.7684     0.999052   0.00101347  0.000841057 
         6.5      57.0798     0.999059   0.00101971  0.000836725 
         6.5      57.3919     0.999066   0.00102586  0.000832428 
         6.5       57.705     0.999073   0.00103194  0.000828167 
         6.5      58.0188      0.99908   0.00103793  0.000823942 
         6.5      58.3335     0.999086   0.00104385  0.000819753 
         6.5       58.649     0.999093   0.00104969  0.000815603 
         6.5      58.9654       0.9991   0.00105546  0.000811491 
         6.5      59.2826     0.999107   0.00106115  0.000807417 
         6.5      59.6007     0.999114   0.00106677  0.000803384 
         6.5      59.9196     0.999121   0.00107232   0.00079939 
         6.5      60.2393     0.999127    0.0010778  0.000795438 
         6.5      60.5599     0.999134   0.00108322  0.000791527 
         6.5      60.8813     0.999141   0.00108857  0.000787659 
         6.5      61.2035     0.999147   0.00109386  0.000783834 
         6.5      61.5266     0.999154   0.00109909  0.000780053 
         6.5      61.8506      0.99916   0.00110426  0.000776317 
         6.5      62.1753     0.999167   0.00110938  0.000772625 
         6.5       62.501     0.999173   0.00111443   0.00076898 
         6.5      62.8274     0.999179   0.00111944  0.000765381 
         6.5      63.1547     0.999186   0.00112439   0.00076183 
         6.5      63.4828     0.999192    0.0011293  0.000758328 
         6.5      63.8118     0.999199    0.0011338  0.000753728 
         6.5      64.1416     0.999206   0.00113847  0.000750266 
         6.5      64.4723     0.999212   0.00114309  0.000746825 
         6.5      64.8038     0.999218   0.00114765  0.000743408 
         6.5      65.1361     0.999224   0.00115217  0.000740014 
         6.5      65.4693      0.99923   0.00115662  0.000736643 
         6.5      65.8033     0.999236   0.00116103  0.000733296 
         6.5      66.1382     0.999242   0.00116538  0.000729973 
         6.5      66.4739     0.999249   0.00116967  0.000726675 
         6.5      66.8104     0.999255   0.00117392    0.0007234 
         6.5      67.1478     0.999261   0.00117811  0.000720151 
         6.5       67.486     0.999267   0.00118225  0.000716927 
         6.5      67.8251     0.999273   0.00118633  0.000713728 
         6.5       68.165     0.999278   0.00119037  0.000710555 
         6.5      68.5057     0.999284   0.00119435  0.000707408 
         6.5      68.8473      0.99929   0.00119828  0.000704287 
         6.5      69.1897     0.999296   0.00120215  0.000701192 
         6.5       69.533     0.999302   0.00120598  0.000698125 
         6.5      69.8771     0.999308   0.00120975  0.000695085 
         6.5       70.222     0.999314   0.00121348  0.000692072 
         6.5      70.5678     0.999319   0.00121715  0.000689086 
         6.5      70.9145     0.999325   0.00122077  0.000686129 
         6.5      71.2619     0.999331   0.00122434    0.0006832 
         6.5      71.6102     0.999336   0.00122787    0.0006803 
         6.5      71.9594     0.999342   0.00123134  0.000677429 
         6.5      72.3093     0.999348   0.00123476  0.000674587 
         6.5      72.6602     0.999353   0.00123814  0.000671774 
         6.5      73.0118     0.999359   0.00124146  0.000668991 
         6.5      73.3643     0.999364   0.00124474  0.000666239 
         6.5      73.7177      0.99937   0.00124797  0.000663517 
         6.5      74.0719     0.999375   0.00125115  0.000660825 
         6.5      74.4269      0.99938   0.00125428  0.000658165 
         6.5      74.7828     0.999386   0.00125737  0.000655536 
         6.5      75.1395     0.999391    0.0012604  0.000652939 
         6.5       75.497     0.999396   0.00126313  0.000650725 
         6.5      75.8554     0.999401   0.00126619  0.000648245 
         6.5      76.2146     0.999406   0.00126922  0.000645799 
         6.5      76.5747     0.999412   0.00127221  0.000643385 
         6.5      76.9356     0.999417   0.00127515  0.000641003 
         6.5      77.2974     0.999422   0.00127805  0.000638653 
         6.5      77.6599     0.999427   0.00128091  0.000636335 
         6.5      78.0234     0.999432   0.00128373  0.000634047 
         6.5      78.3876     0.999437   0.00128651   0.00063179 
         6.5      78.7528     0.999442   0.00128926  0.000629563 
         6.5      79.1187     0.999447   0.00129196  0.000627366 
         6.5      79.4855     0.999451   0.00129463  0.000625198 
         6.5      79.8531     0.999456   0.00129725  0.000623058 
         6.5      80.2216     0.999461   0.00129985  0.000620946 
         6.5      80.5909     0.999466    0.0013024  0.000618862 
         6.5      80.9611      0.99947   0.00130492  0.000616805 
         6.5      81.3321     0.999475    0.0013074  0.000614775 
         6.5      81.7039      0.99948   0.00130985   0.00061277 
         6.5      82.0766     0.999485   0.00131227  0.000610791 
         6.5      82.4501     0.999489   0.00131465  0.000608836 
         6.5      82.8244     0.999494     0.001317  0.000606906 
         6.5      83.1996     0.999498   0.00131932  0.000604999 
         6.5      83.5757     0.999503   0.00132161  0.000603116 
         6.5      83.9525     0.999507   0.00132386  0.000601255 
         6.5      84.3302     0.999512   0.00132609  0.000599416 
         6.5      84.7088     0.999516   0.00132829  0.000597598 
         6.5      85.0882     0.999521   0.00133045    0.0005958 
         6.5      85.4684     0.999525    0.0013326  0.000594022 
         6.5      85.8495      0.99953   0.00133471  0.000592264 
         6.5      86.2314     0.999534    0.0013368  0.000590524 
         6.5      86.6142     0.999538   0.00133886  0.000588803 
         6.5      86.9978     0.999543    0.0013409  0.000587098 
         6.5      87.3822     0.999547   0.00134291   0.00058541 
         6.5      87.7675     0.999551    0.0013449  0.000583737 
         6.5      88.1536     0.999555   0.00134687   0.00058208 
         6.5      88.5406      0.99956   0.00134882  0.000580437 
         6.5      88.9284     0.999564   0.00135074  0.000578808 
         6.5       89.317     0.999568   0.00135265  0.000577192 
         6.5      89.7065     0.999572   0.00135454  0.000575587 
         6.5      90.0968     0.999575   0.00135617  0.000575249 
         6.5      90.4879     0.999579   0.00135798  0.000573754 
         6.5      90.8799     0.999583   0.00135978  0.000572287 
         6.5      91.2728     0.999587   0.00136155   0.00057085 
         6.5      91.6665     0.999591    0.0013633  0.000569441 
         6.5       92.061     0.999595   0.00136503  0.000568061 
         6.5      92.4563     0.999599   0.00136674   0.00056671 
         6.5      92.8525     0.999602   0.00136843  0.000565387 
         6.5      93.2496     0.999606    0.0013701  0.000564093 
         6.5      93.6475      0.99961   0.00137174  0.000562826 
         6.5      94.0462     0.999613   0.00137336  0.000561588 
         6.5      94.4458     0.999617   0.00137496  0.000560378 
         6.5      94.8462     0.999621   0.00137654  0.000559195 
         6.5      95.2474     0.999624    0.0013781   0.00055804 
         6.5      95.6495     0.999628   0.00137963  0.000556913 
         6.5      96.0524     0.999632   0.00138115  0.000555812 
         6.5      96.4562     0.999635   0.00138264  0.000554739 
         6.5      96.8608     0.999639    0.0013841  0.000553693 
         6.5      97.2662     0.999642   0.00138555  0.000552673 
         6.5      97.6725     0.999645   0.00138697   0.00055168 
         6.5      98.0796     0.999649   0.00138837  0.000550714 
         6.5      98.4876     0.999652   0.00138975  0.000549773 
         6.5      98.8964     0.999656   0.00139111  0.000548859 
         6.5       99.306     0.999659   0.00139244   0.00054797 
         6.5      99.7165     0.999662   0.00139375  0.000547107 
         6.5      100.128     0.999666   0.00139503   0.00054627 
         6.5       100.54     0.999669    0.0013963  0.000545457 
         6.5      100.953     0.999672   0.00139754   0.00054467 
         6.5      101.367     0.999675   0.00139875  0.000543907 
         6.5      101.782     0.999679   0.00139995  0.000543169 
         6.5      102.197     0.999682   0.00140112  0.000542455 
         6.5      102.613     0.999685   0.00140226  0.000541765 
         6.5      103.031     0.999688   0.00140339  0.000541099 
         6.5      103.449     0.999694   0.00140393  0.000539868 
         6.5      103.868     0.999697   0.00140513  0.000539228 
         6.5      104.287       0.9997   0.00140631  0.000538604 
         6.5      104.708     0.999702   0.00140748  0.000537999 
         6.5      105.129     0.999705   0.00140863   0.00053741 
         6.5      105.552     0.999708   0.00140976  0.000536839 
         6.5      105.975     0.999711   0.00141087  0.000536285 
         6.5      106.399     0.999714   0.00141197  0.000535748 
         6.5      106.823     0.999717   0.00141304   0.00053523 
         6.5      107.249      0.99972    0.0014141  0.000534728 
         6.5      107.675     0.999723   0.00141515  0.000534244 
         6.5      108.103     0.999725   0.00141618  0.000533778 
         6.5      108.531     0.999728   0.00141719   0.00053333 
         6.5       108.96     0.999731   0.00141818  0.000532899 
         6.5       109.39     0.999734   0.00141916  0.000532486 
         6.5       109.82     0.999736   0.00142012  0.000532091 
         6.5      110.252     0.999739   0.00142107  0.000531714 
         6.5      110.684     0.999742     0.001422  0.000531355 
         6.5      111.117     0.999744   0.00142292  0.000531014 
         6.5      111.551     0.999747   0.00142382  0.000530691 
         6.5      111.986     0.999749    0.0014247  0.000530386 
         6.5      112.422     0.999752   0.00142557  0.000530099 
         6.5      112.858     0.999755   0.00142643   0.00052983 
         6.5      113.296     0.999757   0.00142727   0.00052958 
         6.5      113.734      0.99976    0.0014281  0.000529347 
         6.5      114.173     0.999762   0.00142891  0.000529133 
         6.5      114.613     0.999765   0.00142971  0.000528938 
         6.5      115.054     0.999767   0.00143049  0.000528761 
         6.5      115.495      0.99977   0.00143127  0.000528602 
         6.5      115.938     0.999772   0.00143203  0.000528462 
         6.5      116.381     0.999774   0.00143277   0.00052834 
         6.5      116.825     0.999777   0.00143351  0.000528237 
         6.5       117.27     0.999779   0.00143423  0.000528152 
         6.5      117.716     0.999782   0.00143494  0.000528086 
         6.5      118.162     0.999784   0.00143564  0.000528039 
         6.5       118.61     0.999786   0.00143632   0.00052801 
         6.5      119.058     0.999788     0.001437     0.000528 
         6.5      119.507     0.999791   0.00143766  0.000528009 
         6.5      119.957     0.999793   0.00143831  0.000528037 
         6.5      120.408     0.999795   0.00143895  0.000528084 
         6.5       120.86     0.999798   0.00143959   0.00052815 
         6.5      121.312       0.9998   0.00144021  0.000528234 
         6.5      121.766     0.999802   0.00144082  0.000528338 
         6.5       122.22     0.999804   0.00144142   0.00052846 
         6.5      122.675     0.999806   0.00144201  0.000528602 
         6.5      123.131     0.999809    0.0014426  0.000528762 
         6.5      123.587     0.999811   0.00144317  0.000528942 
         6.5      124.045     0.999813   0.00144374  0.000529141 
         6.5      124.503     0.999815    0.0014443  0.000529359 
         6.5      124.962     0.999817   0.00144485  0.000529596 
         6.5      125.423     0.999819    0.0014454  0.000529852 
         6.5      125.883     0.999821   0.00144593  0.000530128 
         6.5      126.345     0.999838   0.00144612   0.00052968 
         6.5      126.808     0.999839   0.00144675      0.00053 
         6.5      127.271      0.99984   0.00144738  0.000530334 
         6.5      127.735     0.999841   0.00144799  0.000530684 
         6.5      128.201     0.999841    0.0014486  0.000531048 
         6.5      128.666     0.999841   0.00144921  0.000531428 
         6.5      129.133     0.999841    0.0014498  0.000531823 
         6.5      129.601     0.999841   0.00145039  0.000532233 
         6.5      130.069     0.999841   0.00145098  0.000532658 
         6.5      130.539     0.999841   0.00145155  0.000533099 
         6.5      131.009     0.999841   0.00145212  0.000533555 
         6.5       131.48      0.99984   0.00145268  0.000534027 
         6.5      131.952      0.99984   0.00145323  0.000534514 
         6.5      132.424     0.999839   0.00145377  0.000535016 
         6.5      132.898     0.999838   0.00145431  0.000535535 
         6.5      133.372     0.999838   0.00145484  0.000536069 
         6.5      133.847     0.999837   0.00145536  0.000536619 
         6.5      134.323     0.999837   0.00145587  0.000537184 
         6.5        134.8     0.999836   0.00145638  0.000537766 
         6.5      135.278     0.999836   0.00145688  0.000538364 
         6.5      135.757     0.999835   0.00145737  0.000538977 
         6.5      136.236     0.999835   0.00145785  0.000539607 
         6.5      136.716     0.999835   0.00145832  0.000540253 
         6.5      137.197     0.999835   0.00145878  0.000540915 
         6.5      137.679     0.999835   0.00145923  0.000541593 
         6.5      138.162     0.999836   0.00145968  0.000542288 
         6.5      138.645     0.999836   0.00146012  0.000542999 
         6.5       139.13     0.999837   0.00146054  0.000543726 
         6.5      139.615     0.999839   0.00146096   0.00054447 
         6.5      140.101      0.99984   0.00146137  0.000545231 
         6.5      140.588     0.999842   0.00146177  0.000546008 
         6.5      141.076     0.999844   0.00146216  0.000546802 
         6.5      141.565     0.999846   0.00146254  0.000547613 
         6.5      142.054     0.999849   0.00146291  0.000548441 
         6.5      142.544     0.999852   0.00146328  0.000549285 
         6.5      143.036     0.999856   0.00146363  0.000550147 
         6.5      143.528      0.99986   0.00146397  0.000551025 
         6.5       144.02     0.999864    0.0014643   0.00055192 
         6.5      144.514     0.999869   0.00146462  0.000552833 
         6.5      145.009     0.999875   0.00146493  0.000553763 
         6.5      145.504     0.999881   0.00146523   0.00055471 
         6.5          146     0.999888   0.00146552  0.000555674 
         6.5      146.497     0.999895    0.0014658  0.000556656 
         6.5      146.995     0.999903   0.00146607  0.000557655 
         6.5      147.494     0.999911   0.00146633  0.000558672 
         6.5      147.993      0.99992   0.00146657  0.000559706 
         6.5      148.494      0.99993   0.00146681  0.000560758 
         6.5      148.995     0.999941   0.00146703  0.000561828 
         6.5      149.497     0.999952   0.00146724  0.000562915 
         6.5          150     0.999964   0.00146744   0.00056402 
