Variables = x, y, u, v

Zone, I=600, F=POINT
        93.5           -1            0            0 
        93.5    -0.999579            0            0 
        93.5    -0.998317            0            0 
        93.5    -0.996212            0            0 
        93.5    -0.993266            0            0 
        93.5    -0.989479            0            0 
        93.5     -0.98485            0            0 
        93.5    -0.979379            0            0 
        93.5    -0.973066            0            0 
        93.5    -0.965911            0            0 
        93.5    -0.957915            0            0 
        93.5    -0.949078            0            0 
        93.5    -0.939398            0            0 
        93.5    -0.928877            0            0 
        93.5    -0.917514            0            0 
        93.5     -0.90531    0.0056566  5.65269e-06 
        93.5    -0.892263    0.0122649  1.23341e-05 
        93.5    -0.878375    0.0192861  1.95191e-05 
        93.5    -0.863646    0.0267177  2.72142e-05 
        93.5    -0.848075    0.0345575  3.54256e-05 
        93.5    -0.831662    0.0428028  4.41577e-05 
        93.5    -0.814407    0.0514505  5.34135e-05 
        93.5     -0.79631    0.0604976  6.31948e-05 
        93.5    -0.777372    0.0699401   7.3501e-05 
        93.5    -0.757593    0.0797746    8.433e-05 
        93.5    -0.736971    0.0899983  9.56783e-05 
        93.5    -0.715508     0.100607  0.000107537 
        93.5    -0.693203     0.111596  0.000119895 
        93.5    -0.670057     0.122961  0.000132734 
        93.5    -0.646068     0.134699  0.000146029 
        93.5    -0.621239     0.146804  0.000159744 
        93.5    -0.595567     0.159272  0.000173906 
        93.5    -0.569054     0.172098  0.000188496 
        93.5    -0.541699     0.185277  0.000203409 
        93.5    -0.513502     0.198805   0.00021863 
        93.5    -0.484464     0.212677  0.000234144 
        93.5    -0.454583     0.226889  0.000249935 
        93.5    -0.423862     0.241435  0.000265983 
        93.5    -0.392298     0.256312   0.00028227 
        93.5    -0.359893     0.271515  0.000298775 
        93.5    -0.326646      0.28704   0.00031548 
        93.5    -0.292558     0.302881  0.000332366 
        93.5    -0.257627     0.319036  0.000349421 
        93.5    -0.221856     0.335498  0.000366636 
        93.5    -0.185242     0.352257  0.000384149 
        93.5    -0.147787     0.369326   0.00040192 
        93.5     -0.10949     0.386695  0.000420042 
        93.5    -0.070351     0.404351  0.000438603 
        93.5    -0.030371     0.422282  0.000457686 
        93.5     0.010451     0.440474  0.000477367 
        93.5     0.052115     0.458913  0.000497722 
        93.5     0.094621     0.477583  0.000518834 
        93.5     0.137968     0.496466  0.000540799 
        93.5     0.182157     0.515544  0.000563741 
        93.5     0.227187     0.534799  0.000587822 
        93.5     0.273059      0.55421  0.000613147 
        93.5     0.319773     0.573716  0.000639457 
        93.5     0.367329     0.593253  0.000667106 
        93.5     0.415726     0.612778  0.000695986 
        93.5     0.464965     0.632248  0.000726001 
        93.5     0.515046     0.651616  0.000757061 
        93.5     0.565968      0.67083  0.000789078 
        93.5     0.617732     0.689839  0.000821958 
        93.5     0.670338     0.708584  0.000855591 
        93.5     0.723786     0.727007   0.00088984 
        93.5     0.778075     0.745042  0.000924528 
        93.5     0.833206     0.762622  0.000959419 
        93.5     0.889178     0.779703  0.000994277 
        93.5     0.945992     0.796227   0.00102897 
        93.5      1.00365     0.812115   0.00106321 
        93.5      1.06215     0.827342   0.00109681 
        93.5      1.12149     0.841887   0.00112962 
        93.5      1.18167     0.855727   0.00116149 
        93.5      1.24269     0.868841   0.00119227 
        93.5      1.30455      0.88121   0.00122185 
        93.5      1.36726     0.892815   0.00125008 
        93.5      1.43081     0.903638   0.00127684 
        93.5       1.4952     0.913662   0.00130195 
        93.5      1.56043     0.922871   0.00132522 
        93.5       1.6265     0.931251   0.00134642 
        93.5      1.69341     0.938861   0.00136633 
        93.5      1.76117     0.945782    0.0013842 
        93.5      1.82977     0.952033   0.00140013 
        93.5      1.89921     0.957639   0.00141422 
        93.5      1.96949     0.962624   0.00142654 
        93.5      2.04061     0.967019   0.00143715 
        93.5      2.11258     0.970858   0.00144609 
        93.5      2.18538     0.974177   0.00145341 
        93.5      2.25903     0.977018   0.00145914 
        93.5      2.33352     0.979426   0.00146338 
        93.5      2.40885      0.98145   0.00146624 
        93.5      2.48503     0.983143   0.00146787 
        93.5      2.56204     0.984563   0.00146853 
        93.5       2.6399     0.985678   0.00146813 
        93.5       2.7186     0.986625   0.00146691 
        93.5      2.79814     0.987425   0.00146499 
        93.5      2.87852     0.988086   0.00146243 
        93.5      2.95974     0.988622   0.00145931 
        93.5      3.04181     0.989044    0.0014557 
        93.5      3.12471     0.989365   0.00145163 
        93.5      3.20846     0.989601   0.00144718 
        93.5      3.29305     0.989766   0.00144238 
        93.5      3.37848     0.989877   0.00143729 
        93.5      3.46476     0.989952   0.00143198 
        93.5      3.55187     0.990008   0.00142652 
        93.5      3.63983     0.990066   0.00142101 
        93.5      3.72863     0.990147   0.00141558 
        93.5      3.81827     0.990179   0.00140987 
        93.5      3.90875     0.990188   0.00140401 
        93.5      4.00007     0.990197   0.00139811 
        93.5      4.09224     0.990206   0.00139218 
        93.5      4.18525     0.990214    0.0013862 
        93.5      4.27909     0.990222   0.00138018 
        93.5      4.37378      0.99023   0.00137411 
        93.5      4.46932     0.990238     0.001368 
        93.5      4.56569     0.990245   0.00136185 
        93.5      4.66291     0.990252   0.00135565 
        93.5      4.76096     0.990259   0.00134941 
        93.5      4.85986     0.990266   0.00134312 
        93.5       4.9596     0.990272   0.00133679 
        93.5      5.06018     0.990279   0.00133041 
        93.5      5.16161     0.990285   0.00132399 
        93.5      5.26387     0.990291   0.00131753 
        93.5      5.36698     0.990297   0.00131102 
        93.5      5.47093     0.990303   0.00130448 
        93.5      5.57572     0.990308   0.00129789 
        93.5      5.68135     0.990314   0.00129127 
        93.5      5.78783     0.990319   0.00128462 
        93.5      5.89514     0.990324   0.00127793 
        93.5       6.0033     0.990329    0.0012712 
        93.5       6.1123     0.990335   0.00126445 
        93.5      6.22214      0.99034   0.00125767 
        93.5      6.33282     0.990345   0.00125086 
        93.5      6.44435      0.99035   0.00124402 
        93.5      6.55671     0.990354   0.00123715 
        93.5      6.66992     0.990359   0.00123026 
        93.5      6.78397     0.990364   0.00122334 
        93.5      6.89886     0.990369   0.00121641 
        93.5      7.01459     0.990374   0.00120945 
        93.5      7.13117      0.99038   0.00120248 
        93.5      7.24858     0.990385   0.00119548 
        93.5      7.36684      0.99039   0.00118847 
        93.5      7.48594     0.990396   0.00118144 
        93.5      7.60588     0.990401    0.0011744 
        93.5      7.72666     0.990407   0.00116733 
        93.5      7.84829     0.990413   0.00116025 
        93.5      7.97075      0.99042   0.00115315 
        93.5      8.09406     0.990426   0.00114603 
        93.5      8.21821     0.990433   0.00113889 
        93.5       8.3432     0.990441   0.00113172 
        93.5      8.46904     0.990448    0.0011245 
        93.5      8.59571     0.990455   0.00111718 
        93.5      8.72323     0.990462   0.00110985 
        93.5      8.85159     0.990469   0.00110251 
        93.5      8.98079     0.990476   0.00109516 
        93.5      9.11083     0.990483    0.0010878 
        93.5      9.24171      0.99049   0.00108042 
        93.5      9.37344     0.990497   0.00107304 
        93.5        9.506     0.990504   0.00106564 
        93.5      9.63941     0.990511   0.00105823 
        93.5      9.77366     0.990518   0.00105081 
        93.5      9.90875     0.990526   0.00104341 
        93.5      10.0447     0.990533   0.00103602 
        93.5      10.1815     0.990541   0.00102861 
        93.5      10.3191     0.990549   0.00102119 
        93.5      10.4575     0.990556   0.00101375 
        93.5      10.5968     0.990564   0.00100629 
        93.5       10.737     0.990572  0.000998816 
        93.5       10.878      0.99058  0.000991329 
        93.5      11.0198     0.990588  0.000983829 
        93.5      11.1625     0.990596  0.000976315 
        93.5       11.306     0.990604  0.000968789 
        93.5      11.4503     0.990612  0.000961251 
        93.5      11.5955     0.990621  0.000953704 
        93.5      11.7415     0.990629  0.000946147 
        93.5      11.8884     0.990638  0.000938582 
        93.5      12.0361     0.990646  0.000931011 
        93.5      12.1847     0.990655  0.000923435 
        93.5      12.3341     0.990663  0.000915856 
        93.5      12.4843     0.990672  0.000908274 
        93.5      12.6354     0.990681  0.000900692 
        93.5      12.7873      0.99069  0.000893111 
        93.5      12.9401     0.990699  0.000885532 
        93.5      13.0937     0.990708  0.000877958 
        93.5      13.2482     0.990717   0.00087039 
        93.5      13.4035     0.990726   0.00086283 
        93.5      13.5596     0.990736  0.000855279 
        93.5      13.7166     0.990745  0.000847738 
        93.5      13.8744     0.990755  0.000840209 
        93.5       14.033     0.990764  0.000832693 
        93.5      14.1925     0.990774  0.000825192 
        93.5      14.3529     0.990783  0.000817706 
        93.5      14.5141     0.990793  0.000810237 
        93.5      14.6761     0.990803  0.000802784 
        93.5       14.839     0.990813  0.000795217 
        93.5      15.0027     0.990823  0.000787614 
        93.5      15.1672     0.990833  0.000780072 
        93.5      15.3326     0.990843  0.000772578 
        93.5      15.4988     0.990853  0.000765123 
        93.5      15.6659     0.990864  0.000757696 
        93.5      15.8338     0.990874   0.00075029 
        93.5      16.0026     0.990885  0.000742899 
        93.5      16.1722     0.990896  0.000735518 
        93.5      16.3426     0.990907  0.000728144 
        93.5      16.5139     0.990917  0.000720774 
        93.5      16.6861     0.990928  0.000713408 
        93.5       16.859     0.990939  0.000706046 
        93.5      17.0328      0.99095  0.000698689 
        93.5      17.2075     0.990961  0.000691339 
        93.5       17.383     0.990973     0.000684 
        93.5      17.5593     0.990984  0.000676675 
        93.5      17.7365     0.990995  0.000669369 
        93.5      17.9145     0.991007  0.000662087 
        93.5      18.0934     0.991018  0.000654834 
        93.5      18.2731      0.99103  0.000647615 
        93.5      18.4536     0.991041  0.000640437 
        93.5       18.635     0.991053  0.000633304 
        93.5      18.8172     0.991065  0.000626222 
        93.5      19.0003     0.991076  0.000619194 
        93.5      19.1842     0.991088  0.000612225 
        93.5       19.369       0.9911  0.000605317 
        93.5      19.5545     0.991113  0.000598375 
        93.5       19.741     0.991125  0.000591425 
        93.5      19.9283     0.991137  0.000584497 
        93.5      20.1164     0.991149   0.00057759 
        93.5      20.3053     0.991162  0.000570701 
        93.5      20.4951     0.991174   0.00056383 
        93.5      20.6858     0.991187  0.000556974 
        93.5      20.8773     0.991199   0.00055013 
        93.5      21.0696     0.991212  0.000543296 
        93.5      21.2628     0.991225  0.000536469 
        93.5      21.4568     0.991238  0.000529646 
        93.5      21.6516     0.991251  0.000522825 
        93.5      21.8473     0.991264  0.000516001 
        93.5      22.0438     0.991277   0.00050917 
        93.5      22.2412      0.99129  0.000502518 
        93.5      22.4394     0.991303  0.000496377 
        93.5      22.6385     0.991317  0.000490158 
        93.5      22.8384      0.99133  0.000483878 
        93.5      23.0391     0.991344  0.000477551 
        93.5      23.2407     0.991357  0.000471192 
        93.5      23.4432     0.991371  0.000464816 
        93.5      23.6464     0.991385  0.000458437 
        93.5      23.8505     0.991399  0.000452068 
        93.5      24.0555     0.991413  0.000445723 
        93.5      24.2613     0.991427  0.000439413 
        93.5      24.4679     0.991441  0.000433149 
        93.5      24.6754     0.991455   0.00042694 
        93.5      24.8837     0.991469  0.000420796 
        93.5      25.0929     0.991484  0.000414721 
        93.5      25.3029     0.991498  0.000408723 
        93.5      25.5137     0.991513  0.000402804 
        93.5      25.7254     0.991527  0.000396964 
        93.5      25.9379     0.991542  0.000391204 
        93.5      26.1513     0.991556   0.00038552 
        93.5      26.3655     0.991571  0.000379905 
        93.5      26.5806     0.991586  0.000374351 
        93.5      26.7965     0.991601  0.000368846 
        93.5      27.0132     0.991616  0.000363373 
        93.5      27.2308     0.991631  0.000357915 
        93.5      27.4492     0.991646  0.000352449 
        93.5      27.6685     0.991661  0.000346946 
        93.5      27.8886     0.991676  0.000341378 
        93.5      28.1095     0.991692  0.000335706 
        93.5      28.3313     0.991707  0.000329891 
        93.5      28.5539     0.991722  0.000324843 
        93.5      28.7774     0.991737  0.000319802 
        93.5      29.0017     0.991752  0.000314776 
        93.5      29.2268     0.991768  0.000309771 
        93.5      29.4528     0.991783  0.000304794 
        93.5      29.6797     0.991799  0.000299849 
        93.5      29.9074     0.991814  0.000294941 
        93.5      30.1359      0.99183  0.000290075 
        93.5      30.3652     0.991846  0.000285254 
        93.5      30.5954     0.991862  0.000280482 
        93.5      30.8265     0.991878  0.000275762 
        93.5      31.0584     0.991894  0.000271095 
        93.5      31.2911      0.99191  0.000266485 
        93.5      31.5247     0.991927  0.000261932 
        93.5      31.7591     0.991943  0.000257439 
        93.5      31.9943     0.991959  0.000253005 
        93.5      32.2304     0.991976  0.000248633 
        93.5      32.4674     0.991992  0.000244321 
        93.5      32.7051     0.992009  0.000240071 
        93.5      32.9438     0.992026  0.000235883 
        93.5      33.1832     0.992042  0.000231756 
        93.5      33.4235     0.992059   0.00022769 
        93.5      33.6647     0.992076  0.000223686 
        93.5      33.9067     0.992093  0.000219743 
        93.5      34.1495      0.99211   0.00021586 
        93.5      34.3932     0.992127  0.000212038 
        93.5      34.6377     0.992144  0.000208278 
        93.5       34.883     0.992161  0.000204579 
        93.5      35.1292     0.992178  0.000200941 
        93.5      35.3763     0.992195  0.000197367 
        93.5      35.6241     0.992212  0.000193858 
        93.5      35.8729     0.992229  0.000190414 
        93.5      36.1224     0.992246   0.00018704 
        93.5      36.3728     0.992264  0.000183738 
        93.5      36.6241     0.992281  0.000180513 
        93.5      36.8761     0.992298  0.000177368 
        93.5      37.1291     0.992315  0.000174309 
        93.5      37.3828     0.992332  0.000171344 
        93.5      37.6375     0.992349  0.000168479 
        93.5      37.8929     0.992366  0.000165724 
        93.5      38.1492     0.992383  0.000162578 
        93.5      38.4063     0.992401  0.000159331 
        93.5      38.6643     0.992419  0.000156285 
        93.5      38.9231     0.992437  0.000153472 
        93.5      39.1828     0.992455  0.000150926 
        93.5      39.4433     0.992472  0.000148681 
        93.5      39.7047      0.99249  0.000146774 
        93.5      39.9668     0.992507  0.000145243 
        93.5      40.2299     0.992524   0.00014413 
        93.5      40.4937     0.992541  0.000143475 
        93.5      40.7585     0.992558  0.000143324 
        93.5       41.024     0.992575  0.000140566 
        93.5      41.2904     0.992593  0.000137612 
        93.5      41.5576     0.992611  0.000134662 
        93.5      41.8257     0.992629  0.000131748 
        93.5      42.0946     0.992647  0.000128899 
        93.5      42.3644     0.992665   0.00012614 
        93.5       42.635     0.992683  0.000123492 
        93.5      42.9065     0.992702  0.000120974 
        93.5      43.1787      0.99272  0.000118599 
        93.5      43.4519     0.992739  0.000116381 
        93.5      43.7258     0.992757  0.000114327 
        93.5      44.0007     0.992776  0.000112443 
        93.5      44.2763     0.992794  0.000110732 
        93.5      44.5528     0.992813  0.000109195 
        93.5      44.8301     0.992832  0.000107829 
        93.5      45.1083      0.99285  0.000106631 
        93.5      45.3873     0.992869  0.000105593 
        93.5      45.6672     0.992888  0.000104708 
        93.5      45.9479     0.992906  0.000103965 
        93.5      46.2295     0.992925  0.000103354 
        93.5      46.5118     0.992944  0.000102861 
        93.5      46.7951     0.992962  0.000102474 
        93.5      47.0791     0.992981  0.000102179 
        93.5      47.3641     0.992999  0.000101959 
        93.5      47.6498     0.993018  0.000101802 
        93.5      47.9364     0.993036  0.000101691 
        93.5      48.2238     0.993055  0.000101613 
        93.5      48.5121     0.993073  0.000101554 
        93.5      48.8012     0.993092  0.000101503 
        93.5      49.0912      0.99311  0.000101447 
        93.5       49.382     0.993128  0.000101377 
        93.5      49.6737     0.993147  0.000101287 
        93.5      49.9661     0.993165  0.000101173 
        93.5      50.2595     0.993183  0.000101031 
        93.5      50.5536     0.993202  0.000100865 
        93.5      50.8487      0.99322   0.00010068 
        93.5      51.1445     0.993238  0.000100485 
        93.5      51.4412     0.993256  0.000100295 
        93.5      51.7387     0.993274  0.000100131 
        93.5      52.0371     0.993293  0.000100016 
        93.5      52.3364     0.993311  9.99833e-05 
        93.5      52.6364     0.993329  0.000100071 
        93.5      52.9373     0.993347  0.000100324 
        93.5      53.2391     0.993365  0.000100796 
        93.5      53.5417     0.993383  0.000101549 
        93.5      53.8451     0.993401  0.000102655 
        93.5      54.1494     0.993419  0.000104193 
        93.5      54.4545     0.993437  0.000106254 
        93.5      54.7604     0.993455   0.00010894 
        93.5      55.0672     0.993472  0.000112365 
        93.5      55.3749     0.993492  0.000115427 
        93.5      55.6833     0.993513  0.000117476 
        93.5      55.9927     0.993533  0.000119264 
        93.5      56.3028     0.993554  0.000120793 
        93.5      56.6138     0.993574  0.000122064 
        93.5      56.9257     0.993594  0.000123078 
        93.5      57.2384     0.993614  0.000123841 
        93.5      57.5519     0.993634  0.000124358 
        93.5      57.8663     0.993653  0.000124635 
        93.5      58.1815     0.993673  0.000124681 
        93.5      58.4975     0.993691  0.000124506 
        93.5      58.8144      0.99371  0.000124121 
        93.5      59.1322     0.993728  0.000123539 
        93.5      59.4508     0.993746  0.000122774 
        93.5      59.7702     0.993763  0.000121843 
        93.5      60.0904      0.99378  0.000120764 
        93.5      60.4115     0.993797  0.000119555 
        93.5      60.7335     0.993813  0.000118238 
        93.5      61.0563     0.993829  0.000116837 
        93.5      61.3799     0.993844  0.000115376 
        93.5      61.7044     0.993858  0.000113882 
        93.5      62.0297     0.993872  0.000115833 
        93.5      62.3559     0.993887  0.000118933 
        93.5      62.6829     0.993903  0.000122164 
        93.5      63.0107      0.99392  0.000125519 
        93.5      63.3394     0.993937  0.000128996 
        93.5      63.6689     0.993955   0.00013259 
        93.5      63.9993     0.993974  0.000136295 
        93.5      64.3305     0.993993  0.000140107 
        93.5      64.6625     0.994012  0.000144018 
        93.5      64.9954     0.994032  0.000148025 
        93.5      65.3291     0.994051   0.00015212 
        93.5      65.6637     0.994071  0.000156296 
        93.5      65.9991     0.994091  0.000160548 
        93.5      66.3354     0.994111  0.000164868 
        93.5      66.6725     0.994131   0.00016925 
        93.5      67.0104      0.99415  0.000173687 
        93.5      67.3492      0.99417   0.00017817 
        93.5      67.6888     0.994189  0.000182693 
        93.5      68.0293     0.994208  0.000187248 
        93.5      68.3706     0.994227  0.000191827 
        93.5      68.7127     0.994246  0.000196424 
        93.5      69.0557     0.994264   0.00020103 
        93.5      69.3996     0.994282  0.000205639 
        93.5      69.7442     0.994299  0.000210242 
        93.5      70.0897     0.994317  0.000214832 
        93.5      70.4361     0.994334  0.000219403 
        93.5      70.7833      0.99435  0.000223946 
        93.5      71.1313     0.994367  0.000228456 
        93.5      71.4802     0.994383  0.000232925 
        93.5      71.8299     0.994399  0.000237347 
        93.5      72.1805     0.994414  0.000241716 
        93.5      72.5319     0.994429  0.000246026 
        93.5      72.8842     0.994444  0.000250272 
        93.5      73.2373     0.994459  0.000254449 
        93.5      73.5912     0.994474  0.000258553 
        93.5       73.946     0.994488  0.000262579 
        93.5      74.3016     0.994503  0.000266524 
        93.5       74.658     0.994517  0.000270385 
        93.5      75.0153     0.994531   0.00027416 
        93.5      75.3735     0.994545  0.000277848 
        93.5      75.7324      0.99456  0.000281448 
        93.5      76.0923     0.994574   0.00028496 
        93.5      76.4529     0.994588  0.000288384 
        93.5      76.8144     0.994603  0.000291724 
        93.5      77.1768     0.994618   0.00029498 
        93.5        77.54     0.994633  0.000298158 
        93.5       77.904     0.994648  0.000301262 
        93.5      78.2689     0.994664  0.000304299 
        93.5      78.6346     0.994679  0.000307274 
        93.5      79.0012     0.994696  0.000310197 
        93.5      79.3686     0.994712  0.000313078 
        93.5      79.7368     0.994729  0.000315928 
        93.5      80.1059     0.994746  0.000318759 
        93.5      80.4758     0.994764  0.000321585 
        93.5      80.8466     0.994782  0.000324423 
        93.5      81.2182     0.994801  0.000327289 
        93.5      81.5906      0.99482  0.000330204 
        93.5      81.9639      0.99484  0.000333187 
        93.5       82.338      0.99486  0.000336262 
        93.5       82.713      0.99488  0.000339454 
        93.5      83.0888     0.994901  0.000342789 
        93.5      83.4655     0.994922  0.000346297 
        93.5       83.843     0.994944  0.000350009 
        93.5      84.2213     0.994965  0.000353959 
        93.5      84.6005     0.994987  0.000358182 
        93.5      84.9805      0.99501  0.000362718 
        93.5      85.3614     0.995032  0.000367607 
        93.5      85.7431     0.995054  0.000372893 
        93.5      86.1257     0.995076  0.000378622 
        93.5      86.5091     0.995097  0.000384845 
        93.5      86.8933     0.995119  0.000391613 
        93.5      87.2784     0.995139  0.000398983 
        93.5      87.6643      0.99516  0.000407012 
        93.5       88.051     0.995179  0.000415379 
        93.5      88.4386     0.995196  0.000418831 
        93.5      88.8271     0.995211  0.000423322 
        93.5      89.2164     0.995224   0.00042888 
        93.5      89.6065     0.995234  0.000435524 
        93.5      89.9974     0.995241  0.000443263 
        93.5      90.3893     0.995246  0.000452096 
        93.5      90.7819     0.995247  0.000462011 
        93.5      91.1754     0.995246  0.000472986 
        93.5      91.5697     0.995241  0.000484985 
        93.5      91.9649     0.995234   0.00049796 
        93.5      92.3609     0.995222  0.000511851 
        93.5      92.7578     0.995207  0.000526583 
        93.5      93.1555     0.995188  0.000542067 
        93.5       93.554     0.995164  0.000558198 
        93.5      93.9534     0.995136  0.000574855 
        93.5      94.3536     0.995104  0.000591903 
        93.5      94.7547       0.9951  0.000597766 
        93.5      95.1566     0.995122  0.000595211 
        93.5      95.5593     0.995145  0.000592919 
        93.5      95.9629     0.995169  0.000590899 
        93.5      96.3674     0.995195  0.000589157 
        93.5      96.7726     0.995221  0.000587699 
        93.5      97.1788     0.995248  0.000586531 
        93.5      97.5857     0.995276  0.000585659 
        93.5      97.9935     0.995305  0.000585086 
        93.5      98.4022     0.995334  0.000584818 
        93.5      98.8116     0.995364  0.000584858 
        93.5       99.222     0.995394  0.000585209 
        93.5      99.6331     0.995425  0.000585873 
        93.5      100.045     0.995455  0.000586852 
        93.5      100.458     0.995486  0.000588149 
        93.5      100.872     0.995517  0.000589763 
        93.5      101.286     0.995548  0.000591696 
        93.5      101.702     0.995578  0.000593948 
        93.5      102.118     0.995608  0.000596517 
        93.5      102.535     0.995638  0.000599403 
        93.5      102.953     0.995667  0.000602604 
        93.5      103.372     0.995696  0.000606119 
        93.5      103.791     0.995725  0.000609944 
        93.5      104.212     0.995752  0.000614078 
        93.5      104.633     0.995779  0.000618515 
        93.5      105.055     0.995806  0.000623253 
        93.5      105.478     0.995831  0.000628287 
        93.5      105.902     0.995856  0.000633612 
        93.5      106.326     0.995879  0.000639223 
        93.5      106.752     0.995902  0.000645114 
        93.5      107.178     0.995923   0.00065128 
        93.5      107.605     0.995943  0.000657713 
        93.5      108.033     0.995963  0.000664407 
        93.5      108.462     0.995981  0.000671355 
        93.5      108.892     0.995997  0.000678548 
        93.5      109.322     0.996013   0.00068598 
        93.5      109.754     0.996027  0.000693641 
        93.5      110.186      0.99604  0.000701523 
        93.5      110.619     0.996052  0.000709616 
        93.5      111.053     0.996062  0.000717913 
        93.5      111.488     0.996071  0.000726402 
        93.5      111.923     0.996078  0.000735075 
        93.5       112.36     0.996084   0.00074392 
        93.5      112.797     0.996089  0.000752928 
        93.5      113.235     0.996092  0.000762088 
        93.5      113.674     0.996094  0.000771389 
        93.5      114.114     0.996094   0.00078082 
        93.5      114.554     0.996093   0.00079037 
        93.5      114.996     0.996091  0.000800028 
        93.5      115.438     0.996087  0.000809782 
        93.5      115.881     0.996083   0.00081962 
        93.5      116.325     0.996076  0.000829531 
        93.5       116.77     0.996069  0.000839504 
        93.5      117.216      0.99606  0.000849525 
        93.5      117.662      0.99605  0.000859584 
        93.5       118.11     0.996039  0.000869668 
        93.5      118.558     0.996027  0.000879766 
        93.5      119.007     0.996013  0.000889866 
        93.5      119.457     0.995999  0.000899956 
        93.5      119.907     0.995984  0.000910024 
        93.5      120.359     0.995968   0.00092006 
        93.5      120.811     0.995951  0.000930051 
        93.5      121.265     0.995934  0.000939986 
        93.5      121.719     0.995916  0.000949855 
        93.5      122.174     0.995897  0.000959647 
        93.5      122.629     0.995878   0.00096935 
        93.5      123.086     0.995859  0.000978956 
        93.5      123.544      0.99584  0.000988453 
        93.5      124.002      0.99582  0.000997833 
        93.5      124.461     0.995801   0.00100709 
        93.5      124.921     0.995781    0.0010162 
        93.5      125.382     0.995762   0.00102518 
        93.5      125.843     0.995744     0.001034 
        93.5      126.306     0.995726   0.00104266 
        93.5      126.769     0.995708   0.00105116 
        93.5      127.233     0.995692   0.00105949 
        93.5      127.699     0.995676   0.00106764 
        93.5      128.164     0.995662   0.00107561 
        93.5      128.631     0.995649   0.00108339 
        93.5      129.099     0.995637   0.00109098 
        93.5      129.567     0.995627   0.00109838 
        93.5      130.036      0.99562   0.00110559 
        93.5      130.506     0.995614    0.0011126 
        93.5      130.977      0.99561   0.00111942 
        93.5      131.449     0.995609   0.00112605 
        93.5      131.922     0.995611   0.00113248 
        93.5      132.395     0.995616   0.00113873 
        93.5      132.869     0.995624    0.0011448 
        93.5      133.345     0.995635   0.00115068 
        93.5      133.821      0.99565    0.0011564 
        93.5      134.297     0.995669   0.00116195 
        93.5      134.775     0.995692   0.00116735 
        93.5      135.254     0.995719   0.00117261 
        93.5      135.733     0.995752   0.00117773 
        93.5      136.213     0.995789   0.00118274 
        93.5      136.694     0.995831   0.00118764 
        93.5      137.176     0.995879   0.00119246 
        93.5      137.659     0.995933   0.00119721 
        93.5      138.142     0.995993   0.00120191 
        93.5      138.627     0.996059   0.00120659 
        93.5      139.112     0.996133   0.00121126 
        93.5      139.598     0.996213   0.00121596 
        93.5      140.085     0.996301   0.00122071 
        93.5      140.573     0.996397   0.00122554 
        93.5      141.061     0.996501   0.00123048 
        93.5      141.551     0.996613   0.00123556 
        93.5      142.041     0.996735   0.00124083 
        93.5      142.532     0.996865   0.00124632 
        93.5      143.024     0.997006   0.00125206 
        93.5      143.517     0.997156   0.00125811 
        93.5      144.011     0.997317    0.0012645 
        93.5      144.505     0.997489   0.00127129 
        93.5          145     0.997672   0.00127853 
        93.5      145.497      0.99786   0.00128451 
        93.5      145.994     0.998055   0.00128935 
        93.5      146.491     0.998259   0.00129367 
        93.5       146.99     0.998474   0.00129749 
        93.5       147.49     0.998699   0.00130081 
        93.5       147.99     0.998936   0.00130364 
        93.5      148.491     0.999184   0.00130598 
        93.5      148.993     0.999443   0.00130786 
        93.5      149.496     0.999715   0.00130927 
        93.5          150            1   0.00131024 
