Variables = x, y, u, v, p

Zone, I=600, F=POINT
       803.5            0           -0           -0 -5.10998e-05 
       803.5     0.000418  0.000129666 -3.85836e-10 -5.11002e-05 
       803.5     0.001672  0.000518664 -1.34413e-09 -5.11013e-05 
       803.5     0.003763    0.0011673 -2.28498e-09 -5.11033e-05 
       803.5     0.006689   0.00207497   -2.248e-09 -5.11065e-05 
       803.5     0.010451   0.00324197  6.11878e-11 -5.11113e-05 
       803.5      0.01505   0.00466862  6.23342e-09 -5.11179e-05 
       803.5     0.020485   0.00635461  1.81073e-08 -5.11266e-05 
       803.5     0.026756   0.00829994   3.7729e-08 -5.11373e-05 
       803.5     0.033863    0.0105046  6.73188e-08 -5.11498e-05 
       803.5     0.041806    0.0129686  1.09252e-07 -5.11636e-05 
       803.5     0.050585     0.015692  1.66057e-07 -5.11777e-05 
       803.5     0.060201     0.018675   2.4045e-07 -5.11909e-05 
       803.5     0.070652    0.0219171  3.35343e-07 -5.12015e-05 
       803.5      0.08194    0.0254188  4.53966e-07 -5.12078e-05 
       803.5     0.094063    0.0291795  5.99864e-07  -5.1208e-05 
       803.5     0.107023    0.0331998  7.77058e-07 -5.12006e-05 
       803.5     0.120819    0.0374794  9.89999e-07 -5.11847e-05 
       803.5     0.135451    0.0420183  1.24361e-06 -5.11607e-05 
       803.5     0.150919    0.0468164  1.54316e-06 -5.11311e-05 
       803.5     0.167224    0.0518741  1.89402e-06 -5.11009e-05 
       803.5     0.184364    0.0571906  2.30112e-06 -5.10795e-05 
       803.5     0.202341    0.0627665   2.7683e-06 -5.10812e-05 
       803.5     0.221153    0.0686012  3.29694e-06 -5.11273e-05 
       803.5     0.240802    0.0746952  3.88452e-06 -5.12482e-05 
       803.5     0.261287     0.081048  4.60206e-06 -5.13366e-05 
       803.5     0.282608    0.0876595  5.43247e-06 -5.13051e-05 
       803.5     0.304765    0.0945295  6.32659e-06 -5.12458e-05 
       803.5     0.327758     0.101658  7.30362e-06 -5.11701e-05 
       803.5     0.351588     0.109045  8.38189e-06 -5.10901e-05 
       803.5     0.376253     0.116689  9.57792e-06  -5.1018e-05 
       803.5     0.401755      0.12459  1.09061e-05  -5.0965e-05 
       803.5     0.428092     0.132748  1.23781e-05 -5.09411e-05 
       803.5     0.455266     0.141162  1.40025e-05 -5.09532e-05 
       803.5     0.483276     0.149831  1.57851e-05 -5.10044e-05 
       803.5     0.512122     0.158755  1.77296e-05 -5.10924e-05 
       803.5     0.541805     0.167933  1.98384e-05 -5.12075e-05 
       803.5     0.572323     0.177364  2.21144e-05 -5.13315e-05 
       803.5     0.603677     0.187046   2.4564e-05 -5.14347e-05 
       803.5     0.635868      0.19698  2.72008e-05  -5.1474e-05 
       803.5     0.668894     0.207162  3.00498e-05 -5.13903e-05 
       803.5     0.702757     0.217594  3.31548e-05 -5.11051e-05 
       803.5     0.737456     0.228271  3.65855e-05 -5.05181e-05 
       803.5     0.772991     0.239193  3.99483e-05 -5.01391e-05 
       803.5     0.809362     0.250355  4.35983e-05 -5.01782e-05 
       803.5      0.84657     0.261755  4.77491e-05 -5.03677e-05 
       803.5     0.884613      0.27339  5.23197e-05 -5.06638e-05 
       803.5     0.923492     0.285256  5.72406e-05 -5.10225e-05 
       803.5     0.963208     0.297348  6.24547e-05 -5.14006e-05 
       803.5      1.00376     0.309664  6.79192e-05 -5.17565e-05 
       803.5      1.04515     0.322197  7.36069e-05 -5.20518e-05 
       803.5      1.08737     0.334943  7.95066e-05 -5.22531e-05 
       803.5      1.13043     0.347896  8.56233e-05 -5.23331e-05 
       803.5      1.17433     0.361051  9.19765e-05 -5.22727e-05 
       803.5      1.21906       0.3744  9.85988e-05 -5.20632e-05 
       803.5      1.26463     0.387938  0.000105533  -5.1708e-05 
       803.5      1.31103     0.401656  0.000112825 -5.12255e-05 
       803.5      1.35827     0.415548  0.000120522 -5.06512e-05 
       803.5      1.40635     0.429605  0.000128661 -5.00409e-05 
       803.5      1.45526     0.443817   0.00013726 -4.94732e-05 
       803.5      1.50501     0.458177  0.000146305 -4.90535e-05 
       803.5       1.5556     0.472673  0.000155738 -4.89166e-05 
       803.5      1.60702     0.487296  0.000165434  -4.9231e-05 
       803.5      1.65928     0.502033  0.000175188 -5.02025e-05 
       803.5      1.71237     0.516875  0.000184685 -5.20788e-05 
       803.5       1.7663     0.531834  0.000194621 -5.33525e-05 
       803.5      1.82106     0.546886  0.000207301  -5.1267e-05 
       803.5      1.87667     0.561937   0.00022056  -4.9679e-05 
       803.5      1.93311     0.576972  0.000234298 -4.85382e-05 
       803.5      1.99038     0.591979  0.000248421 -4.77925e-05 
       803.5      2.04849     0.606945  0.000262846 -4.73891e-05 
       803.5      2.10744     0.621855  0.000277496 -4.72743e-05 
       803.5      2.16722     0.636696  0.000292306 -4.73945e-05 
       803.5      2.22784     0.651454   0.00030722 -4.76965e-05 
       803.5      2.28929     0.666113  0.000322195 -4.81283e-05 
       803.5      2.35158     0.680658  0.000337196 -4.86398e-05 
       803.5      2.41471     0.695075  0.000352201 -4.91836e-05 
       803.5      2.47867     0.709346  0.000367198 -4.97156e-05 
       803.5      2.54347     0.723457  0.000382185  -5.0196e-05 
       803.5      2.60911      0.73739  0.000397169 -5.05902e-05 
       803.5      2.67558     0.751127  0.000412166   -5.087e-05 
       803.5      2.74288     0.764653  0.000427196 -5.10139e-05 
       803.5      2.81103     0.777948  0.000442284 -5.10092e-05 
       803.5      2.88001     0.790995  0.000457456 -5.08525e-05 
       803.5      2.94983     0.803774  0.000472736 -5.05509e-05 
       803.5      3.02048     0.816267  0.000488141 -5.01238e-05 
       803.5      3.09197     0.828453   0.00050368 -4.96037e-05 
       803.5      3.16429     0.840313  0.000519345 -4.90382e-05 
       803.5      3.23745     0.851825  0.000535106  -4.8491e-05 
       803.5      3.31145      0.86297  0.000550908 -4.80436e-05 
       803.5      3.38628     0.873723  0.000566655 -4.77975e-05 
       803.5      3.46195     0.884065  0.000582212 -4.78751e-05 
       803.5      3.53845     0.893971  0.000597389 -4.84222e-05 
       803.5      3.61579     0.903418  0.000611931 -4.96098e-05 
       803.5      3.69397     0.912382  0.000625507 -5.16357e-05 
       803.5      3.77298      0.91999  0.000638588 -5.32883e-05 
       803.5      3.85283     0.925225  0.000652338  -5.1602e-05 
       803.5      3.93352     0.930292  0.000664752 -4.95713e-05 
       803.5      4.01504     0.935189  0.000675947 -4.72385e-05 
       803.5       4.0974     0.939916  0.000686041 -4.46493e-05 
       803.5      4.18059      0.94447  0.000695155 -4.18533e-05 
       803.5      4.26462     0.948851  0.000703496 -3.90664e-05 
       803.5      4.34949     0.953067  0.000713414 -4.06432e-05 
       803.5      4.43519     0.957108  0.000722413 -4.20626e-05 
       803.5      4.52173     0.960975  0.000730555 -4.33277e-05 
       803.5       4.6091     0.964665  0.000737899 -4.44422e-05 
       803.5      4.69731      0.96818  0.000744508 -4.54101e-05 
       803.5      4.78636     0.971518  0.000750442 -4.62359e-05 
       803.5      4.87624     0.974679  0.000755761 -4.69246e-05 
       803.5      4.96696     0.977663  0.000760525 -4.74815e-05 
       803.5      5.05851     0.980472   0.00076479 -4.79124e-05 
       803.5       5.1509     0.983105  0.000768614 -4.82235e-05 
       803.5      5.24413     0.985565  0.000772052 -4.84216e-05 
       803.5       5.3382     0.987851  0.000775155 -4.85139e-05 
       803.5      5.43309     0.989967  0.000777975  -4.8508e-05 
       803.5      5.52883     0.991913  0.000780557  -4.8412e-05 
       803.5       5.6254     0.993693  0.000782946 -4.82348e-05 
       803.5      5.72281     0.995308  0.000785184 -4.79853e-05 
       803.5      5.82105     0.996763  0.000787306 -4.76734e-05 
       803.5      5.92013     0.998059  0.000789346 -4.73091e-05 
       803.5      6.02005     0.999201  0.000791331 -4.69032e-05 
       803.5       6.1208      1.00019  0.000793286  -4.6467e-05 
       803.5      6.22239      1.00104  0.000795228 -4.60123e-05 
       803.5      6.32482      1.00174   0.00079717 -4.55514e-05 
       803.5      6.42808      1.00231  0.000799119 -4.50973e-05 
       803.5      6.53217      1.00275  0.000801075 -4.46634e-05 
       803.5      6.63711      1.00306  0.000803033 -4.42638e-05 
       803.5      6.74287      1.00326   0.00080498 -4.39132e-05 
       803.5      6.84948      1.00334  0.000806895 -4.36267e-05 
       803.5      6.95692      1.00332   0.00080875 -4.34203e-05 
       803.5       7.0652       1.0032   0.00081051 -4.33103e-05 
       803.5      7.17431      1.00299  0.000812132 -4.33137e-05 
       803.5      7.28426       1.0027  0.000813561 -4.34483e-05 
       803.5      7.39505      1.00234  0.000814738 -4.37324e-05 
       803.5      7.50667      1.00192   0.00081559 -4.41847e-05 
       803.5      7.61913      1.00144  0.000816039 -4.48249e-05 
       803.5      7.73242      1.00093  0.000815994 -4.56732e-05 
       803.5      7.84655      1.00038  0.000815355 -4.67503e-05 
       803.5      7.96152      0.99981  0.000814012 -4.80779e-05 
       803.5      8.07732     0.999234  0.000811845  -4.9678e-05 
       803.5      8.19396     0.998661  0.000808721 -5.15735e-05 
       803.5      8.31143     0.998105  0.000804499 -5.37878e-05 
       803.5      8.42974      0.99758  0.000799025 -5.63452e-05 
       803.5      8.54889     0.997098  0.000792135 -5.92704e-05 
       803.5      8.66887     0.996676  0.000783652 -6.25891e-05 
       803.5      8.78969     0.996327  0.000773388 -6.63274e-05 
       803.5      8.91135     0.996252  0.000772153 -6.44858e-05 
       803.5      9.03384     0.996374  0.000779198 -5.88274e-05 
       803.5      9.15717     0.996509    0.0007851 -5.48745e-05 
       803.5      9.28133     0.996655  0.000790015 -5.24607e-05 
       803.5      9.40633      0.99681  0.000794086 -5.14197e-05 
       803.5      9.53216     0.996971  0.000797442 -5.15853e-05 
       803.5      9.65884     0.997138    0.0008002 -5.27923e-05 
       803.5      9.78634     0.997307  0.000802465 -5.48766e-05 
       803.5      9.91469     0.997478  0.000804327 -5.76757e-05 
       803.5      10.0439     0.997649  0.000805864 -6.10294e-05 
       803.5      10.1739     0.997819  0.000807144 -6.47798e-05 
       803.5      10.3047     0.997985  0.000808221 -6.87722e-05 
       803.5      10.4364     0.998148  0.000809138 -7.28556e-05 
       803.5      10.5689     0.998305  0.000809927 -7.68827e-05 
       803.5      10.7023     0.998456   0.00081061 -8.07115e-05 
       803.5      10.8365     0.998599  0.000811202 -8.42046e-05 
       803.5      10.9715     0.998735  0.000811706 -8.72307e-05 
       803.5      11.1074     0.998862  0.000812121 -8.96648e-05 
       803.5      11.2441      0.99898  0.000812438  -9.1389e-05 
       803.5      11.3817     0.999088  0.000812645 -9.22929e-05 
       803.5        11.52     0.999186  0.000812726 -9.22745e-05 
       803.5      11.6592     0.999273  0.000812664 -9.12407e-05 
       803.5      11.7993      0.99935  0.000812443 -8.91081e-05 
       803.5      11.9402     0.999415   0.00081205 -8.58038e-05 
       803.5      12.0819     0.999469  0.000811474 -8.12657e-05 
       803.5      12.2245     0.999512  0.000810715 -7.54438e-05 
       803.5      12.3679     0.999543   0.00080978 -6.83007e-05 
       803.5      12.5121     0.999562  0.000808689 -5.98125e-05 
       803.5      12.6572     0.999571  0.000807478 -4.99693e-05 
       803.5      12.8031     0.999567  0.000806203 -3.87765e-05 
       803.5      12.9498     0.999552  0.000804939 -2.62555e-05 
       803.5      13.0974     0.999525  0.000803789 -1.24442e-05 
       803.5      13.2458     0.999485  0.000802886  2.60125e-06 
       803.5       13.395     0.999433  0.000802395  1.88067e-05 
       803.5      13.5451     0.999405  0.000808275  9.54654e-06 
       803.5       13.696     0.999374  0.000812807 -6.18386e-06 
       803.5      13.8478     0.999326  0.000812823  -1.8215e-05 
       803.5      14.0004     0.999262  0.000807871 -2.67963e-05 
       803.5      14.1538     0.999183  0.000797412 -3.22226e-05 
       803.5      14.3081     0.999089  0.000780802 -3.48367e-05 
       803.5      14.4632     0.998981   0.00075728 -3.50315e-05 
       803.5      14.6191      0.99889  0.000734881 -3.43082e-05 
       803.5      14.7759     0.998944   0.00075162 -3.81424e-05 
       803.5      14.9335     0.998994  0.000765858 -4.20254e-05 
       803.5      15.0919     0.999039   0.00077773 -4.59444e-05 
       803.5      15.2512     0.999081  0.000787383 -4.98849e-05 
       803.5      15.4113     0.999118  0.000794976 -5.38313e-05 
       803.5      15.5723     0.999151  0.000800682 -5.77664e-05 
       803.5      15.7341     0.999181  0.000804687 -6.16716e-05 
       803.5      15.8967     0.999206  0.000807188 -6.55268e-05 
       803.5      16.0602     0.999228  0.000808397 -6.93101e-05 
       803.5      16.2245     0.999241  0.000809412 -7.13859e-05 
       803.5      16.3896     0.999243  0.000811252 -7.01617e-05 
       803.5      16.5556      0.99924  0.000812356  -6.8765e-05 
       803.5      16.7224     0.999235  0.000812846 -6.72238e-05 
       803.5        16.89     0.999227  0.000812835 -6.55654e-05 
       803.5      17.0585     0.999217  0.000812427 -6.38161e-05 
       803.5      17.2278     0.999205  0.000811716 -6.20016e-05 
       803.5      17.3979     0.999192  0.000810784 -6.01465e-05 
       803.5      17.5689     0.999177  0.000809709 -5.82743e-05 
       803.5      17.7408     0.999162  0.000808554 -5.64076e-05 
       803.5      17.9134     0.999147  0.000807376 -5.45675e-05 
       803.5      18.0869     0.999131  0.000806222 -5.27741e-05 
       803.5      18.2612     0.999116  0.000805132  -5.1046e-05 
       803.5      18.4364     0.999101  0.000804136 -4.94005e-05 
       803.5      18.6124     0.999087  0.000803257 -4.78531e-05 
       803.5      18.7892     0.999074  0.000802509  -4.6418e-05 
       803.5      18.9669     0.999063  0.000801901 -4.51074e-05 
       803.5      19.1454     0.999053  0.000801434 -4.39318e-05 
       803.5      19.3248     0.999044  0.000801103    -4.29e-05 
       803.5       19.505     0.999038  0.000800898 -4.20183e-05 
       803.5       19.686     0.999033  0.000800806 -4.12915e-05 
       803.5      19.8678     0.999031  0.000800807 -4.07216e-05 
       803.5      20.0505      0.99903  0.000800879 -4.03088e-05 
       803.5      20.2341     0.999032  0.000800998 -4.00506e-05 
       803.5      20.4184     0.999036  0.000801138 -3.99419e-05 
       803.5      20.6036     0.999043  0.000801274 -3.99752e-05 
       803.5      20.7897     0.999052  0.000801381   -4.014e-05 
       803.5      20.9765     0.999062  0.000801433 -4.04233e-05 
       803.5      21.1642     0.999075  0.000801412 -4.08086e-05 
       803.5      21.3528      0.99909  0.000801301 -4.12766e-05 
       803.5      21.5422     0.999107  0.000801089 -4.18048e-05 
       803.5      21.7324     0.999125  0.000800772 -4.23673e-05 
       803.5      21.9234     0.999145  0.000800356 -4.29345e-05 
       803.5      22.1153     0.999166  0.000799855 -4.34735e-05 
       803.5       22.308     0.999187  0.000799298 -4.39474e-05 
       803.5      22.5016     0.999209  0.000798724 -4.43155e-05 
       803.5       22.696     0.999231   0.00079819 -4.45332e-05 
       803.5      22.8912     0.999253  0.000797771 -4.45515e-05 
       803.5      23.0873     0.999275  0.000797559 -4.43174e-05 
       803.5      23.2842     0.999294  0.000797672  -4.3773e-05 
       803.5       23.482     0.999285  0.000799579 -4.41684e-05 
       803.5      23.6805     0.999272   0.00080131 -4.46752e-05 
       803.5        23.88     0.999261  0.000802618 -4.51017e-05 
       803.5      24.0802      0.99925  0.000803547 -4.54538e-05 
       803.5      24.2813     0.999242  0.000804144 -4.57378e-05 
       803.5      24.4832     0.999234  0.000804455 -4.59602e-05 
       803.5       24.686     0.999228  0.000804525 -4.61284e-05 
       803.5      24.8896     0.999222  0.000804398 -4.62498e-05 
       803.5       25.094     0.999218  0.000804118 -4.63327e-05 
       803.5      25.2993     0.999215  0.000803728 -4.63858e-05 
       803.5      25.5054     0.999213  0.000803269 -4.64181e-05 
       803.5      25.7123     0.999212  0.000802783 -4.64394e-05 
       803.5      25.9201     0.999212  0.000802307   -4.646e-05 
       803.5      26.1287     0.999212  0.000801881 -4.64906e-05 
       803.5      26.3381     0.999214  0.000801539 -4.65428e-05 
       803.5      26.5484     0.999216  0.000801317 -4.66285e-05 
       803.5      26.7595     0.999219  0.000801245 -4.67604e-05 
       803.5      26.9715     0.999223  0.000801355 -4.69518e-05 
       803.5      27.1843     0.999228  0.000801674 -4.72164e-05 
       803.5      27.3979     0.999232  0.000801347 -4.67872e-05 
       803.5      27.6124     0.999236  0.000800705 -4.60221e-05 
       803.5      27.8277     0.999241  0.000800163 -4.53059e-05 
       803.5      28.0438     0.999246  0.000799715 -4.46383e-05 
       803.5      28.2608      0.99925  0.000799359 -4.40186e-05 
       803.5      28.4786     0.999255  0.000799089 -4.34464e-05 
       803.5      28.6972      0.99926    0.0007989 -4.29208e-05 
       803.5      28.9167     0.999265   0.00079879  -4.2441e-05 
       803.5       29.137      0.99927  0.000798752  -4.2006e-05 
       803.5      29.3582     0.999275  0.000798782 -4.16149e-05 
       803.5      29.5802      0.99928  0.000798876 -4.12666e-05 
       803.5       29.803     0.999285  0.000799029 -4.09596e-05 
       803.5      30.0267      0.99929  0.000799236 -4.06928e-05 
       803.5      30.2512     0.999296  0.000799491 -4.04646e-05 
       803.5      30.4765     0.999301   0.00079979 -4.02733e-05 
       803.5      30.7027     0.999306  0.000800128 -4.01174e-05 
       803.5      30.9297     0.999311    0.0008005 -3.99949e-05 
       803.5      31.1575     0.999316  0.000800899  -3.9904e-05 
       803.5      31.3862     0.999321   0.00080132 -3.98423e-05 
       803.5      31.6157     0.999326  0.000801758 -3.98078e-05 
       803.5      31.8461     0.999331  0.000802206  -3.9798e-05 
       803.5      32.0773     0.999336  0.000802658 -3.98105e-05 
       803.5      32.3093     0.999341  0.000803108 -3.98424e-05 
       803.5      32.5421     0.999346   0.00080355 -3.98911e-05 
       803.5      32.7758     0.999351  0.000803976 -3.99535e-05 
       803.5      33.0104     0.999356  0.000804379 -4.00265e-05 
       803.5      33.2457     0.999361  0.000804752 -4.01068e-05 
       803.5      33.4819     0.999366  0.000805088 -4.01909e-05 
       803.5       33.719      0.99937  0.000805379 -4.02752e-05 
       803.5      33.9568     0.999375  0.000805616 -4.03559e-05 
       803.5      34.1956      0.99938  0.000805791 -4.04289e-05 
       803.5      34.4351     0.999384  0.000805895 -4.04902e-05 
       803.5      34.6755     0.999388  0.000805919 -4.05354e-05 
       803.5      34.9167     0.999392  0.000805852 -4.05598e-05 
       803.5      35.1588     0.999396  0.000805686 -4.05588e-05 
       803.5      35.4017     0.999399  0.000805409 -4.05275e-05 
       803.5      35.6454     0.999402  0.000805011 -4.04606e-05 
       803.5      35.8899     0.999405  0.000804479 -4.03529e-05 
       803.5      36.1354     0.999407  0.000803802 -4.01987e-05 
       803.5      36.3816     0.999408  0.000802968 -3.99923e-05 
       803.5      36.6287     0.999408  0.000801963 -3.97277e-05 
       803.5      36.8766     0.999408  0.000800774 -3.93986e-05 
       803.5      37.1253     0.999407  0.000799387 -3.89985e-05 
       803.5      37.3749     0.999404  0.000797786 -3.85209e-05 
       803.5      37.6253     0.999401   0.00079611 -3.79638e-05 
       803.5      37.8766     0.999414  0.000797951 -3.75202e-05 
       803.5      38.1287     0.999426  0.000799559 -3.71338e-05 
       803.5      38.3816     0.999436  0.000800952 -3.68028e-05 
       803.5      38.6353     0.999446   0.00080215 -3.65252e-05 
       803.5      38.8899     0.999454  0.000803167 -3.62989e-05 
       803.5      39.1454     0.999462  0.000804019 -3.61214e-05 
       803.5      39.4016     0.999469  0.000804719 -3.59901e-05 
       803.5      39.6588     0.999476  0.000805281 -3.59019e-05 
       803.5      39.9167     0.999482  0.000805717 -3.58539e-05 
       803.5      40.1755     0.999487  0.000806037 -3.58426e-05 
       803.5      40.4351     0.999492  0.000806251 -3.58643e-05 
       803.5      40.6955     0.999497   0.00080637 -3.59151e-05 
       803.5      40.9568     0.999501  0.000806402 -3.59908e-05 
       803.5      41.2189     0.999506  0.000806355  -3.6087e-05 
       803.5      41.4819      0.99951  0.000806237 -3.61989e-05 
       803.5      41.7457     0.999514  0.000806055 -3.63213e-05 
       803.5      42.0103     0.999518  0.000805818  -3.6449e-05 
       803.5      42.2758     0.999522  0.000805531 -3.65764e-05 
       803.5      42.5421     0.999525  0.000805203 -3.66973e-05 
       803.5      42.8092     0.999529  0.000804841 -3.68056e-05 
       803.5      43.0772     0.999533  0.000804453 -3.68946e-05 
       803.5       43.346     0.999537  0.000804046 -3.69573e-05 
       803.5      43.6157     0.999541  0.000803631 -3.69864e-05 
       803.5      43.8862     0.999544  0.000803217 -3.69742e-05 
       803.5      44.1575     0.999548  0.000802815 -3.69128e-05 
       803.5      44.4296     0.999552  0.000802436 -3.67937e-05 
       803.5      44.7026     0.999556  0.000802095 -3.66082e-05 
       803.5      44.9765     0.999559  0.000801805 -3.63471e-05 
       803.5      45.2511     0.999563  0.000801583 -3.60009e-05 
       803.5      45.5266     0.999568  0.000801536  -3.5914e-05 
       803.5       45.803     0.999573  0.000801533 -3.58464e-05 
       803.5      46.0801     0.999578   0.00080156 -3.57734e-05 
       803.5      46.3581     0.999583  0.000801614 -3.56956e-05 
       803.5       46.637     0.999588  0.000801691 -3.56135e-05 
       803.5      46.9167     0.999594  0.000801788 -3.55275e-05 
       803.5      47.1972     0.999599    0.0008019  -3.5438e-05 
       803.5      47.4785     0.999605  0.000802025 -3.53455e-05 
       803.5      47.7607     0.999611  0.000802159 -3.52501e-05 
       803.5      48.0438     0.999617  0.000802299 -3.51521e-05 
       803.5      48.3276     0.999623  0.000802442 -3.50516e-05 
       803.5      48.6123     0.999629  0.000802584 -3.49486e-05 
       803.5      48.8979     0.999635  0.000802723 -3.48433e-05 
       803.5      49.1842     0.999641  0.000802857 -3.47354e-05 
       803.5      49.4714     0.999647  0.000802984 -3.46248e-05 
       803.5      49.7595     0.999653  0.000803101 -3.45112e-05 
       803.5      50.0484     0.999659  0.000803209 -3.43944e-05 
       803.5      50.3381     0.999665  0.000803305 -3.42738e-05 
       803.5      50.6286     0.999671   0.00080339 -3.41489e-05 
       803.5        50.92     0.999677  0.000803463 -3.40192e-05 
       803.5      51.2122     0.999683  0.000803526  -3.3884e-05 
       803.5      51.5053     0.999689  0.000803579 -3.37424e-05 
       803.5      51.7992     0.999695  0.000803625 -3.35935e-05 
       803.5      52.0939     0.999701  0.000803665 -3.34364e-05 
       803.5      52.3895     0.999707  0.000803705   -3.327e-05 
       803.5      52.6859     0.999713  0.000803747 -3.30929e-05 
       803.5      52.9831     0.999719  0.000803797  -3.2904e-05 
       803.5      53.2812     0.999725  0.000803861 -3.27017e-05 
       803.5      53.5801      0.99973  0.000803946 -3.24845e-05 
       803.5      53.8799     0.999736  0.000804061 -3.22508e-05 
       803.5      54.1805     0.999742  0.000804213 -3.19987e-05 
       803.5      54.4819     0.999748  0.000804414 -3.17264e-05 
       803.5      54.7841     0.999754  0.000804675 -3.14318e-05 
       803.5      55.0872      0.99976  0.000805009 -3.11127e-05 
       803.5      55.3912     0.999766   0.00080543 -3.07668e-05 
       803.5      55.6959     0.999772  0.000805954 -3.03917e-05 
       803.5      56.0015     0.999776  0.000805798 -3.04986e-05 
       803.5       56.308      0.99978   0.00080542 -3.07489e-05 
       803.5      56.6152     0.999784   0.00080508  -3.0967e-05 
       803.5      56.9233     0.999789  0.000804777 -3.11532e-05 
       803.5      57.2323     0.999794  0.000804511 -3.13078e-05 
       803.5      57.5421     0.999799  0.000804281 -3.14316e-05 
       803.5      57.8527     0.999804  0.000804084 -3.15254e-05 
       803.5      58.1641     0.999809   0.00080392 -3.15904e-05 
       803.5      58.4764     0.999815  0.000803788  -3.1628e-05 
       803.5      58.7896      0.99982  0.000803686 -3.16397e-05 
       803.5      59.1035     0.999826   0.00080361 -3.16276e-05 
       803.5      59.4183     0.999832  0.000803559 -3.15937e-05 
       803.5      59.7339     0.999838  0.000803529 -3.15404e-05 
       803.5      60.0504     0.999844  0.000803516 -3.14706e-05 
       803.5      60.3677      0.99985  0.000803515 -3.13872e-05 
       803.5      60.6859     0.999857  0.000803519 -3.12935e-05 
       803.5      61.0048     0.999863  0.000803522  -3.1193e-05 
       803.5      61.3247     0.999869  0.000803516 -3.10896e-05 
       803.5      61.6453     0.999875  0.000803492 -3.09876e-05 
       803.5      61.9668     0.999882  0.000803437 -3.08915e-05 
       803.5      62.2891     0.999888  0.000803341 -3.08061e-05 
       803.5      62.6123     0.999895  0.000803188 -3.07366e-05 
       803.5      62.9363     0.999901  0.000802963 -3.06885e-05 
       803.5      63.2611     0.999907  0.000802648 -3.06677e-05 
       803.5      63.5868     0.999914  0.000802223 -3.06803e-05 
       803.5      63.9133      0.99992  0.000801667  -3.0733e-05 
       803.5      64.2406     0.999925  0.000802069 -3.01802e-05 
       803.5      64.5688      0.99993  0.000802483 -2.96489e-05 
       803.5      64.8978     0.999935  0.000802882 -2.91537e-05 
       803.5      65.2277      0.99994  0.000803264 -2.86938e-05 
       803.5      65.5583     0.999945  0.000803627 -2.82684e-05 
       803.5      65.8899      0.99995  0.000803969 -2.78766e-05 
       803.5      66.2222     0.999955  0.000804288 -2.75174e-05 
       803.5      66.5554     0.999961  0.000804584   -2.719e-05 
       803.5      66.8894     0.999966  0.000804855 -2.68932e-05 
       803.5      67.2243     0.999972    0.0008051  -2.6626e-05 
       803.5        67.56     0.999977  0.000805319 -2.63874e-05 
       803.5      67.8966     0.999983   0.00080551  -2.6176e-05 
       803.5      68.2339     0.999989  0.000805675 -2.59908e-05 
       803.5      68.5721     0.999995  0.000805811 -2.58305e-05 
       803.5      68.9112            1  0.000805921 -2.56937e-05 
       803.5      69.2511      1.00001  0.000806003 -2.55791e-05 
       803.5      69.5918      1.00001  0.000806058 -2.54853e-05 
       803.5      69.9333      1.00002  0.000806087 -2.54107e-05 
       803.5      70.2757      1.00003  0.000806091  -2.5354e-05 
       803.5      70.6189      1.00003  0.000806071 -2.53134e-05 
       803.5       70.963      1.00004  0.000806027 -2.52874e-05 
       803.5      71.3079      1.00004  0.000805961 -2.52743e-05 
       803.5      71.6536      1.00005  0.000805875 -2.52723e-05 
       803.5      72.0002      1.00006   0.00080577 -2.52795e-05 
       803.5      72.3476      1.00006  0.000805648 -2.52942e-05 
       803.5      72.6959      1.00007  0.000805511 -2.53144e-05 
       803.5      73.0449      1.00008  0.000805362 -2.53381e-05 
       803.5      73.3949      1.00008  0.000805202 -2.53633e-05 
       803.5      73.7456      1.00009  0.000805035 -2.53878e-05 
       803.5      74.0972       1.0001  0.000804862 -2.54094e-05 
       803.5      74.4496      1.00011  0.000804686 -2.54259e-05 
       803.5      74.8029      1.00011  0.000804511 -2.54349e-05 
       803.5       75.157      1.00012  0.000804339 -2.54342e-05 
       803.5      75.5119      1.00013  0.000804173 -2.54211e-05 
       803.5      75.8677      1.00013  0.000804018 -2.53933e-05 
       803.5      76.2243      1.00014  0.000803875  -2.5348e-05 
       803.5      76.5817      1.00015  0.000803749 -2.52827e-05 
       803.5        76.94      1.00016  0.000803643 -2.51946e-05 
       803.5      77.2991      1.00016   0.00080356 -2.50808e-05 
       803.5      77.6591      1.00017  0.000803506 -2.49385e-05 
       803.5      78.0198      1.00018  0.000803482 -2.47646e-05 
       803.5      78.3815      1.00019  0.000803494 -2.45563e-05 
       803.5      78.7439      1.00019  0.000803544 -2.43102e-05 
       803.5      79.1072       1.0002  0.000803638 -2.40233e-05 
       803.5      79.4714      1.00021  0.000803779 -2.36922e-05 
       803.5      79.8363      1.00022  0.000803971 -2.33136e-05 
       803.5      80.2021      1.00022  0.000804218  -2.2884e-05 
       803.5      80.5688      1.00023  0.000804525 -2.23999e-05 
       803.5      80.9362      1.00024  0.000804895 -2.18576e-05 
       803.5      81.3045      1.00025  0.000805332 -2.12534e-05 
       803.5      81.6737      1.00025  0.000805841 -2.05836e-05 
       803.5      82.0437      1.00026  0.000806426 -1.98442e-05 
       803.5      82.4145      1.00027  0.000806619 -1.95422e-05 
       803.5      82.7861      1.00028  0.000806313  -1.9788e-05 
       803.5      83.1586      1.00028  0.000806028 -2.00152e-05 
       803.5       83.532      1.00029  0.000805764  -2.0224e-05 
       803.5      83.9061       1.0003  0.000805523 -2.04145e-05 
       803.5      84.2811       1.0003  0.000805304 -2.05867e-05 
       803.5       84.657      1.00031  0.000805108 -2.07408e-05 
       803.5      85.0336      1.00032  0.000804935 -2.08767e-05 
       803.5      85.4111      1.00032  0.000804785 -2.09943e-05 
       803.5      85.7895      1.00033  0.000804656 -2.10937e-05 
       803.5      86.1687      1.00033  0.000804549 -2.11747e-05 
       803.5      86.5487      1.00034  0.000804462 -2.12372e-05 
       803.5      86.9295      1.00034  0.000804394 -2.12812e-05 
       803.5      87.3112      1.00034  0.000804345 -2.13062e-05 
       803.5      87.6937      1.00035  0.000804311 -2.13123e-05 
       803.5      88.0771      1.00035  0.000804293 -2.12991e-05 
       803.5      88.4613      1.00035  0.000804287 -2.12663e-05 
       803.5      88.8463      1.00036  0.000804292 -2.12136e-05 
       803.5      89.2322      1.00036  0.000804305 -2.11407e-05 
       803.5      89.6189      1.00036  0.000804326 -2.10471e-05 
       803.5      90.0064      1.00037   0.00080435 -2.09324e-05 
       803.5      90.3948      1.00037  0.000804375 -2.07962e-05 
       803.5       90.784      1.00037  0.000804399 -2.06379e-05 
       803.5      91.1741      1.00038  0.000804419 -2.04569e-05 
       803.5       91.565      1.00038  0.000804432 -2.02526e-05 
       803.5      91.9567      1.00038  0.000804435 -2.00245e-05 
       803.5      92.3492      1.00038  0.000804426 -1.97718e-05 
       803.5      92.7426      1.00039    0.0008044 -1.94938e-05 
       803.5      93.1369      1.00039  0.000804356 -1.91898e-05 
       803.5      93.5319      1.00039   0.00080429 -1.88588e-05 
       803.5      93.9278      1.00039  0.000804198 -1.85001e-05 
       803.5      94.3246      1.00039  0.000804079 -1.81126e-05 
       803.5      94.7221       1.0004  0.000803929 -1.76956e-05 
       803.5      95.1206       1.0004  0.000803744 -1.72478e-05 
       803.5      95.5198       1.0004  0.000803539 -1.67805e-05 
       803.5      95.9199       1.0004  0.000803755 -1.66062e-05 
       803.5      96.3208       1.0004  0.000803975 -1.64362e-05 
       803.5      96.7226      1.00041  0.000804196 -1.62705e-05 
       803.5      97.1251      1.00041  0.000804418 -1.61093e-05 
       803.5      97.5286      1.00041  0.000804638 -1.59527e-05 
       803.5      97.9328      1.00041  0.000804856 -1.58006e-05 
       803.5      98.3379      1.00042  0.000805068 -1.56533e-05 
       803.5      98.7439      1.00042  0.000805274 -1.55106e-05 
       803.5      99.1506      1.00042  0.000805472 -1.53726e-05 
       803.5      99.5583      1.00042  0.000805659 -1.52391e-05 
       803.5      99.9667      1.00042  0.000805835 -1.51102e-05 
       803.5      100.376      1.00042  0.000805997 -1.49857e-05 
       803.5      100.786      1.00043  0.000806145 -1.48654e-05 
       803.5      101.197      1.00043  0.000806276 -1.47491e-05 
       803.5      101.609      1.00043  0.000806389 -1.46368e-05 
       803.5      102.021      1.00043  0.000806484  -1.4528e-05 
       803.5      102.435      1.00043   0.00080656 -1.44225e-05 
       803.5      102.849      1.00044  0.000806615 -1.43201e-05 
       803.5      103.264      1.00044  0.000806649 -1.42203e-05 
       803.5       103.68      1.00044  0.000806663 -1.41227e-05 
       803.5      104.097      1.00044  0.000806657  -1.4027e-05 
       803.5      104.515      1.00045  0.000806631 -1.39326e-05 
       803.5      104.933      1.00045  0.000806585 -1.38391e-05 
       803.5      105.353      1.00045  0.000806522 -1.37459e-05 
       803.5      105.773      1.00046  0.000806443 -1.36525e-05 
       803.5      106.194      1.00046   0.00080635 -1.35581e-05 
       803.5      106.616      1.00047  0.000806246 -1.34622e-05 
       803.5      107.038      1.00047  0.000806135  -1.3364e-05 
       803.5      107.462      1.00048  0.000806019 -1.32628e-05 
       803.5      107.886      1.00048  0.000805904 -1.31578e-05 
       803.5      108.311      1.00049  0.000805794 -1.30481e-05 
       803.5      108.737       1.0005  0.000805696 -1.29329e-05 
       803.5      109.164      1.00051  0.000805616 -1.28112e-05 
       803.5      109.592      1.00052   0.00080556  -1.2682e-05 
       803.5       110.02      1.00053  0.000805538 -1.25444e-05 
       803.5       110.45      1.00054  0.000805557 -1.23972e-05 
       803.5       110.88      1.00055  0.000805628 -1.22394e-05 
       803.5      111.311      1.00056  0.000805683 -1.21273e-05 
       803.5      111.743      1.00057  0.000805682 -1.20587e-05 
       803.5      112.175      1.00059  0.000805677 -1.19843e-05 
       803.5      112.609       1.0006   0.00080567 -1.19037e-05 
       803.5      113.043      1.00061  0.000805662 -1.18162e-05 
       803.5      113.478      1.00062  0.000805654 -1.17214e-05 
       803.5      113.914      1.00063  0.000805647 -1.16188e-05 
       803.5      114.351      1.00065  0.000805642 -1.15078e-05 
       803.5      114.789      1.00066  0.000805639 -1.13878e-05 
       803.5      115.228      1.00067   0.00080564 -1.12584e-05 
       803.5      115.667      1.00068  0.000805646  -1.1119e-05 
       803.5      116.107      1.00069  0.000805656  -1.0969e-05 
       803.5      116.548       1.0007  0.000805673 -1.08078e-05 
       803.5       116.99      1.00071  0.000805696 -1.06349e-05 
       803.5      117.433      1.00073  0.000805726 -1.04497e-05 
       803.5      117.876      1.00074  0.000805763 -1.02517e-05 
       803.5      118.321      1.00075  0.000805809 -1.00401e-05 
       803.5      118.766      1.00076  0.000805864 -9.81449e-06 
       803.5      119.212      1.00077  0.000805929 -9.57414e-06 
       803.5      119.659      1.00078  0.000806003 -9.31848e-06 
       803.5      120.107      1.00079  0.000806087 -9.04687e-06 
       803.5      120.555       1.0008  0.000806182 -8.75868e-06 
       803.5      121.005      1.00081  0.000806288 -8.45328e-06 
       803.5      121.455      1.00082  0.000806405    -8.13e-06 
       803.5      121.906      1.00082  0.000806481 -7.90312e-06 
       803.5      122.358      1.00083  0.000806525 -7.72723e-06 
       803.5      122.811      1.00084  0.000806557   -7.555e-06 
       803.5      123.264      1.00085  0.000806579 -7.38604e-06 
       803.5      123.719      1.00086  0.000806591 -7.21998e-06 
       803.5      124.174      1.00086  0.000806594 -7.05643e-06 
       803.5       124.63      1.00087  0.000806589 -6.89504e-06 
       803.5      125.087      1.00088  0.000806576 -6.73546e-06 
       803.5      125.545      1.00088  0.000806557 -6.57736e-06 
       803.5      126.003      1.00089  0.000806531 -6.42041e-06 
       803.5      126.463      1.00089  0.000806501  -6.2643e-06 
       803.5      126.923      1.00089  0.000806466 -6.10874e-06 
       803.5      127.384       1.0009  0.000806427 -5.95344e-06 
       803.5      127.846       1.0009  0.000806386 -5.79814e-06 
       803.5      128.309       1.0009  0.000806342 -5.64257e-06 
       803.5      128.773      1.00091  0.000806297 -5.48651e-06 
       803.5      129.237      1.00091  0.000806251 -5.32971e-06 
       803.5      129.702      1.00091  0.000806205 -5.17197e-06 
       803.5      130.169      1.00091  0.000806159  -5.0131e-06 
       803.5      130.636      1.00091  0.000806115 -4.85291e-06 
       803.5      131.103      1.00091  0.000806072 -4.69124e-06 
       803.5      131.572      1.00091  0.000806031 -4.52794e-06 
       803.5      132.041       1.0009  0.000805994 -4.36288e-06 
       803.5      132.512       1.0009   0.00080596 -4.19593e-06 
       803.5      132.983       1.0009  0.000805929 -4.02702e-06 
       803.5      133.455      1.00089  0.000805902 -3.85604e-06 
       803.5      133.928      1.00088   0.00080588 -3.68295e-06 
       803.5      134.401      1.00088  0.000805863 -3.50769e-06 
       803.5      134.876      1.00087  0.000805851 -3.33024e-06 
       803.5      135.351      1.00086  0.000805844 -3.15059e-06 
       803.5      135.827      1.00085  0.000805842 -2.96875e-06 
       803.5      136.304      1.00084  0.000805845 -2.78476e-06 
       803.5      136.782      1.00083  0.000805854 -2.59866e-06 
       803.5      137.261      1.00082  0.000805868 -2.41052e-06 
       803.5       137.74       1.0008  0.000805887 -2.22044e-06 
       803.5      138.221      1.00079   0.00080591 -2.02852e-06 
       803.5      138.702      1.00077  0.000805938 -1.83491e-06 
       803.5      139.184      1.00075   0.00080597 -1.63974e-06 
       803.5      139.667      1.00074  0.000806006 -1.44321e-06 
       803.5      140.151      1.00072  0.000806044  -1.2455e-06 
       803.5      140.635      1.00069  0.000806085 -1.04685e-06 
       803.5       141.12      1.00067  0.000806127 -8.47482e-07 
       803.5      141.607      1.00065  0.000806169 -6.47676e-07 
       803.5      142.094      1.00062   0.00080621 -4.47721e-07 
       803.5      142.582       1.0006   0.00080625  -2.4793e-07 
       803.5       143.07      1.00057  0.000806287 -4.86437e-08 
       803.5       143.56      1.00054  0.000806319  1.49776e-07 
       803.5       144.05      1.00051  0.000806344  3.46938e-07 
       803.5      144.541      1.00047  0.000806362  5.42429e-07 
       803.5      145.033      1.00044  0.000806371  7.35808e-07 
       803.5      145.526       1.0004  0.000806368  9.26609e-07 
       803.5       146.02      1.00037   0.00080635  1.11434e-06 
       803.5      146.515      1.00033  0.000806317  1.29847e-06 
       803.5       147.01      1.00029  0.000806265  1.47847e-06 
       803.5      147.506      1.00024  0.000806193  1.65375e-06 
       803.5      148.003       1.0002  0.000806096  1.82371e-06 
       803.5      148.501      1.00015  0.000805972  1.98772e-06 
       803.5          149       1.0001  0.000805817  2.14511e-06 
       803.5        149.5      1.00005   0.00080563  2.29519e-06 
       803.5          150            1  0.000805405  2.43725e-06 
