Variables = x, y, u, v

Zone, I=600, F=POINT
       643.5         -1.5            0            0 
       643.5     -1.49958            0            0 
       643.5     -1.49831            0            0 
       643.5      -1.4962            0            0 
       643.5     -1.49324            0            0 
       643.5     -1.48944            0            0 
       643.5      -1.4848            0            0 
       643.5     -1.47931            0            0 
       643.5     -1.47298            0            0 
       643.5      -1.4658            0            0 
       643.5     -1.45778            0            0 
       643.5     -1.44891            0            0 
       643.5      -1.4392            0            0 
       643.5     -1.42864            0            0 
       643.5     -1.41724            0            0 
       643.5       -1.405            0            0 
       643.5     -1.39191            0            0 
       643.5     -1.37797            0            0 
       643.5     -1.36319            0            0 
       643.5     -1.34757            0            0 
       643.5      -1.3311            0            0 
       643.5     -1.31379            0            0 
       643.5     -1.29564            0            0 
       643.5     -1.27663            0            0 
       643.5     -1.25679            0            0 
       643.5      -1.2361            0            0 
       643.5     -1.21457            0            0 
       643.5     -1.19219            0            0 
       643.5     -1.16896            0            0 
       643.5      -1.1449            0            0 
       643.5     -1.11998            0            0 
       643.5     -1.09423            0            0 
       643.5     -1.06763            0            0 
       643.5     -1.04018            0            0 
       643.5     -1.01189            0            0 
       643.5    -0.982756            0            0 
       643.5    -0.952777            0            0 
       643.5    -0.921954            0            0 
       643.5    -0.890286            0            0 
       643.5    -0.857774            0            0 
       643.5    -0.824417            0            0 
       643.5    -0.790215            0            0 
       643.5    -0.755169            0            0 
       643.5    -0.719279            0            0 
       643.5    -0.682544            0            0 
       643.5    -0.644965            0            0 
       643.5    -0.606541            0            0 
       643.5    -0.567273            0            0 
       643.5     -0.52716   0.00340146  5.11759e-06 
       643.5    -0.486203    0.0174699  2.64408e-05 
       643.5    -0.444401    0.0318118  4.84396e-05 
       643.5    -0.401755    0.0464252  7.11274e-05 
       643.5    -0.358264    0.0613088  9.45182e-05 
       643.5    -0.313929    0.0764607  0.000118625 
       643.5    -0.268749    0.0918792  0.000143463 
       643.5    -0.222725     0.107562  0.000169044 
       643.5    -0.175857     0.123505  0.000195381 
       643.5    -0.128143     0.139707  0.000222488 
       643.5    -0.079586     0.156161  0.000250374 
       643.5    -0.030184     0.172865   0.00027905 
       643.5     0.020063     0.189813  0.000308526 
       643.5     0.071154     0.207001  0.000338812 
       643.5     0.123089     0.224422  0.000369918 
       643.5     0.175869     0.242069  0.000401844 
       643.5     0.229494     0.259933  0.000434595 
       643.5     0.283962     0.278004  0.000468175 
       643.5     0.339276     0.296273  0.000502582 
       643.5     0.395434     0.314729  0.000537811 
       643.5     0.452436      0.33336  0.000573857 
       643.5     0.510283     0.352155  0.000610719 
       643.5     0.568974     0.371101  0.000648378 
       643.5      0.62851     0.390177  0.000686819 
       643.5      0.68889     0.409365  0.000726035 
       643.5     0.750115     0.428646   0.00076598 
       643.5     0.812184     0.448001  0.000806623 
       643.5     0.875098     0.467409  0.000847939 
       643.5     0.938856     0.486847    0.0008899 
       643.5      1.00346     0.506294  0.000932464 
       643.5      1.06891     0.525723  0.000975562 
       643.5       1.1352     0.545111    0.0010192 
       643.5      1.20233     0.564417   0.00106325 
       643.5      1.27031     0.583611    0.0011076 
       643.5      1.33914     0.602662   0.00115226 
       643.5      1.40881     0.621542   0.00119716 
       643.5      1.47932     0.640218    0.0012422 
       643.5      1.55068     0.658659   0.00128725 
       643.5      1.62288      0.67683   0.00133223 
       643.5      1.69593     0.694697   0.00137706 
       643.5      1.76982     0.712222   0.00142181 
       643.5      1.84456     0.729384   0.00146595 
       643.5      1.92014     0.746125   0.00150962 
       643.5      1.99657      0.76241   0.00155283 
       643.5      2.07384     0.778216   0.00159532 
       643.5      2.15195     0.793521   0.00163694 
       643.5      2.23091       0.8083   0.00167764 
       643.5      2.31071      0.82253   0.00171739 
       643.5      2.39136     0.836188   0.00175613 
       643.5      2.47285      0.84925   0.00179372 
       643.5      2.55519      0.86169   0.00182986 
       643.5      2.63837     0.873484   0.00186402 
       643.5       2.7224     0.884658   0.00189738 
       643.5      2.80727     0.895179    0.0019288 
       643.5      2.89298     0.905041   0.00195826 
       643.5      2.97954     0.914264    0.0019863 
       643.5      3.06694     0.922871   0.00201306 
       643.5      3.15519     0.930888   0.00203837 
       643.5      3.24428     0.938342   0.00206188 
       643.5      3.33422     0.945263   0.00208319 
       643.5        3.425     0.951684   0.00210205 
       643.5      3.51663     0.957641   0.00211851 
       643.5       3.6091     0.963171   0.00213316 
       643.5      3.70241     0.968317   0.00214735 
       643.5      3.79657     0.971868     0.002162 
       643.5      3.89158      0.97398   0.00217517 
       643.5      3.98743      0.97599   0.00218718 
       643.5      4.08412       0.9779   0.00219806 
       643.5      4.18166     0.979708   0.00220781 
       643.5      4.28004     0.981415   0.00221645 
       643.5      4.37927     0.983021   0.00222401 
       643.5      4.47933     0.984526   0.00223053 
       643.5      4.58025     0.985931   0.00223603 
       643.5      4.68201     0.987237   0.00224057 
       643.5      4.78461     0.988444    0.0022442 
       643.5      4.88806     0.989555   0.00224696 
       643.5      4.99236      0.99057   0.00224893 
       643.5      5.09749     0.991491   0.00225017 
       643.5      5.20348      0.99232   0.00225075 
       643.5       5.3103      0.99306   0.00225075 
       643.5      5.41797     0.993712   0.00225024 
       643.5      5.52649     0.994281   0.00224931 
       643.5      5.63585     0.994768   0.00224804 
       643.5      5.74605     0.995177   0.00224653 
       643.5       5.8571     0.995511   0.00224486 
       643.5        5.969     0.995775   0.00224312 
       643.5      6.08174     0.995972   0.00224141 
       643.5      6.19532     0.996105    0.0022398 
       643.5      6.30974     0.996181    0.0022384 
       643.5      6.42502     0.996203   0.00223727 
       643.5      6.54113     0.996176    0.0022365 
       643.5      6.65809     0.996105   0.00223616 
       643.5       6.7759     0.995996   0.00223632 
       643.5      6.89455     0.995851   0.00223448 
       643.5      7.01404     0.995677   0.00223204 
       643.5      7.13438     0.995479   0.00222957 
       643.5      7.25556     0.995266   0.00222712 
       643.5      7.37759     0.995043   0.00222475 
       643.5      7.50046     0.994817   0.00222253 
       643.5      7.62418     0.994596   0.00222052 
       643.5      7.74874     0.994387   0.00221881 
       643.5      7.87414     0.994198   0.00221748 
       643.5      8.00039     0.994038   0.00221663 
       643.5      8.12749     0.993915   0.00221634 
       643.5      8.25542     0.993839   0.00221675 
       643.5      8.38421     0.993819   0.00221797 
       643.5      8.51384     0.993865   0.00222014 
       643.5      8.64431     0.993988    0.0022234 
       643.5      8.77562     0.994198   0.00222793 
       643.5      8.90779     0.994506    0.0022339 
       643.5      9.04079     0.994671    0.0022355 
       643.5      9.17464       0.9947   0.00223322 
       643.5      9.30933     0.994718   0.00223022 
       643.5      9.44487     0.994727   0.00222667 
       643.5      9.58126     0.994728   0.00222275 
       643.5      9.71848     0.994722   0.00221865 
       643.5      9.85656      0.99471   0.00221458 
       643.5      9.99547     0.994694   0.00221074 
       643.5      10.1352     0.994674   0.00220705 
       643.5      10.2758     0.994667   0.00220186 
       643.5      10.4173     0.994666    0.0021974 
       643.5      10.5596      0.99467   0.00219362 
       643.5      10.7027     0.994677   0.00219045 
       643.5      10.8467     0.994688   0.00218783 
       643.5      10.9915       0.9947    0.0021857 
       643.5      11.1372     0.994714     0.002184 
       643.5      11.2837     0.994728   0.00218266 
       643.5      11.4311     0.994742   0.00218161 
       643.5      11.5793     0.994755    0.0021808 
       643.5      11.7283     0.994766   0.00218016 
       643.5      11.8782     0.994776   0.00217964 
       643.5       12.029     0.994784   0.00217916 
       643.5      12.1806      0.99479   0.00217869 
       643.5       12.333     0.994794   0.00217817 
       643.5      12.4863     0.994795   0.00217755 
       643.5      12.6404     0.994794    0.0021768 
       643.5      12.7953     0.994792   0.00217589 
       643.5      12.9512     0.994787   0.00217481 
       643.5      13.1078     0.994781   0.00217353 
       643.5      13.2653     0.994775   0.00217206 
       643.5      13.4236     0.994768   0.00217041 
       643.5      13.5828     0.994761   0.00216861 
       643.5      13.7429     0.994755    0.0021667 
       643.5      13.9037     0.994751   0.00216475 
       643.5      14.0654      0.99475   0.00216282 
       643.5       14.228     0.994752   0.00216103 
       643.5      14.3914     0.994758   0.00215948 
       643.5      14.5557      0.99477   0.00215833 
       643.5      14.7208     0.994789   0.00215775 
       643.5      14.8867      0.99481   0.00215774 
       643.5      15.0535     0.994825   0.00215731 
       643.5      15.2211     0.994838   0.00215649 
       643.5      15.3896      0.99485   0.00215534 
       643.5      15.5589     0.994861   0.00215393 
       643.5      15.7291     0.994871   0.00215229 
       643.5      15.9001      0.99488   0.00215047 
       643.5      16.0719     0.994888   0.00214852 
       643.5      16.2446     0.994895   0.00214647 
       643.5      16.4182       0.9949   0.00214435 
       643.5      16.5925     0.994905   0.00214219 
       643.5      16.7678     0.994909   0.00214001 
       643.5      16.9438     0.994911   0.00213784 
       643.5      17.1208     0.994913   0.00213569 
       643.5      17.2985     0.994914   0.00213358 
       643.5      17.4771     0.994913    0.0021315 
       643.5      17.6566     0.994912   0.00212946 
       643.5      17.8369     0.994911   0.00212748 
       643.5       18.018     0.994908   0.00212553 
       643.5         18.2     0.994905   0.00212363 
       643.5      18.3828     0.994901   0.00212175 
       643.5      18.5665     0.994896   0.00211989 
       643.5       18.751     0.994891   0.00211804 
       643.5      18.9364     0.994886   0.00211617 
       643.5      19.1226      0.99488   0.00211428 
       643.5      19.3097     0.994875   0.00211234 
       643.5      19.4976     0.994869   0.00211034 
       643.5      19.6863     0.994864   0.00210824 
       643.5      19.8759     0.994858   0.00210604 
       643.5      20.0663     0.994857    0.0021035 
       643.5      20.2576     0.994861   0.00210083 
       643.5      20.4497     0.994866   0.00209828 
       643.5      20.6427     0.994871   0.00209585 
       643.5      20.8365     0.994878   0.00209355 
       643.5      21.0311     0.994886   0.00209137 
       643.5      21.2266     0.994895   0.00208931 
       643.5       21.423     0.994904   0.00208738 
       643.5      21.6202     0.994914   0.00208558 
       643.5      21.8182     0.994924   0.00208389 
       643.5      22.0171     0.994934   0.00208233 
       643.5      22.2168     0.994945   0.00208087 
       643.5      22.4173     0.994956   0.00207953 
       643.5      22.6187     0.994967   0.00207829 
       643.5       22.821     0.994977   0.00207714 
       643.5      23.0241     0.994987   0.00207609 
       643.5       23.228     0.994997    0.0020751 
       643.5      23.4328     0.995006   0.00207418 
       643.5      23.6385     0.995014   0.00207332 
       643.5      23.8449     0.995022   0.00207248 
       643.5      24.0523     0.995028   0.00207167 
       643.5      24.2604     0.995033   0.00207085 
       643.5      24.4694     0.995037   0.00207001 
       643.5      24.6793     0.995028   0.00206672 
       643.5        24.89     0.995015   0.00206264 
       643.5      25.1015     0.995006   0.00205884 
       643.5      25.3139        0.995   0.00205529 
       643.5      25.5271     0.994997   0.00205198 
       643.5      25.7412     0.994996   0.00204889 
       643.5      25.9561     0.994997   0.00204601 
       643.5      26.1719        0.995   0.00204333 
       643.5      26.3885     0.995005   0.00204082 
       643.5       26.606     0.995011   0.00203847 
       643.5      26.8243     0.995018   0.00203626 
       643.5      27.0434     0.995026   0.00203417 
       643.5      27.2634     0.995035   0.00203218 
       643.5      27.4842     0.995045   0.00203028 
       643.5      27.7059     0.995055   0.00202844 
       643.5      27.9284     0.995065   0.00202664 
       643.5      28.1518     0.995075   0.00202488 
       643.5       28.376     0.995085   0.00202313 
       643.5       28.601     0.995094   0.00202138 
       643.5      28.8269     0.995103    0.0020196 
       643.5      29.0537     0.995111   0.00201779 
       643.5      29.2813     0.995119   0.00201593 
       643.5      29.5097     0.995126   0.00201401 
       643.5       29.739     0.995132   0.00201202 
       643.5      29.9691     0.995138   0.00200995 
       643.5      30.2001     0.995143   0.00200779 
       643.5      30.4319     0.995147   0.00200554 
       643.5      30.6645     0.995151   0.00200321 
       643.5       30.898     0.995154   0.00200078 
       643.5      31.1324     0.995158   0.00199826 
       643.5      31.3676     0.995163   0.00199578 
       643.5      31.6036     0.995169   0.00199333 
       643.5      31.8405     0.995174    0.0019909 
       643.5      32.0782      0.99518    0.0019885 
       643.5      32.3167     0.995185   0.00198611 
       643.5      32.5562     0.995191   0.00198373 
       643.5      32.7964     0.995196   0.00198136 
       643.5      33.0375     0.995202     0.001979 
       643.5      33.2795     0.995208   0.00197665 
       643.5      33.5222     0.995213   0.00197429 
       643.5      33.7659     0.995219   0.00197193 
       643.5      34.0104     0.995225   0.00196957 
       643.5      34.2557     0.995231    0.0019672 
       643.5      34.5018     0.995237   0.00196483 
       643.5      34.7488     0.995243   0.00196245 
       643.5      34.9967     0.995249   0.00196006 
       643.5      35.2454     0.995255   0.00195766 
       643.5      35.4949     0.995261   0.00195525 
       643.5      35.7453     0.995267   0.00195282 
       643.5      35.9966     0.995273   0.00195039 
       643.5      36.2486      0.99528   0.00194795 
       643.5      36.5016     0.995286   0.00194549 
       643.5      36.7553     0.995292   0.00194302 
       643.5      37.0099     0.995299   0.00194054 
       643.5      37.2654     0.995305   0.00193806 
       643.5      37.5217     0.995311   0.00193556 
       643.5      37.7788     0.995318   0.00193305 
       643.5      38.0368     0.995324   0.00193053 
       643.5      38.2957     0.995331     0.001928 
       643.5      38.5553     0.995337   0.00192546 
       643.5      38.8159     0.995344   0.00192291 
       643.5      39.0772     0.995351   0.00192036 
       643.5      39.3394     0.995357   0.00191779 
       643.5      39.6025     0.995364   0.00191522 
       643.5      39.8664     0.995371   0.00191263 
       643.5      40.1311     0.995378   0.00191004 
       643.5      40.3967     0.995384   0.00190744 
       643.5      40.6632     0.995391   0.00190482 
       643.5      40.9304     0.995398   0.00190219 
       643.5      41.1986     0.995406   0.00189954 
       643.5      41.4675     0.995413   0.00189687 
       643.5      41.7373      0.99542   0.00189418 
       643.5       42.008     0.995427   0.00189149 
       643.5      42.2795     0.995434   0.00188899 
       643.5      42.5518     0.995442   0.00188651 
       643.5       42.825     0.995449   0.00188402 
       643.5      43.0991     0.995457   0.00188152 
       643.5      43.3739     0.995464     0.001879 
       643.5      43.6497     0.995472   0.00187646 
       643.5      43.9262      0.99548   0.00187387 
       643.5      44.2036     0.995487   0.00187123 
       643.5      44.4819     0.995495   0.00186853 
       643.5       44.761     0.995504   0.00186575 
       643.5      45.0409     0.995512   0.00186288 
       643.5      45.3217      0.99552    0.0018599 
       643.5      45.6034     0.995528    0.0018568 
       643.5      45.8858     0.995537   0.00185357 
       643.5      46.1692     0.995546   0.00185018 
       643.5      46.4533     0.995556    0.0018473 
       643.5      46.7383     0.995566   0.00184455 
       643.5      47.0242     0.995576   0.00184181 
       643.5      47.3109     0.995586    0.0018391 
       643.5      47.5984     0.995596    0.0018364 
       643.5      47.8868     0.995605   0.00183371 
       643.5      48.1761     0.995614   0.00183104 
       643.5      48.4661     0.995623   0.00182837 
       643.5      48.7571     0.995632   0.00182572 
       643.5      49.0488     0.995641   0.00182307 
       643.5      49.3415     0.995649   0.00182042 
       643.5      49.6349     0.995657   0.00181778 
       643.5      49.9292     0.995665   0.00181513 
       643.5      50.2244     0.995673   0.00181248 
       643.5      50.5203     0.995681   0.00180983 
       643.5      50.8172     0.995689   0.00180717 
       643.5      51.1149     0.995696    0.0018045 
       643.5      51.4134     0.995704   0.00180181 
       643.5      51.7127     0.995712   0.00179911 
       643.5       52.013     0.995719   0.00179639 
       643.5       52.314     0.995727   0.00179352 
       643.5      52.6159     0.995734   0.00179031 
       643.5      52.9187     0.995741   0.00178704 
       643.5      53.2223     0.995749   0.00178373 
       643.5      53.5267     0.995756   0.00178038 
       643.5       53.832     0.995763   0.00177701 
       643.5      54.1381      0.99577   0.00177363 
       643.5      54.4451     0.995778   0.00177024 
       643.5      54.7529     0.995785   0.00176686 
       643.5      55.0615     0.995792    0.0017635 
       643.5       55.371     0.995799   0.00176015 
       643.5      55.6814     0.995807   0.00175683 
       643.5      55.9926     0.995814   0.00175356 
       643.5      56.3046     0.995822   0.00175032 
       643.5      56.6175     0.995829   0.00174714 
       643.5      56.9312     0.995837     0.001744 
       643.5      57.2458     0.995844   0.00174093 
       643.5      57.5612     0.995852   0.00173792 
       643.5      57.8774      0.99586   0.00173497 
       643.5      58.1945     0.995868   0.00173208 
       643.5      58.5125     0.995877   0.00172925 
       643.5      58.8313     0.995885   0.00172648 
       643.5      59.1509     0.995894   0.00172375 
       643.5      59.4714     0.995903   0.00172108 
       643.5      59.7927     0.995912   0.00171843 
       643.5      60.1149     0.995922   0.00171581 
       643.5      60.4379     0.995931    0.0017132 
       643.5      60.7618     0.995942   0.00171057 
       643.5      61.0865     0.995952   0.00170792 
       643.5       61.412     0.995963   0.00170522 
       643.5      61.7384     0.995975   0.00170244 
       643.5      62.0656     0.995987   0.00169956 
       643.5      62.3937     0.995999   0.00169654 
       643.5      62.7226     0.996012   0.00169335 
       643.5      63.0524     0.996026   0.00168994 
       643.5       63.383      0.99604   0.00168627 
       643.5      63.7145     0.996055    0.0016823 
       643.5      64.0468      0.99607   0.00167796 
       643.5      64.3799     0.996086   0.00167321 
       643.5      64.7139     0.996104   0.00166798 
       643.5      65.0488     0.996121   0.00166221 
       643.5      65.3844      0.99614   0.00165581 
       643.5       65.721     0.996159   0.00164995 
       643.5      66.0583     0.996173   0.00164861 
       643.5      66.3966     0.996187   0.00164706 
       643.5      66.7356       0.9962   0.00164531 
       643.5      67.0755     0.996212   0.00164336 
       643.5      67.4163     0.996224   0.00164124 
       643.5      67.7579     0.996235   0.00163895 
       643.5      68.1003     0.996246    0.0016365 
       643.5      68.4436     0.996256    0.0016339 
       643.5      68.7877     0.996265   0.00163116 
       643.5      69.1327     0.996274    0.0016283 
       643.5      69.4785     0.996282   0.00162531 
       643.5      69.8251     0.996289   0.00162222 
       643.5      70.1726     0.996296   0.00161902 
       643.5       70.521     0.996303   0.00161573 
       643.5      70.8702     0.996308   0.00161236 
       643.5      71.2202     0.996313   0.00160892 
       643.5      71.5711     0.996318    0.0016054 
       643.5      71.9228     0.996322   0.00160183 
       643.5      72.2754     0.996325   0.00159821 
       643.5      72.6288     0.996328   0.00159454 
       643.5      72.9831     0.996331   0.00159083 
       643.5      73.3382     0.996333    0.0015871 
       643.5      73.6941     0.996335   0.00158334 
       643.5      74.0509     0.996336   0.00157956 
       643.5      74.4086     0.996337   0.00157577 
       643.5       74.767     0.996337   0.00157197 
       643.5      75.1264     0.996338   0.00156817 
       643.5      75.4865     0.996338   0.00156437 
       643.5      75.8475     0.996337   0.00156058 
       643.5      76.2094     0.996337    0.0015568 
       643.5      76.5721     0.996336   0.00155304 
       643.5      76.9357     0.996335    0.0015493 
       643.5         77.3     0.996334   0.00154558 
       643.5      77.6653     0.996333   0.00154189 
       643.5      78.0314     0.996332   0.00153823 
       643.5      78.3983      0.99633    0.0015346 
       643.5      78.7661     0.996329     0.001531 
       643.5      79.1347     0.996328   0.00152744 
       643.5      79.5041     0.996328   0.00152391 
       643.5      79.8744     0.996327   0.00152042 
       643.5      80.2456     0.996326   0.00151698 
       643.5      80.6176     0.996326   0.00151357 
       643.5      80.9904     0.996326    0.0015102 
       643.5      81.3641     0.996327   0.00150687 
       643.5      81.7386     0.996328   0.00150358 
       643.5       82.114     0.996329   0.00150033 
       643.5      82.4902     0.996331   0.00149711 
       643.5      82.8673     0.996334   0.00149393 
       643.5      83.2452     0.996337   0.00149078 
       643.5      83.6239     0.996341   0.00148766 
       643.5      84.0035     0.996346   0.00148457 
       643.5       84.384     0.996352   0.00148151 
       643.5      84.7652     0.996358   0.00147847 
       643.5      85.1474     0.996366   0.00147544 
       643.5      85.5303     0.996374   0.00147244 
       643.5      85.9142     0.996384   0.00146953 
       643.5      86.2988     0.996395   0.00146683 
       643.5      86.6843     0.996408   0.00146393 
       643.5      87.0707     0.996422   0.00146082 
       643.5      87.4579     0.996438   0.00145748 
       643.5      87.8459     0.996456   0.00145389 
       643.5      88.2348     0.996475   0.00145004 
       643.5      88.6245     0.996496   0.00144591 
       643.5      89.0151     0.996519   0.00144149 
       643.5      89.4065     0.996544   0.00143677 
       643.5      89.7988     0.996572   0.00143172 
       643.5      90.1919     0.996601   0.00142633 
       643.5      90.5858     0.996633   0.00142059 
       643.5      90.9806     0.996668   0.00141448 
       643.5      91.3762     0.996705     0.001408 
       643.5      91.7727     0.996745   0.00140114 
       643.5      92.1701     0.996788   0.00139387 
       643.5      92.5682     0.996834   0.00138619 
       643.5      92.9672     0.996883   0.00137809 
       643.5      93.3671     0.996928   0.00137363 
       643.5      93.7678     0.996968   0.00137112 
       643.5      94.1694     0.997006   0.00136862 
       643.5      94.5718     0.997042   0.00136613 
       643.5       94.975     0.997076   0.00136366 
       643.5      95.3791     0.997107   0.00136119 
       643.5       95.784     0.997137   0.00135872 
       643.5      96.1898     0.997165   0.00135625 
       643.5      96.5964      0.99719   0.00135377 
       643.5      97.0039     0.997214   0.00135127 
       643.5      97.4122     0.997235   0.00134875 
       643.5      97.8213     0.997255   0.00134621 
       643.5      98.2313     0.997273   0.00134364 
       643.5      98.6422     0.997289   0.00134104 
       643.5      99.0538     0.997304   0.00133815 
       643.5      99.4664     0.997319   0.00133481 
       643.5      99.8797     0.997333   0.00133137 
       643.5      100.294     0.997345   0.00132782 
       643.5      100.709     0.997355   0.00132416 
       643.5      101.125     0.997365   0.00132041 
       643.5      101.542     0.997372   0.00131658 
       643.5      101.959     0.997379   0.00131265 
       643.5      102.378     0.997384   0.00130865 
       643.5      102.797     0.997387   0.00130457 
       643.5      103.217      0.99739   0.00130043 
       643.5      103.638     0.997391   0.00129622 
       643.5       104.06     0.997391   0.00129195 
       643.5      104.483     0.997389   0.00128763 
       643.5      104.906     0.997387   0.00128326 
       643.5       105.33     0.997383   0.00127885 
       643.5      105.756     0.997378    0.0012744 
       643.5      106.182     0.997372   0.00126991 
       643.5      106.609     0.997366   0.00126539 
       643.5      107.036     0.997358   0.00126084 
       643.5      107.465     0.997349   0.00125627 
       643.5      107.894     0.997339   0.00125169 
       643.5      108.325     0.997328   0.00124708 
       643.5      108.756     0.997317   0.00124247 
       643.5      109.188     0.997305   0.00123785 
       643.5       109.62     0.997292   0.00123322 
       643.5      110.054     0.997278    0.0012286 
       643.5      110.489     0.997264   0.00122397 
       643.5      110.924     0.997249   0.00121935 
       643.5       111.36     0.997234   0.00121474 
       643.5      111.797     0.997218   0.00121014 
       643.5      112.235     0.997202   0.00120555 
       643.5      112.674     0.997185   0.00120097 
       643.5      113.113     0.997168   0.00119642 
       643.5      113.554     0.997151   0.00119187 
       643.5      113.995     0.997133   0.00118735 
       643.5      114.437     0.997116   0.00118286 
       643.5       114.88     0.997098   0.00117838 
       643.5      115.324      0.99708   0.00117393 
       643.5      115.768     0.997063    0.0011695 
       643.5      116.214     0.997045   0.00116509 
       643.5       116.66     0.997028   0.00116071 
       643.5      117.107     0.997011   0.00115636 
       643.5      117.555     0.996994   0.00115203 
       643.5      118.004     0.996978   0.00114773 
       643.5      118.454     0.996961   0.00114345 
       643.5      118.904     0.996946   0.00113919 
       643.5      119.356     0.996931   0.00113495 
       643.5      119.808     0.996916   0.00113074 
       643.5      120.261     0.996903   0.00112654 
       643.5      120.715      0.99689   0.00112236 
       643.5      121.169     0.996877    0.0011182 
       643.5      121.625     0.996866   0.00111404 
       643.5      122.082     0.996855    0.0011099 
       643.5      122.539     0.996846   0.00110576 
       643.5      122.997     0.996838   0.00110162 
       643.5      123.456      0.99683   0.00109748 
       643.5      123.916     0.996824   0.00109333 
       643.5      124.376     0.996819   0.00108918 
       643.5      124.838     0.996816   0.00108501 
       643.5        125.3     0.996813   0.00108082 
       643.5      125.763     0.996813    0.0010766 
       643.5      126.227     0.996813   0.00107235 
       643.5      126.692     0.996816   0.00106807 
       643.5      127.158     0.996819   0.00106373 
       643.5      127.625     0.996825   0.00105935 
       643.5      128.092     0.996832   0.00105491 
       643.5       128.56     0.996841    0.0010504 
       643.5      129.029     0.996852   0.00104582 
       643.5      129.499     0.996865   0.00104116 
       643.5       129.97     0.996879    0.0010364 
       643.5      130.442     0.996896   0.00103154 
       643.5      130.914     0.996914   0.00102657 
       643.5      131.388     0.996935   0.00102148 
       643.5      131.862     0.996958   0.00101625 
       643.5      132.337     0.996989    0.0010124 
       643.5      132.813     0.997027   0.00100909 
       643.5      133.289     0.997067    0.0010053 
       643.5      133.767      0.99711   0.00100108 
       643.5      134.245     0.997156  0.000996479 
       643.5      134.725     0.997205   0.00099156 
       643.5      135.205     0.997256  0.000986367 
       643.5      135.686      0.99731   0.00098095 
       643.5      136.167     0.997367  0.000975354 
       643.5       136.65     0.997426  0.000969623 
       643.5      137.134     0.997488  0.000963798 
       643.5      137.618     0.997553  0.000957919 
       643.5      138.103      0.99762  0.000952025 
       643.5      138.589      0.99769   0.00094615 
       643.5      139.076     0.997763  0.000940329 
       643.5      139.564     0.997838  0.000934592 
       643.5      140.052     0.997916   0.00092897 
       643.5      140.541     0.997997   0.00092349 
       643.5      141.032      0.99808  0.000918177 
       643.5      141.523     0.998166  0.000913056 
       643.5      142.015     0.998254  0.000908146 
       643.5      142.507     0.998344  0.000903469 
       643.5      143.001     0.998438  0.000899042 
       643.5      143.495     0.998533   0.00089488 
       643.5      143.991     0.998632  0.000890997 
       643.5      144.487     0.998732  0.000887405 
       643.5      144.984     0.998835  0.000884113 
       643.5      145.482     0.998941   0.00088113 
       643.5       145.98     0.999049  0.000878462 
       643.5       146.48     0.999159  0.000876114 
       643.5       146.98     0.999272  0.000874087 
       643.5      147.481     0.999387  0.000872382 
       643.5      147.983     0.999505  0.000870998 
       643.5      148.486     0.999625  0.000869933 
       643.5       148.99     0.999748  0.000869181 
       643.5      149.495     0.999873  0.000868737 
       643.5          150            1  0.000868592 
