Variables = x, y, u, v, p

Zone, I=600, F=POINT
        41.5            0            0            0  0.000832422 
        41.5     0.000418  0.000290173 -4.08264e-08  0.000832379 
        41.5     0.001672   0.00116054 -1.37342e-07  0.000832249 
        41.5     0.003763   0.00261132 -2.12963e-07   0.00083203 
        41.5     0.006689   0.00464035 -1.44144e-07  0.000831722 
        41.5     0.010451   0.00724718  2.33536e-07  0.000831324 
        41.5      0.01505     0.010431  1.11853e-06  0.000830841 
        41.5     0.020485    0.0141893  2.73482e-06  0.000830282 
        41.5     0.026756    0.0185197  5.32456e-06  0.000829667 
        41.5     0.033863    0.0234193   9.1416e-06  0.000829024 
        41.5     0.041806     0.028885  1.44472e-05  0.000828392 
        41.5     0.050585    0.0349126  2.15086e-05  0.000827824 
        41.5     0.060201    0.0414982  3.06021e-05  0.000827383 
        41.5     0.070652    0.0486352  4.20141e-05  0.000827139 
        41.5      0.08194    0.0563187  5.60555e-05  0.000827164 
        41.5     0.094063    0.0645401  7.30623e-05  0.000827525 
        41.5     0.107023    0.0732928   9.3412e-05  0.000828265 
        41.5     0.120819    0.0825667  0.000117516  0.000829394 
        41.5     0.135451    0.0923513  0.000145817  0.000830861 
        41.5     0.150919     0.102635  0.000178758  0.000832526 
        41.5     0.167224     0.113404  0.000216735  0.000834124 
        41.5     0.184364     0.124643  0.000259989  0.000835224 
        41.5     0.202341     0.136336  0.000308485  0.000835171 
        41.5     0.221153     0.148464  0.000361668  0.000833028 
        41.5     0.240802     0.161006  0.000418184    0.0008275 
        41.5     0.261287        0.174  0.000482094  0.000826075 
        41.5     0.282608     0.187354  0.000554504   0.00083031 
        41.5     0.304765      0.20098  0.000630722  0.000833728 
        41.5     0.327758     0.214856  0.000710312  0.000836343 
        41.5     0.351588     0.228965  0.000792775  0.000838188 
        41.5     0.376253     0.243287  0.000877544  0.000839321 
        41.5     0.401755     0.257808  0.000964013  0.000839823 
        41.5     0.428092      0.27251   0.00105152  0.000839802 
        41.5     0.455266     0.287384   0.00113937   0.00083939 
        41.5     0.483276     0.302417   0.00122684  0.000838748 
        41.5     0.512122     0.317603   0.00131318  0.000838068 
        41.5     0.541805     0.332936   0.00139763  0.000837569 
        41.5     0.572323     0.348413   0.00147941  0.000837499 
        41.5     0.603677     0.364036   0.00155775  0.000838139 
        41.5     0.635868      0.37981   0.00163187  0.000839798 
        41.5     0.668894     0.395741   0.00170096  0.000842817 
        41.5     0.702757     0.411841   0.00176422  0.000847567 
        41.5     0.737456     0.428126   0.00182081  0.000854446 
        41.5     0.772991     0.444716   0.00188085  0.000856232 
        41.5     0.809362     0.461663   0.00194485   0.00085503 
        41.5      0.84657     0.478912   0.00200854  0.000854697 
        41.5     0.884613     0.496441   0.00207245  0.000855186 
        41.5     0.923492     0.514226   0.00213708  0.000856443 
        41.5     0.963208     0.532241   0.00220285  0.000858406 
        41.5      1.00376     0.550457   0.00227012  0.000861009 
        41.5      1.04515      0.56884   0.00233913  0.000864182 
        41.5      1.08737     0.587357   0.00241005  0.000867847 
        41.5      1.13043     0.605969   0.00248294  0.000871926 
        41.5      1.17433     0.624634   0.00255776  0.000876339 
        41.5      1.21906     0.643309   0.00263434  0.000881004 
        41.5      1.26463     0.661945   0.00271244  0.000885843 
        41.5      1.31103     0.680489   0.00279173  0.000890777 
        41.5      1.35827     0.698887   0.00287178  0.000895734 
        41.5      1.40635      0.71708   0.00295216  0.000900649 
        41.5      1.45526     0.735004    0.0030324  0.000905465 
        41.5      1.50501     0.752592   0.00311208  0.000910137 
        41.5       1.5556     0.769773   0.00319085  0.000914633 
        41.5      1.60702     0.786471   0.00326852  0.000918939 
        41.5      1.65928     0.802607   0.00334514  0.000923062 
        41.5      1.71237     0.818099   0.00342109  0.000927031 
        41.5       1.7663     0.832902   0.00349426  0.000932055 
        41.5      1.82106     0.847111   0.00355961  0.000939706 
        41.5      1.87667     0.860658   0.00362262  0.000947295 
        41.5      1.93311     0.873531   0.00368301  0.000954826 
        41.5      1.99038     0.885721   0.00374051    0.0009623 
        41.5      2.04849     0.897221    0.0037949  0.000969722 
        41.5      2.10744     0.908027   0.00384596  0.000977094 
        41.5      2.16722     0.918136   0.00389351   0.00098442 
        41.5      2.22784     0.927549    0.0039374  0.000991705 
        41.5      2.28929     0.936267   0.00397749  0.000998951 
        41.5      2.35158     0.944297   0.00401371   0.00100616 
        41.5      2.41471     0.951648     0.004046   0.00101335 
        41.5      2.47867     0.958329   0.00407434    0.0010205 
        41.5      2.54347     0.964357   0.00409873   0.00102764 
        41.5      2.60911     0.969747   0.00411922   0.00103476 
        41.5      2.67558     0.974521    0.0041359   0.00104186 
        41.5      2.74288     0.978702   0.00414888   0.00104895 
        41.5      2.81103     0.982319    0.0041583   0.00105603 
        41.5      2.88001     0.985401   0.00416433   0.00106311 
        41.5      2.94983     0.987985   0.00416717   0.00107018 
        41.5      3.02048     0.990108   0.00416703   0.00107725 
        41.5      3.09197     0.991813   0.00416413   0.00108431 
        41.5      3.16429     0.993146   0.00415871   0.00109136 
        41.5      3.23745     0.994157   0.00415099   0.00109841 
        41.5      3.31145     0.994901   0.00414119   0.00110544 
        41.5      3.38628     0.995438   0.00412952   0.00111246 
        41.5      3.46195     0.995829   0.00411613   0.00111945 
        41.5      3.53845     0.996143   0.00410115   0.00112641 
        41.5      3.61579     0.996452   0.00408462   0.00113333 
        41.5      3.69397     0.996833   0.00406653   0.00114018 
        41.5      3.77298     0.997275   0.00404963   0.00114606 
        41.5      3.85283     0.997527   0.00403654   0.00115047 
        41.5      3.93352     0.997729   0.00402041   0.00115579 
        41.5      4.01504     0.997885   0.00400284   0.00116155 
        41.5       4.0974     0.998002   0.00398475   0.00116734 
        41.5      4.18059     0.998088   0.00396662    0.0011729 
        41.5      4.26462      0.99815   0.00394856   0.00117805 
        41.5      4.34949     0.998194   0.00393044   0.00118276 
        41.5      4.43519     0.998228   0.00391209   0.00118714 
        41.5      4.52173     0.998257   0.00389342   0.00119143 
        41.5       4.6091     0.998287   0.00387468   0.00119605 
        41.5      4.69731     0.998306   0.00385625   0.00120025 
        41.5      4.78636     0.998309   0.00383718   0.00120367 
        41.5      4.87624     0.998309   0.00381774   0.00120733 
        41.5      4.96696     0.998306   0.00379821   0.00121107 
        41.5      5.05851     0.998302   0.00377876   0.00121474 
        41.5       5.1509     0.998295   0.00375947   0.00121824 
        41.5      5.24413     0.998288   0.00374032   0.00122145 
        41.5       5.3382     0.998281   0.00372122   0.00122434 
        41.5      5.43309     0.998274   0.00370209   0.00122686 
        41.5      5.52883     0.998268    0.0036828   0.00122902 
        41.5       5.6254     0.998263   0.00366328   0.00123087 
        41.5      5.72281      0.99826   0.00364356    0.0012325 
        41.5      5.82105     0.998257   0.00362375   0.00123403 
        41.5      5.92013     0.998256   0.00360417   0.00123567 
        41.5      6.02005     0.998253   0.00358549   0.00123803 
        41.5       6.1208     0.998255   0.00356646   0.00123919 
        41.5      6.22239     0.998259   0.00354732   0.00123994 
        41.5      6.32482     0.998264   0.00352811   0.00124062 
        41.5      6.42808     0.998269   0.00350886   0.00124122 
        41.5      6.53217     0.998273   0.00348957   0.00124176 
        41.5      6.63711     0.998278   0.00347033   0.00124215 
        41.5      6.74287     0.998282   0.00345118    0.0012424 
        41.5      6.84948     0.998284   0.00343212   0.00124248 
        41.5      6.95692     0.998286   0.00341317   0.00124237 
        41.5       7.0652     0.998287   0.00339433   0.00124207 
        41.5      7.17431     0.998287   0.00337558   0.00124155 
        41.5      7.28426     0.998285   0.00335693   0.00124083 
        41.5      7.39505     0.998283   0.00333835   0.00123989 
        41.5      7.50667      0.99828   0.00331983   0.00123874 
        41.5      7.61913     0.998276   0.00330137   0.00123737 
        41.5      7.73242     0.998272   0.00328294   0.00123581 
        41.5      7.84655     0.998269   0.00326455   0.00123405 
        41.5      7.96152     0.998265   0.00324621   0.00123213 
        41.5      8.07732     0.998263   0.00322793   0.00123006 
        41.5      8.19396     0.998262   0.00320973   0.00122787 
        41.5      8.31143     0.998262   0.00319169    0.0012256 
        41.5      8.42974     0.998265   0.00317386   0.00122328 
        41.5      8.54889      0.99827   0.00315636   0.00122097 
        41.5      8.66887     0.998278   0.00313932   0.00121872 
        41.5      8.78969     0.998283   0.00312244   0.00121574 
        41.5      8.91135     0.998285   0.00310555   0.00121218 
        41.5      9.03384     0.998295   0.00308836   0.00120881 
        41.5      9.15717     0.998309     0.003071   0.00120558 
        41.5      9.28133     0.998323   0.00305375   0.00120226 
        41.5      9.40633     0.998336   0.00303664   0.00119887 
        41.5      9.53216     0.998348   0.00301967    0.0011954 
        41.5      9.65884     0.998359   0.00300294   0.00119179 
        41.5      9.78634     0.998368   0.00298651   0.00118798 
        41.5      9.91469     0.998377   0.00297029   0.00118403 
        41.5      10.0439     0.998385   0.00295426   0.00117994 
        41.5      10.1739     0.998393   0.00293841   0.00117572 
        41.5      10.3047       0.9984   0.00292272   0.00117139 
        41.5      10.4364     0.998406   0.00290718   0.00116695 
        41.5      10.5689     0.998411   0.00289178   0.00116242 
        41.5      10.7023     0.998416   0.00287652   0.00115779 
        41.5      10.8365      0.99842   0.00286138   0.00115307 
        41.5      10.9715     0.998424   0.00284635   0.00114828 
        41.5      11.1074     0.998427   0.00283145   0.00114341 
        41.5      11.2441      0.99843   0.00281666   0.00113847 
        41.5      11.3817     0.998433   0.00280198   0.00113347 
        41.5        11.52     0.998435   0.00278742    0.0011284 
        41.5      11.6592     0.998438   0.00277298   0.00112326 
        41.5      11.7993      0.99844   0.00275866   0.00111806 
        41.5      11.9402     0.998442   0.00274446   0.00111278 
        41.5      12.0819     0.998445   0.00273039   0.00110744 
        41.5      12.2245     0.998447   0.00271645   0.00110201 
        41.5      12.3679      0.99845   0.00270265    0.0010965 
        41.5      12.5121     0.998456   0.00268923   0.00109086 
        41.5      12.6572     0.998463   0.00267594    0.0010852 
        41.5      12.8031     0.998471   0.00266278   0.00107951 
        41.5      12.9498     0.998479   0.00264975    0.0010738 
        41.5      13.0974     0.998487   0.00263687   0.00106806 
        41.5      13.2458     0.998496   0.00262413   0.00106228 
        41.5       13.395     0.998504   0.00261154   0.00105646 
        41.5      13.5451     0.998513   0.00259908    0.0010506 
        41.5       13.696     0.998522   0.00258677   0.00104469 
        41.5      13.8478     0.998531   0.00257461   0.00103873 
        41.5      14.0004     0.998539   0.00256258   0.00103272 
        41.5      14.1538     0.998548   0.00255068   0.00102665 
        41.5      14.3081     0.998556   0.00253892   0.00102057 
        41.5      14.4632     0.998564   0.00252729   0.00101453 
        41.5      14.6191     0.998572   0.00251583   0.00100845 
        41.5      14.7759      0.99858   0.00250453   0.00100235 
        41.5      14.9335     0.998588   0.00249338  0.000996216 
        41.5      15.0919     0.998596   0.00248238  0.000990057 
        41.5      15.2512     0.998604   0.00247151  0.000983875 
        41.5      15.4113     0.998612   0.00246078  0.000977672 
        41.5      15.5723     0.998619   0.00245018  0.000971449 
        41.5      15.7341     0.998627    0.0024397   0.00096521 
        41.5      15.8967     0.998634   0.00242933  0.000958955 
        41.5      16.0602     0.998641   0.00241908  0.000952687 
        41.5      16.2245     0.998648   0.00240894  0.000946406 
        41.5      16.3896     0.998654    0.0023989  0.000940113 
        41.5      16.5556     0.998662   0.00238905  0.000933859 
        41.5      16.7224      0.99867   0.00237938  0.000927621 
        41.5        16.89     0.998677   0.00236983  0.000921374 
        41.5      17.0585     0.998685    0.0023604   0.00091512 
        41.5      17.2278     0.998693   0.00235109  0.000908862 
        41.5      17.3979       0.9987   0.00234191  0.000902601 
        41.5      17.5689     0.998708   0.00233285   0.00089634 
        41.5      17.7408     0.998716    0.0023239   0.00089008 
        41.5      17.9134     0.998723   0.00231507  0.000883826 
        41.5      18.0869     0.998731   0.00230635  0.000877577 
        41.5      18.2612     0.998738   0.00229774  0.000871338 
        41.5      18.4364     0.998746   0.00228925  0.000865111 
        41.5      18.6124     0.998753   0.00228088  0.000858908 
        41.5      18.7892      0.99876   0.00227264  0.000852724 
        41.5      18.9669     0.998768   0.00226452  0.000846552 
        41.5      19.1454     0.998775   0.00225652  0.000840392 
        41.5      19.3248     0.998783   0.00224863  0.000834248 
        41.5       19.505      0.99879   0.00224085  0.000828118 
        41.5       19.686     0.998797   0.00223319  0.000822006 
        41.5      19.8678     0.998805   0.00222562  0.000815913 
        41.5      20.0505     0.998812   0.00221817  0.000809839 
        41.5      20.2341      0.99882   0.00221081  0.000803787 
        41.5      20.4184     0.998827   0.00220356  0.000797758 
        41.5      20.6036     0.998834   0.00219641  0.000791753 
        41.5      20.7897     0.998842   0.00218936  0.000785775 
        41.5      20.9765     0.998849   0.00218241  0.000779823 
        41.5      21.1642     0.998856   0.00217557  0.000773902 
        41.5      21.3528     0.998863   0.00216882   0.00076801 
        41.5      21.5422     0.998871   0.00216219  0.000762152 
        41.5      21.7324     0.998878   0.00215566  0.000756308 
        41.5      21.9234     0.998885   0.00214922  0.000750461 
        41.5      22.1153     0.998892   0.00214288  0.000744646 
        41.5       22.308     0.998899   0.00213662  0.000738862 
        41.5      22.5016     0.998906   0.00213046   0.00073311 
        41.5       22.696     0.998913   0.00212439  0.000727389 
        41.5      22.8912      0.99892    0.0021184    0.0007217 
        41.5      23.0873     0.998927   0.00211251  0.000716043 
        41.5      23.2842     0.998934    0.0021067  0.000710418 
        41.5       23.482     0.998941   0.00210098  0.000704825 
        41.5      23.6805     0.998948   0.00209535  0.000699264 
        41.5        23.88     0.998955    0.0020898  0.000693735 
        41.5      24.0802     0.998962   0.00208434  0.000688239 
        41.5      24.2813     0.998969   0.00207896  0.000682775 
        41.5      24.4832     0.998976   0.00207366  0.000677344 
        41.5       24.686     0.998982   0.00206845  0.000671946 
        41.5      24.8896     0.998989   0.00206331  0.000666582 
        41.5       25.094     0.998996   0.00205825   0.00066125 
        41.5      25.2993     0.999003   0.00205328  0.000655952 
        41.5      25.5054     0.999009   0.00204837  0.000650688 
        41.5      25.7123     0.999016   0.00204355  0.000645458 
        41.5      25.9201     0.999023    0.0020388  0.000640262 
        41.5      26.1287     0.999029   0.00203412    0.0006351 
        41.5      26.3381     0.999036   0.00202952  0.000629974 
        41.5      26.5484     0.999043   0.00202498  0.000624883 
        41.5      26.7595     0.999049   0.00202052  0.000619827 
        41.5      26.9715     0.999056   0.00201613  0.000614807 
        41.5      27.1843     0.999062   0.00201181  0.000609823 
        41.5      27.3979     0.999069   0.00200756  0.000604876 
        41.5      27.6124     0.999075   0.00200336  0.000599972 
        41.5      27.8277     0.999081   0.00199923  0.000595109 
        41.5      28.0438     0.999088   0.00199517  0.000590281 
        41.5      28.2608     0.999094   0.00199117  0.000585488 
        41.5      28.4786       0.9991   0.00198724  0.000580731 
        41.5      28.6972     0.999107   0.00198338   0.00057601 
        41.5      28.9167     0.999113   0.00197957  0.000571325 
        41.5       29.137     0.999119   0.00197583  0.000566677 
        41.5      29.3582     0.999125   0.00197216  0.000562067 
        41.5      29.5802     0.999131   0.00196854  0.000557493 
        41.5       29.803     0.999137   0.00196498  0.000552958 
        41.5      30.0267     0.999144   0.00196149  0.000548461 
        41.5      30.2512      0.99915   0.00195805  0.000544002 
        41.5      30.4765     0.999155   0.00195467  0.000539583 
        41.5      30.7027     0.999161   0.00195134  0.000535202 
        41.5      30.9297     0.999167   0.00194805   0.00053086 
        41.5      31.1575     0.999173   0.00194481  0.000526553 
        41.5      31.3862     0.999179   0.00194162  0.000522282 
        41.5      31.6157     0.999185   0.00193848  0.000518048 
        41.5      31.8461     0.999191    0.0019354  0.000513851 
        41.5      32.0773     0.999196   0.00193237   0.00050969 
        41.5      32.3093     0.999202   0.00192938  0.000505568 
        41.5      32.5421     0.999208   0.00192645  0.000501483 
        41.5      32.7758     0.999214   0.00192357  0.000497436 
        41.5      33.0104     0.999219   0.00192074  0.000493427 
        41.5      33.2457     0.999225   0.00191795  0.000489456 
        41.5      33.4819      0.99923   0.00191522  0.000485523 
        41.5       33.719     0.999236   0.00191253  0.000481628 
        41.5      33.9568     0.999241   0.00190989   0.00047777 
        41.5      34.1956     0.999247   0.00190729   0.00047395 
        41.5      34.4351     0.999252   0.00190474  0.000470168 
        41.5      34.6755     0.999258   0.00190223  0.000466421 
        41.5      34.9167     0.999263   0.00189976  0.000462711 
        41.5      35.1588     0.999269   0.00189733  0.000459037 
        41.5      35.4017     0.999274   0.00189494  0.000455398 
        41.5      35.6454     0.999279   0.00189259  0.000451792 
        41.5      35.8899     0.999284   0.00189027  0.000448221 
        41.5      36.1354      0.99929   0.00188801  0.000444673 
        41.5      36.3816     0.999295    0.0018858  0.000441161 
        41.5      36.6287       0.9993   0.00188361  0.000437688 
        41.5      36.8766     0.999305   0.00188146  0.000434253 
        41.5      37.1253      0.99931   0.00187935  0.000430857 
        41.5      37.3749     0.999315   0.00187726  0.000427498 
        41.5      37.6253      0.99932   0.00187521  0.000424177 
        41.5      37.8766     0.999325   0.00187319  0.000420893 
        41.5      38.1287      0.99933   0.00187121  0.000417645 
        41.5      38.3816     0.999335   0.00186925  0.000414434 
        41.5      38.6353      0.99934   0.00186733  0.000411259 
        41.5      38.8899     0.999345   0.00186545  0.000408119 
        41.5      39.1454      0.99935   0.00186359  0.000405014 
        41.5      39.4016     0.999355   0.00186177  0.000401944 
        41.5      39.6588      0.99936   0.00185999  0.000398908 
        41.5      39.9167     0.999365   0.00185823  0.000395905 
        41.5      40.1755     0.999369   0.00185651  0.000392936 
        41.5      40.4351     0.999374   0.00185482      0.00039 
        41.5      40.6955     0.999379   0.00185317  0.000387096 
        41.5      40.9568     0.999383   0.00185154  0.000384224 
        41.5      41.2189     0.999388   0.00184995  0.000381383 
        41.5      41.4819     0.999393    0.0018484  0.000378573 
        41.5      41.7457     0.999397   0.00184687  0.000375793 
        41.5      42.0103     0.999402   0.00184538  0.000373044 
        41.5      42.2758     0.999406   0.00184391  0.000370323 
        41.5      42.5421     0.999411   0.00184243  0.000367631 
        41.5      42.8092     0.999415   0.00184098  0.000364972 
        41.5      43.0772      0.99942   0.00183955  0.000362347 
        41.5       43.346     0.999424   0.00183815  0.000359754 
        41.5      43.6157     0.999429   0.00183677  0.000357195 
        41.5      43.8862     0.999433   0.00183541  0.000354669 
        41.5      44.1575     0.999437   0.00183408  0.000352175 
        41.5      44.4296     0.999442   0.00183277  0.000349713 
        41.5      44.7026     0.999446   0.00183149  0.000347284 
        41.5      44.9765      0.99945   0.00183023  0.000344886 
        41.5      45.2511     0.999454   0.00182899   0.00034252 
        41.5      45.5266     0.999459   0.00182777  0.000340185 
        41.5       45.803     0.999463   0.00182658  0.000337882 
        41.5      46.0801     0.999467    0.0018254  0.000335608 
        41.5      46.3581     0.999471   0.00182425  0.000333365 
        41.5       46.637     0.999475   0.00182312  0.000331152 
        41.5      46.9167     0.999479   0.00182201  0.000328968 
        41.5      47.1972     0.999483   0.00182092  0.000326814 
        41.5      47.4785     0.999487   0.00181985  0.000324688 
        41.5      47.7607     0.999491    0.0018188   0.00032259 
        41.5      48.0438     0.999495   0.00181777  0.000320519 
        41.5      48.3276     0.999499   0.00181676  0.000318476 
        41.5      48.6123     0.999503   0.00181577  0.000316459 
        41.5      48.8979     0.999507    0.0018148  0.000314469 
        41.5      49.1842     0.999511   0.00181384  0.000312503 
        41.5      49.4714     0.999515    0.0018129  0.000310563 
        41.5      49.7595     0.999519   0.00181199  0.000308647 
        41.5      50.0484     0.999523   0.00181109  0.000306754 
        41.5      50.3381     0.999527    0.0018102  0.000304885 
        41.5      50.6286      0.99953   0.00180933  0.000303037 
        41.5        50.92     0.999534   0.00180848  0.000301211 
        41.5      51.2122     0.999538   0.00180765  0.000299406 
        41.5      51.5053     0.999542   0.00180683  0.000297621 
        41.5      51.7992     0.999545     0.001806  0.000295917 
        41.5      52.0939     0.999549   0.00180519  0.000294237 
        41.5      52.3895     0.999553   0.00180439  0.000292581 
        41.5      52.6859     0.999556   0.00180362  0.000290947 
        41.5      52.9831      0.99956   0.00180286  0.000289337 
        41.5      53.2812     0.999564   0.00180211   0.00028775 
        41.5      53.5801     0.999567   0.00180138  0.000286186 
        41.5      53.8799     0.999571   0.00180067  0.000284645 
        41.5      54.1805     0.999574   0.00179997  0.000283127 
        41.5      54.4819     0.999578   0.00179928  0.000281632 
        41.5      54.7841     0.999581    0.0017986   0.00028016 
        41.5      55.0872     0.999585   0.00179794  0.000278711 
        41.5      55.3912     0.999588   0.00179728  0.000277285 
        41.5      55.6959     0.999592   0.00179664  0.000275882 
        41.5      56.0015     0.999595   0.00179601  0.000274502 
        41.5       56.308     0.999598   0.00179539  0.000273144 
        41.5      56.6152     0.999602   0.00179478   0.00027181 
        41.5      56.9233     0.999605   0.00179418  0.000270498 
        41.5      57.2323     0.999608   0.00179358  0.000269209 
        41.5      57.5421     0.999612     0.001793  0.000267943 
        41.5      57.8527     0.999615   0.00179243  0.000266699 
        41.5      58.1641     0.999618   0.00179186  0.000265478 
        41.5      58.4764     0.999622   0.00179131   0.00026428 
        41.5      58.7896     0.999625   0.00179076  0.000263103 
        41.5      59.1035     0.999628   0.00179022  0.000261949 
        41.5      59.4183     0.999631   0.00178969  0.000260817 
        41.5      59.7339     0.999634   0.00178917  0.000259708 
        41.5      60.0504     0.999637   0.00178866   0.00025862 
        41.5      60.3677     0.999641   0.00178815  0.000257554 
        41.5      60.6859     0.999644   0.00178766   0.00025651 
        41.5      61.0048     0.999647   0.00178717  0.000255488 
        41.5      61.3247      0.99965   0.00178669  0.000254487 
        41.5      61.6453     0.999653   0.00178622  0.000253508 
        41.5      61.9668     0.999656   0.00178577  0.000252549 
        41.5      62.2891     0.999659   0.00178531  0.000251612 
        41.5      62.6123     0.999662   0.00178487  0.000250696 
        41.5      62.9363     0.999665   0.00178444  0.000249801 
        41.5      63.2611     0.999668   0.00178402  0.000248926 
        41.5      63.5868     0.999671    0.0017836  0.000248072 
        41.5      63.9133     0.999674   0.00178319  0.000247238 
        41.5      64.2406     0.999677    0.0017828  0.000246425 
        41.5      64.5688      0.99968   0.00178241  0.000245631 
        41.5      64.8978     0.999683   0.00178202  0.000244857 
        41.5      65.2277     0.999686   0.00178165  0.000244102 
        41.5      65.5583     0.999689   0.00178128  0.000243367 
        41.5      65.8899     0.999692   0.00178092  0.000242651 
        41.5      66.2222     0.999695   0.00178057  0.000241954 
        41.5      66.5554     0.999698   0.00178022  0.000241276 
        41.5      66.8894       0.9997   0.00177988  0.000240615 
        41.5      67.2243     0.999703   0.00177954  0.000239974 
        41.5        67.56     0.999706   0.00177921   0.00023935 
        41.5      67.8966     0.999709   0.00177887  0.000238743 
        41.5      68.2339     0.999712   0.00177854  0.000238155 
        41.5      68.5721     0.999715   0.00177821  0.000237583 
        41.5      68.9112     0.999718   0.00177788  0.000237028 
        41.5      69.2511      0.99972   0.00177754   0.00023649 
        41.5      69.5918     0.999723    0.0017772  0.000235968 
        41.5      69.9333     0.999726   0.00177685  0.000235461 
        41.5      70.2757     0.999729    0.0017765  0.000234971 
        41.5      70.6189     0.999732   0.00177613  0.000234496 
        41.5       70.963     0.999734   0.00177578  0.000234038 
        41.5      71.3079     0.999737   0.00177545  0.000233598 
        41.5      71.6536      0.99974   0.00177513  0.000233173 
        41.5      72.0002     0.999743   0.00177481  0.000232762 
        41.5      72.3476     0.999745   0.00177451  0.000232365 
        41.5      72.6959     0.999748    0.0017743  0.000231986 
        41.5      73.0449      0.99975   0.00177408  0.000231624 
        41.5      73.3949     0.999753   0.00177386  0.000231279 
        41.5      73.7456     0.999755   0.00177362   0.00023095 
        41.5      74.0972     0.999757   0.00177339  0.000230638 
        41.5      74.4496      0.99976   0.00177314  0.000230343 
        41.5      74.8029     0.999762    0.0017729  0.000230063 
        41.5       75.157     0.999765   0.00177265    0.0002298 
        41.5      75.5119     0.999767    0.0017724  0.000229552 
        41.5      75.8677     0.999769   0.00177215   0.00022932 
        41.5      76.2243     0.999772   0.00177191  0.000229103 
        41.5      76.5817     0.999774   0.00177166  0.000228902 
        41.5        76.94     0.999777   0.00177141  0.000228716 
        41.5      77.2991     0.999779   0.00177117  0.000228545 
        41.5      77.6591     0.999781   0.00177093  0.000228388 
        41.5      78.0198     0.999784   0.00177069  0.000228247 
        41.5      78.3815     0.999786   0.00177045  0.000228119 
        41.5      78.7439     0.999788   0.00177022  0.000228007 
        41.5      79.1072     0.999791   0.00176999  0.000227908 
        41.5      79.4714     0.999793   0.00176976  0.000227823 
        41.5      79.8363     0.999795   0.00176954  0.000227752 
        41.5      80.2021     0.999798   0.00176932  0.000227695 
        41.5      80.5688       0.9998    0.0017691  0.000227652 
        41.5      80.9362     0.999802   0.00176889  0.000227622 
        41.5      81.3045     0.999804   0.00176868  0.000227605 
        41.5      81.6737     0.999807   0.00176847  0.000227602 
        41.5      82.0437     0.999809   0.00176827  0.000227611 
        41.5      82.4145     0.999811   0.00176807  0.000227633 
        41.5      82.7861     0.999813   0.00176787  0.000227668 
        41.5      83.1586     0.999816   0.00176767  0.000227716 
        41.5       83.532     0.999818   0.00176747  0.000227776 
        41.5      83.9061      0.99982   0.00176727  0.000227849 
        41.5      84.2811     0.999822   0.00176708  0.000227933 
        41.5       84.657     0.999825   0.00176688   0.00022803 
        41.5      85.0336     0.999827   0.00176669  0.000228139 
        41.5      85.4111     0.999829   0.00176649   0.00022826 
        41.5      85.7895     0.999831   0.00176629  0.000228393 
        41.5      86.1687     0.999833   0.00176609  0.000228537 
        41.5      86.5487     0.999836   0.00176589  0.000228693 
        41.5      86.9295     0.999838   0.00176569   0.00022886 
        41.5      87.3112      0.99984   0.00176549  0.000229039 
        41.5      87.6937     0.999842   0.00176528   0.00022923 
        41.5      88.0771     0.999844   0.00176507  0.000229431 
        41.5      88.4613     0.999846   0.00176486  0.000229644 
        41.5      88.8463     0.999849   0.00176464  0.000229867 
        41.5      89.2322     0.999851   0.00176442  0.000230102 
        41.5      89.6189     0.999853    0.0017642  0.000230348 
        41.5      90.0064     0.999855   0.00176398  0.000230604 
        41.5      90.3948     0.999857   0.00176375  0.000230872 
        41.5       90.784      0.99986   0.00176352   0.00023115 
        41.5      91.1741     0.999862   0.00176329  0.000231439 
        41.5       91.565     0.999864   0.00176306  0.000231739 
        41.5      91.9567     0.999866   0.00176282  0.000232049 
        41.5      92.3492     0.999868   0.00176259   0.00023237 
        41.5      92.7426     0.999871   0.00176235  0.000232702 
        41.5      93.1369     0.999873   0.00176212  0.000233045 
        41.5      93.5319     0.999875   0.00176189  0.000233398 
        41.5      93.9278     0.999877   0.00176167  0.000233761 
        41.5      94.3246     0.999879   0.00176145  0.000234136 
        41.5      94.7221     0.999882   0.00176123  0.000234521 
        41.5      95.1206     0.999884   0.00176103  0.000234917 
        41.5      95.5198     0.999886   0.00176084  0.000235323 
        41.5      95.9199     0.999888   0.00176065   0.00023574 
        41.5      96.3208      0.99989   0.00176049  0.000236168 
        41.5      96.7226     0.999893   0.00176034  0.000236607 
        41.5      97.1251     0.999895   0.00176022  0.000237056 
        41.5      97.5286     0.999897   0.00176012  0.000237517 
        41.5      97.9328     0.999899   0.00175987  0.000238013 
        41.5      98.3379     0.999901    0.0017595  0.000238546 
        41.5      98.7439     0.999904   0.00175917  0.000239095 
        41.5      99.1506     0.999906   0.00175888  0.000239661 
        41.5      99.5583     0.999908   0.00175861  0.000240243 
        41.5      99.9667      0.99991   0.00175838  0.000240842 
        41.5      100.376     0.999912   0.00175819  0.000241455 
        41.5      100.786     0.999913   0.00175803  0.000242085 
        41.5      101.197     0.999915    0.0017579   0.00024273 
        41.5      101.609     0.999917   0.00175781  0.000243389 
        41.5      102.021     0.999918   0.00175775  0.000244063 
        41.5      102.435      0.99992   0.00175773  0.000244751 
        41.5      102.849     0.999921   0.00175773  0.000245452 
        41.5      103.264     0.999921   0.00175752  0.000246057 
        41.5       103.68     0.999921   0.00175724  0.000246646 
        41.5      104.097     0.999922   0.00175695  0.000247248 
        41.5      104.515     0.999922   0.00175666  0.000247862 
        41.5      104.933     0.999923   0.00175636  0.000248488 
        41.5      105.353     0.999924   0.00175607  0.000249127 
        41.5      105.773     0.999925   0.00175577  0.000249777 
        41.5      106.194     0.999926   0.00175547  0.000250439 
        41.5      106.616     0.999927   0.00175517  0.000251112 
        41.5      107.038     0.999928   0.00175486  0.000251795 
        41.5      107.462     0.999929   0.00175456   0.00025249 
        41.5      107.886     0.999931   0.00175426  0.000253196 
        41.5      108.311     0.999932   0.00175395  0.000253911 
        41.5      108.737     0.999934   0.00175365  0.000254637 
        41.5      109.164     0.999935   0.00175335  0.000255373 
        41.5      109.592     0.999937   0.00175304  0.000256118 
        41.5       110.02     0.999939   0.00175274  0.000256874 
        41.5       110.45     0.999941   0.00175244  0.000257638 
        41.5       110.88     0.999943   0.00175214  0.000258412 
        41.5      111.311     0.999944   0.00175184  0.000259194 
        41.5      111.743     0.999946   0.00175155  0.000259986 
        41.5      112.175     0.999948   0.00175125  0.000260786 
        41.5      112.609      0.99995   0.00175096  0.000261594 
        41.5      113.043     0.999953   0.00175067  0.000262411 
        41.5      113.478     0.999955   0.00175038  0.000263236 
        41.5      113.914     0.999957   0.00175009  0.000264069 
        41.5      114.351     0.999959    0.0017498   0.00026491 
        41.5      114.789     0.999961   0.00174952  0.000265759 
        41.5      115.228     0.999963   0.00174923  0.000266615 
        41.5      115.667     0.999966   0.00174895  0.000267479 
        41.5      116.107     0.999968   0.00174867   0.00026835 
        41.5      116.548      0.99997   0.00174839  0.000269229 
        41.5       116.99     0.999972   0.00174811  0.000270114 
        41.5      117.433     0.999975   0.00174784  0.000271007 
        41.5      117.876     0.999977   0.00174756  0.000271906 
        41.5      118.321     0.999979   0.00174729  0.000272813 
        41.5      118.766     0.999982   0.00174701  0.000273726 
        41.5      119.212     0.999984   0.00174674  0.000274647 
        41.5      119.659     0.999986   0.00174646  0.000275574 
        41.5      120.107     0.999989   0.00174619  0.000276507 
        41.5      120.555     0.999991   0.00174591  0.000277447 
        41.5      121.005     0.999993   0.00174563  0.000278394 
        41.5      121.455     0.999995   0.00174536  0.000279348 
        41.5      121.906     0.999998   0.00174508  0.000280308 
        41.5      122.358            1    0.0017448  0.000281274 
        41.5      122.811            1   0.00174451  0.000282248 
        41.5      123.264            1   0.00174423  0.000283227 
        41.5      123.719      1.00001   0.00174394  0.000284214 
        41.5      124.174      1.00001   0.00174364  0.000285207 
        41.5       124.63      1.00001   0.00174335  0.000286207 
        41.5      125.087      1.00001   0.00174305  0.000287213 
        41.5      125.545      1.00002   0.00174274  0.000288227 
        41.5      126.003      1.00002   0.00174243  0.000289247 
        41.5      126.463      1.00002   0.00174211  0.000290275 
        41.5      126.923      1.00002   0.00174179  0.000291309 
        41.5      127.384      1.00002   0.00174146  0.000292351 
        41.5      127.846      1.00003   0.00174113    0.0002934 
        41.5      128.309      1.00003   0.00174079  0.000294457 
        41.5      128.773      1.00003   0.00174043  0.000295521 
        41.5      129.237      1.00003   0.00174008  0.000296593 
        41.5      129.702      1.00003   0.00173971  0.000297673 
        41.5      130.169      1.00004   0.00173933  0.000298761 
        41.5      130.636      1.00004   0.00173894  0.000299858 
        41.5      131.103      1.00004   0.00173855  0.000300963 
        41.5      131.572      1.00004   0.00173814  0.000302076 
        41.5      132.041      1.00004   0.00173772  0.000303199 
        41.5      132.512      1.00004   0.00173729  0.000304331 
        41.5      132.983      1.00005   0.00173684  0.000305473 
        41.5      133.455      1.00005   0.00173639  0.000306624 
        41.5      133.928      1.00005   0.00173592  0.000307785 
        41.5      134.401      1.00005   0.00173543  0.000308957 
        41.5      134.876      1.00005   0.00173493   0.00031014 
        41.5      135.351      1.00005   0.00173442  0.000311333 
        41.5      135.827      1.00005    0.0017339  0.000312538 
        41.5      136.304      1.00005   0.00173335  0.000313755 
        41.5      136.782      1.00006   0.00173279  0.000314984 
        41.5      137.261      1.00006   0.00173222  0.000316225 
        41.5       137.74      1.00006   0.00173163  0.000317479 
        41.5      138.221      1.00006   0.00173102  0.000318746 
        41.5      138.702      1.00006   0.00173039  0.000320028 
        41.5      139.184      1.00006   0.00172975  0.000321323 
        41.5      139.667      1.00006   0.00172909  0.000322634 
        41.5      140.151      1.00006   0.00172841  0.000323959 
        41.5      140.635      1.00006   0.00172779   0.00032529 
        41.5       141.12      1.00006   0.00172742  0.000326602 
        41.5      141.607      1.00006   0.00172705  0.000327932 
        41.5      142.094      1.00006   0.00172668  0.000329281 
        41.5      142.582      1.00005   0.00172632  0.000330649 
        41.5       143.07      1.00005   0.00172597  0.000332039 
        41.5       143.56      1.00005   0.00172562  0.000333451 
        41.5       144.05      1.00005   0.00172529  0.000334888 
        41.5      144.541      1.00005   0.00172497  0.000336349 
        41.5      145.033      1.00004   0.00172466  0.000337838 
        41.5      145.526      1.00004   0.00172437  0.000339354 
        41.5       146.02      1.00004    0.0017241    0.0003409 
        41.5      146.515      1.00003   0.00172385  0.000342478 
        41.5       147.01      1.00003   0.00172363  0.000344087 
        41.5      147.506      1.00003   0.00172344  0.000345731 
        41.5      148.003      1.00002   0.00172329   0.00034741 
        41.5      148.501      1.00002   0.00172317  0.000349126 
        41.5          149      1.00001   0.00172309   0.00035088 
        41.5        149.5      1.00001   0.00172306  0.000352674 
        41.5          150            1   0.00172308   0.00035451 
