Variables = x, y, u, v, p

Zone, I=600, F=POINT
        30.5        -1.75 -1.89938e-18 -5.84211e-21   0.00396043 
        30.5     -1.74958 -3.49925e-05 -8.10967e-08   0.00395986 
        30.5     -1.74831 -0.000140837 -8.69179e-09   0.00395819 
        30.5     -1.74619 -0.000320035   1.1632e-06   0.00395546 
        30.5     -1.74323  -0.00057701  5.01258e-06   0.00395178 
        30.5     -1.73943 -0.000917432   1.3742e-05   0.00394728 
        30.5     -1.73477   -0.0013488  3.01866e-05   0.00394214 
        30.5     -1.72928  -0.00187958  5.77888e-05   0.00393656 
        30.5     -1.72293  -0.00251967  0.000100611   0.00393076 
        30.5     -1.71574  -0.00327982  0.000163307   0.00392499 
        30.5     -1.70771  -0.00417153  0.000251109   0.00391954 
        30.5     -1.69883  -0.00520659  0.000369778   0.00391467 
        30.5      -1.6891  -0.00639736  0.000525629   0.00391068 
        30.5     -1.67852  -0.00775554  0.000725374   0.00390783 
        30.5      -1.6671  -0.00929284  0.000976193   0.00390639 
        30.5     -1.65484   -0.0110196    0.0012855    0.0039066 
        30.5     -1.64173   -0.0129453   0.00166099   0.00390864 
        30.5     -1.62777   -0.0150776   0.00211046   0.00391267 
        30.5     -1.61297   -0.0174219   0.00264159   0.00391875 
        30.5     -1.59732   -0.0199814   0.00326201   0.00392687 
        30.5     -1.58082   -0.0227559   0.00397885    0.0039369 
        30.5     -1.56349   -0.0257412   0.00479859   0.00394861 
        30.5      -1.5453   -0.0289294   0.00572698   0.00396158 
        30.5     -1.52627   -0.0323077   0.00676858   0.00397524 
        30.5     -1.50639   -0.0358574   0.00792652    0.0039888 
        30.5     -1.48567   -0.0395537   0.00920217   0.00400125 
        30.5     -1.46409   -0.0433646    0.0105947   0.00401129 
        30.5     -1.44168   -0.0472504    0.0121008   0.00401732 
        30.5     -1.41842   -0.0511618    0.0137141   0.00401738 
        30.5     -1.39431   -0.0550404     0.015425   0.00400912 
        30.5     -1.36936   -0.0588154    0.0172197   0.00398977 
        30.5     -1.34356   -0.0624044    0.0190801   0.00395602 
        30.5     -1.31691   -0.0656113    0.0209486   0.00396909 
        30.5     -1.28942   -0.0682474    0.0227615   0.00399646 
        30.5     -1.26109   -0.0702938    0.0244911   0.00401211 
        30.5      -1.2319   -0.0717235    0.0261066   0.00401793 
        30.5     -1.20187   -0.0725126    0.0275801   0.00401601 
        30.5       -1.171   -0.0726411    0.0288879   0.00400868 
        30.5     -1.13928   -0.0720929    0.0300106   0.00399835 
        30.5     -1.10671   -0.0708568    0.0309327   0.00398757 
        30.5      -1.0733   -0.0689268    0.0316427   0.00397884 
        30.5     -1.03904   -0.0663029    0.0321316   0.00397464 
        30.5     -1.00394   -0.0629922    0.0323913   0.00397723 
        30.5    -0.967991   -0.0590102     0.032412   0.00398864 
        30.5    -0.931195   -0.0543814    0.0321787   0.00401045 
        30.5    -0.893554   -0.0491417    0.0316664   0.00404373 
        30.5    -0.855067   -0.0432844    0.0309875   0.00405372 
        30.5    -0.815734   -0.0370152    0.0301768   0.00405321 
        30.5    -0.775555   -0.0304619     0.029169   0.00407187 
        30.5     -0.73453   -0.0236479    0.0280111   0.00410214 
        30.5    -0.692659   -0.0165953    0.0267292   0.00413742 
        30.5    -0.649942  -0.00932626    0.0253323   0.00417248 
        30.5     -0.60638  -0.00186347    0.0238185   0.00420383 
        30.5    -0.561972   0.00576855     0.022184   0.00423023 
        30.5    -0.516717    0.0135415    0.0204347   0.00425311 
        30.5    -0.470617    0.0214202    0.0186021   0.00427717 
        30.5    -0.423671    0.0293609    0.0167629   0.00431094 
        30.5     -0.37588    0.0372954    0.0148342   0.00432653 
        30.5    -0.327242    0.0461112    0.0129891   0.00433238 
        30.5    -0.277758    0.0560143     0.011281   0.00433704 
        30.5    -0.227429    0.0671085   0.00972756    0.0043412 
        30.5    -0.176254    0.0794917   0.00835152   0.00434388 
        30.5    -0.124233    0.0932594   0.00717424   0.00434225 
        30.5    -0.071365     0.108512   0.00620644   0.00433126 
        30.5    -0.017653     0.125359   0.00543708   0.00430332 
        30.5     0.036906     0.143481   0.00475139   0.00430446 
        30.5     0.092311     0.162668   0.00416204   0.00429014 
        30.5     0.148561     0.183058   0.00362165   0.00427056 
        30.5     0.205658     0.204669   0.00314754   0.00426389 
        30.5       0.2636     0.227507   0.00271574   0.00425644 
        30.5     0.322388     0.251583   0.00233864   0.00424536 
        30.5     0.382022     0.276908   0.00199642   0.00423846 
        30.5     0.442502     0.303402   0.00169258   0.00423459 
        30.5     0.503828     0.330979   0.00142642   0.00423283 
        30.5        0.566     0.359541   0.00119445   0.00423258 
        30.5     0.629017     0.388978  0.000992214   0.00423356 
        30.5     0.692881     0.419172  0.000816596   0.00423589 
        30.5      0.75759     0.450037    0.0006683   0.00424034 
        30.5     0.823145     0.481487   0.00054635   0.00424782 
        30.5     0.889546      0.51289  0.000447818   0.00425628 
        30.5     0.956793     0.544139  0.000369657    0.0042656 
        30.5      1.02489     0.575121  0.000309448   0.00427559 
        30.5      1.09382     0.605718  0.000265321   0.00428606 
        30.5      1.16361     0.635804  0.000235859   0.00429677 
        30.5      1.23424     0.665243  0.000219956   0.00430745 
        30.5      1.30571     0.693896  0.000216658    0.0043178 
        30.5      1.37804     0.721615  0.000224953   0.00432749 
        30.5      1.45121      0.74824  0.000243532   0.00433612 
        30.5      1.52522      0.77361  0.000270497   0.00434327 
        30.5      1.60008     0.797551  0.000303031   0.00434847 
        30.5      1.67579     0.819882  0.000337013   0.00435119 
        30.5      1.75234     0.840424   0.00036736   0.00435092 
        30.5      1.82973     0.859542  0.000417905   0.00435021 
        30.5      1.90798     0.877161  0.000467659   0.00434728 
        30.5      1.98707     0.893306  0.000516648   0.00434213 
        30.5        2.067     0.908007  0.000564863   0.00433472 
        30.5      2.14778     0.921302  0.000612266   0.00432508 
        30.5      2.22941     0.933229  0.000658791   0.00431319 
        30.5      2.31188     0.943836  0.000704343   0.00429908 
        30.5       2.3952     0.953175  0.000748806   0.00428278 
        30.5      2.47936     0.961303  0.000792038   0.00426435 
        30.5      2.56437     0.968284  0.000833884   0.00424385 
        30.5      2.65023     0.974188  0.000874175   0.00422136 
        30.5      2.73693     0.979088  0.000912736     0.004197 
        30.5      2.82448     0.983068  0.000949392   0.00417087 
        30.5      2.91287     0.986215  0.000983973   0.00414312 
        30.5      3.00211     0.988623   0.00101633   0.00411392 
        30.5       3.0922     0.990393   0.00104633   0.00408345 
        30.5      3.18313     0.991633    0.0010739   0.00405194 
        30.5      3.27491     0.992455   0.00109898   0.00401963 
        30.5      3.36753     0.992982   0.00112161   0.00398678 
        30.5        3.461      0.99334   0.00114188    0.0039537 
        30.5      3.55531     0.993664      0.00116   0.00392072 
        30.5      3.65048     0.994094   0.00117625   0.00388821 
        30.5      3.74648      0.99478    0.0011911   0.00385657 
        30.5      3.84333     0.995069   0.00121449   0.00381663 
        30.5      3.94103     0.995274   0.00123225   0.00378199 
        30.5      4.03958     0.995438   0.00124767   0.00374561 
        30.5      4.13897      0.99557   0.00126443   0.00370936 
        30.5       4.2392     0.995682   0.00127875   0.00367345 
        30.5      4.34028     0.995777   0.00129367   0.00363703 
        30.5      4.44221     0.995857   0.00130789   0.00360011 
        30.5      4.54498     0.995926   0.00132084   0.00356391 
        30.5       4.6486     0.995983   0.00133393    0.0035271 
        30.5      4.75307     0.996031   0.00134645   0.00349043 
        30.5      4.85838     0.996071   0.00135839   0.00345388 
        30.5      4.96454     0.996106   0.00136973   0.00341743 
        30.5      5.07154     0.996137   0.00138052   0.00338109 
        30.5      5.17939     0.996167   0.00139092   0.00334489 
        30.5      5.28808     0.996197    0.0014013   0.00330893 
        30.5      5.39762     0.996228   0.00141066   0.00327291 
        30.5      5.50801     0.996259   0.00141979   0.00323716 
        30.5      5.61924     0.996289   0.00142887    0.0032016 
        30.5      5.73132      0.99632   0.00143744   0.00316624 
        30.5      5.84425     0.996356   0.00144542   0.00313115 
        30.5      5.95802     0.996393   0.00145307   0.00309633 
        30.5      6.07263     0.996431   0.00146043   0.00306175 
        30.5      6.18809     0.996471   0.00146752   0.00302743 
        30.5       6.3044     0.996511   0.00147435   0.00299335 
        30.5      6.42155     0.996552   0.00148092   0.00295953 
        30.5      6.53955     0.996591   0.00148724   0.00292598 
        30.5       6.6584     0.996631   0.00149329    0.0028927 
        30.5      6.77809     0.996668   0.00149907   0.00285972 
        30.5      6.89863     0.996705   0.00150456   0.00282705 
        30.5      7.02001     0.996739   0.00150975   0.00279468 
        30.5      7.14224     0.996772   0.00151479   0.00276254 
        30.5      7.26531     0.996801   0.00151966    0.0027308 
        30.5      7.38923     0.996829   0.00152424   0.00269937 
        30.5        7.514     0.996853   0.00152851   0.00266818 
        30.5      7.63961     0.996874   0.00153261   0.00263729 
        30.5      7.76607     0.996894   0.00153655   0.00260708 
        30.5      7.89337     0.996918   0.00154039   0.00257704 
        30.5      8.02152     0.996943   0.00154411    0.0025472 
        30.5      8.15052      0.99697   0.00154766   0.00251758 
        30.5      8.28036     0.996999   0.00155103   0.00248823 
        30.5      8.41105     0.997029   0.00155419   0.00245918 
        30.5      8.54258      0.99706   0.00155713   0.00243052 
        30.5      8.67496     0.997092   0.00155981   0.00240233 
        30.5      8.80818     0.997125   0.00156256    0.0023743 
        30.5      8.94225     0.997159   0.00156528   0.00234651 
        30.5      9.07717     0.997194   0.00156791   0.00231902 
        30.5      9.21293     0.997229   0.00157045   0.00229184 
        30.5      9.34954     0.997265   0.00157289   0.00226499 
        30.5        9.487       0.9973   0.00157524   0.00223845 
        30.5       9.6253     0.997336   0.00157749   0.00221224 
        30.5      9.76444      0.99737   0.00157961   0.00218636 
        30.5      9.90443     0.997404   0.00158158   0.00216079 
        30.5      10.0453     0.997437   0.00158338   0.00213555 
        30.5       10.187     0.997468   0.00158495   0.00211062 
        30.5      10.3295     0.997493   0.00158695   0.00208583 
        30.5      10.4729     0.997516   0.00158887   0.00206131 
        30.5      10.6171     0.997539   0.00159065   0.00203706 
        30.5      10.7622     0.997561   0.00159232    0.0020131 
        30.5      10.9081     0.997583   0.00159388   0.00198942 
        30.5      11.0548     0.997604   0.00159535   0.00196602 
        30.5      11.2024     0.997624   0.00159675   0.00194289 
        30.5      11.3509     0.997645   0.00159808   0.00192006 
        30.5      11.5002     0.997665   0.00159935    0.0018975 
        30.5      11.6503     0.997684   0.00160058   0.00187522 
        30.5      11.8013     0.997704   0.00160177   0.00185323 
        30.5      11.9531     0.997723   0.00160292   0.00183152 
        30.5      12.1058     0.997743   0.00160405    0.0018101 
        30.5      12.2593     0.997763   0.00160515   0.00178895 
        30.5      12.4137     0.997783   0.00160622   0.00176796 
        30.5      12.5689     0.997803   0.00160727   0.00174721 
        30.5       12.725     0.997823    0.0016083   0.00172673 
        30.5      12.8819     0.997845   0.00160933    0.0017065 
        30.5      13.0397     0.997866   0.00161035   0.00168652 
        30.5      13.1983     0.997889   0.00161137   0.00166678 
        30.5      13.3577     0.997912   0.00161238   0.00164726 
        30.5       13.518     0.997935   0.00161339   0.00162795 
        30.5      13.6791      0.99796   0.00161438   0.00160885 
        30.5      13.8411     0.997985   0.00161533   0.00158994 
        30.5       14.004     0.998005   0.00161617   0.00157137 
        30.5      14.1676     0.998025   0.00161703   0.00155299 
        30.5      14.3322     0.998045   0.00161789    0.0015348 
        30.5      14.4975     0.998064   0.00161875   0.00151681 
        30.5      14.6637     0.998084   0.00161959   0.00149902 
        30.5      14.8308     0.998103   0.00162042   0.00148144 
        30.5      14.9987     0.998122   0.00162121   0.00146406 
        30.5      15.1675      0.99814   0.00162196   0.00144704 
        30.5      15.3371     0.998158   0.00162272   0.00143024 
        30.5      15.5075     0.998176    0.0016235   0.00141363 
        30.5      15.6788     0.998194   0.00162428   0.00139721 
        30.5      15.8509     0.998212   0.00162507   0.00138098 
        30.5      16.0239     0.998229   0.00162586   0.00136493 
        30.5      16.1977     0.998246   0.00162665   0.00134907 
        30.5      16.3724     0.998263   0.00162744   0.00133339 
        30.5      16.5479      0.99828   0.00162823    0.0013179 
        30.5      16.7243     0.998296   0.00162901   0.00130259 
        30.5      16.9015     0.998313   0.00162977   0.00128747 
        30.5      17.0796     0.998329   0.00163053   0.00127253 
        30.5      17.2585     0.998345   0.00163126   0.00125778 
        30.5      17.4382     0.998361   0.00163198   0.00124322 
        30.5      17.6188     0.998377   0.00163269   0.00122885 
        30.5      17.8002     0.998392   0.00163339   0.00121467 
        30.5      17.9825     0.998408   0.00163408   0.00120069 
        30.5      18.1657     0.998423   0.00163478   0.00118692 
        30.5      18.3496     0.998438   0.00163558   0.00117321 
        30.5      18.5345     0.998453   0.00163636   0.00115968 
        30.5      18.7201     0.998468   0.00163713   0.00114632 
        30.5      18.9066     0.998482   0.00163788   0.00113312 
        30.5       19.094     0.998496   0.00163862   0.00112009 
        30.5      19.2822      0.99851   0.00163936   0.00110722 
        30.5      19.4713     0.998524   0.00164009   0.00109451 
        30.5      19.6612     0.998538   0.00164082   0.00108197 
        30.5      19.8519     0.998552   0.00164155   0.00106958 
        30.5      20.0435     0.998566   0.00164229   0.00105734 
        30.5      20.2359     0.998579   0.00164302   0.00104526 
        30.5      20.4292     0.998592   0.00164376   0.00103333 
        30.5      20.6233     0.998605    0.0016445   0.00102155 
        30.5      20.8183     0.998618   0.00164525   0.00100992 
        30.5      21.0141     0.998631     0.001646  0.000998433 
        30.5      21.2108     0.998644   0.00164676  0.000987089 
        30.5      21.4083     0.998657   0.00164752  0.000975887 
        30.5      21.6067     0.998669   0.00164828  0.000964823 
        30.5      21.8059     0.998681   0.00164905  0.000953897 
        30.5      22.0059     0.998694   0.00164981  0.000943107 
        30.5      22.2068     0.998706   0.00165058  0.000932449 
        30.5      22.4086     0.998717   0.00165134  0.000921922 
        30.5      22.6111     0.998729   0.00165211  0.000911525 
        30.5      22.8146     0.998741   0.00165286  0.000901255 
        30.5      23.0188     0.998752   0.00165361   0.00089111 
        30.5       23.224     0.998764   0.00165435  0.000881088 
        30.5      23.4299     0.998775   0.00165509  0.000871209 
        30.5      23.6368     0.998786   0.00165583   0.00086147 
        30.5      23.8444     0.998797   0.00165659   0.00085186 
        30.5      24.0529     0.998808   0.00165737  0.000842378 
        30.5      24.2623     0.998819   0.00165817  0.000833025 
        30.5      24.4725      0.99883   0.00165899  0.000823787 
        30.5      24.6835      0.99884   0.00165974   0.00081464 
        30.5      24.8954     0.998851   0.00166048  0.000805621 
        30.5      25.1082     0.998862   0.00166126  0.000796711 
        30.5      25.3217     0.998872   0.00166205  0.000787908 
        30.5      25.5362     0.998882   0.00166284  0.000779217 
        30.5      25.7514     0.998892   0.00166364  0.000770638 
        30.5      25.9676     0.998902   0.00166443  0.000762168 
        30.5      26.1845     0.998912   0.00166522  0.000753806 
        30.5      26.4023     0.998922   0.00166601  0.000745552 
        30.5       26.621     0.998931   0.00166679  0.000737405 
        30.5      26.8405     0.998941   0.00166758  0.000729362 
        30.5      27.0608      0.99895   0.00166836  0.000721423 
        30.5       27.282      0.99896   0.00166915  0.000713586 
        30.5      27.5041     0.998969   0.00166993  0.000705851 
        30.5       27.727     0.998978   0.00167071  0.000698217 
        30.5      27.9507     0.998987   0.00167149  0.000690681 
        30.5      28.1753     0.998996   0.00167227  0.000683243 
        30.5      28.4007     0.999005   0.00167304  0.000675901 
        30.5       28.627     0.999014   0.00167382  0.000668655 
        30.5      28.8541     0.999023    0.0016746  0.000661504 
        30.5      29.0821     0.999032   0.00167537  0.000654445 
        30.5      29.3109      0.99904   0.00167615  0.000647479 
        30.5      29.5405     0.999049   0.00167693  0.000640603 
        30.5       29.771     0.999057    0.0016777  0.000633817 
        30.5      30.0024     0.999065   0.00167848   0.00062712 
        30.5      30.2346     0.999073   0.00167926   0.00062051 
        30.5      30.4676     0.999082   0.00168003  0.000613987 
        30.5      30.7015      0.99909   0.00168081  0.000607549 
        30.5      30.9362     0.999098   0.00168159  0.000601196 
        30.5      31.1718     0.999106   0.00168237  0.000594927 
        30.5      31.4082     0.999113   0.00168315   0.00058874 
        30.5      31.6455     0.999121   0.00168393  0.000582635 
        30.5      31.8836     0.999129    0.0016847  0.000576611 
        30.5      32.1226     0.999136   0.00168548  0.000570667 
        30.5      32.3624     0.999144   0.00168626  0.000564803 
        30.5       32.603     0.999151   0.00168703  0.000559017 
        30.5      32.8445     0.999159   0.00168781  0.000553309 
        30.5      33.0868     0.999166   0.00168857  0.000547678 
        30.5        33.33     0.999173   0.00168934  0.000542124 
        30.5      33.5741      0.99918    0.0016901  0.000536646 
        30.5       33.819     0.999187   0.00169085  0.000531244 
        30.5      34.0647     0.999194   0.00169159  0.000525917 
        30.5      34.3112     0.999201   0.00169233  0.000520665 
        30.5      34.5587     0.999208   0.00169306  0.000515477 
        30.5      34.8069     0.999215   0.00169381  0.000510346 
        30.5       35.056     0.999222   0.00169456  0.000505286 
        30.5       35.306     0.999229   0.00169531  0.000500298 
        30.5      35.5568     0.999235   0.00169606   0.00049538 
        30.5      35.8084     0.999242   0.00169682  0.000490531 
        30.5      36.0609     0.999249    0.0016976  0.000485751 
        30.5      36.3143     0.999255   0.00169839  0.000481039 
        30.5      36.5685     0.999261    0.0016992  0.000476394 
        30.5      36.8235     0.999268   0.00169995  0.000471813 
        30.5      37.0794     0.999274   0.00170066  0.000467291 
        30.5      37.3361      0.99928   0.00170138  0.000462829 
        30.5      37.5937     0.999286   0.00170209  0.000458426 
        30.5      37.8521     0.999293    0.0017028  0.000454082 
        30.5      38.1113     0.999299   0.00170351  0.000449797 
        30.5      38.3714     0.999305   0.00170421   0.00044557 
        30.5      38.6324     0.999311   0.00170492  0.000441402 
        30.5      38.8942     0.999316   0.00170562  0.000437291 
        30.5      39.1568     0.999322   0.00170632  0.000433238 
        30.5      39.4203     0.999328   0.00170702  0.000429243 
        30.5      39.6847     0.999334   0.00170771  0.000425304 
        30.5      39.9498      0.99934   0.00170841  0.000421421 
        30.5      40.2159     0.999345    0.0017091  0.000417595 
        30.5      40.4827     0.999351   0.00170979  0.000413824 
        30.5      40.7505     0.999356   0.00171048  0.000410108 
        30.5       41.019     0.999362   0.00171116  0.000406447 
        30.5      41.2884     0.999367   0.00171185   0.00040284 
        30.5      41.5587     0.999373   0.00171253  0.000399287 
        30.5      41.8298     0.999378   0.00171321  0.000395787 
        30.5      42.1017     0.999383   0.00171389   0.00039234 
        30.5      42.3745     0.999389   0.00171457  0.000388944 
        30.5      42.6482     0.999394   0.00171525    0.0003856 
        30.5      42.9227     0.999399   0.00171592  0.000382306 
        30.5       43.198     0.999404   0.00171659  0.000379063 
        30.5      43.4742     0.999409   0.00171726  0.000375869 
        30.5      43.7512     0.999414   0.00171793  0.000372723 
        30.5      44.0291     0.999419    0.0017186  0.000369626 
        30.5      44.3078     0.999424   0.00171926  0.000366575 
        30.5      44.5873     0.999429   0.00171992  0.000363571 
        30.5      44.8677     0.999434   0.00172057  0.000360613 
        30.5       45.149     0.999439   0.00172123    0.0003577 
        30.5      45.4311     0.999444   0.00172188   0.00035483 
        30.5       45.714     0.999449   0.00172252  0.000352003 
        30.5      45.9978     0.999453   0.00172316  0.000349219 
        30.5      46.2825     0.999458   0.00172379  0.000346475 
        30.5      46.5679     0.999463   0.00172442  0.000343772 
        30.5      46.8543     0.999467   0.00172504  0.000341108 
        30.5      47.1414     0.999472   0.00172565  0.000338483 
        30.5      47.4295     0.999476   0.00172625  0.000335894 
        30.5      47.7183     0.999481   0.00172684  0.000333342 
        30.5       48.008     0.999485   0.00172742  0.000330825 
        30.5      48.2986      0.99949   0.00172799  0.000328341 
        30.5        48.59     0.999494   0.00172854   0.00032589 
        30.5      48.8823     0.999498   0.00172907  0.000323471 
        30.5      49.1753     0.999503   0.00172959  0.000321082 
        30.5      49.4693     0.999507   0.00173017  0.000318774 
        30.5      49.7641     0.999511   0.00173079  0.000316535 
        30.5      50.0597     0.999516   0.00173141   0.00031433 
        30.5      50.3562      0.99952   0.00173203  0.000312159 
        30.5      50.6535     0.999524   0.00173263  0.000310022 
        30.5      50.9517     0.999528   0.00173323  0.000307919 
        30.5      51.2507     0.999532   0.00173382   0.00030585 
        30.5      51.5506     0.999536    0.0017344  0.000303814 
        30.5      51.8513      0.99954   0.00173497  0.000301811 
        30.5      52.1528     0.999544   0.00173554   0.00029984 
        30.5      52.4552     0.999548   0.00173609  0.000297902 
        30.5      52.7585     0.999552   0.00173664  0.000295995 
        30.5      53.0626     0.999556   0.00173719  0.000294121 
        30.5      53.3675      0.99956   0.00173772  0.000292277 
        30.5      53.6733     0.999564   0.00173825  0.000290465 
        30.5      53.9799     0.999568   0.00173877  0.000288683 
        30.5      54.2874     0.999571   0.00173928  0.000286932 
        30.5      54.5957     0.999575   0.00173979  0.000285211 
        30.5      54.9049     0.999579   0.00174028   0.00028352 
        30.5      55.2149     0.999583   0.00174078  0.000281858 
        30.5      55.5257     0.999586   0.00174127  0.000280225 
        30.5      55.8374      0.99959   0.00174176  0.000278632 
        30.5        56.15     0.999594   0.00174225  0.000277075 
        30.5      56.4634     0.999597   0.00174274  0.000275546 
        30.5      56.7776     0.999601   0.00174323  0.000274047 
        30.5      57.0927     0.999604   0.00174372  0.000272576 
        30.5      57.4087     0.999608   0.00174421  0.000271134 
        30.5      57.7254     0.999611    0.0017447   0.00026972 
        30.5      58.0431     0.999615   0.00174518  0.000268334 
        30.5      58.3615     0.999618   0.00174566  0.000266976 
        30.5      58.6808     0.999622   0.00174613  0.000265646 
        30.5       59.001     0.999625    0.0017466  0.000264343 
        30.5       59.322     0.999628   0.00174707  0.000263067 
        30.5      59.6439     0.999632   0.00174753  0.000261819 
        30.5      59.9666     0.999635   0.00174799  0.000260597 
        30.5      60.2901     0.999638   0.00174844  0.000259402 
        30.5      60.6145     0.999642   0.00174889  0.000258233 
        30.5      60.9397     0.999645   0.00174933  0.000257091 
        30.5      61.2658     0.999648   0.00174977  0.000255974 
        30.5      61.5928     0.999652    0.0017502  0.000254883 
        30.5      61.9205     0.999655   0.00175063  0.000253817 
        30.5      62.2492     0.999658   0.00175105  0.000252777 
        30.5      62.5786     0.999661   0.00175147  0.000251762 
        30.5      62.9089     0.999664   0.00175189  0.000250771 
        30.5      63.2401     0.999668    0.0017523  0.000249805 
        30.5      63.5721     0.999671    0.0017527  0.000248863 
        30.5       63.905     0.999674   0.00175311  0.000247945 
        30.5      64.2387     0.999677    0.0017535  0.000247051 
        30.5      64.5732      0.99968    0.0017539  0.000246181 
        30.5      64.9086     0.999683   0.00175429  0.000245334 
        30.5      65.2448     0.999686   0.00175467  0.000244509 
        30.5      65.5819     0.999689   0.00175506  0.000243708 
        30.5      65.9198     0.999692   0.00175544  0.000242929 
        30.5      66.2586     0.999695   0.00175581  0.000242173 
        30.5      66.5982     0.999698   0.00175619  0.000241438 
        30.5      66.9387     0.999701   0.00175656  0.000240726 
        30.5        67.28     0.999704   0.00175693  0.000240035 
        30.5      67.6221     0.999707    0.0017573  0.000239365 
        30.5      67.9651      0.99971   0.00175766  0.000238716 
        30.5       68.309     0.999713   0.00175802  0.000238089 
        30.5      68.6537     0.999715   0.00175838  0.000237481 
        30.5      68.9992     0.999718   0.00175874  0.000236894 
        30.5      69.3456     0.999721    0.0017591  0.000236327 
        30.5      69.6928     0.999724   0.00175945   0.00023578 
        30.5      70.0409     0.999727    0.0017598  0.000235253 
        30.5      70.3898      0.99973   0.00176015  0.000234744 
        30.5      70.7396     0.999732    0.0017605  0.000234255 
        30.5      71.0902     0.999735   0.00176085  0.000233785 
        30.5      71.4417     0.999738   0.00176116  0.000233326 
        30.5       71.794     0.999741   0.00176146  0.000232885 
        30.5      72.1471     0.999743   0.00176176  0.000232465 
        30.5      72.5011     0.999746   0.00176205  0.000232065 
        30.5       72.856     0.999749   0.00176234  0.000231684 
        30.5      73.2117     0.999751   0.00176263  0.000231323 
        30.5      73.5682     0.999754   0.00176291  0.000230982 
        30.5      73.9256     0.999757   0.00176319  0.000230659 
        30.5      74.2838     0.999759   0.00176346  0.000230355 
        30.5      74.6429     0.999762   0.00176374  0.000230069 
        30.5      75.0028     0.999764   0.00176401  0.000229802 
        30.5      75.3636     0.999767   0.00176428  0.000229553 
        30.5      75.7252     0.999769   0.00176454  0.000229322 
        30.5      76.0876     0.999772   0.00176481  0.000229109 
        30.5      76.4509     0.999774   0.00176507  0.000228913 
        30.5      76.8151     0.999776   0.00176533  0.000228734 
        30.5      77.1801     0.999779   0.00176559  0.000228573 
        30.5      77.5459     0.999781   0.00176585  0.000228428 
        30.5      77.9126     0.999783    0.0017661    0.0002283 
        30.5      78.2801     0.999786   0.00176636  0.000228188 
        30.5      78.6485     0.999788   0.00176661  0.000228093 
        30.5      79.0177      0.99979   0.00176686  0.000228013 
        30.5      79.3878     0.999793   0.00176711   0.00022795 
        30.5      79.7587     0.999795   0.00176735  0.000227902 
        30.5      80.1305     0.999797   0.00176759   0.00022787 
        30.5      80.5031       0.9998   0.00176783  0.000227853 
        30.5      80.8765     0.999802   0.00176806  0.000227851 
        30.5      81.2508     0.999804   0.00176829  0.000227864 
        30.5       81.626     0.999806   0.00176852  0.000227892 
        30.5       82.002     0.999808   0.00176874  0.000227935 
        30.5      82.3788     0.999811   0.00176896  0.000227992 
        30.5      82.7565     0.999813   0.00176918  0.000228063 
        30.5       83.135     0.999815   0.00176939  0.000228149 
        30.5      83.5144     0.999817   0.00176959  0.000228249 
        30.5      83.8946     0.999819   0.00176979  0.000228362 
        30.5      84.2757     0.999822   0.00176998  0.000228489 
        30.5      84.6576     0.999824   0.00177016   0.00022863 
        30.5      85.0404     0.999826   0.00177034  0.000228785 
        30.5       85.424     0.999828   0.00177052  0.000228952 
        30.5      85.8084      0.99983   0.00177068  0.000229133 
        30.5      86.1937     0.999833   0.00177084  0.000229328 
        30.5      86.5798     0.999835   0.00177099  0.000229535 
        30.5      86.9668     0.999837   0.00177114  0.000229755 
        30.5      87.3547     0.999839   0.00177127  0.000229988 
        30.5      87.7433     0.999841    0.0017714  0.000230234 
        30.5      88.1329     0.999843   0.00177153  0.000230493 
        30.5      88.5232     0.999846   0.00177164  0.000230764 
        30.5      88.9145     0.999848   0.00177175  0.000231048 
        30.5      89.3065      0.99985   0.00177185  0.000231345 
        30.5      89.6994     0.999852   0.00177194  0.000231654 
        30.5      90.0932     0.999854   0.00177203  0.000231975 
        30.5      90.4878     0.999857    0.0017721  0.000232309 
        30.5      90.8832     0.999859   0.00177218  0.000232656 
        30.5      91.2795     0.999861   0.00177225  0.000233014 
        30.5      91.6766     0.999863   0.00177231  0.000233386 
        30.5      92.0746     0.999865   0.00177237  0.000233769 
        30.5      92.4735     0.999867   0.00177242  0.000234166 
        30.5      92.8731      0.99987   0.00177247  0.000234574 
        30.5      93.2737     0.999872   0.00177252  0.000235043 
        30.5       93.675     0.999874   0.00177257   0.00023553 
        30.5      94.0772     0.999876   0.00177263  0.000236028 
        30.5      94.4803     0.999878    0.0017727  0.000236536 
        30.5      94.8842     0.999881   0.00177277  0.000237054 
        30.5      95.2889     0.999883   0.00177284  0.000237582 
        30.5      95.6945     0.999885   0.00177292  0.000238119 
        30.5       96.101     0.999887     0.001773  0.000238664 
        30.5      96.5083     0.999889   0.00177308  0.000239218 
        30.5      96.9164     0.999892   0.00177317  0.000239778 
        30.5      97.3254     0.999894   0.00177326  0.000240344 
        30.5      97.7352     0.999896   0.00177334  0.000240916 
        30.5      98.1459     0.999898   0.00177343  0.000241494 
        30.5      98.5574       0.9999   0.00177351  0.000242075 
        30.5      98.9698     0.999903   0.00177359  0.000242659 
        30.5       99.383     0.999905   0.00177367  0.000243246 
        30.5       99.797     0.999907   0.00177374  0.000243834 
        30.5      100.212     0.999909    0.0017738  0.000244423 
        30.5      100.628     0.999911   0.00177385  0.000245012 
        30.5      101.044     0.999914   0.00177389  0.000245599 
        30.5      101.462     0.999916   0.00177391  0.000246183 
        30.5       101.88     0.999918   0.00177392  0.000246765 
        30.5      102.299     0.999918   0.00177395  0.000247395 
        30.5      102.719     0.999917   0.00177399  0.000248038 
        30.5       103.14     0.999917   0.00177401  0.000248695 
        30.5      103.562     0.999918   0.00177402  0.000249364 
        30.5      103.984     0.999918   0.00177403  0.000250046 
        30.5      104.407     0.999918   0.00177403  0.000250741 
        30.5      104.832     0.999919   0.00177402  0.000251448 
        30.5      105.257      0.99992     0.001774  0.000252168 
        30.5      105.683      0.99992   0.00177398    0.0002529 
        30.5      106.109     0.999921   0.00177395  0.000253643 
        30.5      106.537     0.999922   0.00177392  0.000254399 
        30.5      106.965     0.999924   0.00177388  0.000255165 
        30.5      107.395     0.999925   0.00177383  0.000255944 
        30.5      107.825     0.999926   0.00177378  0.000256733 
        30.5      108.256     0.999928   0.00177372  0.000257534 
        30.5      108.688     0.999929   0.00177366  0.000258345 
        30.5       109.12     0.999931   0.00177359  0.000259168 
        30.5      109.554     0.999932   0.00177352      0.00026 
        30.5      109.988     0.999934   0.00177345  0.000260844 
        30.5      110.423     0.999936   0.00177336  0.000261697 
        30.5      110.859     0.999938   0.00177328  0.000262561 
        30.5      111.296     0.999939   0.00177319  0.000263434 
        30.5      111.734     0.999941   0.00177309  0.000264317 
        30.5      112.173     0.999943     0.001773   0.00026521 
        30.5      112.612     0.999945   0.00177289  0.000266112 
        30.5      113.052     0.999947   0.00177278  0.000267024 
        30.5      113.493      0.99995   0.00177267  0.000267945 
        30.5      113.935     0.999952   0.00177256  0.000268875 
        30.5      114.378     0.999954   0.00177244  0.000269813 
        30.5      114.822     0.999956   0.00177231  0.000270761 
        30.5      115.266     0.999958   0.00177219  0.000271717 
        30.5      115.712      0.99996   0.00177205  0.000272681 
        30.5      116.158     0.999963   0.00177192  0.000273654 
        30.5      116.605     0.999965   0.00177178  0.000274635 
        30.5      117.053     0.999967   0.00177163  0.000275625 
        30.5      117.502      0.99997   0.00177148  0.000276622 
        30.5      117.951     0.999972   0.00177133  0.000277627 
        30.5      118.402     0.999974   0.00177117  0.000278639 
        30.5      118.853     0.999976     0.001771   0.00027966 
        30.5      119.305     0.999979   0.00177084  0.000280688 
        30.5      119.758     0.999981   0.00177066  0.000281723 
        30.5      120.212     0.999983   0.00177049  0.000282765 
        30.5      120.666     0.999986    0.0017703  0.000283815 
        30.5      121.122     0.999988   0.00177012  0.000284872 
        30.5      121.578      0.99999   0.00176992  0.000285936 
        30.5      122.035     0.999992   0.00176973  0.000287006 
        30.5      122.493     0.999995   0.00176952  0.000288084 
        30.5      122.952     0.999997   0.00176931  0.000289168 
        30.5      123.412     0.999999    0.0017691  0.000290259 
        30.5      123.873            1   0.00176888  0.000291357 
        30.5      124.334            1   0.00176866  0.000292461 
        30.5      124.796      1.00001   0.00176843  0.000293572 
        30.5      125.259      1.00001   0.00176819  0.000294689 
        30.5      125.723      1.00001   0.00176795  0.000295812 
        30.5      126.188      1.00001    0.0017677  0.000296942 
        30.5      126.654      1.00001   0.00176745  0.000298077 
        30.5       127.12      1.00002   0.00176719   0.00029922 
        30.5      127.588      1.00002   0.00176692  0.000300368 
        30.5      128.056      1.00002   0.00176665  0.000301522 
        30.5      128.525      1.00002   0.00176637  0.000302683 
        30.5      128.995      1.00002   0.00176609  0.000303849 
        30.5      129.466      1.00003    0.0017658  0.000305022 
        30.5      129.937      1.00003   0.00176551  0.000306201 
        30.5       130.41      1.00003   0.00176521  0.000307386 
        30.5      130.883      1.00003    0.0017649  0.000308577 
        30.5      131.357      1.00003   0.00176459  0.000309774 
        30.5      131.832      1.00003   0.00176427  0.000310977 
        30.5      132.308      1.00004   0.00176395  0.000312186 
        30.5      132.784      1.00004   0.00176362  0.000313401 
        30.5      133.262      1.00004   0.00176329  0.000314622 
        30.5       133.74      1.00004   0.00176295   0.00031585 
        30.5      134.219      1.00004   0.00176261  0.000317084 
        30.5      134.699      1.00004   0.00176227  0.000318324 
        30.5       135.18      1.00004   0.00176192   0.00031957 
        30.5      135.662      1.00004   0.00176156  0.000320823 
        30.5      136.145      1.00004   0.00176121  0.000322082 
        30.5      136.628      1.00005   0.00176085  0.000323348 
        30.5      137.112      1.00005   0.00176049  0.000324621 
        30.5      137.597      1.00005   0.00176013    0.0003259 
        30.5      138.083      1.00005   0.00175976  0.000327186 
        30.5       138.57      1.00005    0.0017594  0.000328479 
        30.5      139.058      1.00005   0.00175903  0.000329779 
        30.5      139.546      1.00005   0.00175867  0.000331086 
        30.5      140.036      1.00005    0.0017583    0.0003324 
        30.5      140.526      1.00005   0.00175794  0.000333722 
        30.5      141.017      1.00005   0.00175758  0.000335051 
        30.5      141.509      1.00005   0.00175723  0.000336388 
        30.5      142.001      1.00005   0.00175688  0.000337733 
        30.5      142.495      1.00005   0.00175653  0.000339086 
        30.5      142.989      1.00004   0.00175619  0.000340447 
        30.5      143.485      1.00004   0.00175586  0.000341816 
        30.5      143.981      1.00004   0.00175554  0.000343194 
        30.5      144.478      1.00004   0.00175522  0.000344581 
        30.5      144.976      1.00004   0.00175492  0.000345977 
        30.5      145.474      1.00003   0.00175463  0.000347382 
        30.5      145.974      1.00003   0.00175437  0.000348809 
        30.5      146.474      1.00003   0.00175425  0.000350423 
        30.5      146.975      1.00003   0.00175417  0.000352055 
        30.5      147.477      1.00002   0.00175411  0.000353705 
        30.5       147.98      1.00002   0.00175408  0.000355374 
        30.5      148.484      1.00001   0.00175409  0.000357061 
        30.5      148.988      1.00001   0.00175413  0.000358768 
        30.5      149.494      1.00001   0.00175421  0.000360494 
        30.5          150            1   0.00175432   0.00036224 
