Variables = x, y, u, v, p

Zone, I=600, F=POINT
        52.5            0            0            0 -0.000287237 
        52.5     0.000418  0.000224625 -6.65349e-10 -0.000287237 
        52.5     0.001672  0.000898502 -8.93845e-10 -0.000287238 
        52.5     0.003763   0.00202217  4.60035e-09  -0.00028724 
        52.5     0.006689   0.00359456  2.45473e-08 -0.000287243 
        52.5     0.010451   0.00561621  7.10386e-08 -0.000287247 
        52.5      0.01505   0.00808766  1.59425e-07 -0.000287251 
        52.5     0.020485    0.0110084  3.08136e-07 -0.000287257 
        52.5     0.026756    0.0143783  5.38588e-07 -0.000287262 
        52.5     0.033863    0.0181975  8.75065e-07 -0.000287268 
        52.5     0.041806    0.0224658  1.34465e-06 -0.000287272 
        52.5     0.050585    0.0271832  1.97718e-06 -0.000287273 
        52.5     0.060201    0.0323501  2.80538e-06 -0.000287271 
        52.5     0.070652    0.0379653  3.86456e-06 -0.000287262 
        52.5      0.08194    0.0440297  5.19338e-06 -0.000287246 
        52.5     0.094063    0.0505419  6.83316e-06 -0.000287221 
        52.5     0.107023    0.0575028  8.82895e-06 -0.000287184 
        52.5     0.120819    0.0649114  1.12286e-05 -0.000287137 
        52.5     0.135451    0.0727672  1.40833e-05  -0.00028708 
        52.5     0.150919    0.0810697  1.74467e-05 -0.000287016 
        52.5     0.167224    0.0898186  2.13748e-05 -0.000286952 
        52.5     0.184364    0.0990123  2.59231e-05 -0.000286898 
        52.5     0.202341     0.108651  3.11463e-05 -0.000286872 
        52.5     0.221153     0.118732  3.70927e-05 -0.000286897 
        52.5     0.240802     0.129255   4.3802e-05 -0.000287006 
        52.5     0.261287     0.140218  5.14617e-05 -0.000287072 
        52.5     0.282608     0.151618  6.00724e-05 -0.000286993 
        52.5     0.304765     0.163452  6.95845e-05 -0.000286878 
        52.5     0.327758     0.175716  8.00896e-05 -0.000286738 
        52.5     0.351588     0.188408  9.16741e-05  -0.00028659 
        52.5     0.376253      0.20152  0.000104414 -0.000286447 
        52.5     0.401755     0.215048  0.000118374 -0.000286324 
        52.5     0.428092     0.228985  0.000133607 -0.000286233 
        52.5     0.455266     0.243325  0.000150151 -0.000286182 
        52.5     0.483276     0.258058  0.000168028 -0.000286175 
        52.5     0.512122     0.273177  0.000187248 -0.000286209 
        52.5     0.541805     0.288671  0.000207812 -0.000286273 
        52.5     0.572323     0.304528  0.000229715 -0.000286346 
        52.5     0.603677     0.320738  0.000252956  -0.00028639 
        52.5     0.635868     0.337287  0.000277553 -0.000286355 
        52.5     0.668894      0.35416  0.000303551 -0.000286169 
        52.5     0.702757     0.371343  0.000331049 -0.000285738 
        52.5     0.737456     0.388817  0.000360224  -0.00028494 
        52.5     0.772991     0.406571   0.00039007 -0.000284617 
        52.5     0.809362     0.424583  0.000420836 -0.000284742 
        52.5      0.84657     0.442829  0.000453051 -0.000284858 
        52.5     0.884613     0.461288   0.00048663 -0.000284949 
        52.5     0.923492     0.479936  0.000521502 -0.000285001 
        52.5     0.963208      0.49875  0.000557602 -0.000284998 
        52.5      1.00376     0.517702  0.000594875 -0.000284927 
        52.5      1.04515     0.536766  0.000633275 -0.000284779 
        52.5      1.08737      0.55591   0.00067277 -0.000284543 
        52.5      1.13043     0.575104  0.000713337 -0.000284216 
        52.5      1.17433     0.594314  0.000754959 -0.000283795 
        52.5      1.21906     0.613503  0.000797628 -0.000283285 
        52.5      1.26463     0.632635  0.000841336 -0.000282694 
        52.5      1.31103     0.651668  0.000886068 -0.000282038 
        52.5      1.35827     0.670561  0.000931803  -0.00028134 
        52.5      1.40635     0.689269  0.000978494 -0.000280633 
        52.5      1.45526     0.707745   0.00102606 -0.000279959 
        52.5      1.50501     0.725938   0.00107439 -0.000279369 
        52.5       1.5556     0.743797    0.0011233 -0.000278931 
        52.5      1.60702     0.761267   0.00117251 -0.000278723 
        52.5      1.65928      0.77829   0.00122167 -0.000278841 
        52.5      1.71237     0.794806   0.00127027 -0.000279396 
        52.5       1.7663     0.810785    0.0013185 -0.000279592 
        52.5      1.82106     0.826203   0.00136748 -0.000277958 
        52.5      1.87667      0.84095   0.00141541 -0.000276473 
        52.5      1.93311     0.855012   0.00146215 -0.000275124 
        52.5      1.99038     0.868378   0.00150756 -0.000273896 
        52.5      2.04849      0.88104   0.00155149 -0.000272773 
        52.5      2.10744     0.892991   0.00159383 -0.000271741 
        52.5      2.16722     0.904227   0.00163446 -0.000270782 
        52.5      2.22784     0.914745    0.0016733 -0.000269882 
        52.5      2.28929     0.924546   0.00171024 -0.000269023 
        52.5      2.35158     0.933634   0.00174523  -0.00026819 
        52.5      2.41471     0.942014    0.0017782 -0.000267368 
        52.5      2.47867     0.949696   0.00180911  -0.00026654 
        52.5      2.54347     0.956691   0.00183794 -0.000265694 
        52.5      2.60911     0.963014   0.00186466 -0.000264815 
        52.5      2.67558     0.968683   0.00188928 -0.000263891 
        52.5      2.74288      0.97372   0.00191182 -0.000262911 
        52.5      2.81103     0.978149   0.00193229 -0.000261867 
        52.5      2.88001     0.981998   0.00195074 -0.000260751 
        52.5      2.94983       0.9853   0.00196722 -0.000259559 
        52.5      3.02048      0.98809   0.00198178 -0.000258287 
        52.5      3.09197     0.990406   0.00199447 -0.000256938 
        52.5      3.16429     0.992293   0.00200536 -0.000255515 
        52.5      3.23745     0.993797    0.0020145 -0.000254026 
        52.5      3.31145     0.994969   0.00202195 -0.000252482 
        52.5      3.38628     0.995866   0.00202774 -0.000250899 
        52.5      3.46195     0.996546   0.00203189   -0.0002493 
        52.5      3.53845     0.997073    0.0020344 -0.000247709 
        52.5      3.61579     0.997517   0.00203525  -0.00024616 
        52.5      3.69397     0.997949   0.00203435 -0.000244691 
        52.5      3.77298     0.998372   0.00203384 -0.000243635 
        52.5      3.85283     0.998632   0.00203731 -0.000243126 
        52.5      3.93352     0.998861   0.00203968 -0.000242293 
        52.5      4.01504      0.99906   0.00204122 -0.000241139 
        52.5       4.0974     0.999232    0.0020422 -0.000239667 
        52.5      4.18059     0.999377   0.00204286 -0.000237881 
        52.5      4.26462     0.999498   0.00204339 -0.000235786 
        52.5      4.34949     0.999597   0.00204378 -0.000234244 
        52.5      4.43519     0.999674   0.00204372 -0.000233194 
        52.5      4.52173     0.999733    0.0020433 -0.000232112 
        52.5       4.6091     0.999774   0.00204258  -0.00023098 
        52.5      4.69731     0.999799   0.00204166 -0.000229784 
        52.5      4.78636     0.999812    0.0020406 -0.000228512 
        52.5      4.87624     0.999815    0.0020395 -0.000227158 
        52.5      4.96696      0.99981   0.00203846 -0.000225719 
        52.5      5.05851       0.9998   0.00203755 -0.000224196 
        52.5       5.1509     0.999789   0.00203685 -0.000222594 
        52.5      5.24413     0.999778   0.00203645 -0.000220926 
        52.5       5.3382     0.999772    0.0020364  -0.00021921 
        52.5      5.43309     0.999772   0.00203674 -0.000217469 
        52.5      5.52883     0.999781    0.0020375 -0.000215734 
        52.5       5.6254     0.999803   0.00203867 -0.000214044 
        52.5      5.72281     0.999784   0.00203582 -0.000212609 
        52.5      5.82105     0.999773   0.00203398 -0.000211183 
        52.5      5.92013      0.99977   0.00203307 -0.000209766 
        52.5      6.02005     0.999772   0.00203278 -0.000208358 
        52.5       6.1208     0.999776   0.00203278 -0.000206951 
        52.5      6.22239     0.999782   0.00203277 -0.000205524 
        52.5      6.32482     0.999784   0.00203237 -0.000203976 
        52.5      6.42808     0.999781   0.00203145 -0.000202136 
        52.5      6.53217     0.999779   0.00203063 -0.000200351 
        52.5      6.63711     0.999777   0.00202987 -0.000198614 
        52.5      6.74287     0.999775   0.00202917 -0.000196918 
        52.5      6.84948     0.999774    0.0020285 -0.000195259 
        52.5      6.95692     0.999772   0.00202784  -0.00019363 
        52.5       7.0652     0.999771   0.00202718 -0.000192026 
        52.5      7.17431      0.99977    0.0020265 -0.000190443 
        52.5      7.28426     0.999769   0.00202579 -0.000188876 
        52.5      7.39505     0.999769   0.00202503 -0.000187323 
        52.5      7.50667     0.999768   0.00202423  -0.00018578 
        52.5      7.61913     0.999766   0.00202337 -0.000184245 
        52.5      7.73242     0.999764   0.00202244 -0.000182717 
        52.5      7.84655     0.999761   0.00202145 -0.000181195 
        52.5      7.96152     0.999757   0.00202041  -0.00017968 
        52.5      8.07732     0.999749    0.0020193 -0.000178173 
        52.5      8.19396     0.999747   0.00201895 -0.000176551 
        52.5      8.31143     0.999744   0.00201845 -0.000174915 
        52.5      8.42974      0.99974   0.00201772  -0.00017328 
        52.5      8.54889     0.999737   0.00201679 -0.000171644 
        52.5      8.66887     0.999734    0.0020157 -0.000170003 
        52.5      8.78969     0.999733   0.00201455 -0.000168349 
        52.5      8.91135     0.999734   0.00201342  -0.00016667 
        52.5      9.03384     0.999738   0.00201248  -0.00016495 
        52.5      9.15717      0.99974   0.00201164 -0.000163354 
        52.5      9.28133     0.999743   0.00201076 -0.000161779 
        52.5      9.40633     0.999745   0.00200986 -0.000160203 
        52.5      9.53216     0.999748   0.00200894 -0.000158629 
        52.5      9.65884     0.999751   0.00200801 -0.000157054 
        52.5      9.78634     0.999754   0.00200705 -0.000155478 
        52.5      9.91469     0.999756   0.00200607 -0.000153902 
        52.5      10.0439     0.999759   0.00200508 -0.000152325 
        52.5      10.1739     0.999762   0.00200408 -0.000150748 
        52.5      10.3047     0.999764   0.00200306  -0.00014917 
        52.5      10.4364     0.999766   0.00200203 -0.000147592 
        52.5      10.5689     0.999768   0.00200099 -0.000146013 
        52.5      10.7023     0.999769   0.00199994 -0.000144435 
        52.5      10.8365      0.99977   0.00199888 -0.000142859 
        52.5      10.9715     0.999771   0.00199781 -0.000141284 
        52.5      11.1074     0.999771   0.00199673 -0.000139713 
        52.5      11.2441     0.999771   0.00199564 -0.000138145 
        52.5      11.3817      0.99977   0.00199454 -0.000136583 
        52.5        11.52     0.999768   0.00199343 -0.000135028 
        52.5      11.6592     0.999766   0.00199231 -0.000133482 
        52.5      11.7993     0.999763   0.00199118 -0.000131946 
        52.5      11.9402     0.999759   0.00199003 -0.000130424 
        52.5      12.0819     0.999754   0.00198887 -0.000128916 
        52.5      12.2245     0.999748   0.00198769 -0.000127428 
        52.5      12.3679      0.99974   0.00198653 -0.000125954 
        52.5      12.5121     0.999737   0.00198532 -0.000124479 
        52.5      12.6572     0.999736   0.00198416 -0.000122974 
        52.5      12.8031     0.999736   0.00198297  -0.00012147 
        52.5      12.9498     0.999735   0.00198176 -0.000119969 
        52.5      13.0974     0.999735   0.00198054 -0.000118472 
        52.5      13.2458     0.999735    0.0019793 -0.000116979 
        52.5       13.395     0.999735   0.00197805 -0.000115492 
        52.5      13.5451     0.999735   0.00197681 -0.000114011 
        52.5       13.696     0.999735   0.00197555 -0.000112538 
        52.5      13.8478     0.999735    0.0019743 -0.000111073 
        52.5      14.0004     0.999736   0.00197305 -0.000109616 
        52.5      14.1538     0.999736   0.00197179 -0.000108169 
        52.5      14.3081     0.999737   0.00197054 -0.000106732 
        52.5      14.4632     0.999737   0.00196928 -0.000105305 
        52.5      14.6191     0.999738   0.00196802 -0.000103888 
        52.5      14.7759     0.999738   0.00196676 -0.000102482 
        52.5      14.9335     0.999739   0.00196548 -0.000101087 
        52.5      15.0919     0.999739   0.00196421 -9.97021e-05 
        52.5      15.2512      0.99974   0.00196292 -9.83276e-05 
        52.5      15.4113      0.99974   0.00196162 -9.69631e-05 
        52.5      15.5723     0.999741   0.00196031  -9.5608e-05 
        52.5      15.7341     0.999741   0.00195898 -9.42616e-05 
        52.5      15.8967     0.999741   0.00195765 -9.29232e-05 
        52.5      16.0602     0.999742    0.0019563 -9.15916e-05 
        52.5      16.2245     0.999742   0.00195494 -9.02657e-05 
        52.5      16.3896     0.999742   0.00195358 -8.89442e-05 
        52.5      16.5556     0.999741   0.00195222 -8.76254e-05 
        52.5      16.7224     0.999741   0.00195087 -8.63076e-05 
        52.5        16.89      0.99974   0.00194953 -8.50193e-05 
        52.5      17.0585      0.99974   0.00194818 -8.37657e-05 
        52.5      17.2278     0.999739   0.00194682 -8.25166e-05 
        52.5      17.3979     0.999739   0.00194546 -8.12724e-05 
        52.5      17.5689     0.999738    0.0019441 -8.00335e-05 
        52.5      17.7408     0.999738   0.00194274 -7.88005e-05 
        52.5      17.9134     0.999738   0.00194137  -7.7574e-05 
        52.5      18.0869     0.999738      0.00194 -7.63546e-05 
        52.5      18.2612     0.999737   0.00193863 -7.51432e-05 
        52.5      18.4364     0.999737   0.00193726 -7.39404e-05 
        52.5      18.6124     0.999737   0.00193589 -7.27472e-05 
        52.5      18.7892     0.999737   0.00193452 -7.15645e-05 
        52.5      18.9669     0.999738   0.00193314 -7.03932e-05 
        52.5      19.1454     0.999738   0.00193176 -6.92345e-05 
        52.5      19.3248     0.999738   0.00193036 -6.80864e-05 
        52.5       19.505     0.999738   0.00192895 -6.69484e-05 
        52.5       19.686     0.999738   0.00192755 -6.58223e-05 
        52.5      19.8678     0.999738   0.00192614 -6.47081e-05 
        52.5      20.0505     0.999738   0.00192474 -6.36057e-05 
        52.5      20.2341     0.999738   0.00192334 -6.25151e-05 
        52.5      20.4184     0.999738   0.00192195 -6.14362e-05 
        52.5      20.6036     0.999738   0.00192055 -6.03689e-05 
        52.5      20.7897     0.999738   0.00191915 -5.93133e-05 
        52.5      20.9765     0.999739   0.00191776 -5.82691e-05 
        52.5      21.1642     0.999739   0.00191637 -5.72363e-05 
        52.5      21.3528     0.999739   0.00191498 -5.62148e-05 
        52.5      21.5422     0.999739   0.00191359 -5.52045e-05 
        52.5      21.7324     0.999739    0.0019122 -5.42053e-05 
        52.5      21.9234     0.999739   0.00191082 -5.32171e-05 
        52.5      22.1153     0.999739   0.00190943 -5.22397e-05 
        52.5       22.308      0.99974   0.00190805  -5.1273e-05 
        52.5      22.5016      0.99974   0.00190667 -5.03168e-05 
        52.5       22.696      0.99974   0.00190529  -4.9371e-05 
        52.5      22.8912      0.99974   0.00190391 -4.84354e-05 
        52.5      23.0873     0.999741   0.00190254 -4.75099e-05 
        52.5      23.2842     0.999741   0.00190117 -4.65942e-05 
        52.5       23.482     0.999741   0.00189979 -4.56882e-05 
        52.5      23.6805     0.999741   0.00189842 -4.47916e-05 
        52.5        23.88     0.999742   0.00189706 -4.39043e-05 
        52.5      24.0802     0.999742   0.00189569 -4.30261e-05 
        52.5      24.2813     0.999742   0.00189433 -4.21566e-05 
        52.5      24.4832     0.999743   0.00189297 -4.12956e-05 
        52.5       24.686     0.999743   0.00189161  -4.0443e-05 
        52.5      24.8896     0.999743   0.00189026 -3.95983e-05 
        52.5       25.094     0.999744   0.00188891 -3.87615e-05 
        52.5      25.2993     0.999744   0.00188756 -3.79321e-05 
        52.5      25.5054     0.999745   0.00188622 -3.71099e-05 
        52.5      25.7123     0.999745   0.00188489 -3.62946e-05 
        52.5      25.9201     0.999745   0.00188356 -3.54858e-05 
        52.5      26.1287     0.999746   0.00188224 -3.46895e-05 
        52.5      26.3381     0.999746   0.00188092 -3.39286e-05 
        52.5      26.5484     0.999747    0.0018796 -3.31743e-05 
        52.5      26.7595     0.999747   0.00187828 -3.24266e-05 
        52.5      26.9715     0.999748   0.00187697 -3.16856e-05 
        52.5      27.1843     0.999748   0.00187566 -3.09513e-05 
        52.5      27.3979     0.999749   0.00187436 -3.02239e-05 
        52.5      27.6124      0.99975   0.00187306 -2.95033e-05 
        52.5      27.8277      0.99975   0.00187176 -2.87897e-05 
        52.5      28.0438     0.999751   0.00187047 -2.80831e-05 
        52.5      28.2608     0.999752   0.00186919 -2.73835e-05 
        52.5      28.4786     0.999752   0.00186792 -2.66906e-05 
        52.5      28.6972     0.999753   0.00186668  -2.6002e-05 
        52.5      28.9167     0.999753   0.00186544 -2.53224e-05 
        52.5       29.137     0.999754    0.0018642 -2.46517e-05 
        52.5      29.3582     0.999755   0.00186297 -2.39896e-05 
        52.5      29.5802     0.999755   0.00186174  -2.3336e-05 
        52.5       29.803     0.999756   0.00186051 -2.26907e-05 
        52.5      30.0267     0.999757   0.00185929 -2.20536e-05 
        52.5      30.2512     0.999758   0.00185807 -2.14243e-05 
        52.5      30.4765     0.999758   0.00185686 -2.08028e-05 
        52.5      30.7027     0.999759   0.00185566 -2.01887e-05 
        52.5      30.9297      0.99976   0.00185446 -1.95818e-05 
        52.5      31.1575      0.99976   0.00185327  -1.8982e-05 
        52.5      31.3862     0.999761   0.00185209 -1.83889e-05 
        52.5      31.6157     0.999762   0.00185091 -1.78024e-05 
        52.5      31.8461     0.999763   0.00184974  -1.7222e-05 
        52.5      32.0773     0.999764   0.00184858 -1.66476e-05 
        52.5      32.3093     0.999764   0.00184742 -1.60788e-05 
        52.5      32.5421     0.999765   0.00184627 -1.55154e-05 
        52.5      32.7758     0.999766   0.00184513  -1.4957e-05 
        52.5      33.0104     0.999767     0.001844 -1.44033e-05 
        52.5      33.2457     0.999768   0.00184288 -1.38539e-05 
        52.5      33.4819     0.999769   0.00184177 -1.33086e-05 
        52.5       33.719      0.99977   0.00184066 -1.27669e-05 
        52.5      33.9568      0.99977   0.00183956 -1.22284e-05 
        52.5      34.1956     0.999771   0.00183848 -1.16929e-05 
        52.5      34.4351     0.999772    0.0018374 -1.11598e-05 
        52.5      34.6755     0.999773   0.00183633 -1.06289e-05 
        52.5      34.9167     0.999774   0.00183528 -1.00995e-05 
        52.5      35.1588     0.999775   0.00183422 -9.60702e-06 
        52.5      35.4017     0.999776   0.00183316 -9.12028e-06 
        52.5      35.6454     0.999777   0.00183212 -8.63359e-06 
        52.5      35.8899     0.999778   0.00183107  -8.1472e-06 
        52.5      36.1354     0.999779   0.00183004 -7.66137e-06 
        52.5      36.3816      0.99978   0.00182901 -7.17633e-06 
        52.5      36.6287     0.999781   0.00182799 -6.69231e-06 
        52.5      36.8766     0.999782   0.00182698 -6.20952e-06 
        52.5      37.1253     0.999782   0.00182598 -5.72816e-06 
        52.5      37.3749     0.999783   0.00182498 -5.24843e-06 
        52.5      37.6253     0.999784     0.001824  -4.7705e-06 
        52.5      37.8766     0.999785   0.00182302 -4.29454e-06 
        52.5      38.1287     0.999786   0.00182206 -3.82069e-06 
        52.5      38.3816     0.999787    0.0018211 -3.34909e-06 
        52.5      38.6353     0.999788   0.00182016 -2.87987e-06 
        52.5      38.8899     0.999789   0.00181922 -2.41312e-06 
        52.5      39.1454      0.99979   0.00181829 -1.94894e-06 
        52.5      39.4016     0.999792   0.00181737 -1.48739e-06 
        52.5      39.6588     0.999793   0.00181646 -1.02853e-06 
        52.5      39.9167     0.999794   0.00181556  -5.7239e-07 
        52.5      40.1755     0.999795   0.00181466 -1.18998e-07 
        52.5      40.4351     0.999796   0.00181378  3.31654e-07 
        52.5      40.6955     0.999797    0.0018129  7.79587e-07 
        52.5      40.9568     0.999798   0.00181202  1.22484e-06 
        52.5      41.2189     0.999799   0.00181116  1.66748e-06 
        52.5      41.4819       0.9998    0.0018103  2.10759e-06 
        52.5      41.7457     0.999801   0.00180945  2.54528e-06 
        52.5      42.0103     0.999802    0.0018086  2.98068e-06 
        52.5      42.2758     0.999803   0.00180776  3.41394e-06 
        52.5      42.5421     0.999804   0.00180692  3.84523e-06 
        52.5      42.8092     0.999806   0.00180609  4.27477e-06 
        52.5      43.0772     0.999807   0.00180527  4.70278e-06 
        52.5       43.346     0.999808   0.00180445  5.12952e-06 
        52.5      43.6157     0.999809   0.00180363  5.55526e-06 
        52.5      43.8862      0.99981   0.00180283  5.98032e-06 
        52.5      44.1575     0.999811   0.00180203  6.40505e-06 
        52.5      44.4296     0.999812   0.00180123  6.82979e-06 
        52.5      44.7026     0.999814   0.00180045  7.25496e-06 
        52.5      44.9765     0.999815   0.00179967  7.68099e-06 
        52.5      45.2511     0.999816    0.0017989  8.10833e-06 
        52.5      45.5266     0.999817   0.00179815  8.53747e-06 
        52.5       45.803     0.999818    0.0017974  8.96895e-06 
        52.5      46.0801     0.999819   0.00179667  9.40332e-06 
        52.5      46.3581      0.99982   0.00179596  9.84118e-06 
        52.5       46.637     0.999822   0.00179527  1.02832e-05 
        52.5      46.9167     0.999823   0.00179459  1.07299e-05 
        52.5      47.1972     0.999824   0.00179394  1.11822e-05 
        52.5      47.4785     0.999825   0.00179332  1.16407e-05 
        52.5      47.7607     0.999826   0.00179269  1.21074e-05 
        52.5      48.0438     0.999827   0.00179207  1.25701e-05 
        52.5      48.3276     0.999828   0.00179146  1.30272e-05 
        52.5      48.6123     0.999829   0.00179081  1.34647e-05 
        52.5      48.8979     0.999831   0.00179006  1.38653e-05 
        52.5      49.1842     0.999832   0.00178933  1.42726e-05 
        52.5      49.4714     0.999833   0.00178862  1.46864e-05 
        52.5      49.7595     0.999835   0.00178792  1.51063e-05 
        52.5      50.0484     0.999836   0.00178725  1.55321e-05 
        52.5      50.3381     0.999837   0.00178659  1.59635e-05 
        52.5      50.6286     0.999839   0.00178594  1.64003e-05 
        52.5        50.92      0.99984   0.00178531  1.68423e-05 
        52.5      51.2122     0.999841   0.00178468  1.72891e-05 
        52.5      51.5053     0.999842   0.00178408  1.77406e-05 
        52.5      51.7992     0.999843   0.00178348  1.81964e-05 
        52.5      52.0939     0.999845   0.00178289  1.86565e-05 
        52.5      52.3895     0.999846    0.0017823  1.91206e-05 
        52.5      52.6859     0.999847   0.00178173  1.95885e-05 
        52.5      52.9831     0.999848   0.00178117  2.00599e-05 
        52.5      53.2812     0.999849   0.00178061  2.05347e-05 
        52.5      53.5801     0.999851   0.00178005  2.10127e-05 
        52.5      53.8799     0.999852   0.00177951  2.14938e-05 
        52.5      54.1805     0.999853   0.00177897  2.19777e-05 
        52.5      54.4819     0.999854   0.00177843  2.24644e-05 
        52.5      54.7841     0.999855    0.0017779  2.29537e-05 
        52.5      55.0872     0.999856   0.00177737  2.34454e-05 
        52.5      55.3912     0.999858   0.00177685  2.39394e-05 
        52.5      55.6959     0.999859   0.00177633  2.44357e-05 
        52.5      56.0015      0.99986   0.00177581  2.49341e-05 
        52.5       56.308     0.999861    0.0017753  2.54346e-05 
        52.5      56.6152     0.999862    0.0017748   2.5937e-05 
        52.5      56.9233     0.999864   0.00177429  2.64414e-05 
        52.5      57.2323     0.999865   0.00177379  2.69476e-05 
        52.5      57.5421     0.999866    0.0017733  2.74557e-05 
        52.5      57.8527     0.999867   0.00177281  2.79655e-05 
        52.5      58.1641     0.999868   0.00177232  2.84772e-05 
        52.5      58.4764      0.99987   0.00177184  2.89907e-05 
        52.5      58.7896     0.999871   0.00177136  2.95061e-05 
        52.5      59.1035     0.999872   0.00177088  3.00233e-05 
        52.5      59.4183     0.999873   0.00177042  3.05425e-05 
        52.5      59.7339     0.999874   0.00176995  3.10637e-05 
        52.5      60.0504     0.999876   0.00176949   3.1587e-05 
        52.5      60.3677     0.999877   0.00176904  3.21126e-05 
        52.5      60.6859     0.999878   0.00176859  3.26404e-05 
        52.5      61.0048     0.999879   0.00176815  3.31708e-05 
        52.5      61.3247     0.999881   0.00176772  3.37037e-05 
        52.5      61.6453     0.999882   0.00176729  3.42395e-05 
        52.5      61.9668     0.999883   0.00176686  3.47783e-05 
        52.5      62.2891     0.999884   0.00176644  3.53204e-05 
        52.5      62.6123     0.999885   0.00176603  3.58659e-05 
        52.5      62.9363     0.999887   0.00176563  3.64152e-05 
        52.5      63.2611     0.999888   0.00176523  3.69684e-05 
        52.5      63.5868     0.999889   0.00176484   3.7526e-05 
        52.5      63.9133      0.99989   0.00176445  3.80882e-05 
        52.5      64.2406     0.999892   0.00176407  3.86555e-05 
        52.5      64.5688     0.999893    0.0017637   3.9228e-05 
        52.5      64.8978     0.999894   0.00176333  3.98063e-05 
        52.5      65.2277     0.999895   0.00176296  4.03908e-05 
        52.5      65.5583     0.999897    0.0017626  4.09819e-05 
        52.5      65.8899     0.999898   0.00176224    4.158e-05 
        52.5      66.2222     0.999899   0.00176188  4.21857e-05 
        52.5      66.5554     0.999901   0.00176153  4.27995e-05 
        52.5      66.8894     0.999902   0.00176117  4.34219e-05 
        52.5      67.2243     0.999904   0.00176081  4.40536e-05 
        52.5        67.56     0.999905   0.00176046   4.4695e-05 
        52.5      67.8966     0.999907   0.00176009  4.53468e-05 
        52.5      68.2339     0.999908   0.00175969  4.59803e-05 
        52.5      68.5721      0.99991    0.0017592  4.65513e-05 
        52.5      68.9112     0.999912   0.00175872  4.71373e-05 
        52.5      69.2511     0.999913   0.00175824  4.77401e-05 
        52.5      69.5918     0.999915   0.00175778  4.83614e-05 
        52.5      69.9333     0.999917   0.00175732  4.90032e-05 
        52.5      70.2757     0.999918   0.00175695  4.97206e-05 
        52.5      70.6189     0.999919   0.00175661  5.04657e-05 
        52.5       70.963     0.999919   0.00175626  5.12159e-05 
        52.5      71.3079      0.99992   0.00175591  5.19702e-05 
        52.5      71.6536     0.999921   0.00175556  5.27277e-05 
        52.5      72.0002     0.999922    0.0017552  5.34872e-05 
        52.5      72.3476     0.999923   0.00175486  5.41997e-05 
        52.5      72.6959     0.999923   0.00175456  5.48431e-05 
        52.5      73.0449     0.999924   0.00175426  5.54923e-05 
        52.5      73.3949     0.999925   0.00175398  5.61472e-05 
        52.5      73.7456     0.999926    0.0017537  5.68078e-05 
        52.5      74.0972     0.999927   0.00175343  5.74739e-05 
        52.5      74.4496     0.999927   0.00175316  5.81457e-05 
        52.5      74.8029     0.999928    0.0017529  5.88229e-05 
        52.5       75.157     0.999929   0.00175264  5.95056e-05 
        52.5      75.5119      0.99993   0.00175238  6.01937e-05 
        52.5      75.8677     0.999931   0.00175213  6.08872e-05 
        52.5      76.2243     0.999932   0.00175188  6.15859e-05 
        52.5      76.5817     0.999933   0.00175163  6.22898e-05 
        52.5        76.94     0.999934   0.00175138  6.29989e-05 
        52.5      77.2991     0.999935   0.00175113  6.37132e-05 
        52.5      77.6591     0.999937   0.00175088  6.44324e-05 
        52.5      78.0198     0.999938   0.00175062  6.51567e-05 
        52.5      78.3815     0.999939   0.00175037   6.5886e-05 
        52.5      78.7439      0.99994   0.00175011  6.66201e-05 
        52.5      79.1072     0.999941   0.00174985  6.73591e-05 
        52.5      79.4714     0.999943   0.00174958  6.81029e-05 
        52.5      79.8363     0.999944   0.00174931  6.88514e-05 
        52.5      80.2021     0.999945   0.00174904  6.96046e-05 
        52.5      80.5688     0.999947   0.00174877  7.03624e-05 
        52.5      80.9362     0.999948   0.00174849  7.11248e-05 
        52.5      81.3045     0.999949   0.00174821  7.18917e-05 
        52.5      81.6737     0.999951   0.00174792   7.2663e-05 
        52.5      82.0437     0.999952   0.00174763  7.34388e-05 
        52.5      82.4145     0.999954   0.00174734   7.4219e-05 
        52.5      82.7861     0.999955   0.00174704  7.50034e-05 
        52.5      83.1586     0.999957   0.00174673  7.57922e-05 
        52.5       83.532     0.999958   0.00174643  7.65851e-05 
        52.5      83.9061      0.99996   0.00174612  7.73822e-05 
        52.5      84.2811     0.999961   0.00174581  7.81834e-05 
        52.5       84.657     0.999963   0.00174549  7.89887e-05 
        52.5      85.0336     0.999964   0.00174517   7.9798e-05 
        52.5      85.4111     0.999966   0.00174485  8.06113e-05 
        52.5      85.7895     0.999967   0.00174453  8.14285e-05 
        52.5      86.1687     0.999969   0.00174421  8.22495e-05 
        52.5      86.5487      0.99997   0.00174388  8.30744e-05 
        52.5      86.9295     0.999972   0.00174355  8.39031e-05 
        52.5      87.3112     0.999973   0.00174322  8.47355e-05 
        52.5      87.6937     0.999975   0.00174289  8.55717e-05 
        52.5      88.0771     0.999977   0.00174256  8.64115e-05 
        52.5      88.4613     0.999978   0.00174224  8.72549e-05 
        52.5      88.8463      0.99998   0.00174191  8.81018e-05 
        52.5      89.2322     0.999981   0.00174158  8.89524e-05 
        52.5      89.6189     0.999983   0.00174125  8.98064e-05 
        52.5      90.0064     0.999984   0.00174093  9.06639e-05 
        52.5      90.3948     0.999986   0.00174061  9.15248e-05 
        52.5       90.784     0.999987   0.00174029  9.23891e-05 
        52.5      91.1741     0.999989   0.00173997  9.32567e-05 
        52.5       91.565      0.99999   0.00173966  9.41277e-05 
        52.5      91.9567     0.999991   0.00173935  9.50019e-05 
        52.5      92.3492     0.999993   0.00173905  9.58794e-05 
        52.5      92.7426     0.999994   0.00173875  9.67602e-05 
        52.5      93.1369     0.999996   0.00173845  9.76441e-05 
        52.5      93.5319     0.999997   0.00173816  9.85313e-05 
        52.5      93.9278     0.999998   0.00173787  9.94215e-05 
        52.5      94.3246     0.999999   0.00173759  0.000100315 
        52.5      94.7221            1   0.00173731  0.000101211 
        52.5      95.1206            1   0.00173703  0.000102111 
        52.5      95.5198            1   0.00173677  0.000103014 
        52.5      95.9199            1    0.0017365  0.000103919 
        52.5      96.3208            1   0.00173624  0.000104828 
        52.5      96.7226      1.00001   0.00173598   0.00010574 
        52.5      97.1251      1.00001   0.00173573  0.000106654 
        52.5      97.5286      1.00001   0.00173548  0.000107572 
        52.5      97.9328      1.00001   0.00173524  0.000108492 
        52.5      98.3379      1.00001   0.00173499  0.000109416 
        52.5      98.7439      1.00001   0.00173475  0.000110343 
        52.5      99.1506      1.00001   0.00173451  0.000111272 
        52.5      99.5583      1.00001   0.00173427  0.000112204 
        52.5      99.9667      1.00001   0.00173403   0.00011314 
        52.5      100.376      1.00001   0.00173378  0.000114078 
        52.5      100.786      1.00001   0.00173353  0.000115019 
        52.5      101.197      1.00001   0.00173328  0.000115963 
        52.5      101.609      1.00001   0.00173302   0.00011691 
        52.5      102.021      1.00001   0.00173275   0.00011786 
        52.5      102.435      1.00001   0.00173247  0.000118813 
        52.5      102.849      1.00001   0.00173218  0.000119769 
        52.5      103.264      1.00001   0.00173187  0.000120728 
        52.5       103.68      1.00001   0.00173155   0.00012169 
        52.5      104.097      1.00001   0.00173112  0.000122804 
        52.5      104.515      1.00001   0.00173069  0.000123935 
        52.5      104.933      1.00001   0.00173027  0.000125062 
        52.5      105.353      1.00001   0.00172987  0.000126184 
        52.5      105.773      1.00001   0.00172949  0.000127301 
        52.5      106.194      1.00002   0.00172912  0.000128414 
        52.5      106.616      1.00002   0.00172877  0.000129524 
        52.5      107.038      1.00002   0.00172843  0.000130629 
        52.5      107.462      1.00002   0.00172811   0.00013173 
        52.5      107.886      1.00002    0.0017278  0.000132829 
        52.5      108.311      1.00002    0.0017275  0.000133923 
        52.5      108.737      1.00002    0.0017272  0.000135015 
        52.5      109.164      1.00002   0.00172692  0.000136104 
        52.5      109.592      1.00002   0.00172665   0.00013719 
        52.5       110.02      1.00003   0.00172638  0.000138275 
        52.5       110.45      1.00003   0.00172612  0.000139357 
        52.5       110.88      1.00003   0.00172587  0.000140437 
        52.5      111.311      1.00003   0.00172561  0.000141517 
        52.5      111.743      1.00003   0.00172536  0.000142595 
        52.5      112.175      1.00003   0.00172512  0.000143673 
        52.5      112.609      1.00004   0.00172487  0.000144751 
        52.5      113.043      1.00004   0.00172462  0.000145829 
        52.5      113.478      1.00004   0.00172437  0.000146907 
        52.5      113.914      1.00004   0.00172411  0.000147987 
        52.5      114.351      1.00004   0.00172385  0.000149069 
        52.5      114.789      1.00005   0.00172358  0.000150152 
        52.5      115.228      1.00005    0.0017233  0.000151238 
        52.5      115.667      1.00005   0.00172301  0.000152327 
        52.5      116.107      1.00005   0.00172272   0.00015342 
        52.5      116.548      1.00005    0.0017224  0.000154517 
        52.5       116.99      1.00006   0.00172208  0.000155619 
        52.5      117.433      1.00006   0.00172173  0.000156727 
        52.5      117.876      1.00006   0.00172137   0.00015784 
        52.5      118.321      1.00006   0.00172099   0.00015896 
        52.5      118.766      1.00007   0.00172058  0.000160088 
        52.5      119.212      1.00007   0.00172016  0.000161224 
        52.5      119.659      1.00007    0.0017197  0.000162369 
        52.5      120.107      1.00007   0.00171922  0.000163523 
        52.5      120.555      1.00008   0.00171872  0.000164688 
        52.5      121.005      1.00008   0.00171818  0.000165864 
        52.5      121.455      1.00008    0.0017176  0.000167052 
        52.5      121.906      1.00008   0.00171709  0.000168245 
        52.5      122.358      1.00009   0.00171676  0.000169422 
        52.5      122.811      1.00009   0.00171642  0.000170593 
        52.5      123.264      1.00009   0.00171609  0.000171759 
        52.5      123.719      1.00009   0.00171574  0.000172919 
        52.5      124.174       1.0001    0.0017154  0.000174075 
        52.5       124.63       1.0001   0.00171505  0.000175225 
        52.5      125.087       1.0001   0.00171469  0.000176372 
        52.5      125.545       1.0001   0.00171432  0.000177514 
        52.5      126.003      1.00011   0.00171396  0.000178652 
        52.5      126.463      1.00011   0.00171358  0.000179787 
        52.5      126.923      1.00011    0.0017132  0.000180918 
        52.5      127.384      1.00011   0.00171281  0.000182047 
        52.5      127.846      1.00011   0.00171242  0.000183174 
        52.5      128.309      1.00012   0.00171202  0.000184298 
        52.5      128.773      1.00012   0.00171161  0.000185421 
        52.5      129.237      1.00012   0.00171119  0.000186543 
        52.5      129.702      1.00012   0.00171077  0.000187664 
        52.5      130.169      1.00012   0.00171034  0.000188785 
        52.5      130.636      1.00012    0.0017099  0.000189905 
        52.5      131.103      1.00013   0.00170946  0.000191026 
        52.5      131.572      1.00013   0.00170901  0.000192148 
        52.5      132.041      1.00013   0.00170855  0.000193271 
        52.5      132.512      1.00013   0.00170809  0.000194395 
        52.5      132.983      1.00013   0.00170762  0.000195522 
        52.5      133.455      1.00013   0.00170714  0.000196652 
        52.5      133.928      1.00013   0.00170666  0.000197784 
        52.5      134.401      1.00013   0.00170617  0.000198921 
        52.5      134.876      1.00013   0.00170568  0.000200061 
        52.5      135.351      1.00013   0.00170518  0.000201206 
        52.5      135.827      1.00013   0.00170468  0.000202356 
        52.5      136.304      1.00013   0.00170417  0.000203512 
        52.5      136.782      1.00013   0.00170367  0.000204673 
        52.5      137.261      1.00013   0.00170316  0.000205842 
        52.5       137.74      1.00013   0.00170265  0.000207018 
        52.5      138.221      1.00013   0.00170214  0.000208201 
        52.5      138.702      1.00013   0.00170163  0.000209393 
        52.5      139.184      1.00013   0.00170112  0.000210594 
        52.5      139.667      1.00013   0.00170061  0.000211805 
        52.5      140.151      1.00012   0.00170011  0.000213026 
        52.5      140.635      1.00012   0.00169962  0.000214257 
        52.5       141.12      1.00012   0.00169913    0.0002155 
        52.5      141.607      1.00012   0.00169865  0.000216755 
        52.5      142.094      1.00011   0.00169817  0.000218023 
        52.5      142.582      1.00011   0.00169771  0.000219304 
        52.5       143.07      1.00011   0.00169726  0.000220599 
        52.5       143.56       1.0001   0.00169683  0.000221908 
        52.5       144.05       1.0001   0.00169641  0.000223234 
        52.5      144.541      1.00009   0.00169601  0.000224575 
        52.5      145.033      1.00009   0.00169563  0.000225933 
        52.5      145.526      1.00008   0.00169527  0.000227308 
        52.5       146.02      1.00007   0.00169494  0.000228702 
        52.5      146.515      1.00007   0.00169463  0.000230115 
        52.5       147.01      1.00006   0.00169435  0.000231547 
        52.5      147.506      1.00005   0.00169411  0.000233001 
        52.5      148.003      1.00004    0.0016939  0.000234475 
        52.5      148.501      1.00003   0.00169372  0.000235972 
        52.5          149      1.00002   0.00169359  0.000237491 
        52.5        149.5      1.00001    0.0016935  0.000239034 
        52.5          150            1   0.00169346  0.000240602 
