Variables = x, y, u, v, p

Zone, I=600, F=POINT
       959.5            0           -0           -0 -4.83183e-05 
       959.5     0.000418  0.000112079 -2.62508e-11 -4.83182e-05 
       959.5     0.001672  0.000448314   7.5959e-13 -4.83178e-05 
       959.5     0.003763   0.00100897   3.9907e-10 -4.83172e-05 
       959.5     0.006689   0.00179352  1.69943e-09 -4.83163e-05 
       959.5     0.010451   0.00280223  4.64831e-09  -4.8315e-05 
       959.5      0.01505   0.00403536  1.02115e-08 -4.83135e-05 
       959.5     0.020485   0.00549265  1.95739e-08 -4.83115e-05 
       959.5     0.026756   0.00717409  3.41446e-08 -4.83092e-05 
       959.5     0.033863   0.00907968  5.55587e-08 -4.83065e-05 
       959.5     0.041806    0.0112094  8.56793e-08 -4.83034e-05 
       959.5     0.050585    0.0135633  1.26598e-07    -4.83e-05 
       959.5     0.060201    0.0161416  1.80641e-07 -4.82963e-05 
       959.5     0.070652    0.0189438  2.50343e-07 -4.82924e-05 
       959.5      0.08194    0.0219704  3.38487e-07 -4.82885e-05 
       959.5     0.094063    0.0252208  4.48047e-07 -4.82846e-05 
       959.5     0.107023    0.0286956  5.82244e-07 -4.82808e-05 
       959.5     0.120819    0.0323944  7.44488e-07 -4.82773e-05 
       959.5     0.135451    0.0363174  9.38402e-07  -4.8274e-05 
       959.5     0.150919    0.0404644  1.16782e-06 -4.82708e-05 
       959.5     0.167224    0.0448357  1.43683e-06 -4.82677e-05 
       959.5     0.184364    0.0494308  1.74967e-06  -4.8264e-05 
       959.5     0.202341    0.0542501  2.11094e-06 -4.82591e-05 
       959.5     0.221153     0.059293  2.52548e-06 -4.82519e-05 
       959.5     0.240802    0.0645601  2.99858e-06 -4.82408e-05 
       959.5     0.261287    0.0700509  3.53211e-06 -4.82268e-05 
       959.5     0.282608    0.0757655  4.13389e-06  -4.8219e-05 
       959.5     0.304765    0.0817037  4.81205e-06 -4.82167e-05 
       959.5     0.327758    0.0878655  5.57122e-06 -4.82185e-05 
       959.5     0.351588    0.0942508  6.41644e-06 -4.82225e-05 
       959.5     0.376253     0.100859  7.35309e-06 -4.82269e-05 
       959.5     0.401755      0.10769  8.38719e-06 -4.82301e-05 
       959.5     0.428092     0.114744  9.52517e-06 -4.82306e-05 
       959.5     0.455266      0.12202  1.07741e-05  -4.8227e-05 
       959.5     0.483276     0.129518  1.21416e-05 -4.82188e-05 
       959.5     0.512122     0.137237  1.36355e-05 -4.82059e-05 
       959.5     0.541805     0.145177  1.52641e-05 -4.81894e-05 
       959.5     0.572323     0.153338  1.70355e-05 -4.81714e-05 
       959.5     0.603677     0.161718  1.89576e-05 -4.81557e-05 
       959.5     0.635868     0.170318  2.10375e-05 -4.81479e-05 
       959.5     0.668894     0.179137  2.32806e-05 -4.81557e-05 
       959.5     0.702757     0.188173  2.56904e-05 -4.81897e-05 
       959.5     0.737456     0.197426   2.8267e-05 -4.82633e-05 
       959.5     0.772991     0.206894  3.10385e-05 -4.82298e-05 
       959.5     0.809362     0.216576    3.404e-05 -4.81558e-05 
       959.5      0.84657     0.226471  3.72642e-05 -4.81222e-05 
       959.5     0.884613     0.236578  4.07109e-05 -4.81217e-05 
       959.5     0.923492     0.246894  4.43817e-05 -4.81467e-05 
       959.5     0.963208     0.257417  4.82803e-05 -4.81895e-05 
       959.5      1.00376     0.268144  5.24119e-05 -4.82424e-05 
       959.5      1.04515     0.279072  5.67841e-05 -4.82982e-05 
       959.5      1.08737     0.290198  6.14063e-05   -4.835e-05 
       959.5      1.13043      0.30152  6.62901e-05 -4.83917e-05 
       959.5      1.17433     0.313033   7.1449e-05 -4.84182e-05 
       959.5      1.21906     0.324733  7.68978e-05 -4.84257e-05 
       959.5      1.26463     0.336617  8.26526e-05 -4.84123e-05 
       959.5      1.31103      0.34868  8.87295e-05 -4.83777e-05 
       959.5      1.35827     0.360917  9.51445e-05 -4.83245e-05 
       959.5      1.40635     0.373323  0.000101912 -4.82577e-05 
       959.5      1.45526     0.385893  0.000109044 -4.81859e-05 
       959.5      1.50501     0.398621  0.000116546 -4.81213e-05 
       959.5       1.5556     0.411501   0.00012442 -4.80807e-05 
       959.5      1.60702     0.424526  0.000132659 -4.80855e-05 
       959.5      1.65928      0.43769  0.000141241 -4.81628e-05 
       959.5      1.71237     0.450985  0.000150135 -4.83457e-05 
       959.5       1.7663     0.464411  0.000159484 -4.84958e-05 
       959.5      1.82106     0.477961  0.000169488  -4.8286e-05 
       959.5      1.87667     0.491604  0.000179695 -4.80731e-05 
       959.5      1.93311     0.505332  0.000190123 -4.78614e-05 
       959.5      1.99038     0.519134  0.000200789 -4.76549e-05 
       959.5      2.04849     0.532998   0.00021171 -4.74574e-05 
       959.5      2.10744     0.546914  0.000222899 -4.72725e-05 
       959.5      2.16722     0.560869  0.000234368 -4.71037e-05 
       959.5      2.22784     0.574852  0.000246127 -4.69538e-05 
       959.5      2.28929     0.588849  0.000258183 -4.68253e-05 
       959.5      2.35158     0.602846  0.000270543 -4.67201e-05 
       959.5      2.41471      0.61683  0.000283209 -4.66396e-05 
       959.5      2.47867     0.630785  0.000296183 -4.65842e-05 
       959.5      2.54347     0.644696  0.000309464 -4.65538e-05 
       959.5      2.60911     0.658546  0.000323048 -4.65472e-05 
       959.5      2.67558      0.67232  0.000336932 -4.65621e-05 
       959.5      2.74288     0.685998  0.000351109  -4.6595e-05 
       959.5      2.81103     0.699564  0.000365571 -4.66413e-05 
       959.5      2.88001     0.712998  0.000380311 -4.66948e-05 
       959.5      2.94983      0.72628  0.000395319 -4.67478e-05 
       959.5      3.02048      0.73939  0.000410588 -4.67908e-05 
       959.5      3.09197     0.752306   0.00042611 -4.68125e-05 
       959.5      3.16429     0.765006  0.000441879 -4.67995e-05 
       959.5      3.23745     0.777468  0.000457893 -4.67364e-05 
       959.5      3.31145     0.789667  0.000474153  -4.6605e-05 
       959.5      3.38628     0.801578  0.000490663 -4.63848e-05 
       959.5      3.46195     0.813177  0.000507437 -4.60527e-05 
       959.5      3.53845     0.824436  0.000524494 -4.55822e-05 
       959.5      3.61579     0.835327  0.000541863 -4.49438e-05 
       959.5      3.69397     0.845823  0.000559585 -4.41048e-05 
       959.5      3.77298     0.855445  0.000577815 -4.33817e-05 
       959.5      3.85283     0.863668  0.000595838 -4.34551e-05 
       959.5      3.93352     0.871669   0.00061293 -4.35624e-05 
       959.5      4.01504     0.879446  0.000629119  -4.3701e-05 
       959.5       4.0974     0.886994  0.000644432 -4.38681e-05 
       959.5      4.18059      0.89431    0.0006589 -4.40611e-05 
       959.5      4.26462     0.901391  0.000672552 -4.42769e-05 
       959.5      4.34949     0.908235  0.000685419 -4.45125e-05 
       959.5      4.43519     0.914839  0.000697532 -4.47651e-05 
       959.5      4.52173     0.921201  0.000708924 -4.50314e-05 
       959.5       4.6091      0.92732  0.000719625 -4.53084e-05 
       959.5      4.69731     0.933193  0.000729669 -4.55929e-05 
       959.5      4.78636      0.93882  0.000739088 -4.58817e-05 
       959.5      4.87624     0.944201  0.000747914 -4.61716e-05 
       959.5      4.96696     0.949333   0.00075618 -4.64593e-05 
       959.5      5.05851     0.954218  0.000763917 -4.67418e-05 
       959.5       5.1509     0.958855  0.000771157 -4.70158e-05 
       959.5      5.24413     0.963246  0.000777931 -4.72783e-05 
       959.5       5.3382      0.96739  0.000784268 -4.75261e-05 
       959.5      5.43309      0.97129  0.000790199 -4.77562e-05 
       959.5      5.52883     0.974946  0.000795752 -4.79658e-05 
       959.5       5.6254     0.978362  0.000800954  -4.8152e-05 
       959.5      5.72281     0.981539  0.000805832 -4.83122e-05 
       959.5      5.82105     0.984481   0.00081041 -4.84437e-05 
       959.5      5.92013      0.98719  0.000814712 -4.85443e-05 
       959.5      6.02005     0.989671   0.00081876 -4.86116e-05 
       959.5       6.1208     0.991928  0.000822574 -4.86437e-05 
       959.5      6.22239     0.993965  0.000826174 -4.86388e-05 
       959.5      6.32482     0.995788  0.000829575 -4.85954e-05 
       959.5      6.42808     0.997401  0.000832794 -4.85121e-05 
       959.5      6.53217     0.998812  0.000835843 -4.83881e-05 
       959.5      6.63711      1.00003  0.000838733 -4.82225e-05 
       959.5      6.74287      1.00105  0.000841473 -4.80152e-05 
       959.5      6.84948       1.0019  0.000844071 -4.77661e-05 
       959.5      6.95692      1.00257  0.000846531 -4.74757e-05 
       959.5       7.0652      1.00307  0.000848856 -4.71449e-05 
       959.5      7.17431      1.00342  0.000851047 -4.67751e-05 
       959.5      7.28426      1.00363  0.000853101  -4.6368e-05 
       959.5      7.39505       1.0037  0.000855016  -4.5926e-05 
       959.5      7.50667      1.00364  0.000856785 -4.54521e-05 
       959.5      7.61913      1.00347  0.000858401 -4.49497e-05 
       959.5      7.73242       1.0032  0.000859855  -4.4423e-05 
       959.5      7.84655      1.00284  0.000861135 -4.38767e-05 
       959.5      7.96152      1.00241  0.000862228 -4.33164e-05 
       959.5      8.07732      1.00192   0.00086312 -4.27483e-05 
       959.5      8.19396      1.00138  0.000863795 -4.21794e-05 
       959.5      8.31143       1.0008  0.000864236 -4.16176e-05 
       959.5      8.42974      1.00022  0.000864426 -4.10715e-05 
       959.5      8.54889     0.999625  0.000863232 -4.09706e-05 
       959.5      8.66887     0.999053  0.000861589 -4.10698e-05 
       959.5      8.78969     0.998521  0.000860314  -4.1108e-05 
       959.5      8.91135     0.998048  0.000859604 -4.10448e-05 
       959.5      9.03384     0.997655  0.000859674 -4.08371e-05 
       959.5      9.15717     0.997362  0.000860762 -4.04385e-05 
       959.5      9.28133     0.997192  0.000863131 -3.97998e-05 
       959.5      9.40633     0.997166  0.000867063 -3.88685e-05 
       959.5      9.53216     0.997273   0.00086855 -3.99331e-05 
       959.5      9.65884     0.997391  0.000866591 -4.25474e-05 
       959.5      9.78634     0.997507  0.000864332 -4.47545e-05 
       959.5      9.91469     0.997623  0.000861878   -4.656e-05 
       959.5      10.0439     0.997737  0.000859329 -4.79691e-05 
       959.5      10.1739     0.997851  0.000856782 -4.89856e-05 
       959.5      10.3047     0.997964  0.000854327 -4.96126e-05 
       959.5      10.4364     0.998076   0.00085215 -4.98287e-05 
       959.5      10.5689     0.998191  0.000850861 -4.97055e-05 
       959.5      10.7023     0.998304   0.00084972 -4.95707e-05 
       959.5      10.8365     0.998415  0.000848737 -4.94232e-05 
       959.5      10.9715     0.998522  0.000847916  -4.9262e-05 
       959.5      11.1074     0.998628  0.000847264 -4.90863e-05 
       959.5      11.2441      0.99873  0.000846784 -4.88955e-05 
       959.5      11.3817     0.998829  0.000846477 -4.86891e-05 
       959.5        11.52     0.998926  0.000846344  -4.8467e-05 
       959.5      11.6592     0.999019  0.000846382 -4.82289e-05 
       959.5      11.7993     0.999109  0.000846588 -4.79752e-05 
       959.5      11.9402     0.999195  0.000846956 -4.77062e-05 
       959.5      12.0819     0.999278  0.000847479 -4.74226e-05 
       959.5      12.2245     0.999357  0.000848148 -4.71251e-05 
       959.5      12.3679     0.999432  0.000848951 -4.68151e-05 
       959.5      12.5121     0.999503  0.000849876 -4.64938e-05 
       959.5      12.6572      0.99957  0.000850907 -4.61631e-05 
       959.5      12.8031     0.999632  0.000852029  -4.5825e-05 
       959.5      12.9498     0.999691  0.000853222 -4.54819e-05 
       959.5      13.0974     0.999745  0.000854466 -4.51365e-05 
       959.5      13.2458     0.999794   0.00085574 -4.47919e-05 
       959.5       13.395     0.999838  0.000857019 -4.44515e-05 
       959.5      13.5451     0.999878  0.000858279 -4.41191e-05 
       959.5       13.696     0.999912  0.000859491 -4.37991e-05 
       959.5      13.8478     0.999942  0.000860627  -4.3496e-05 
       959.5      14.0004     0.999966  0.000861658 -4.32151e-05 
       959.5      14.1538     0.999986  0.000862551 -4.29619e-05 
       959.5      14.3081     0.999999  0.000863274 -4.27425e-05 
       959.5      14.4632      1.00001  0.000863793 -4.25635e-05 
       959.5      14.6191      1.00001  0.000864073 -4.24318e-05 
       959.5      14.7759      1.00001  0.000864076 -4.23553e-05 
       959.5      14.9335            1  0.000863767  -4.2342e-05 
       959.5      15.0919     0.999987  0.000863108 -4.24007e-05 
       959.5      15.2512     0.999968   0.00086206 -4.25408e-05 
       959.5      15.4113     0.999943  0.000860585 -4.27723e-05 
       959.5      15.5723     0.999912  0.000858644 -4.31059e-05 
       959.5      15.7341     0.999877  0.000856198 -4.35529e-05 
       959.5      15.8967     0.999835  0.000853209 -4.41253e-05 
       959.5      16.0602     0.999789  0.000849638 -4.48358e-05 
       959.5      16.2245     0.999737  0.000845447 -4.56978e-05 
       959.5      16.3896     0.999679  0.000840601 -4.67257e-05 
       959.5      16.5556      0.99963  0.000836351 -4.73637e-05 
       959.5      16.7224     0.999659  0.000840351 -4.44576e-05 
       959.5        16.89     0.999686  0.000844005 -4.19787e-05 
       959.5      17.0585     0.999709  0.000847313 -3.98984e-05 
       959.5      17.2278      0.99973  0.000850274 -3.81885e-05 
       959.5      17.3979     0.999748  0.000852892  -3.6821e-05 
       959.5      17.5689     0.999763   0.00085517 -3.57682e-05 
       959.5      17.7408     0.999777  0.000857115 -3.50028e-05 
       959.5      17.9134     0.999788  0.000858735  -3.4498e-05 
       959.5      18.0869     0.999797  0.000860042 -3.42274e-05 
       959.5      18.2612     0.999804  0.000861047 -3.41652e-05 
       959.5      18.4364     0.999809  0.000861763 -3.42862e-05 
       959.5      18.6124     0.999813  0.000862207 -3.45657e-05 
       959.5      18.7892     0.999816  0.000862396 -3.49801e-05 
       959.5      18.9669     0.999817  0.000862348  -3.5506e-05 
       959.5      19.1454     0.999817  0.000862084 -3.61215e-05 
       959.5      19.3248     0.999816  0.000861624  -3.6805e-05 
       959.5       19.505     0.999814  0.000860992 -3.75362e-05 
       959.5       19.686     0.999811   0.00086021 -3.82959e-05 
       959.5      19.8678     0.999808  0.000859303 -3.90657e-05 
       959.5      20.0505     0.999804  0.000858296 -3.98287e-05 
       959.5      20.2341     0.999799  0.000857215 -4.05691e-05 
       959.5      20.4184     0.999793  0.000856084 -4.12724e-05 
       959.5      20.6036     0.999788   0.00085493 -4.19255e-05 
       959.5      20.7897     0.999782  0.000853779 -4.25168e-05 
       959.5      20.9765     0.999776  0.000852656 -4.30363e-05 
       959.5      21.1642     0.999769  0.000851586 -4.34756e-05 
       959.5      21.3528     0.999763  0.000850593  -4.3828e-05 
       959.5      21.5422     0.999756  0.000849699 -4.40886e-05 
       959.5      21.7324     0.999749  0.000848927 -4.42544e-05 
       959.5      21.9234     0.999743  0.000848296 -4.43242e-05 
       959.5      22.1153     0.999736  0.000847824 -4.42992e-05 
       959.5       22.308      0.99973  0.000847526 -4.41825e-05 
       959.5      22.5016     0.999724  0.000847415 -4.39796e-05 
       959.5       22.696     0.999718  0.000847501  -4.3698e-05 
       959.5      22.8912     0.999712  0.000847789 -4.33481e-05 
       959.5      23.0873     0.999707  0.000848282 -4.29425e-05 
       959.5      23.2842     0.999702  0.000848978 -4.24965e-05 
       959.5       23.482     0.999697   0.00084987 -4.20282e-05 
       959.5      23.6805     0.999693  0.000850946 -4.15584e-05 
       959.5        23.88     0.999689  0.000852188 -4.11111e-05 
       959.5      24.0802     0.999686  0.000853571  -4.0713e-05 
       959.5      24.2813     0.999684  0.000855066 -4.03942e-05 
       959.5      24.4832     0.999683  0.000856633 -4.01879e-05 
       959.5       24.686     0.999682  0.000858226 -4.01309e-05 
       959.5      24.8896     0.999682  0.000859792 -4.02632e-05 
       959.5       25.094     0.999684  0.000861265 -4.06287e-05 
       959.5      25.2993     0.999686  0.000862573 -4.12747e-05 
       959.5      25.5054     0.999689   0.00086352 -4.21076e-05 
       959.5      25.7123     0.999688  0.000862942 -4.14304e-05 
       959.5      25.9201     0.999689  0.000861857 -4.03914e-05 
       959.5      26.1287     0.999692  0.000860234 -3.90166e-05 
       959.5      26.3381     0.999696  0.000858038 -3.73342e-05 
       959.5      26.5484     0.999703  0.000855767 -3.55124e-05 
       959.5      26.7595     0.999705   0.00085774 -3.48867e-05 
       959.5      26.9715     0.999708  0.000859549 -3.44973e-05 
       959.5      27.1843      0.99971  0.000861011 -3.43305e-05 
       959.5      27.3979     0.999712  0.000860335 -3.41975e-05 
       959.5      27.6124     0.999714  0.000859738 -3.40701e-05 
       959.5      27.8277     0.999716  0.000859213 -3.39478e-05 
       959.5      28.0438     0.999719  0.000858754 -3.38296e-05 
       959.5      28.2608     0.999722  0.000858356  -3.3715e-05 
       959.5      28.4786     0.999725  0.000858011 -3.36032e-05 
       959.5      28.6972     0.999728  0.000857716 -3.34936e-05 
       959.5      28.9167     0.999732  0.000857464 -3.33856e-05 
       959.5       29.137     0.999735  0.000857252 -3.32785e-05 
       959.5      29.3582     0.999738  0.000857073 -3.31717e-05 
       959.5      29.5802     0.999742  0.000856925 -3.30647e-05 
       959.5       29.803     0.999745  0.000856803 -3.29568e-05 
       959.5      30.0267     0.999749  0.000856703 -3.28477e-05 
       959.5      30.2512     0.999752  0.000856623 -3.27369e-05 
       959.5      30.4765     0.999756  0.000856558 -3.26237e-05 
       959.5      30.7027     0.999759  0.000856507  -3.2508e-05 
       959.5      30.9297     0.999762  0.000856466 -3.23891e-05 
       959.5      31.1575     0.999766  0.000856434 -3.22669e-05 
       959.5      31.3862     0.999769  0.000856408 -3.21409e-05 
       959.5      31.6157     0.999772  0.000856387  -3.2011e-05 
       959.5      31.8461     0.999774  0.000856369 -3.18768e-05 
       959.5      32.0773     0.999777  0.000856354 -3.17381e-05 
       959.5      32.3093      0.99978  0.000856339 -3.15949e-05 
       959.5      32.5421     0.999782  0.000856325 -3.14469e-05 
       959.5      32.7758     0.999784  0.000856311 -3.12942e-05 
       959.5      33.0104     0.999786  0.000856296 -3.11367e-05 
       959.5      33.2457     0.999788   0.00085628 -3.09744e-05 
       959.5      33.4819      0.99979  0.000856265 -3.08075e-05 
       959.5       33.719     0.999792  0.000856249  -3.0636e-05 
       959.5      33.9568     0.999793  0.000856233 -3.04602e-05 
       959.5      34.1956     0.999795  0.000856218 -3.02803e-05 
       959.5      34.4351     0.999796  0.000856205 -3.00966e-05 
       959.5      34.6755     0.999798  0.000856194 -2.99095e-05 
       959.5      34.9167     0.999799  0.000856186 -2.97195e-05 
       959.5      35.1588       0.9998  0.000856183 -2.95269e-05 
       959.5      35.4017     0.999801  0.000856184 -2.93325e-05 
       959.5      35.6454     0.999802  0.000856192 -2.91367e-05 
       959.5      35.8899     0.999803  0.000856207 -2.89404e-05 
       959.5      36.1354     0.999804   0.00085623 -2.87443e-05 
       959.5      36.3816     0.999805  0.000856262 -2.85493e-05 
       959.5      36.6287     0.999805  0.000856305 -2.83562e-05 
       959.5      36.8766     0.999806  0.000856358 -2.81661e-05 
       959.5      37.1253     0.999807  0.000856422 -2.79801e-05 
       959.5      37.3749     0.999808  0.000856499 -2.77993e-05 
       959.5      37.6253     0.999809  0.000856588 -2.76251e-05 
       959.5      37.8766      0.99981  0.000856689 -2.74587e-05 
       959.5      38.1287     0.999811  0.000856802 -2.73016e-05 
       959.5      38.3816     0.999812  0.000856926 -2.71553e-05 
       959.5      38.6353     0.999814  0.000857061 -2.70215e-05 
       959.5      38.8899     0.999815  0.000857206 -2.69019e-05 
       959.5      39.1454     0.999816  0.000857358 -2.67983e-05 
       959.5      39.4016     0.999818  0.000857515 -2.67126e-05 
       959.5      39.6588     0.999819  0.000857675 -2.66469e-05 
       959.5      39.9167     0.999821  0.000857834 -2.66034e-05 
       959.5      40.1755     0.999822  0.000857989 -2.65841e-05 
       959.5      40.4351     0.999824  0.000858134 -2.65917e-05 
       959.5      40.6955     0.999826  0.000858266 -2.66284e-05 
       959.5      40.9568     0.999827  0.000858376  -2.6697e-05 
       959.5      41.2189     0.999829   0.00085846 -2.68001e-05 
       959.5      41.4819     0.999831  0.000858509 -2.69407e-05 
       959.5      41.7457     0.999832  0.000858513 -2.71216e-05 
       959.5      42.0103     0.999833  0.000858465 -2.73459e-05 
       959.5      42.2758     0.999834  0.000858221 -2.73357e-05 
       959.5      42.5421     0.999834  0.000857849 -2.70078e-05 
       959.5      42.8092     0.999834  0.000857557 -2.66854e-05 
       959.5      43.0772     0.999834  0.000857368 -2.63785e-05 
       959.5       43.346     0.999834  0.000857301 -2.60973e-05 
       959.5      43.6157     0.999834  0.000857373 -2.58522e-05 
       959.5      43.8862     0.999834   0.00085761 -2.56623e-05 
       959.5      44.1575     0.999836  0.000857933 -2.55266e-05 
       959.5      44.4296     0.999838  0.000858198 -2.53867e-05 
       959.5      44.7026      0.99984  0.000858412 -2.52432e-05 
       959.5      44.9765     0.999842  0.000858579 -2.50968e-05 
       959.5      45.2511     0.999843  0.000858708 -2.49479e-05 
       959.5      45.5266     0.999845  0.000858801 -2.47971e-05 
       959.5       45.803     0.999847  0.000858866 -2.46449e-05 
       959.5      46.0801     0.999849  0.000858907 -2.44918e-05 
       959.5      46.3581      0.99985  0.000858928 -2.43384e-05 
       959.5       46.637     0.999852  0.000858934  -2.4185e-05 
       959.5      46.9167     0.999853  0.000858929 -2.40321e-05 
       959.5      47.1972     0.999855  0.000858915 -2.38801e-05 
       959.5      47.4785     0.999857  0.000858897 -2.37294e-05 
       959.5      47.7607     0.999858  0.000858878 -2.35803e-05 
       959.5      48.0438      0.99986  0.000858859 -2.34331e-05 
       959.5      48.3276     0.999861  0.000858844 -2.32883e-05 
       959.5      48.6123     0.999863  0.000858835 -2.31459e-05 
       959.5      48.8979     0.999864  0.000858833 -2.30063e-05 
       959.5      49.1842     0.999865  0.000858839 -2.28696e-05 
       959.5      49.4714     0.999867  0.000858856 -2.27361e-05 
       959.5      49.7595     0.999868  0.000858884 -2.26058e-05 
       959.5      50.0484      0.99987  0.000858923  -2.2479e-05 
       959.5      50.3381     0.999871  0.000858974 -2.23555e-05 
       959.5      50.6286     0.999873  0.000859038 -2.22355e-05 
       959.5        50.92     0.999874  0.000859113  -2.2119e-05 
       959.5      51.2122     0.999875  0.000859201  -2.2006e-05 
       959.5      51.5053     0.999877  0.000859299 -2.18962e-05 
       959.5      51.7992     0.999878  0.000859408 -2.17897e-05 
       959.5      52.0939      0.99988  0.000859527 -2.16862e-05 
       959.5      52.3895     0.999881  0.000859654 -2.15855e-05 
       959.5      52.6859     0.999883  0.000859788 -2.14874e-05 
       959.5      52.9831     0.999884  0.000859927 -2.13915e-05 
       959.5      53.2812     0.999886  0.000860071 -2.12976e-05 
       959.5      53.5801     0.999887  0.000860216 -2.12051e-05 
       959.5      53.8799     0.999889  0.000860361 -2.11137e-05 
       959.5      54.1805      0.99989  0.000860505 -2.10229e-05 
       959.5      54.4819     0.999892  0.000860644 -2.09321e-05 
       959.5      54.7841     0.999893  0.000860777 -2.08407e-05 
       959.5      55.0872     0.999895  0.000860902 -2.07481e-05 
       959.5      55.3912     0.999896  0.000861016 -2.06534e-05 
       959.5      55.6959     0.999898  0.000861117  -2.0556e-05 
       959.5      56.0015       0.9999  0.000861202 -2.04551e-05 
       959.5       56.308     0.999902   0.00086127 -2.03497e-05 
       959.5      56.6152     0.999903  0.000861319 -2.02388e-05 
       959.5      56.9233     0.999905  0.000861345 -2.01216e-05 
       959.5      57.2323     0.999907  0.000861347 -1.99968e-05 
       959.5      57.5421     0.999908  0.000861324 -1.98633e-05 
       959.5      57.8527      0.99991  0.000861273   -1.972e-05 
       959.5      58.1641     0.999912  0.000861192 -1.95655e-05 
       959.5      58.4764     0.999914  0.000861081 -1.93985e-05 
       959.5      58.7896     0.999915  0.000860938 -1.92176e-05 
       959.5      59.1035     0.999917  0.000860752 -1.90191e-05 
       959.5      59.4183     0.999918  0.000860504 -1.87955e-05 
       959.5      59.7339      0.99992  0.000860221  -1.8552e-05 
       959.5      60.0504     0.999921  0.000860066 -1.82557e-05 
       959.5      60.3677     0.999923  0.000860328 -1.80999e-05 
       959.5      60.6859     0.999925  0.000860541 -1.79856e-05 
       959.5      61.0048     0.999926  0.000860734 -1.78716e-05 
       959.5      61.3247     0.999928  0.000860908 -1.77581e-05 
       959.5      61.6453     0.999929  0.000861067  -1.7645e-05 
       959.5      61.9668      0.99993  0.000861211 -1.75324e-05 
       959.5      62.2891     0.999932  0.000861343 -1.74203e-05 
       959.5      62.6123     0.999933  0.000861463 -1.73087e-05 
       959.5      62.9363     0.999935  0.000861573 -1.71975e-05 
       959.5      63.2611     0.999936  0.000861674 -1.70869e-05 
       959.5      63.5868     0.999937  0.000861768 -1.69768e-05 
       959.5      63.9133     0.999939  0.000861854 -1.68671e-05 
       959.5      64.2406      0.99994  0.000861936  -1.6758e-05 
       959.5      64.5688     0.999941  0.000862012 -1.66493e-05 
       959.5      64.8978     0.999943  0.000862084 -1.65411e-05 
       959.5      65.2277     0.999944  0.000862152 -1.64334e-05 
       959.5      65.5583     0.999946  0.000862217 -1.63261e-05 
       959.5      65.8899     0.999947   0.00086228 -1.62192e-05 
       959.5      66.2222     0.999949   0.00086234 -1.61127e-05 
       959.5      66.5554      0.99995  0.000862398 -1.60065e-05 
       959.5      66.8894     0.999952  0.000862455 -1.59007e-05 
       959.5      67.2243     0.999953   0.00086251 -1.57951e-05 
       959.5        67.56     0.999955  0.000862563 -1.56898e-05 
       959.5      67.8966     0.999956  0.000862615 -1.55846e-05 
       959.5      68.2339     0.999958  0.000862666 -1.54795e-05 
       959.5      68.5721      0.99996  0.000862714 -1.53746e-05 
       959.5      68.9112     0.999962  0.000862761 -1.52696e-05 
       959.5      69.2511     0.999963  0.000862807 -1.51645e-05 
       959.5      69.5918     0.999965   0.00086285 -1.50594e-05 
       959.5      69.9333     0.999967  0.000862892  -1.4954e-05 
       959.5      70.2757     0.999969  0.000862931 -1.48483e-05 
       959.5      70.6189     0.999971  0.000862968 -1.47422e-05 
       959.5       70.963     0.999973  0.000863002 -1.46356e-05 
       959.5      71.3079     0.999976  0.000863033 -1.45284e-05 
       959.5      71.6536     0.999978  0.000863062 -1.44206e-05 
       959.5      72.0002      0.99998  0.000863088 -1.43119e-05 
       959.5      72.3476     0.999982  0.000863111 -1.42024e-05 
       959.5      72.6959     0.999985  0.000863132 -1.40918e-05 
       959.5      73.0449     0.999987  0.000863149   -1.398e-05 
       959.5      73.3949     0.999989  0.000863164 -1.38669e-05 
       959.5      73.7456     0.999992  0.000863177 -1.37524e-05 
       959.5      74.0972     0.999994  0.000863188 -1.36363e-05 
       959.5      74.4496     0.999997  0.000863197 -1.35185e-05 
       959.5      74.8029     0.999999  0.000863206 -1.33987e-05 
       959.5       75.157            1  0.000863214 -1.32769e-05 
       959.5      75.5119            1  0.000863223 -1.31528e-05 
       959.5      75.8677      1.00001  0.000863234 -1.30264e-05 
       959.5      76.2243      1.00001  0.000863248 -1.28972e-05 
       959.5      76.5817      1.00001  0.000863266 -1.27653e-05 
       959.5        76.94      1.00002   0.00086329 -1.26304e-05 
       959.5      77.2991      1.00002  0.000863321 -1.24923e-05 
       959.5      77.6591      1.00002  0.000863363 -1.23507e-05 
       959.5      78.0198      1.00002  0.000863416 -1.22054e-05 
       959.5      78.3815      1.00003  0.000863484 -1.20563e-05 
       959.5      78.7439      1.00003   0.00086357  -1.1903e-05 
       959.5      79.1072      1.00003  0.000863676 -1.17453e-05 
       959.5      79.4714      1.00003  0.000863805  -1.1583e-05 
       959.5      79.8363      1.00004  0.000863962 -1.14158e-05 
       959.5      80.2021      1.00004  0.000864151 -1.12434e-05 
       959.5      80.5688      1.00004  0.000864376 -1.10655e-05 
       959.5      80.9362      1.00004  0.000864642 -1.08818e-05 
       959.5      81.3045      1.00004  0.000864954 -1.06921e-05 
       959.5      81.6737      1.00005  0.000865318  -1.0496e-05 
       959.5      82.0437      1.00005  0.000865309 -1.04255e-05 
       959.5      82.4145      1.00005  0.000865178 -1.03659e-05 
       959.5      82.7861      1.00005  0.000865021 -1.02816e-05 
       959.5      83.1586      1.00005  0.000865039 -1.02932e-05 
       959.5       83.532      1.00006  0.000865071 -1.03006e-05 
       959.5      83.9061      1.00006  0.000865094   -1.029e-05 
       959.5      84.2811      1.00006  0.000865109 -1.02623e-05 
       959.5       84.657      1.00006  0.000865119 -1.02186e-05 
       959.5      85.0336      1.00007  0.000865124 -1.01599e-05 
       959.5      85.4111      1.00007  0.000865125 -1.00872e-05 
       959.5      85.7895      1.00007  0.000865124 -1.00016e-05 
       959.5      86.1687      1.00007  0.000865122 -9.90389e-06 
       959.5      86.5487      1.00008  0.000865119 -9.79512e-06 
       959.5      86.9295      1.00008  0.000865116 -9.67617e-06 
       959.5      87.3112      1.00008  0.000865115 -9.54795e-06 
       959.5      87.6937      1.00008  0.000865115 -9.41135e-06 
       959.5      88.0771      1.00008  0.000865118 -9.26721e-06 
       959.5      88.4613      1.00008  0.000865123 -9.11638e-06 
       959.5      88.8463      1.00009  0.000865132 -8.95965e-06 
       959.5      89.2322      1.00009  0.000865145 -8.79783e-06 
       959.5      89.6189      1.00009  0.000865161 -8.63166e-06 
       959.5      90.0064      1.00009  0.000865181 -8.46188e-06 
       959.5      90.3948      1.00009  0.000865206  -8.2892e-06 
       959.5       90.784      1.00009  0.000865235  -8.1143e-06 
       959.5      91.1741      1.00009  0.000865269 -7.93782e-06 
       959.5       91.565      1.00009  0.000865307  -7.7604e-06 
       959.5      91.9567      1.00009  0.000865349 -7.58262e-06 
       959.5      92.3492      1.00009  0.000865395 -7.40505e-06 
       959.5      92.7426      1.00009  0.000865444 -7.22821e-06 
       959.5      93.1369      1.00009  0.000865498 -7.05261e-06 
       959.5      93.5319      1.00009  0.000865554 -6.87872e-06 
       959.5      93.9278      1.00009  0.000865614 -6.70695e-06 
       959.5      94.3246      1.00009  0.000865676 -6.53773e-06 
       959.5      94.7221      1.00009   0.00086574 -6.37139e-06 
       959.5      95.1206      1.00009  0.000865806 -6.20828e-06 
       959.5      95.5198      1.00009  0.000865873 -6.04868e-06 
       959.5      95.9199      1.00009  0.000865941 -5.89285e-06 
       959.5      96.3208      1.00009  0.000866009 -5.74099e-06 
       959.5      96.7226      1.00009  0.000866077 -5.59328e-06 
       959.5      97.1251      1.00009  0.000866144 -5.44986e-06 
       959.5      97.5286      1.00009   0.00086621 -5.31081e-06 
       959.5      97.9328      1.00009  0.000866274 -5.17619e-06 
       959.5      98.3379      1.00009  0.000866335 -5.04601e-06 
       959.5      98.7439      1.00009  0.000866395 -4.92023e-06 
       959.5      99.1506      1.00009  0.000866451 -4.79876e-06 
       959.5      99.5583      1.00009  0.000866503 -4.68148e-06 
       959.5      99.9667      1.00009  0.000866551 -4.56822e-06 
       959.5      100.376      1.00009  0.000866595 -4.45876e-06 
       959.5      100.786      1.00009  0.000866635 -4.35282e-06 
       959.5      101.197      1.00009  0.000866669 -4.25009e-06 
       959.5      101.609      1.00009  0.000866699  -4.1502e-06 
       959.5      102.021      1.00009  0.000866724 -4.05273e-06 
       959.5      102.435      1.00009  0.000866743 -3.95721e-06 
       959.5      102.849      1.00009  0.000866757  -3.8631e-06 
       959.5      103.264      1.00009  0.000866766 -3.76984e-06 
       959.5       103.68      1.00009  0.000866771 -3.67678e-06 
       959.5      104.097       1.0001  0.000866771 -3.58324e-06 
       959.5      104.515       1.0001  0.000866767 -3.48846e-06 
       959.5      104.933       1.0001   0.00086676 -3.39163e-06 
       959.5      105.353       1.0001   0.00086675  -3.2919e-06 
       959.5      105.773      1.00011  0.000866738 -3.18833e-06 
       959.5      106.194      1.00011  0.000866725 -3.07994e-06 
       959.5      106.616      1.00011  0.000866713 -2.96568e-06 
       959.5      107.038      1.00012  0.000866702 -2.84442e-06 
       959.5      107.462      1.00012  0.000866694   -2.715e-06 
       959.5      107.886      1.00013  0.000866692 -2.57617e-06 
       959.5      108.311      1.00013  0.000866695 -2.42661e-06 
       959.5      108.737      1.00013  0.000866708 -2.26495e-06 
       959.5      109.164      1.00014  0.000866732 -2.08974e-06 
       959.5      109.592      1.00015  0.000866769 -1.89946e-06 
       959.5       110.02      1.00015  0.000866835 -1.75587e-06 
       959.5       110.45      1.00015  0.000866903 -1.62623e-06 
       959.5       110.88      1.00016  0.000866965 -1.49668e-06 
       959.5      111.311      1.00016  0.000867024 -1.36723e-06 
       959.5      111.743      1.00017  0.000867078 -1.23788e-06 
       959.5      112.175      1.00017  0.000867128 -1.10863e-06 
       959.5      112.609      1.00018  0.000867175 -9.79492e-07 
       959.5      113.043      1.00018  0.000867218 -8.50455e-07 
       959.5      113.478      1.00019  0.000867257 -7.21526e-07 
       959.5      113.914      1.00019  0.000867293 -5.92707e-07 
       959.5      114.351       1.0002  0.000867325 -4.63998e-07 
       959.5      114.789      1.00021  0.000867354 -3.35402e-07 
       959.5      115.228      1.00021  0.000867381 -2.06919e-07 
       959.5      115.667      1.00022  0.000867404 -7.85524e-08 
       959.5      116.107      1.00022  0.000867425  4.96984e-08 
       959.5      116.548      1.00023  0.000867443  1.77832e-07 
       959.5       116.99      1.00023  0.000867458  3.05847e-07 
       959.5      117.433      1.00024  0.000867471  4.33743e-07 
       959.5      117.876      1.00024  0.000867481   5.6152e-07 
       959.5      118.321      1.00025  0.000867489  6.89177e-07 
       959.5      118.766      1.00025  0.000867496  8.16713e-07 
       959.5      119.212      1.00026  0.000867498  9.49716e-07 
       959.5      119.659      1.00026  0.000867497  1.09736e-06 
       959.5      120.107      1.00027  0.000867496  1.24499e-06 
       959.5      120.555      1.00027  0.000867496  1.39264e-06 
       959.5      121.005      1.00028  0.000867495  1.54035e-06 
       959.5      121.455      1.00028  0.000867496  1.68817e-06 
       959.5      121.906      1.00029  0.000867496  1.83612e-06 
       959.5      122.358      1.00029  0.000867497  1.98425e-06 
       959.5      122.811       1.0003  0.000867499  2.13259e-06 
       959.5      123.264       1.0003    0.0008675  2.28117e-06 
       959.5      123.719      1.00031  0.000867503  2.43002e-06 
       959.5      124.174      1.00031  0.000867506  2.57919e-06 
       959.5       124.63      1.00031  0.000867509  2.72869e-06 
       959.5      125.087      1.00032  0.000867512  2.87857e-06 
       959.5      125.545      1.00032  0.000867516  3.02884e-06 
       959.5      126.003      1.00032  0.000867521  3.17954e-06 
       959.5      126.463      1.00033  0.000867526  3.33069e-06 
       959.5      126.923      1.00033  0.000867531  3.48232e-06 
       959.5      127.384      1.00033  0.000867536  3.63446e-06 
       959.5      127.846      1.00034  0.000867542  3.78712e-06 
       959.5      128.309      1.00034  0.000867547  3.94033e-06 
       959.5      128.773      1.00034  0.000867553   4.0941e-06 
       959.5      129.237      1.00034  0.000867559  4.24846e-06 
       959.5      129.702      1.00034  0.000867566  4.40343e-06 
       959.5      130.169      1.00034  0.000867572  4.55902e-06 
       959.5      130.636      1.00035  0.000867578  4.71524e-06 
       959.5      131.103      1.00035  0.000867584  4.87212e-06 
       959.5      131.572      1.00035  0.000867589  5.02965e-06 
       959.5      132.041      1.00035  0.000867595  5.18786e-06 
       959.5      132.512      1.00035    0.0008676  5.34675e-06 
       959.5      132.983      1.00035  0.000867605  5.50633e-06 
       959.5      133.455      1.00034  0.000867609  5.66661e-06 
       959.5      133.928      1.00034  0.000867613  5.82759e-06 
       959.5      134.401      1.00034  0.000867617  5.98927e-06 
       959.5      134.876      1.00034   0.00086762  6.15165e-06 
       959.5      135.351      1.00034  0.000867622  6.31474e-06 
       959.5      135.827      1.00033  0.000867624  6.47853e-06 
       959.5      136.304      1.00033  0.000867625  6.64301e-06 
       959.5      136.782      1.00033  0.000867626  6.80819e-06 
       959.5      137.261      1.00032  0.000867625  6.97406e-06 
       959.5       137.74      1.00032  0.000867624   7.1406e-06 
       959.5      138.221      1.00031  0.000867623   7.3078e-06 
       959.5      138.702       1.0003   0.00086762  7.47566e-06 
       959.5      139.184       1.0003  0.000867617  7.64415e-06 
       959.5      139.667      1.00029  0.000867612  7.81326e-06 
       959.5      140.151      1.00028  0.000867607  7.98297e-06 
       959.5      140.635      1.00028  0.000867602  8.15327e-06 
       959.5       141.12      1.00027  0.000867595  8.32412e-06 
       959.5      141.607      1.00026  0.000867588   8.4955e-06 
       959.5      142.094      1.00025  0.000867581  8.66739e-06 
       959.5      142.582      1.00024  0.000867573  8.83975e-06 
       959.5       143.07      1.00023  0.000867564  9.01256e-06 
       959.5       143.56      1.00022  0.000867555  9.18578e-06 
       959.5       144.05       1.0002  0.000867546  9.35937e-06 
       959.5      144.541      1.00019  0.000867537   9.5333e-06 
       959.5      145.033      1.00018  0.000867527  9.70753e-06 
       959.5      145.526      1.00016  0.000867518  9.88201e-06 
       959.5       146.02      1.00015  0.000867509  1.00567e-05 
       959.5      146.515      1.00013  0.000867501  1.02316e-05 
       959.5       147.01      1.00012  0.000867493  1.04065e-05 
       959.5      147.506       1.0001  0.000867487  1.05815e-05 
       959.5      148.003      1.00008  0.000867481  1.07566e-05 
       959.5      148.501      1.00006  0.000867477  1.09315e-05 
       959.5          149      1.00004  0.000867475  1.11064e-05 
       959.5        149.5      1.00002  0.000867475  1.12811e-05 
       959.5          150            1  0.000867477  1.14555e-05 
