Variables = x, y, u, v, p

Zone, I=600, F=POINT
        79.5            0            0            0 -0.000268549 
        79.5     0.000418  0.000211853  1.70303e-11 -0.000268549 
        79.5     0.001672  0.000847415  9.98103e-10 -0.000268548 
        79.5     0.003763    0.0019072  5.73544e-09 -0.000268546 
        79.5     0.006689   0.00339022  1.88707e-08 -0.000268544 
        79.5     0.010451   0.00529701   4.6903e-08 -0.000268541 
        79.5      0.01505   0.00762809  9.81905e-08 -0.000268537 
        79.5     0.020485     0.010383  1.82916e-07 -0.000268533 
        79.5     0.026756    0.0135617  3.13106e-07 -0.000268528 
        79.5     0.033863    0.0171644  5.02617e-07 -0.000268522 
        79.5     0.041806    0.0211909  7.67137e-07 -0.000268514 
        79.5     0.050585    0.0256414  1.12418e-06 -0.000268506 
        79.5     0.060201    0.0305163  1.59315e-06 -0.000268497 
        79.5     0.070652    0.0358147  2.19512e-06 -0.000268486 
        79.5      0.08194    0.0415374  2.95324e-06 -0.000268474 
        79.5     0.094063    0.0476835  3.89223e-06  -0.00026846 
        79.5     0.107023    0.0542539  5.03897e-06 -0.000268445 
        79.5     0.120819    0.0612479  6.42194e-06 -0.000268428 
        79.5     0.135451    0.0686654  8.07154e-06  -0.00026841 
        79.5     0.150919    0.0765061    1.002e-05  -0.00026839 
        79.5     0.167224    0.0847704  1.23014e-05  -0.00026837 
        79.5     0.184364    0.0934569  1.49512e-05  -0.00026835 
        79.5     0.202341     0.102566  1.80069e-05  -0.00026833 
        79.5     0.221153     0.112097  2.15068e-05 -0.000268313 
        79.5     0.240802     0.122049  2.54911e-05   -0.0002683 
        79.5     0.261287      0.13242  3.00116e-05 -0.000268286 
        79.5     0.282608     0.143208  3.51053e-05 -0.000268261 
        79.5     0.304765     0.154416  4.08094e-05  -0.00026823 
        79.5     0.327758      0.16604  4.71725e-05 -0.000268195 
        79.5     0.351588     0.178078  5.42439e-05 -0.000268157 
        79.5     0.376253     0.190526  6.20718e-05 -0.000268119 
        79.5     0.401755     0.203381  7.07046e-05 -0.000268081 
        79.5     0.428092     0.216638  8.01886e-05 -0.000268045 
        79.5     0.455266     0.230294  9.05701e-05 -0.000268013 
        79.5     0.483276     0.244342  0.000101893 -0.000267985 
        79.5     0.512122     0.258776  0.000114201 -0.000267961 
        79.5     0.541805      0.27359  0.000127535  -0.00026794 
        79.5     0.572323     0.288775  0.000141937  -0.00026792 
        79.5     0.603677     0.304324   0.00015745 -0.000267896 
        79.5     0.635868     0.320226  0.000174117 -0.000267862 
        79.5     0.668894     0.336473  0.000191986 -0.000267812 
        79.5     0.702757     0.353052  0.000211111 -0.000267734 
        79.5     0.737456     0.369952  0.000231556 -0.000267615 
        79.5     0.772991     0.387176   0.00025321 -0.000267512 
        79.5     0.809362     0.404684  0.000276159 -0.000267452 
        79.5      0.84657     0.422444   0.00030048 -0.000267401 
        79.5     0.884613     0.440436  0.000326149 -0.000267357 
        79.5     0.923492     0.458639  0.000353147 -0.000267316 
        79.5     0.963208     0.477032  0.000381449 -0.000267273 
        79.5      1.00376      0.49559  0.000411031 -0.000267225 
        79.5      1.04515     0.514288  0.000441869 -0.000267167 
        79.5      1.08737     0.533097  0.000473937 -0.000267097 
        79.5      1.13043     0.551989  0.000507209 -0.000267011 
        79.5      1.17433     0.570933  0.000541656 -0.000266908 
        79.5      1.21906     0.589895  0.000577248 -0.000266785 
        79.5      1.26463      0.60884  0.000613951 -0.000266644 
        79.5      1.31103     0.627731  0.000651722 -0.000266484 
        79.5      1.35827     0.646529  0.000690516 -0.000266308 
        79.5      1.40635     0.665191  0.000730273  -0.00026612 
        79.5      1.45526     0.683673  0.000770919 -0.000265926 
        79.5      1.50501      0.70193  0.000812363 -0.000265734 
        79.5       1.5556      0.71991  0.000854491 -0.000265554 
        79.5      1.60702     0.737563  0.000897159 -0.000265401 
        79.5      1.65928     0.754834  0.000940188 -0.000265289 
        79.5      1.71237     0.771666  0.000983355 -0.000265241 
        79.5       1.7663     0.788102   0.00102622 -0.000265135 
        79.5      1.82106     0.804189   0.00106864 -0.000264749 
        79.5      1.87667      0.81964   0.00111094 -0.000264387 
        79.5      1.93311     0.834441   0.00115288 -0.000264043 
        79.5      1.99038     0.848579   0.00119421 -0.000263712 
        79.5      2.04849     0.862043   0.00123474 -0.000263388 
        79.5      2.10744     0.874825   0.00127427 -0.000263067 
        79.5      2.16722     0.886917   0.00131263 -0.000262743 
        79.5      2.22784     0.898316   0.00134966 -0.000262413 
        79.5      2.28929     0.909018   0.00138524 -0.000262073 
        79.5      2.35158     0.919023   0.00141928  -0.00026172 
        79.5      2.41471     0.928334   0.00145168 -0.000261351 
        79.5      2.47867     0.936956    0.0014824 -0.000260967 
        79.5      2.54347     0.944897    0.0015114 -0.000260566 
        79.5      2.60911     0.952165   0.00153867  -0.00026015 
        79.5      2.67558     0.958776   0.00156421 -0.000259723 
        79.5      2.74288     0.964744   0.00158804 -0.000259288 
        79.5      2.81103      0.97009   0.00161019 -0.000258852 
        79.5      2.88001     0.974834   0.00163069 -0.000258423 
        79.5      2.94983     0.979003   0.00164956 -0.000258011 
        79.5      3.02048     0.982625   0.00166684 -0.000257629 
        79.5      3.09197     0.985732   0.00168253 -0.000257293 
        79.5      3.16429     0.988361   0.00169658 -0.000257021 
        79.5      3.23745     0.990549   0.00170895 -0.000256834 
        79.5      3.31145     0.992341   0.00171951 -0.000256758 
        79.5      3.38628     0.993782   0.00172807  -0.00025682 
        79.5      3.46195     0.994924   0.00173435 -0.000257054 
        79.5      3.53845      0.99582   0.00173798 -0.000257496 
        79.5      3.61579     0.996529   0.00173844 -0.000258187 
        79.5      3.69397     0.997113   0.00173509 -0.000259173 
        79.5      3.77298     0.997612   0.00173085  -0.00025809 
        79.5      3.85283     0.998006   0.00173437 -0.000252147 
        79.5      3.93352     0.998353   0.00173835 -0.000247568 
        79.5      4.01504     0.998655   0.00174264 -0.000244254 
        79.5       4.0974     0.998909   0.00174836 -0.000243542 
        79.5      4.18059     0.999124   0.00175404 -0.000244035 
        79.5      4.26462     0.999306   0.00175869  -0.00024482 
        79.5      4.34949     0.999455   0.00176211 -0.000245776 
        79.5      4.43519     0.999575   0.00176424 -0.000246794 
        79.5      4.52173     0.999668   0.00176508 -0.000247772 
        79.5       4.6091     0.999737   0.00176476 -0.000248621 
        79.5      4.69731     0.999785   0.00176344 -0.000249261 
        79.5      4.78636     0.999813   0.00176138  -0.00024963 
        79.5      4.87624     0.999827   0.00175887 -0.000249679 
        79.5      4.96696     0.999828   0.00175624 -0.000249378 
        79.5      5.05851     0.999821   0.00175384 -0.000248714 
        79.5       5.1509     0.999808     0.001752 -0.000247696 
        79.5      5.24413     0.999792   0.00175101 -0.000246357 
        79.5       5.3382     0.999779    0.0017511 -0.000244753 
        79.5      5.43309      0.99977    0.0017524 -0.000242968 
        79.5      5.52883     0.999769    0.0017549 -0.000241117 
        79.5       5.6254      0.99978   0.00175842 -0.000239342 
        79.5      5.72281     0.999805   0.00176253 -0.000237822 
        79.5      5.82105     0.999847   0.00176654 -0.000236773 
        79.5      5.92013     0.999861   0.00176671 -0.000237605 
        79.5      6.02005     0.999828   0.00176307 -0.000239697 
        79.5       6.1208     0.999808   0.00175978 -0.000241074 
        79.5      6.22239     0.999797   0.00175684 -0.000241721 
        79.5      6.32482     0.999793   0.00175434 -0.000241647 
        79.5      6.42808     0.999794   0.00175245 -0.000240882 
        79.5      6.53217     0.999797   0.00175143 -0.000239484 
        79.5      6.63711     0.999801   0.00175163 -0.000237538 
        79.5      6.74287     0.999805   0.00175347 -0.000235158 
        79.5      6.84948     0.999809   0.00175694 -0.000232707 
        79.5      6.95692     0.999813   0.00175777  -0.00023169 
        79.5       7.0652     0.999815   0.00175855 -0.000230767 
        79.5      7.17431     0.999816   0.00175924 -0.000229926 
        79.5      7.28426     0.999815   0.00175985 -0.000229154 
        79.5      7.39505     0.999814   0.00176036 -0.000228438 
        79.5      7.50667     0.999812   0.00176079 -0.000227767 
        79.5      7.61913     0.999809   0.00176114 -0.000227128 
        79.5      7.73242     0.999806   0.00176142  -0.00022651 
        79.5      7.84655     0.999803   0.00176163 -0.000225904 
        79.5      7.96152       0.9998    0.0017618 -0.000225299 
        79.5      8.07732     0.999797   0.00176193 -0.000224687 
        79.5      8.19396     0.999795   0.00176204  -0.00022406 
        79.5      8.31143     0.999793   0.00176213  -0.00022341 
        79.5      8.42974     0.999792   0.00176221 -0.000222733 
        79.5      8.54889     0.999792   0.00176227 -0.000222022 
        79.5      8.66887     0.999793   0.00176229 -0.000221276 
        79.5      8.78969     0.999794   0.00176227  -0.00022049 
        79.5      8.91135     0.999795   0.00176215 -0.000219666 
        79.5      9.03384     0.999797   0.00176188 -0.000218804 
        79.5      9.15717     0.999798    0.0017614 -0.000217905 
        79.5      9.28133     0.999798   0.00176059 -0.000216976 
        79.5      9.40633     0.999797   0.00175936 -0.000216021 
        79.5      9.53216     0.999797   0.00175833 -0.000215106 
        79.5      9.65884     0.999804   0.00176053 -0.000214491 
        79.5      9.78634      0.99981   0.00176193 -0.000213889 
        79.5      9.91469     0.999814   0.00176262 -0.000213279 
        79.5      10.0439     0.999819   0.00176272 -0.000212637 
        79.5      10.1739     0.999823    0.0017624 -0.000211941 
        79.5      10.3047     0.999829   0.00176191 -0.000211163 
        79.5      10.4364     0.999837   0.00176156 -0.000210292 
        79.5      10.5689     0.999836   0.00176163  -0.00020954 
        79.5      10.7023     0.999834    0.0017617 -0.000208766 
        79.5      10.8365     0.999833   0.00176177 -0.000207968 
        79.5      10.9715     0.999832   0.00176184 -0.000207149 
        79.5      11.1074     0.999831    0.0017619 -0.000206308 
        79.5      11.2441      0.99983   0.00176195 -0.000205448 
        79.5      11.3817     0.999829   0.00176198  -0.00020457 
        79.5        11.52     0.999828   0.00176199 -0.000203676 
        79.5      11.6592     0.999827   0.00176199 -0.000202768 
        79.5      11.7993     0.999826   0.00176196 -0.000201849 
        79.5      11.9402     0.999824   0.00176191 -0.000200921 
        79.5      12.0819     0.999823   0.00176185 -0.000199989 
        79.5      12.2245     0.999822   0.00176182 -0.000199067 
        79.5      12.3679     0.999821   0.00176192 -0.000198183 
        79.5      12.5121      0.99982     0.001762 -0.000197304 
        79.5      12.6572     0.999819   0.00176207 -0.000196427 
        79.5      12.8031     0.999818   0.00176211 -0.000195552 
        79.5      12.9498     0.999817   0.00176213 -0.000194676 
        79.5      13.0974     0.999816   0.00176213 -0.000193798 
        79.5      13.2458     0.999816   0.00176211 -0.000192918 
        79.5       13.395     0.999815   0.00176207 -0.000192033 
        79.5      13.5451     0.999815   0.00176202 -0.000191144 
        79.5       13.696     0.999815   0.00176196  -0.00019025 
        79.5      13.8478     0.999815    0.0017619 -0.000189351 
        79.5      14.0004     0.999815   0.00176183 -0.000188446 
        79.5      14.1538     0.999815   0.00176177 -0.000187535 
        79.5      14.3081     0.999815   0.00176172 -0.000186621 
        79.5      14.4632     0.999816   0.00176168 -0.000185703 
        79.5      14.6191     0.999816   0.00176165 -0.000184783 
        79.5      14.7759     0.999817   0.00176164 -0.000183862 
        79.5      14.9335     0.999818   0.00176164 -0.000182943 
        79.5      15.0919     0.999819   0.00176166 -0.000182027 
        79.5      15.2512      0.99982   0.00176168 -0.000181118 
        79.5      15.4113     0.999821    0.0017617 -0.000180219 
        79.5      15.5723     0.999822   0.00176171 -0.000179333 
        79.5      15.7341     0.999824   0.00176169 -0.000178464 
        79.5      15.8967     0.999825   0.00176162 -0.000177618 
        79.5      16.0602     0.999827   0.00176149 -0.000176798 
        79.5      16.2245     0.999828   0.00176134 -0.000175908 
        79.5      16.3896     0.999828   0.00176127 -0.000174911 
        79.5      16.5556     0.999828   0.00176122  -0.00017393 
        79.5      16.7224     0.999828   0.00176116 -0.000172962 
        79.5        16.89     0.999828   0.00176111 -0.000172002 
        79.5      17.0585     0.999828   0.00176105  -0.00017105 
        79.5      17.2278     0.999828   0.00176098 -0.000170102 
        79.5      17.3979     0.999828    0.0017609 -0.000169154 
        79.5      17.5689     0.999828   0.00176081 -0.000168206 
        79.5      17.7408     0.999827   0.00176071 -0.000167255 
        79.5      17.9134     0.999827   0.00176059 -0.000166298 
        79.5      18.0869     0.999827   0.00176046 -0.000165335 
        79.5      18.2612     0.999827   0.00176033 -0.000164363 
        79.5      18.4364     0.999827   0.00176018 -0.000163382 
        79.5      18.6124     0.999827   0.00176003  -0.00016239 
        79.5      18.7892     0.999828   0.00175988 -0.000161386 
        79.5      18.9669     0.999828   0.00175974 -0.000160371 
        79.5      19.1454     0.999828   0.00175961 -0.000159355 
        79.5      19.3248     0.999828   0.00175951 -0.000158422 
        79.5       19.505     0.999828    0.0017594 -0.000157482 
        79.5       19.686     0.999829   0.00175928 -0.000156536 
        79.5      19.8678     0.999829   0.00175916 -0.000155585 
        79.5      20.0505     0.999829   0.00175903 -0.000154627 
        79.5      20.2341     0.999829   0.00175889 -0.000153665 
        79.5      20.4184     0.999829   0.00175874 -0.000152697 
        79.5      20.6036     0.999829   0.00175858 -0.000151725 
        79.5      20.7897      0.99983   0.00175842 -0.000150749 
        79.5      20.9765      0.99983   0.00175825 -0.000149769 
        79.5      21.1642      0.99983   0.00175808 -0.000148786 
        79.5      21.3528      0.99983    0.0017579   -0.0001478 
        79.5      21.5422      0.99983   0.00175772 -0.000146812 
        79.5      21.7324     0.999831   0.00175753 -0.000145821 
        79.5      21.9234     0.999831   0.00175735  -0.00014483 
        79.5      22.1153     0.999831   0.00175716 -0.000143837 
        79.5       22.308     0.999831   0.00175697 -0.000142843 
        79.5      22.5016     0.999831   0.00175678  -0.00014185 
        79.5       22.696     0.999832    0.0017566 -0.000140857 
        79.5      22.8912     0.999832   0.00175641 -0.000139865 
        79.5      23.0873     0.999832   0.00175623 -0.000138875 
        79.5      23.2842     0.999832   0.00175605 -0.000137886 
        79.5       23.482     0.999832   0.00175588 -0.000136901 
        79.5      23.6805     0.999833    0.0017557 -0.000135918 
        79.5        23.88     0.999833   0.00175549 -0.000134935 
        79.5      24.0802     0.999833   0.00175526 -0.000133949 
        79.5      24.2813     0.999833   0.00175503 -0.000132962 
        79.5      24.4832     0.999833    0.0017548 -0.000131974 
        79.5       24.686     0.999833   0.00175456 -0.000130986 
        79.5      24.8896     0.999834   0.00175432 -0.000129997 
        79.5       25.094     0.999834   0.00175408 -0.000129009 
        79.5      25.2993     0.999834   0.00175385 -0.000128021 
        79.5      25.5054     0.999834   0.00175361 -0.000127034 
        79.5      25.7123     0.999835   0.00175337 -0.000126048 
        79.5      25.9201     0.999835   0.00175314 -0.000125065 
        79.5      26.1287     0.999835    0.0017529 -0.000124084 
        79.5      26.3381     0.999836   0.00175265 -0.000123107 
        79.5      26.5484     0.999836    0.0017524 -0.000122134 
        79.5      26.7595     0.999836   0.00175214 -0.000121166 
        79.5      26.9715     0.999836   0.00175187 -0.000120194 
        79.5      27.1843     0.999837   0.00175162 -0.000119206 
        79.5      27.3979     0.999837   0.00175137 -0.000118219 
        79.5      27.6124     0.999837   0.00175111 -0.000117232 
        79.5      27.8277     0.999838   0.00175085 -0.000116245 
        79.5      28.0438     0.999838   0.00175058 -0.000115259 
        79.5      28.2608     0.999838   0.00175032 -0.000114273 
        79.5      28.4786     0.999839   0.00175005 -0.000113288 
        79.5      28.6972     0.999839   0.00174977 -0.000112303 
        79.5      28.9167     0.999839    0.0017495 -0.000111319 
        79.5       29.137      0.99984   0.00174922 -0.000110335 
        79.5      29.3582      0.99984   0.00174894 -0.000109353 
        79.5      29.5802      0.99984   0.00174866 -0.000108372 
        79.5       29.803     0.999841   0.00174837 -0.000107394 
        79.5      30.0267     0.999841   0.00174808 -0.000106417 
        79.5      30.2512     0.999841   0.00174779 -0.000105443 
        79.5      30.4765     0.999842   0.00174749 -0.000104473 
        79.5      30.7027     0.999842   0.00174719 -0.000103507 
        79.5      30.9297     0.999843   0.00174688 -0.000102545 
        79.5      31.1575     0.999843   0.00174656 -0.000101589 
        79.5      31.3862     0.999843   0.00174623 -0.000100639 
        79.5      31.6157     0.999844   0.00174589 -9.96961e-05 
        79.5      31.8461     0.999844   0.00174555 -9.87615e-05 
        79.5      32.0773     0.999845   0.00174523  -9.7775e-05 
        79.5      32.3093     0.999845   0.00174492 -9.67855e-05 
        79.5      32.5421     0.999845   0.00174461 -9.58009e-05 
        79.5      32.7758     0.999846    0.0017443 -9.48211e-05 
        79.5      33.0104     0.999846   0.00174399  -9.3846e-05 
        79.5      33.2457     0.999847   0.00174368 -9.28753e-05 
        79.5      33.4819     0.999847   0.00174336 -9.19089e-05 
        79.5       33.719     0.999848   0.00174305 -9.09466e-05 
        79.5      33.9568     0.999848   0.00174273 -8.99882e-05 
        79.5      34.1956     0.999849   0.00174241 -8.90336e-05 
        79.5      34.4351     0.999849   0.00174208 -8.80825e-05 
        79.5      34.6755     0.999849   0.00174175 -8.71347e-05 
        79.5      34.9167      0.99985   0.00174142 -8.61899e-05 
        79.5      35.1588      0.99985   0.00174108 -8.52479e-05 
        79.5      35.4017     0.999851   0.00174074 -8.43085e-05 
        79.5      35.6454     0.999851   0.00174039 -8.33713e-05 
        79.5      35.8899     0.999852   0.00174004 -8.24362e-05 
        79.5      36.1354     0.999852   0.00173968 -8.15028e-05 
        79.5      36.3816     0.999853   0.00173932 -8.05708e-05 
        79.5      36.6287     0.999853   0.00173896 -7.96398e-05 
        79.5      36.8766     0.999854    0.0017386 -7.87097e-05 
        79.5      37.1253     0.999855   0.00173823 -7.77799e-05 
        79.5      37.3749     0.999855   0.00173786 -7.68503e-05 
        79.5      37.6253     0.999856   0.00173749 -7.59203e-05 
        79.5      37.8766     0.999856   0.00173712 -7.49897e-05 
        79.5      38.1287     0.999857   0.00173675  -7.4058e-05 
        79.5      38.3816     0.999857   0.00173639 -7.31248e-05 
        79.5      38.6353     0.999858   0.00173602 -7.21897e-05 
        79.5      38.8899     0.999858   0.00173565 -7.12522e-05 
        79.5      39.1454     0.999859   0.00173529  -7.0312e-05 
        79.5      39.4016     0.999859   0.00173494 -6.93685e-05 
        79.5      39.6588      0.99986   0.00173458 -6.84212e-05 
        79.5      39.9167      0.99986   0.00173424 -6.74697e-05 
        79.5      40.1755     0.999861   0.00173389 -6.65134e-05 
        79.5      40.4351     0.999862   0.00173356 -6.55518e-05 
        79.5      40.6955     0.999862   0.00173323 -6.45844e-05 
        79.5      40.9568     0.999863    0.0017329 -6.36314e-05 
        79.5      41.2189     0.999863   0.00173253 -6.27606e-05 
        79.5      41.4819     0.999864   0.00173214 -6.18891e-05 
        79.5      41.7457     0.999864   0.00173176 -6.10167e-05 
        79.5      42.0103     0.999865   0.00173137 -6.01431e-05 
        79.5      42.2758     0.999866   0.00173097 -5.92682e-05 
        79.5      42.5421     0.999866   0.00173058 -5.83915e-05 
        79.5      42.8092     0.999867   0.00173018  -5.7513e-05 
        79.5      43.0772     0.999868   0.00172978 -5.66324e-05 
        79.5       43.346     0.999868   0.00172939 -5.57494e-05 
        79.5      43.6157     0.999869   0.00172899 -5.48638e-05 
        79.5      43.8862      0.99987    0.0017286 -5.39754e-05 
        79.5      44.1575      0.99987   0.00172821 -5.30839e-05 
        79.5      44.4296     0.999871   0.00172783  -5.2189e-05 
        79.5      44.7026     0.999872   0.00172745 -5.12907e-05 
        79.5      44.9765     0.999872   0.00172708 -5.03885e-05 
        79.5      45.2511     0.999873   0.00172671 -4.94824e-05 
        79.5      45.5266     0.999874   0.00172635  -4.8572e-05 
        79.5       45.803     0.999874   0.00172599 -4.76572e-05 
        79.5      46.0801     0.999875   0.00172564 -4.67377e-05 
        79.5      46.3581     0.999876    0.0017253 -4.58133e-05 
        79.5       46.637     0.999877   0.00172496 -4.48837e-05 
        79.5      46.9167     0.999877   0.00172463 -4.39488e-05 
        79.5      47.1972     0.999878   0.00172431 -4.30084e-05 
        79.5      47.4785     0.999879   0.00172399 -4.21076e-05 
        79.5      47.7607      0.99988   0.00172367 -4.12611e-05 
        79.5      48.0438      0.99988   0.00172332 -4.04124e-05 
        79.5      48.3276     0.999881   0.00172296 -3.95617e-05 
        79.5      48.6123     0.999882   0.00172257 -3.87093e-05 
        79.5      48.8979     0.999883   0.00172217 -3.78552e-05 
        79.5      49.1842     0.999883   0.00172175 -3.69995e-05 
        79.5      49.4714     0.999884   0.00172133 -3.61425e-05 
        79.5      49.7595     0.999885    0.0017209 -3.52842e-05 
        79.5      50.0484     0.999886   0.00172047 -3.44247e-05 
        79.5      50.3381     0.999887   0.00172003 -3.35643e-05 
        79.5      50.6286     0.999887   0.00171959  -3.2703e-05 
        79.5        50.92     0.999888   0.00171916  -3.1841e-05 
        79.5      51.2122     0.999889   0.00171872 -3.09784e-05 
        79.5      51.5053      0.99989   0.00171829 -3.01153e-05 
        79.5      51.7992     0.999891   0.00171787 -2.92519e-05 
        79.5      52.0939     0.999891   0.00171745 -2.83882e-05 
        79.5      52.3895     0.999892   0.00171704 -2.75245e-05 
        79.5      52.6859     0.999893   0.00171663 -2.66607e-05 
        79.5      52.9831     0.999894   0.00171624 -2.57971e-05 
        79.5      53.2812     0.999895   0.00171585 -2.49338e-05 
        79.5      53.5801     0.999896   0.00171547 -2.40708e-05 
        79.5      53.8799     0.999896    0.0017151 -2.32082e-05 
        79.5      54.1805     0.999897   0.00171473 -2.23463e-05 
        79.5      54.4819     0.999898   0.00171437  -2.1485e-05 
        79.5      54.7841     0.999899   0.00171402 -2.06245e-05 
        79.5      55.0872       0.9999   0.00171368 -1.97649e-05 
        79.5      55.3912       0.9999   0.00171334 -1.89062e-05 
        79.5      55.6959     0.999901   0.00171301 -1.80486e-05 
        79.5      56.0015     0.999902   0.00171268 -1.71922e-05 
        79.5       56.308     0.999903   0.00171235  -1.6337e-05 
        79.5      56.6152     0.999904   0.00171203 -1.54831e-05 
        79.5      56.9233     0.999904   0.00171171 -1.46306e-05 
        79.5      57.2323     0.999905   0.00171139 -1.37795e-05 
        79.5      57.5421     0.999906   0.00171106 -1.29301e-05 
        79.5      57.8527     0.999907   0.00171074 -1.20822e-05 
        79.5      58.1641     0.999908   0.00171041 -1.12359e-05 
        79.5      58.4764     0.999909   0.00171007 -1.03915e-05 
        79.5      58.7896     0.999909   0.00170973 -9.54873e-06 
        79.5      59.1035      0.99991   0.00170938 -8.70783e-06 
        79.5      59.4183     0.999911   0.00170902 -7.86879e-06 
        79.5      59.7339     0.999912   0.00170866 -7.03166e-06 
        79.5      60.0504     0.999913   0.00170828 -6.19647e-06 
        79.5      60.3677     0.999914   0.00170789 -5.36325e-06 
        79.5      60.6859     0.999915   0.00170749 -4.53202e-06 
        79.5      61.0048     0.999916   0.00170708  -3.7028e-06 
        79.5      61.3247     0.999917   0.00170666  -2.8756e-06 
        79.5      61.6453     0.999918   0.00170622 -2.05043e-06 
        79.5      61.9668     0.999919   0.00170577 -1.22729e-06 
        79.5      62.2891      0.99992    0.0017053 -4.06171e-07 
        79.5      62.6123     0.999921   0.00170482  4.12934e-07 
        79.5      62.9363     0.999922   0.00170438  1.30688e-06 
        79.5      63.2611     0.999923   0.00170396  2.21887e-06 
        79.5      63.5868     0.999924   0.00170356  3.12699e-06 
        79.5      63.9133     0.999925   0.00170317  4.03073e-06 
        79.5      64.2406     0.999926    0.0017028  4.92957e-06 
        79.5      64.5688     0.999927   0.00170245  5.82294e-06 
        79.5      64.8978     0.999928   0.00170211  6.71029e-06 
        79.5      65.2277     0.999929    0.0017018  7.59103e-06 
        79.5      65.5583      0.99993    0.0017015  8.46457e-06 
        79.5      65.8899     0.999931   0.00170123  9.33027e-06 
        79.5      66.2222     0.999932   0.00170098  1.01875e-05 
        79.5      66.5554     0.999933   0.00170076  1.10356e-05 
        79.5      66.8894     0.999934   0.00170056  1.18739e-05 
        79.5      67.2243     0.999935   0.00170039  1.27017e-05 
        79.5        67.56     0.999936   0.00170026  1.35183e-05 
        79.5      67.8966     0.999937   0.00170015  1.43229e-05 
        79.5      68.2339     0.999938   0.00170008  1.51148e-05 
        79.5      68.5721     0.999939   0.00170004  1.58932e-05 
        79.5      68.9112      0.99994   0.00170004  1.66573e-05 
        79.5      69.2511     0.999941   0.00170002  1.74386e-05 
        79.5      69.5918     0.999942   0.00169986  1.82766e-05 
        79.5      69.9333     0.999943   0.00169961  1.91156e-05 
        79.5      70.2757     0.999944   0.00169929  1.99554e-05 
        79.5      70.6189     0.999946   0.00169891   2.0796e-05 
        79.5       70.963     0.999947   0.00169846   2.1637e-05 
        79.5      71.3079     0.999948   0.00169795  2.24784e-05 
        79.5      71.6536     0.999949    0.0016974  2.33198e-05 
        79.5      72.0002      0.99995   0.00169681  2.41611e-05 
        79.5      72.3476     0.999951   0.00169619  2.50019e-05 
        79.5      72.6959     0.999952   0.00169553  2.58421e-05 
        79.5      73.0449     0.999953   0.00169494  2.67045e-05 
        79.5      73.3949     0.999954   0.00169444  2.76015e-05 
        79.5      73.7456     0.999954   0.00169394  2.85088e-05 
        79.5      74.0972     0.999955   0.00169343  2.94251e-05 
        79.5      74.4496     0.999955   0.00169293  3.03496e-05 
        79.5      74.8029     0.999956   0.00169243  3.12811e-05 
        79.5       75.157     0.999957   0.00169193  3.22188e-05 
        79.5      75.5119     0.999957   0.00169144  3.31615e-05 
        79.5      75.8677     0.999958   0.00169095  3.41085e-05 
        79.5      76.2243     0.999959   0.00169046  3.50588e-05 
        79.5      76.5817      0.99996   0.00168999  3.60115e-05 
        79.5        76.94     0.999961   0.00168951  3.69659e-05 
        79.5      77.2991     0.999962   0.00168905  3.79211e-05 
        79.5      77.6591     0.999963   0.00168859  3.88763e-05 
        79.5      78.0198     0.999964   0.00168815  3.98309e-05 
        79.5      78.3815     0.999966   0.00168771  4.07841e-05 
        79.5      78.7439     0.999967   0.00168728  4.17353e-05 
        79.5      79.1072     0.999968   0.00168687  4.26839e-05 
        79.5      79.4714      0.99997   0.00168646  4.36294e-05 
        79.5      79.8363     0.999971   0.00168607  4.45711e-05 
        79.5      80.2021     0.999972   0.00168569  4.55086e-05 
        79.5      80.5688     0.999974   0.00168532  4.64415e-05 
        79.5      80.9362     0.999975   0.00168497  4.73693e-05 
        79.5      81.3045     0.999977   0.00168463  4.82917e-05 
        79.5      81.6737     0.999978   0.00168431  4.92085e-05 
        79.5      82.0437      0.99998     0.001684  5.01193e-05 
        79.5      82.4145     0.999981    0.0016837  5.10239e-05 
        79.5      82.7861     0.999983   0.00168342  5.19222e-05 
        79.5      83.1586     0.999984   0.00168316  5.28141e-05 
        79.5       83.532     0.999985   0.00168291  5.36995e-05 
        79.5      83.9061     0.999987   0.00168267  5.45784e-05 
        79.5      84.2811     0.999988   0.00168244  5.54509e-05 
        79.5       84.657      0.99999   0.00168223  5.63171e-05 
        79.5      85.0336     0.999991   0.00168203  5.71771e-05 
        79.5      85.4111     0.999992   0.00168185  5.80312e-05 
        79.5      85.7895     0.999993   0.00168167  5.88797e-05 
        79.5      86.1687     0.999995    0.0016815   5.9723e-05 
        79.5      86.5487     0.999996   0.00168135  6.05613e-05 
        79.5      86.9295     0.999997    0.0016812  6.13953e-05 
        79.5      87.3112     0.999998   0.00168106  6.22254e-05 
        79.5      87.6937     0.999999   0.00168092  6.30522e-05 
        79.5      88.0771            1   0.00168078  6.38765e-05 
        79.5      88.4613            1   0.00168065   6.4699e-05 
        79.5      88.8463            1   0.00168052  6.55205e-05 
        79.5      89.2322            1   0.00168038  6.63419e-05 
        79.5      89.6189            1   0.00168023  6.71641e-05 
        79.5      90.0064            1   0.00168008  6.79881e-05 
        79.5      90.3948            1   0.00167992  6.88152e-05 
        79.5       90.784            1   0.00167974  6.96465e-05 
        79.5      91.1741      1.00001   0.00167955  7.04832e-05 
        79.5       91.565      1.00001   0.00167933  7.13267e-05 
        79.5      91.9567      1.00001   0.00167909  7.21784e-05 
        79.5      92.3492      1.00001   0.00167882  7.30399e-05 
        79.5      92.7426      1.00001   0.00167852  7.39127e-05 
        79.5      93.1369      1.00001   0.00167818  7.47986e-05 
        79.5      93.5319      1.00001    0.0016778  7.56993e-05 
        79.5      93.9278      1.00001   0.00167737  7.66166e-05 
        79.5      94.3246      1.00001   0.00167689  7.75526e-05 
        79.5      94.7221      1.00002   0.00167634  7.85092e-05 
        79.5      95.1206      1.00002   0.00167574  7.94886e-05 
        79.5      95.5198      1.00002   0.00167506  8.04931e-05 
        79.5      95.9199      1.00002    0.0016743   8.1525e-05 
        79.5      96.3208      1.00003   0.00167346  8.25867e-05 
        79.5      96.7226      1.00003   0.00167252  8.36807e-05 
        79.5      97.1251      1.00003   0.00167149  8.48097e-05 
        79.5      97.5286      1.00004   0.00167035  8.59765e-05 
        79.5      97.9328      1.00004   0.00166909  8.71838e-05 
        79.5      98.3379      1.00004   0.00166837  8.82728e-05 
        79.5      98.7439      1.00004   0.00166822  8.92305e-05 
        79.5      99.1506      1.00004   0.00166807  9.01879e-05 
        79.5      99.5583      1.00004   0.00166792  9.11453e-05 
        79.5      99.9667      1.00004   0.00166777  9.21025e-05 
        79.5      100.376      1.00004   0.00166761  9.30599e-05 
        79.5      100.786      1.00004   0.00166746  9.40174e-05 
        79.5      101.197      1.00004   0.00166731  9.49752e-05 
        79.5      101.609      1.00003   0.00166715  9.59333e-05 
        79.5      102.021      1.00003   0.00166699  9.68919e-05 
        79.5      102.435      1.00003   0.00166683   9.7851e-05 
        79.5      102.849      1.00003   0.00166666  9.88108e-05 
        79.5      103.264      1.00003    0.0016665  9.97713e-05 
        79.5       103.68      1.00003   0.00166632  0.000100733 
        79.5      104.097      1.00003   0.00166615  0.000101695 
        79.5      104.515      1.00003   0.00166597  0.000102658 
        79.5      104.933      1.00003   0.00166578  0.000103622 
        79.5      105.353      1.00003   0.00166559  0.000104587 
        79.5      105.773      1.00003    0.0016654  0.000105554 
        79.5      106.194      1.00003    0.0016652  0.000106521 
        79.5      106.616      1.00003   0.00166499   0.00010749 
        79.5      107.038      1.00004   0.00166478  0.000108461 
        79.5      107.462      1.00004   0.00166456  0.000109432 
        79.5      107.886      1.00004   0.00166434  0.000110405 
        79.5      108.311      1.00004   0.00166411   0.00011138 
        79.5      108.737      1.00004   0.00166387  0.000112356 
        79.5      109.164      1.00004   0.00166362  0.000113334 
        79.5      109.592      1.00004   0.00166337  0.000114313 
        79.5       110.02      1.00004   0.00166311  0.000115294 
        79.5       110.45      1.00005   0.00166284  0.000116277 
        79.5       110.88      1.00005   0.00166256  0.000117261 
        79.5      111.311      1.00005   0.00166228  0.000118247 
        79.5      111.743      1.00005   0.00166198  0.000119235 
        79.5      112.175      1.00005   0.00166168  0.000120224 
        79.5      112.609      1.00005   0.00166137  0.000121216 
        79.5      113.043      1.00006   0.00166105  0.000122209 
        79.5      113.478      1.00006   0.00166072  0.000123203 
        79.5      113.914      1.00006   0.00166038    0.0001242 
        79.5      114.351      1.00006   0.00166003  0.000125198 
        79.5      114.789      1.00006   0.00165967  0.000126197 
        79.5      115.228      1.00007    0.0016593  0.000127199 
        79.5      115.667      1.00007   0.00165891  0.000128202 
        79.5      116.107      1.00007   0.00165852  0.000129206 
        79.5      116.548      1.00007   0.00165812  0.000130212 
        79.5       116.99      1.00008   0.00165771   0.00013122 
        79.5      117.433      1.00008   0.00165728  0.000132229 
        79.5      117.876      1.00008   0.00165685  0.000133239 
        79.5      118.321      1.00009    0.0016564  0.000134251 
        79.5      118.766      1.00009   0.00165594  0.000135264 
        79.5      119.212      1.00009   0.00165546  0.000136278 
        79.5      119.659      1.00009   0.00165498  0.000137294 
        79.5      120.107       1.0001   0.00165448   0.00013831 
        79.5      120.555       1.0001   0.00165397  0.000139327 
        79.5      121.005       1.0001   0.00165345  0.000140345 
        79.5      121.455       1.0001   0.00165291  0.000141364 
        79.5      121.906      1.00011   0.00165236  0.000142383 
        79.5      122.358      1.00011   0.00165179  0.000143403 
        79.5      122.811      1.00011   0.00165121  0.000144423 
        79.5      123.264      1.00012   0.00165062  0.000145443 
        79.5      123.719      1.00012   0.00165001  0.000146464 
        79.5      124.174      1.00012   0.00164939  0.000147484 
        79.5       124.63      1.00012   0.00164874  0.000148504 
        79.5      125.087      1.00013   0.00164809  0.000149523 
        79.5      125.545      1.00013   0.00164741  0.000150542 
        79.5      126.003      1.00013   0.00164689  0.000151769 
        79.5      126.463      1.00013   0.00164643  0.000153087 
        79.5      126.923      1.00013   0.00164597  0.000154405 
        79.5      127.384      1.00014    0.0016455  0.000155723 
        79.5      127.846      1.00014   0.00164504  0.000157042 
        79.5      128.309      1.00014   0.00164457   0.00015836 
        79.5      128.773      1.00014    0.0016441  0.000159678 
        79.5      129.237      1.00015   0.00164363  0.000160996 
        79.5      129.702      1.00015   0.00164316  0.000162312 
        79.5      130.169      1.00015   0.00164269  0.000163627 
        79.5      130.636      1.00015   0.00164221  0.000164941 
        79.5      131.103      1.00015   0.00164174  0.000166253 
        79.5      131.572      1.00015   0.00164126  0.000167563 
        79.5      132.041      1.00016   0.00164079   0.00016887 
        79.5      132.512      1.00016   0.00164031  0.000170175 
        79.5      132.983      1.00016   0.00163984  0.000171478 
        79.5      133.455      1.00016   0.00163936  0.000172777 
        79.5      133.928      1.00016   0.00163889  0.000174074 
        79.5      134.401      1.00016   0.00163841  0.000175366 
        79.5      134.876      1.00016   0.00163794  0.000176655 
        79.5      135.351      1.00016   0.00163747   0.00017794 
        79.5      135.827      1.00016     0.001637  0.000179221 
        79.5      136.304      1.00016   0.00163653  0.000180498 
        79.5      136.782      1.00016   0.00163606  0.000181769 
        79.5      137.261      1.00016    0.0016356  0.000183036 
        79.5       137.74      1.00016   0.00163514  0.000184298 
        79.5      138.221      1.00016   0.00163469  0.000185555 
        79.5      138.702      1.00016   0.00163424  0.000186806 
        79.5      139.184      1.00016   0.00163379  0.000188051 
        79.5      139.667      1.00016   0.00163335   0.00018929 
        79.5      140.151      1.00015   0.00163291  0.000190523 
        79.5      140.635      1.00015   0.00163249  0.000191749 
        79.5       141.12      1.00015   0.00163206  0.000192969 
        79.5      141.607      1.00014   0.00163165  0.000194182 
        79.5      142.094      1.00014   0.00163125  0.000195388 
        79.5      142.582      1.00014   0.00163085  0.000196587 
        79.5       143.07      1.00013   0.00163047  0.000197778 
        79.5       143.56      1.00013    0.0016301  0.000198962 
        79.5       144.05      1.00012   0.00162973  0.000200138 
        79.5      144.541      1.00011   0.00162939  0.000201306 
        79.5      145.033      1.00011   0.00162905  0.000202465 
        79.5      145.526       1.0001   0.00162873  0.000203616 
        79.5       146.02      1.00009   0.00162843  0.000204759 
        79.5      146.515      1.00008   0.00162815  0.000205893 
        79.5       147.01      1.00007   0.00162788  0.000207018 
        79.5      147.506      1.00006   0.00162764  0.000208134 
        79.5      148.003      1.00005   0.00162741  0.000209241 
        79.5      148.501      1.00004   0.00162721  0.000210338 
        79.5          149      1.00003   0.00162703  0.000211426 
        79.5        149.5      1.00001   0.00162688  0.000212505 
        79.5          150            1   0.00162676  0.000213573 
