Variables = x, y, u, v, p

Zone, I=600, F=POINT
        -8.5            0            0            0  -0.00068669 
        -8.5     0.000418  0.000245658  2.03366e-10  -0.00068669 
        -8.5     0.001672  0.000982618    1.318e-09 -0.000686689 
        -8.5     0.003763   0.00221142  4.87258e-09 -0.000686688 
        -8.5     0.006689   0.00393081  1.34503e-08 -0.000686687 
        -8.5     0.010451   0.00614127  3.07589e-08 -0.000686685 
        -8.5      0.01505   0.00884323  6.17123e-08 -0.000686681 
        -8.5     0.020485    0.0120359  1.12508e-07 -0.000686676 
        -8.5     0.026756    0.0157192  1.90744e-07  -0.00068667 
        -8.5     0.033863    0.0198927   3.0552e-07 -0.000686662 
        -8.5     0.041806    0.0245562  4.67541e-07 -0.000686653 
        -8.5     0.050585    0.0297092  6.89214e-07 -0.000686642 
        -8.5     0.060201    0.0353522  9.84769e-07  -0.00068663 
        -8.5     0.070652    0.0414833   1.3702e-06 -0.000686618 
        -8.5      0.08194    0.0481033  1.86358e-06 -0.000686606 
        -8.5     0.094063    0.0552104  2.48482e-06 -0.000686595 
        -8.5     0.107023    0.0628052  3.25607e-06 -0.000686585 
        -8.5     0.120819    0.0708863  4.20158e-06 -0.000686577 
        -8.5     0.135451    0.0794531  5.34798e-06  -0.00068657 
        -8.5     0.150919    0.0885047  6.72455e-06 -0.000686565 
        -8.5     0.167224    0.0980406  8.36375e-06 -0.000686558 
        -8.5     0.184364     0.108059  1.03014e-05 -0.000686548 
        -8.5     0.202341     0.118559  1.25785e-05 -0.000686528 
        -8.5     0.221153     0.129539  1.52414e-05 -0.000686491 
        -8.5     0.240802     0.140998  1.83445e-05 -0.000686425 
        -8.5     0.261287     0.152931  2.19166e-05 -0.000686397 
        -8.5     0.282608     0.165337  2.59915e-05 -0.000686407 
        -8.5     0.304765     0.178218  3.06472e-05 -0.000686394 
        -8.5     0.327758     0.191569  3.59441e-05 -0.000686362 
        -8.5     0.351588     0.205388  4.19442e-05 -0.000686314 
        -8.5     0.376253     0.219667  4.87093e-05 -0.000686253 
        -8.5     0.401755     0.234402  5.63025e-05 -0.000686183 
        -8.5     0.428092     0.249586  6.47856e-05 -0.000686108 
        -8.5     0.455266     0.265211  7.42214e-05 -0.000686031 
        -8.5     0.483276     0.281269  8.46711e-05 -0.000685954 
        -8.5     0.512122     0.297751  9.61962e-05 -0.000685877 
        -8.5     0.541805     0.314647  0.000108859   -0.0006858 
        -8.5     0.572323     0.331944  0.000122724 -0.000685721 
        -8.5     0.603677     0.349631  0.000137857 -0.000685633 
        -8.5     0.635868     0.367694  0.000154333 -0.000685527 
        -8.5     0.668894     0.386117  0.000172232 -0.000685389 
        -8.5     0.702757     0.404885  0.000191652 -0.000685201 
        -8.5     0.737456     0.423979  0.000212706 -0.000684938 
        -8.5     0.772991     0.443431  0.000235157 -0.000684667 
        -8.5     0.809362      0.46315  0.000259242 -0.000684442 
        -8.5      0.84657     0.483072  0.000285139 -0.000684225 
        -8.5     0.884613     0.503166   0.00031281 -0.000684004 
        -8.5     0.923492     0.523401  0.000342215  -0.00068377 
        -8.5     0.963208     0.543744   0.00037331 -0.000683512 
        -8.5      1.00376     0.564158  0.000406047 -0.000683221 
        -8.5      1.04515     0.584606  0.000440374 -0.000682886 
        -8.5      1.08737     0.605047  0.000476234 -0.000682499 
        -8.5      1.13043     0.625438  0.000513568 -0.000682052 
        -8.5      1.17433     0.645733  0.000552308  -0.00068154 
        -8.5      1.21906     0.665884   0.00059238 -0.000680958 
        -8.5      1.26463      0.68584  0.000633703 -0.000680306 
        -8.5      1.31103     0.705546  0.000676177 -0.000679583 
        -8.5      1.35827     0.724945  0.000719693 -0.000678796 
        -8.5      1.40635     0.743977  0.000764119 -0.000677952 
        -8.5      1.45526     0.762578    0.0008093 -0.000677065 
        -8.5      1.50501     0.780681  0.000855047 -0.000676154 
        -8.5       1.5556     0.798215  0.000901136 -0.000675242 
        -8.5      1.60702     0.815107  0.000947297 -0.000674361 
        -8.5      1.65928      0.83128  0.000993201 -0.000673549 
        -8.5      1.71237     0.846651   0.00103845 -0.000672853 
        -8.5       1.7663     0.861031   0.00108298 -0.000672037 
        -8.5      1.82106     0.874388   0.00112676 -0.000670599 
        -8.5      1.87667     0.887036   0.00116871 -0.000669131 
        -8.5      1.93311     0.898965   0.00120875 -0.000667633 
        -8.5      1.99038     0.910171   0.00124684 -0.000666105 
        -8.5      2.04849     0.920648   0.00128294 -0.000664545 
        -8.5      2.10744     0.930396   0.00131701 -0.000662954 
        -8.5      2.16722     0.939416   0.00134902 -0.000661331 
        -8.5      2.22784     0.947714   0.00137894 -0.000659676 
        -8.5      2.28929     0.955296   0.00140676 -0.000657989 
        -8.5      2.35158     0.962173   0.00143249 -0.000656267 
        -8.5      2.41471     0.968358   0.00145612 -0.000654512 
        -8.5      2.47867     0.973869   0.00147768 -0.000652722 
        -8.5      2.54347     0.978725   0.00149718 -0.000650897 
        -8.5      2.60911      0.98295   0.00151466 -0.000649035 
        -8.5      2.67558     0.986573   0.00153017 -0.000647136 
        -8.5      2.74288     0.989624   0.00154378 -0.000645199 
        -8.5      2.81103     0.992138   0.00155553 -0.000643222 
        -8.5      2.88001     0.994156   0.00156553 -0.000641206 
        -8.5      2.94983      0.99572   0.00157385 -0.000639147 
        -8.5      3.02048     0.996877    0.0015806 -0.000637046 
        -8.5      3.09197     0.997681    0.0015859   -0.0006349 
        -8.5      3.16429     0.998188   0.00158986 -0.000632707 
        -8.5      3.23745     0.998459   0.00159262 -0.000630467 
        -8.5      3.31145     0.998561   0.00159433 -0.000628177 
        -8.5      3.38628     0.998565   0.00159514 -0.000625836 
        -8.5      3.46195     0.998546   0.00159521  -0.00062344 
        -8.5      3.53845     0.998588   0.00159473 -0.000620987 
        -8.5      3.61579     0.998775   0.00159386 -0.000618476 
        -8.5      3.69397     0.999201   0.00159279 -0.000615903 
        -8.5      3.77298     0.999726   0.00159238 -0.000613464 
        -8.5      3.85283     0.999805   0.00159315 -0.000611377 
        -8.5      3.93352     0.999875   0.00159332 -0.000609129 
        -8.5      4.01504     0.999936   0.00159301 -0.000606743 
        -8.5       4.0974      0.99999   0.00159236 -0.000604238 
        -8.5      4.18059      1.00004   0.00159147 -0.000601635 
        -8.5      4.26462      1.00008   0.00159045 -0.000598954 
        -8.5      4.34949      1.00011   0.00158936 -0.000596212 
        -8.5      4.43519      1.00013   0.00158828 -0.000593426 
        -8.5      4.52173      1.00016   0.00158726 -0.000590611 
        -8.5       4.6091      1.00017   0.00158632  -0.00058778 
        -8.5      4.69731      1.00018   0.00158549 -0.000584945 
        -8.5      4.78636      1.00019   0.00158478 -0.000582116 
        -8.5      4.87624      1.00019   0.00158417 -0.000579297 
        -8.5      4.96696      1.00019   0.00158365 -0.000576493 
        -8.5      5.05851      1.00019   0.00158319 -0.000573705 
        -8.5       5.1509      1.00018   0.00158275  -0.00057093 
        -8.5      5.24413      1.00017    0.0015823  -0.00056816 
        -8.5       5.3382      1.00016   0.00158179 -0.000565386 
        -8.5      5.43309      1.00015   0.00158118 -0.000562592 
        -8.5      5.52883      1.00013   0.00158044 -0.000559759 
        -8.5       5.6254      1.00012   0.00157984 -0.000556789 
        -8.5      5.72281      1.00011   0.00157908 -0.000553994 
        -8.5      5.82105       1.0001   0.00157861  -0.00055115 
        -8.5      5.92013       1.0001   0.00157802 -0.000548199 
        -8.5      6.02005       1.0001   0.00157735 -0.000545164 
        -8.5       6.1208       1.0001   0.00157664 -0.000542062 
        -8.5      6.22239       1.0001   0.00157593 -0.000538913 
        -8.5      6.32482       1.0001   0.00157525 -0.000535733 
        -8.5      6.42808       1.0001   0.00157463 -0.000532537 
        -8.5      6.53217       1.0001    0.0015741 -0.000529337 
        -8.5      6.63711       1.0001   0.00157367 -0.000526144 
        -8.5      6.74287       1.0001   0.00157335 -0.000522966 
        -8.5      6.84948      1.00011   0.00157315 -0.000519809 
        -8.5      6.95692      1.00011   0.00157307 -0.000516676 
        -8.5       7.0652      1.00011   0.00157307 -0.000513565 
        -8.5      7.17431      1.00011   0.00157314 -0.000510474 
        -8.5      7.28426      1.00011   0.00157324 -0.000507395 
        -8.5      7.39505      1.00011   0.00157331 -0.000504317 
        -8.5      7.50667       1.0001   0.00157328 -0.000501224 
        -8.5      7.61913       1.0001   0.00157308 -0.000498096 
        -8.5      7.73242      1.00009    0.0015726  -0.00049491 
        -8.5      7.84655      1.00008   0.00157171 -0.000491636 
        -8.5      7.96152      1.00007   0.00157067 -0.000488305 
        -8.5      8.07732      1.00005   0.00157134 -0.000485176 
        -8.5      8.19396      1.00004   0.00157189 -0.000481923 
        -8.5      8.31143      1.00003   0.00157231 -0.000478597 
        -8.5      8.42974      1.00002   0.00157259  -0.00047525 
        -8.5      8.54889      1.00002   0.00157273 -0.000471929 
        -8.5      8.66887      1.00001   0.00157273 -0.000468681 
        -8.5      8.78969      1.00001    0.0015726 -0.000465553 
        -8.5      8.91135      1.00002   0.00157234 -0.000462586 
        -8.5      9.03384      1.00002   0.00157193 -0.000459822 
        -8.5      9.15717      1.00003   0.00157139 -0.000457298 
        -8.5      9.28133      1.00003   0.00157116 -0.000454526 
        -8.5      9.40633      1.00004   0.00157217 -0.000450564 
        -8.5      9.53216      1.00004   0.00157316 -0.000446781 
        -8.5      9.65884      1.00004   0.00157405 -0.000443166 
        -8.5      9.78634      1.00005   0.00157478 -0.000439702 
        -8.5      9.91469      1.00005   0.00157529 -0.000436361 
        -8.5      10.0439      1.00006   0.00157558 -0.000433109 
        -8.5      10.1739      1.00006   0.00157565 -0.000429904 
        -8.5      10.3047      1.00007   0.00157555 -0.000426694 
        -8.5      10.4364      1.00007   0.00157538 -0.000423416 
        -8.5      10.5689      1.00007   0.00157529 -0.000419998 
        -8.5      10.7023      1.00006    0.0015763  -0.00041661 
        -8.5      10.8365      1.00006   0.00157779 -0.000413413 
        -8.5      10.9715      1.00005     0.001579 -0.000410265 
        -8.5      11.1074      1.00004   0.00157997 -0.000407146 
        -8.5      11.2441      1.00004   0.00158072  -0.00040404 
        -8.5      11.3817      1.00003   0.00158129 -0.000400933 
        -8.5        11.52      1.00002   0.00158173 -0.000397814 
        -8.5      11.6592      1.00001    0.0015821 -0.000394673 
        -8.5      11.7993      1.00001   0.00158244 -0.000391506 
        -8.5      11.9402            1   0.00158281  -0.00038831 
        -8.5      12.0819     0.999995   0.00158326 -0.000385087 
        -8.5      12.2245     0.999991   0.00158385 -0.000381842 
        -8.5      12.3679     0.999987    0.0015846 -0.000378584 
        -8.5      12.5121     0.999985   0.00158552 -0.000375326 
        -8.5      12.6572     0.999984   0.00158664 -0.000372086 
        -8.5      12.8031     0.999984   0.00158791 -0.000368886 
        -8.5      12.9498     0.999984    0.0015893 -0.000365754 
        -8.5      13.0974     0.999985   0.00159071 -0.000362721 
        -8.5      13.2458     0.999984   0.00159152 -0.000359696 
        -8.5       13.395     0.999981   0.00159205 -0.000356626 
        -8.5      13.5451     0.999978    0.0015927 -0.000353569 
        -8.5       13.696     0.999976   0.00159346 -0.000350525 
        -8.5      13.8478     0.999974   0.00159433 -0.000347496 
        -8.5      14.0004     0.999972   0.00159531 -0.000344483 
        -8.5      14.1538      0.99997   0.00159638 -0.000341484 
        -8.5      14.3081     0.999969   0.00159753   -0.0003385 
        -8.5      14.4632     0.999968   0.00159876  -0.00033553 
        -8.5      14.6191     0.999968   0.00160004 -0.000332572 
        -8.5      14.7759     0.999967   0.00160135 -0.000329624 
        -8.5      14.9335     0.999966   0.00160268 -0.000326682 
        -8.5      15.0919     0.999966   0.00160401 -0.000323744 
        -8.5      15.2512     0.999966   0.00160532 -0.000320804 
        -8.5      15.4113     0.999965   0.00160658 -0.000317857 
        -8.5      15.5723     0.999965   0.00160778 -0.000314899 
        -8.5      15.7341     0.999964   0.00160891 -0.000311921 
        -8.5      15.8967     0.999963   0.00160993 -0.000308916 
        -8.5      16.0602     0.999962   0.00161085 -0.000305876 
        -8.5      16.2245      0.99996   0.00161206 -0.000303007 
        -8.5      16.3896     0.999957    0.0016136  -0.00030032 
        -8.5      16.5556     0.999954   0.00161512 -0.000297635 
        -8.5      16.7224     0.999951   0.00161663 -0.000294953 
        -8.5        16.89     0.999948   0.00161812  -0.00029227 
        -8.5      17.0585     0.999945   0.00161959 -0.000289587 
        -8.5      17.2278     0.999943   0.00162104 -0.000286902 
        -8.5      17.3979      0.99994   0.00162248 -0.000284216 
        -8.5      17.5689     0.999938   0.00162391 -0.000281529 
        -8.5      17.7408     0.999936   0.00162533 -0.000278841 
        -8.5      17.9134     0.999934   0.00162675 -0.000276154 
        -8.5      18.0869     0.999933   0.00162817 -0.000273468 
        -8.5      18.2612     0.999931   0.00162959 -0.000270786 
        -8.5      18.4364      0.99993   0.00163102 -0.000268109 
        -8.5      18.6124     0.999929   0.00163246 -0.000265441 
        -8.5      18.7892     0.999928   0.00163392 -0.000262785 
        -8.5      18.9669     0.999927   0.00163538 -0.000260144 
        -8.5      19.1454     0.999926   0.00163687 -0.000257524 
        -8.5      19.3248     0.999926   0.00163837 -0.000254928 
        -8.5       19.505     0.999925   0.00163988 -0.000252362 
        -8.5       19.686     0.999925    0.0016414 -0.000249833 
        -8.5      19.8678     0.999924   0.00164292 -0.000247347 
        -8.5      20.0505     0.999923   0.00164444 -0.000244912 
        -8.5      20.2341     0.999922   0.00164614   -0.0002425 
        -8.5      20.4184      0.99992   0.00164783 -0.000240102 
        -8.5      20.6036     0.999918   0.00164949 -0.000237718 
        -8.5      20.7897     0.999917   0.00165113 -0.000235348 
        -8.5      20.9765     0.999915   0.00165277 -0.000232992 
        -8.5      21.1642     0.999914   0.00165439  -0.00023065 
        -8.5      21.3528     0.999913     0.001656 -0.000228322 
        -8.5      21.5422     0.999911   0.00165761 -0.000226007 
        -8.5      21.7324      0.99991   0.00165922 -0.000223707 
        -8.5      21.9234     0.999909   0.00166083 -0.000221422 
        -8.5      22.1153     0.999908   0.00166244 -0.000219152 
        -8.5       22.308     0.999906   0.00166407 -0.000216899 
        -8.5      22.5016     0.999905    0.0016657 -0.000214662 
        -8.5       22.696     0.999904   0.00166735 -0.000212443 
        -8.5      22.8912     0.999903   0.00166901 -0.000210244 
        -8.5      23.0873     0.999902   0.00167069 -0.000208064 
        -8.5      23.2842     0.999901   0.00167238 -0.000205907 
        -8.5       23.482       0.9999    0.0016741 -0.000203773 
        -8.5      23.6805     0.999899   0.00167584 -0.000201664 
        -8.5        23.88     0.999898   0.00167759 -0.000199583 
        -8.5      24.0802     0.999897   0.00167936  -0.00019753 
        -8.5      24.2813     0.999896   0.00168115  -0.00019551 
        -8.5      24.4832     0.999895   0.00168295 -0.000193524 
        -8.5       24.686     0.999894   0.00168476 -0.000191574 
        -8.5      24.8896     0.999894   0.00168644  -0.00018954 
        -8.5       25.094     0.999893   0.00168805 -0.000187467 
        -8.5      25.2993     0.999892   0.00168967  -0.00018542 
        -8.5      25.5054     0.999892    0.0016913   -0.0001834 
        -8.5      25.7123     0.999891   0.00169294 -0.000181407 
        -8.5      25.9201      0.99989   0.00169459 -0.000179439 
        -8.5      26.1287      0.99989   0.00169625 -0.000177497 
        -8.5      26.3381     0.999889   0.00169791 -0.000175579 
        -8.5      26.5484     0.999889   0.00169959 -0.000173686 
        -8.5      26.7595     0.999888   0.00170127 -0.000171817 
        -8.5      26.9715     0.999888   0.00170295  -0.00016997 
        -8.5      27.1843     0.999887   0.00170464 -0.000168145 
        -8.5      27.3979     0.999887   0.00170634 -0.000166341 
        -8.5      27.6124     0.999886   0.00170803 -0.000164557 
        -8.5      27.8277     0.999886   0.00170973 -0.000162792 
        -8.5      28.0438     0.999885   0.00171142 -0.000161044 
        -8.5      28.2608     0.999885   0.00171311 -0.000159311 
        -8.5      28.4786     0.999884   0.00171479 -0.000157593 
        -8.5      28.6972     0.999884   0.00171647 -0.000155888 
        -8.5      28.9167     0.999883   0.00171813 -0.000154193 
        -8.5       29.137     0.999882   0.00171977 -0.000152507 
        -8.5      29.3582     0.999882    0.0017214 -0.000150828 
        -8.5      29.5802     0.999882   0.00172304 -0.000149157 
        -8.5       29.803     0.999881   0.00172468   -0.0001475 
        -8.5      30.0267     0.999881   0.00172631 -0.000145855 
        -8.5      30.2512     0.999881   0.00172794 -0.000144223 
        -8.5      30.4765     0.999881   0.00172957 -0.000142604 
        -8.5      30.7027     0.999881   0.00173119 -0.000140997 
        -8.5      30.9297     0.999881    0.0017328 -0.000139403 
        -8.5      31.1575      0.99988   0.00173442 -0.000137821 
        -8.5      31.3862      0.99988   0.00173602 -0.000136252 
        -8.5      31.6157      0.99988   0.00173762 -0.000134695 
        -8.5      31.8461      0.99988   0.00173922  -0.00013315 
        -8.5      32.0773      0.99988   0.00174081 -0.000131618 
        -8.5      32.3093      0.99988   0.00174239 -0.000130098 
        -8.5      32.5421     0.999879   0.00174397 -0.000128589 
        -8.5      32.7758     0.999879   0.00174554 -0.000127093 
        -8.5      33.0104     0.999879   0.00174711 -0.000125608 
        -8.5      33.2457     0.999879   0.00174867 -0.000124135 
        -8.5      33.4819     0.999879   0.00175022 -0.000122674 
        -8.5       33.719     0.999879   0.00175176 -0.000121224 
        -8.5      33.9568     0.999879    0.0017533 -0.000119785 
        -8.5      34.1956     0.999879   0.00175482 -0.000118357 
        -8.5      34.4351     0.999879   0.00175634  -0.00011694 
        -8.5      34.6755     0.999879   0.00175785 -0.000115534 
        -8.5      34.9167     0.999879   0.00175936 -0.000114138 
        -8.5      35.1588     0.999879   0.00176085 -0.000112753 
        -8.5      35.4017     0.999879   0.00176233 -0.000111377 
        -8.5      35.6454     0.999879   0.00176381 -0.000110012 
        -8.5      35.8899     0.999879   0.00176527 -0.000108656 
        -8.5      36.1354     0.999879   0.00176673  -0.00010731 
        -8.5      36.3816     0.999879   0.00176819 -0.000105963 
        -8.5      36.6287     0.999879   0.00176966 -0.000104622 
        -8.5      36.8766     0.999879   0.00177112 -0.000103292 
        -8.5      37.1253     0.999879   0.00177257  -0.00010197 
        -8.5      37.3749      0.99988   0.00177402 -0.000100658 
        -8.5      37.6253      0.99988   0.00177545 -9.93555e-05 
        -8.5      37.8766      0.99988   0.00177687 -9.80613e-05 
        -8.5      38.1287      0.99988   0.00177828 -9.67754e-05 
        -8.5      38.3816      0.99988   0.00177968 -9.54976e-05 
        -8.5      38.6353     0.999881   0.00178107 -9.42272e-05 
        -8.5      38.8899     0.999881   0.00178244 -9.29641e-05 
        -8.5      39.1454     0.999881   0.00178381 -9.17076e-05 
        -8.5      39.4016     0.999881   0.00178517 -9.04574e-05 
        -8.5      39.6588     0.999882   0.00178651  -8.9213e-05 
        -8.5      39.9167     0.999882   0.00178785 -8.79738e-05 
        -8.5      40.1755     0.999882   0.00178918 -8.67393e-05 
        -8.5      40.4351     0.999882    0.0017905 -8.55089e-05 
        -8.5      40.6955     0.999883   0.00179182 -8.42822e-05 
        -8.5      40.9568     0.999883   0.00179314 -8.30651e-05 
        -8.5      41.2189     0.999883   0.00179445 -8.18672e-05 
        -8.5      41.4819     0.999884   0.00179576 -8.06729e-05 
        -8.5      41.7457     0.999884   0.00179704 -7.94822e-05 
        -8.5      42.0103     0.999884   0.00179832  -7.8295e-05 
        -8.5      42.2758     0.999885   0.00179959 -7.71114e-05 
        -8.5      42.5421     0.999885   0.00180085 -7.59312e-05 
        -8.5      42.8092     0.999885    0.0018021 -7.47547e-05 
        -8.5      43.0772     0.999886   0.00180334 -7.35816e-05 
        -8.5       43.346     0.999886   0.00180457 -7.24119e-05 
        -8.5      43.6157     0.999886   0.00180579 -7.12458e-05 
        -8.5      43.8862     0.999887     0.001807  -7.0083e-05 
        -8.5      44.1575     0.999887    0.0018082 -6.89236e-05 
        -8.5      44.4296     0.999888   0.00180939 -6.77675e-05 
        -8.5      44.7026     0.999888   0.00181058 -6.66146e-05 
        -8.5      44.9765     0.999888   0.00181175 -6.54649e-05 
        -8.5      45.2511     0.999889   0.00181292 -6.43183e-05 
        -8.5      45.5266     0.999889   0.00181408 -6.31748e-05 
        -8.5       45.803      0.99989   0.00181523 -6.20342e-05 
        -8.5      46.0801      0.99989   0.00181638 -6.08964e-05 
        -8.5      46.3581     0.999891   0.00181751 -5.97614e-05 
        -8.5       46.637     0.999891   0.00181864  -5.8629e-05 
        -8.5      46.9167     0.999891   0.00181976 -5.74991e-05 
        -8.5      47.1972     0.999892   0.00182087 -5.63716e-05 
        -8.5      47.4785     0.999892   0.00182197 -5.52464e-05 
        -8.5      47.7607     0.999893   0.00182307 -5.41233e-05 
        -8.5      48.0438     0.999893   0.00182416 -5.30022e-05 
        -8.5      48.3276     0.999894   0.00182524 -5.18828e-05 
        -8.5      48.6123     0.999894   0.00182631 -5.07655e-05 
        -8.5      48.8979     0.999895   0.00182736 -4.96553e-05 
        -8.5      49.1842     0.999895    0.0018284 -4.85478e-05 
        -8.5      49.4714     0.999896   0.00182944 -4.74429e-05 
        -8.5      49.7595     0.999897   0.00183046 -4.63404e-05 
        -8.5      50.0484     0.999897   0.00183148 -4.52401e-05 
        -8.5      50.3381     0.999898    0.0018325  -4.4142e-05 
        -8.5      50.6286     0.999898    0.0018335 -4.30457e-05 
        -8.5        50.92     0.999899   0.00183449 -4.19513e-05 
        -8.5      51.2122     0.999899   0.00183548 -4.08584e-05 
        -8.5      51.5053       0.9999   0.00183645  -3.9767e-05 
        -8.5      51.7992       0.9999   0.00183742 -3.86768e-05 
        -8.5      52.0939     0.999901   0.00183838 -3.75877e-05 
        -8.5      52.3895     0.999902   0.00183933 -3.64995e-05 
        -8.5      52.6859     0.999902   0.00184027 -3.54121e-05 
        -8.5      52.9831     0.999903    0.0018412 -3.43251e-05 
        -8.5      53.2812     0.999903   0.00184212 -3.32386e-05 
        -8.5      53.5801     0.999904   0.00184303 -3.21521e-05 
        -8.5      53.8799     0.999905   0.00184393 -3.10657e-05 
        -8.5      54.1805     0.999905   0.00184483  -2.9979e-05 
        -8.5      54.4819     0.999906   0.00184571 -2.88919e-05 
        -8.5      54.7841     0.999906   0.00184658 -2.78042e-05 
        -8.5      55.0872     0.999907   0.00184745 -2.67157e-05 
        -8.5      55.3912     0.999908   0.00184831 -2.56262e-05 
        -8.5      55.6959     0.999908   0.00184916 -2.45354e-05 
        -8.5      56.0015     0.999909      0.00185 -2.34432e-05 
        -8.5       56.308      0.99991   0.00185083 -2.23493e-05 
        -8.5      56.6152      0.99991   0.00185165 -2.12536e-05 
        -8.5      56.9233     0.999911   0.00185247 -2.01558e-05 
        -8.5      57.2323     0.999912   0.00185328 -1.90557e-05 
        -8.5      57.5421     0.999912   0.00185409 -1.79531e-05 
        -8.5      57.8527     0.999913   0.00185489 -1.68478e-05 
        -8.5      58.1641     0.999913   0.00185568 -1.57395e-05 
        -8.5      58.4764     0.999914   0.00185647  -1.4628e-05 
        -8.5      58.7896     0.999915   0.00185725 -1.35131e-05 
        -8.5      59.1035     0.999915   0.00185803 -1.23945e-05 
        -8.5      59.4183     0.999916   0.00185881 -1.12721e-05 
        -8.5      59.7339     0.999917   0.00185959 -1.01455e-05 
        -8.5      60.0504     0.999917   0.00186036 -9.01451e-06 
        -8.5      60.3677     0.999918   0.00186114 -7.87893e-06 
        -8.5      60.6859     0.999918   0.00186191 -6.73849e-06 
        -8.5      61.0048     0.999919   0.00186269 -5.59295e-06 
        -8.5      61.3247     0.999919   0.00186342  -4.5059e-06 
        -8.5      61.6453      0.99992   0.00186411 -3.45641e-06 
        -8.5      61.9668     0.999921   0.00186479 -2.39223e-06 
        -8.5      62.2891     0.999921   0.00186546 -1.31478e-06 
        -8.5      62.6123     0.999922   0.00186611 -2.25467e-07 
        -8.5      62.9363     0.999922   0.00186676   8.7436e-07 
        -8.5      63.2611     0.999923   0.00186741  1.98338e-06 
        -8.5      63.5868     0.999924   0.00186804  3.10029e-06 
        -8.5      63.9133     0.999925   0.00186867  4.22386e-06 
        -8.5      64.2406     0.999925    0.0018693  5.35285e-06 
        -8.5      64.5688     0.999926   0.00186993   6.4861e-06 
        -8.5      64.8978     0.999927   0.00187056  7.62247e-06 
        -8.5      65.2277     0.999928   0.00187118  8.76087e-06 
        -8.5      65.5583     0.999929   0.00187182  9.90026e-06 
        -8.5      65.8899     0.999929   0.00187245  1.10396e-05 
        -8.5      66.2222      0.99993    0.0018731   1.2178e-05 
        -8.5      66.5554     0.999931   0.00187375  1.33145e-05 
        -8.5      66.8894     0.999932   0.00187441  1.44482e-05 
        -8.5      67.2243     0.999933   0.00187509  1.55784e-05 
        -8.5        67.56     0.999934   0.00187578  1.67043e-05 
        -8.5      67.8966     0.999934   0.00187648  1.78252e-05 
        -8.5      68.2339     0.999935   0.00187716  1.89516e-05 
        -8.5      68.5721     0.999936   0.00187767  2.01159e-05 
        -8.5      68.9112     0.999936   0.00187818  2.12806e-05 
        -8.5      69.2511     0.999937   0.00187869  2.24458e-05 
        -8.5      69.5918     0.999937   0.00187919  2.36117e-05 
        -8.5      69.9333     0.999938    0.0018797  2.47787e-05 
        -8.5      70.2757     0.999939   0.00188019  2.59469e-05 
        -8.5      70.6189     0.999939   0.00188069  2.71166e-05 
        -8.5       70.963      0.99994   0.00188118   2.8288e-05 
        -8.5      71.3079      0.99994   0.00188166  2.94614e-05 
        -8.5      71.6536     0.999941   0.00188214  3.06368e-05 
        -8.5      72.0002     0.999942   0.00188261  3.18145e-05 
        -8.5      72.3476     0.999942   0.00188307  3.29948e-05 
        -8.5      72.6959     0.999943   0.00188353  3.41777e-05 
        -8.5      73.0449     0.999944   0.00188398  3.53635e-05 
        -8.5      73.3949     0.999944   0.00188443  3.65524e-05 
        -8.5      73.7456     0.999945   0.00188487  3.77444e-05 
        -8.5      74.0972     0.999946    0.0018853  3.89397e-05 
        -8.5      74.4496     0.999947   0.00188573  4.01386e-05 
        -8.5      74.8029     0.999947   0.00188615   4.1341e-05 
        -8.5       75.157     0.999948   0.00188657  4.25472e-05 
        -8.5      75.5119     0.999949   0.00188698  4.37572e-05 
        -8.5      75.8677      0.99995   0.00188739  4.49711e-05 
        -8.5      76.2243      0.99995   0.00188779  4.61891e-05 
        -8.5      76.5817     0.999951   0.00188819  4.74112e-05 
        -8.5        76.94     0.999952   0.00188858  4.86375e-05 
        -8.5      77.2991     0.999953   0.00188898  4.98681e-05 
        -8.5      77.6591     0.999953   0.00188936  5.11029e-05 
        -8.5      78.0198     0.999954   0.00188975  5.23421e-05 
        -8.5      78.3815     0.999955   0.00189014  5.35856e-05 
        -8.5      78.7439     0.999956   0.00189052  5.48335e-05 
        -8.5      79.1072     0.999956    0.0018909  5.60858e-05 
        -8.5      79.4714     0.999957   0.00189128  5.73424e-05 
        -8.5      79.8363     0.999958   0.00189166  5.86034e-05 
        -8.5      80.2021     0.999959   0.00189204  5.98687e-05 
        -8.5      80.5688     0.999959   0.00189241  6.11382e-05 
        -8.5      80.9362      0.99996   0.00189279  6.24119e-05 
        -8.5      81.3045     0.999961   0.00189317  6.36896e-05 
        -8.5      81.6737     0.999962   0.00189354  6.49714e-05 
        -8.5      82.0437     0.999962   0.00189392  6.62571e-05 
        -8.5      82.4145     0.999963   0.00189429  6.75466e-05 
        -8.5      82.7861     0.999964   0.00189466  6.88396e-05 
        -8.5      83.1586     0.999964   0.00189503  7.01362e-05 
        -8.5       83.532     0.999965    0.0018954   7.1436e-05 
        -8.5      83.9061     0.999966   0.00189576   7.2739e-05 
        -8.5      84.2811     0.999966   0.00189612  7.40448e-05 
        -8.5       84.657     0.999967   0.00189639   7.5266e-05 
        -8.5      85.0336     0.999968   0.00189663  7.64555e-05 
        -8.5      85.4111     0.999968   0.00189687  7.76574e-05 
        -8.5      85.7895     0.999969   0.00189712  7.88723e-05 
        -8.5      86.1687      0.99997   0.00189737  8.01002e-05 
        -8.5      86.5487      0.99997   0.00189764  8.13414e-05 
        -8.5      86.9295     0.999971   0.00189792  8.25955e-05 
        -8.5      87.3112     0.999971   0.00189822  8.38625e-05 
        -8.5      87.6937     0.999972   0.00189853  8.51417e-05 
        -8.5      88.0771     0.999972   0.00189885  8.64326e-05 
        -8.5      88.4613     0.999973   0.00189918  8.77341e-05 
        -8.5      88.8463     0.999974   0.00189951  8.90454e-05 
        -8.5      89.2322     0.999974   0.00189985   9.0365e-05 
        -8.5      89.6189     0.999975   0.00190019  9.16915e-05 
        -8.5      90.0064     0.999975   0.00190052  9.30232e-05 
        -8.5      90.3948     0.999976   0.00190084  9.43583e-05 
        -8.5       90.784     0.999976   0.00190112  9.56945e-05 
        -8.5      91.1741     0.999977   0.00190137  9.70296e-05 
        -8.5       91.565     0.999978   0.00190156  9.83142e-05 
        -8.5      91.9567     0.999979   0.00190165   9.9513e-05 
        -8.5      92.3492      0.99998   0.00190167  0.000100718 
        -8.5      92.7426     0.999981   0.00190163   0.00010193 
        -8.5      93.1369     0.999982   0.00190153   0.00010315 
        -8.5      93.5319     0.999983   0.00190138  0.000104379 
        -8.5      93.9278     0.999984   0.00190117  0.000105618 
        -8.5      94.3246     0.999986   0.00190092  0.000106868 
        -8.5      94.7221     0.999987   0.00190063   0.00010813 
        -8.5      95.1206     0.999989    0.0019003  0.000109404 
        -8.5      95.5198      0.99999   0.00189995  0.000110691 
        -8.5      95.9199     0.999991   0.00189976  0.000112219 
        -8.5      96.3208     0.999992   0.00189965  0.000113848 
        -8.5      96.7226     0.999993   0.00189957  0.000115481 
        -8.5      97.1251     0.999993   0.00189951  0.000117116 
        -8.5      97.5286     0.999994   0.00189947  0.000118755 
        -8.5      97.9328     0.999995   0.00189945  0.000120396 
        -8.5      98.3379     0.999995   0.00189945   0.00012204 
        -8.5      98.7439     0.999996   0.00189948  0.000123685 
        -8.5      99.1506     0.999996   0.00189952  0.000125332 
        -8.5      99.5583     0.999996   0.00189958  0.000126981 
        -8.5      99.9667     0.999997   0.00189967  0.000128631 
        -8.5      100.376     0.999997   0.00189977  0.000130281 
        -8.5      100.786     0.999997   0.00189988  0.000131932 
        -8.5      101.197     0.999998   0.00190001  0.000133583 
        -8.5      101.609     0.999998   0.00190016  0.000135234 
        -8.5      102.021     0.999998   0.00190032  0.000136885 
        -8.5      102.435     0.999998    0.0019005  0.000138535 
        -8.5      102.849     0.999998   0.00190069  0.000140184 
        -8.5      103.264     0.999999   0.00190089  0.000141831 
        -8.5       103.68     0.999999    0.0019011  0.000143477 
        -8.5      104.097     0.999999   0.00190131  0.000145121 
        -8.5      104.515     0.999999   0.00190154  0.000146763 
        -8.5      104.933     0.999999   0.00190177  0.000148403 
        -8.5      105.353     0.999999   0.00190201  0.000149866 
        -8.5      105.773            1   0.00190222  0.000151291 
        -8.5      106.194            1   0.00190243  0.000152722 
        -8.5      106.616            1   0.00190261  0.000154158 
        -8.5      107.038            1   0.00190279  0.000155599 
        -8.5      107.462            1   0.00190294  0.000157046 
        -8.5      107.886            1   0.00190309  0.000158498 
        -8.5      108.311            1   0.00190321  0.000159955 
        -8.5      108.737            1   0.00190332  0.000161416 
        -8.5      109.164      1.00001   0.00190342  0.000162882 
        -8.5      109.592      1.00001   0.00190349  0.000164353 
        -8.5       110.02      1.00001   0.00190356  0.000165829 
        -8.5       110.45      1.00001   0.00190361  0.000167308 
        -8.5       110.88      1.00001   0.00190364  0.000168792 
        -8.5      111.311      1.00001   0.00190366   0.00017028 
        -8.5      111.743      1.00001   0.00190366  0.000171773 
        -8.5      112.175      1.00001   0.00190364  0.000173269 
        -8.5      112.609      1.00001   0.00190361  0.000174769 
        -8.5      113.043      1.00001   0.00190357  0.000176273 
        -8.5      113.478      1.00001   0.00190351   0.00017778 
        -8.5      113.914      1.00002   0.00190344  0.000179291 
        -8.5      114.351      1.00002   0.00190335  0.000180805 
        -8.5      114.789      1.00002   0.00190325  0.000182323 
        -8.5      115.228      1.00002   0.00190313  0.000183844 
        -8.5      115.667      1.00002     0.001903  0.000185367 
        -8.5      116.107      1.00002   0.00190285  0.000186895 
        -8.5      116.548      1.00002   0.00190269  0.000188425 
        -8.5       116.99      1.00002   0.00190252  0.000189957 
        -8.5      117.433      1.00003   0.00190234  0.000191493 
        -8.5      117.876      1.00003   0.00190214  0.000193031 
        -8.5      118.321      1.00003   0.00190193  0.000194572 
        -8.5      118.766      1.00003   0.00190171  0.000196116 
        -8.5      119.212      1.00003   0.00190148  0.000197662 
        -8.5      119.659      1.00003   0.00190123   0.00019921 
        -8.5      120.107      1.00003   0.00190098  0.000200761 
        -8.5      120.555      1.00004   0.00190071  0.000202313 
        -8.5      121.005      1.00004   0.00190043  0.000203869 
        -8.5      121.455      1.00004   0.00190015  0.000205426 
        -8.5      121.906      1.00004   0.00189985  0.000206985 
        -8.5      122.358      1.00004   0.00189954  0.000208546 
        -8.5      122.811      1.00004   0.00189923  0.000210109 
        -8.5      123.264      1.00004    0.0018989  0.000211674 
        -8.5      123.719      1.00005   0.00189857  0.000213241 
        -8.5      124.174      1.00005   0.00189823   0.00021481 
        -8.5       124.63      1.00005   0.00189789   0.00021638 
        -8.5      125.087      1.00005   0.00189754  0.000217952 
        -8.5      125.545      1.00005   0.00189718  0.000219526 
        -8.5      126.003      1.00005   0.00189681  0.000221102 
        -8.5      126.463      1.00005   0.00189644  0.000222679 
        -8.5      126.923      1.00006   0.00189607  0.000224257 
        -8.5      127.384      1.00006   0.00189569  0.000225837 
        -8.5      127.846      1.00006   0.00189531  0.000227419 
        -8.5      128.309      1.00006   0.00189492  0.000229002 
        -8.5      128.773      1.00006   0.00189453  0.000230587 
        -8.5      129.237      1.00006   0.00189414  0.000232173 
        -8.5      129.702      1.00006   0.00189374  0.000233761 
        -8.5      130.169      1.00007   0.00189335   0.00023535 
        -8.5      130.636      1.00007   0.00189295  0.000236941 
        -8.5      131.103      1.00007   0.00189255  0.000238533 
        -8.5      131.572      1.00007   0.00189216  0.000240127 
        -8.5      132.041      1.00007   0.00189176  0.000241722 
        -8.5      132.512      1.00007   0.00189136  0.000243319 
        -8.5      132.983      1.00007   0.00189097  0.000244917 
        -8.5      133.455      1.00007   0.00189057  0.000246517 
        -8.5      133.928      1.00007   0.00189018  0.000248118 
        -8.5      134.401      1.00007   0.00188979  0.000249721 
        -8.5      134.876      1.00007   0.00188941  0.000251326 
        -8.5      135.351      1.00007   0.00188903  0.000252933 
        -8.5      135.827      1.00007   0.00188865  0.000254541 
        -8.5      136.304      1.00007   0.00188827  0.000256152 
        -8.5      136.782      1.00008    0.0018879  0.000257764 
        -8.5      137.261      1.00007   0.00188754  0.000259378 
        -8.5       137.74      1.00007   0.00188718  0.000260994 
        -8.5      138.221      1.00007   0.00188682  0.000262613 
        -8.5      138.702      1.00007   0.00188647  0.000264233 
        -8.5      139.184      1.00007   0.00188613  0.000265856 
        -8.5      139.667      1.00007    0.0018858  0.000267481 
        -8.5      140.151      1.00007   0.00188547  0.000269109 
        -8.5      140.635      1.00007   0.00188515  0.000270739 
        -8.5       141.12      1.00007   0.00188483  0.000272373 
        -8.5      141.607      1.00007   0.00188453  0.000274008 
        -8.5      142.094      1.00007   0.00188423  0.000275647 
        -8.5      142.582      1.00006   0.00188393  0.000277289 
        -8.5       143.07      1.00006   0.00188365  0.000278934 
        -8.5       143.56      1.00006   0.00188338  0.000280582 
        -8.5       144.05      1.00006   0.00188311  0.000282234 
        -8.5      144.541      1.00005   0.00188285   0.00028389 
        -8.5      145.033      1.00005    0.0018826  0.000285549 
        -8.5      145.526      1.00005   0.00188236  0.000287212 
        -8.5       146.02      1.00004   0.00188212  0.000288879 
        -8.5      146.515      1.00004   0.00188189  0.000290551 
        -8.5       147.01      1.00003   0.00188168  0.000292227 
        -8.5      147.506      1.00003   0.00188146  0.000293908 
        -8.5      148.003      1.00002   0.00188126  0.000295593 
        -8.5      148.501      1.00002   0.00188106  0.000297284 
        -8.5          149      1.00001   0.00188087  0.000298979 
        -8.5        149.5      1.00001   0.00188069  0.000300681 
        -8.5          150            1   0.00188051  0.000302388 
