Variables = x, y, u, v, p

Zone, I=600, F=POINT
        32.5            0           -0           -0  0.000124192 
        32.5     0.000418   0.00024664 -8.92473e-09  0.000124183 
        32.5     0.001672  0.000986519 -2.90787e-08  0.000124154 
        32.5     0.003763    0.0022201 -4.08654e-08  0.000124105 
        32.5     0.006689     0.003946 -1.24655e-08  0.000124035 
        32.5     0.010451   0.00616449  9.89262e-08  0.000123941 
        32.5      0.01505   0.00887577  3.45715e-07  0.000123824 
        32.5     0.020485    0.0120787  7.88122e-07  0.000123684 
        32.5     0.026756    0.0157728  1.49269e-06  0.000123526 
        32.5     0.033863    0.0199571  2.53093e-06  0.000123355 
        32.5     0.041806    0.0246309  3.97841e-06  0.000123182 
        32.5     0.050585     0.029793  5.91441e-06  0.000123021 
        32.5     0.060201    0.0354429  8.42253e-06   0.00012289 
        32.5     0.070652    0.0415778  1.15906e-05  0.000122809 
        32.5      0.08194    0.0481975  1.55143e-05  0.000122802 
        32.5     0.094063    0.0552987   2.0296e-05  0.000122887 
        32.5     0.107023    0.0628804  2.60496e-05  0.000123082 
        32.5     0.120819    0.0709398  3.28982e-05   0.00012339 
        32.5     0.135451    0.0794739  4.09739e-05  0.000123801 
        32.5     0.150919    0.0884796  5.04125e-05  0.000124276 
        32.5     0.167224    0.0979541   6.1344e-05  0.000124742 
        32.5     0.184364     0.107892  7.38719e-05  0.000125073 
        32.5     0.202341      0.11829    8.805e-05  0.000125078 
        32.5     0.221153     0.129143  0.000103835  0.000124482 
        32.5     0.240802     0.140446  0.000121032  0.000122899 
        32.5     0.261287     0.152203  0.000140842  0.000122281 
        32.5     0.282608     0.164394  0.000163247  0.000123294 
        32.5     0.304765     0.176998  0.000187173  0.000124254 
        32.5     0.327758     0.190008  0.000212738  0.000125116 
        32.5     0.351588     0.203414  0.000240035  0.000125841 
        32.5     0.376253     0.217207   0.00026911  0.000126393 
        32.5     0.401755     0.231378   0.00029997  0.000126742 
        32.5     0.428092     0.245916  0.000332567  0.000126871 
        32.5     0.455266     0.260812  0.000366801  0.000126778 
        32.5     0.483276     0.276053  0.000402517  0.000126483 
        32.5     0.512122     0.291628  0.000439516  0.000126032 
        32.5     0.541805     0.307525  0.000477565  0.000125506 
        32.5     0.572323      0.32373  0.000516416  0.000125025 
        32.5     0.603677      0.34023  0.000555839  0.000124759 
        32.5     0.635868     0.357013  0.000595661  0.000124937 
        32.5     0.668894     0.374061  0.000635817  0.000125857 
        32.5     0.702757     0.391361  0.000676426  0.000127898 
        32.5     0.737456     0.408895  0.000717874   0.00013153 
        32.5     0.772991     0.426639  0.000758952  0.000132209 
        32.5     0.809362     0.444646  0.000799801  0.000130845 
        32.5      0.84657     0.462914  0.000841358  0.000129892 
        32.5     0.884613     0.481419  0.000883743  0.000129335 
        32.5     0.923492     0.500138  0.000927073  0.000129155 
        32.5     0.963208     0.519043  0.000971451   0.00012933 
        32.5      1.00376     0.538104   0.00101697  0.000129834 
        32.5      1.04515      0.55729   0.00106369  0.000130634 
        32.5      1.08737     0.576566   0.00111168  0.000131696 
        32.5      1.13043     0.595896   0.00116097  0.000132982 
        32.5      1.17433     0.615239   0.00121156  0.000134448 
        32.5      1.21906     0.634555   0.00126344  0.000136048 
        32.5      1.26463     0.653796   0.00131657  0.000137733 
        32.5      1.31103     0.672916   0.00137087  0.000139448 
        32.5      1.35827     0.691862   0.00142625  0.000141137 
        32.5      1.40635     0.710581   0.00148258  0.000142741 
        32.5      1.45526     0.729014   0.00153974  0.000144198 
        32.5      1.50501       0.7471   0.00159754  0.000145443 
        32.5       1.5556     0.764775   0.00165582  0.000146411 
        32.5      1.60702      0.78197    0.0017144  0.000147034 
        32.5      1.65928     0.798615   0.00177308  0.000147243 
        32.5      1.71237     0.814634   0.00183171  0.000146969 
        32.5       1.7663     0.829955   0.00188838  0.000147497 
        32.5      1.82106     0.844588   0.00194033  0.000150807 
        32.5      1.87667     0.858535   0.00199121  0.000153888 
        32.5      1.93311     0.871784   0.00204075  0.000156761 
        32.5      1.99038     0.884326    0.0020887  0.000159443 
        32.5      2.04849     0.896153   0.00213481  0.000161957 
        32.5      2.10744     0.907262   0.00217889  0.000164323 
        32.5      2.16722      0.91765   0.00222074  0.000166562 
        32.5      2.22784     0.927317    0.0022602  0.000168697 
        32.5      2.28929     0.936267   0.00229715   0.00017075 
        32.5      2.35158     0.944505   0.00233148  0.000172742 
        32.5      2.41471      0.95204   0.00236311  0.000174696 
        32.5      2.47867     0.958884   0.00239202  0.000176631 
        32.5      2.54347     0.965052   0.00241818  0.000178569 
        32.5      2.60911     0.970562   0.00244162  0.000180528 
        32.5      2.67558     0.975436   0.00246238  0.000182524 
        32.5      2.74288     0.979699   0.00248055  0.000184574 
        32.5      2.81103     0.983379   0.00249621  0.000186691 
        32.5      2.88001     0.986509   0.00250948  0.000188884 
        32.5      2.94983     0.989125    0.0025205  0.000191162 
        32.5      3.02048     0.991267   0.00252942  0.000193527 
        32.5      3.09197     0.992979   0.00253637  0.000195981 
        32.5      3.16429     0.994309    0.0025415  0.000198519 
        32.5      3.23745      0.99531   0.00254494   0.00020113 
        32.5      3.31145     0.996039   0.00254679  0.000203801 
        32.5      3.38628     0.996556   0.00254711   0.00020651 
        32.5      3.46195     0.996929   0.00254593   0.00020923 
        32.5      3.53845     0.997226   0.00254319  0.000211926 
        32.5      3.61579     0.997523   0.00253875  0.000214555 
        32.5      3.69397     0.997901   0.00253238  0.000217066 
        32.5      3.77298     0.998329   0.00252715  0.000218812 
        32.5      3.85283     0.998534   0.00252766  0.000219517 
        32.5      3.93352     0.998708   0.00252597  0.000220834 
        32.5      4.01504     0.998855   0.00252271  0.000222612 
        32.5       4.0974     0.998976   0.00251838   0.00022471 
        32.5      4.18059     0.999075   0.00251341  0.000226998 
        32.5      4.26462     0.999154   0.00250813   0.00022936 
        32.5      4.34949     0.999216   0.00250279  0.000231693 
        32.5      4.43519     0.999262   0.00249757  0.000233916 
        32.5      4.52173     0.999296   0.00249256  0.000235961 
        32.5       4.6091     0.999318   0.00248783  0.000237788 
        32.5      4.69731     0.999329    0.0024818  0.000239952 
        32.5      4.78636     0.999332   0.00247558  0.000242162 
        32.5      4.87624      0.99933   0.00246958  0.000244297 
        32.5      4.96696     0.999325   0.00246389  0.000246334 
        32.5      5.05851     0.999322   0.00245858  0.000248257 
        32.5       5.1509     0.999321    0.0024537  0.000250048 
        32.5      5.24413     0.999325   0.00244931  0.000251696 
        32.5       5.3382     0.999337    0.0024454  0.000253193 
        32.5      5.43309     0.999358   0.00244195  0.000254535 
        32.5      5.52883     0.999337   0.00243475  0.000255588 
        32.5       5.6254     0.999321   0.00242768  0.000256899 
        32.5      5.72281     0.999309   0.00242099  0.000258396 
        32.5      5.82105     0.999301   0.00241474  0.000260002 
        32.5      5.92013     0.999296    0.0024089  0.000261644 
        32.5      6.02005     0.999293   0.00240342  0.000263262 
        32.5       6.1208     0.999293    0.0023982  0.000264804 
        32.5      6.22239     0.999293   0.00239313   0.00026623 
        32.5      6.32482     0.999294   0.00238796  0.000267421 
        32.5      6.42808     0.999296   0.00238263  0.000268535 
        32.5      6.53217     0.999299   0.00237709  0.000269577 
        32.5      6.63711     0.999303   0.00237132  0.000270558 
        32.5      6.74287     0.999307    0.0023653  0.000271491 
        32.5      6.84948      0.99931   0.00235908  0.000272394 
        32.5      6.95692     0.999313   0.00235272  0.000273287 
        32.5       7.0652     0.999316   0.00234637  0.000274196 
        32.5      7.17431     0.999316   0.00234021  0.000275151 
        32.5      7.28426     0.999315   0.00233476  0.000275931 
        32.5      7.39505     0.999313   0.00232951  0.000276471 
        32.5      7.50667      0.99931     0.002324  0.000277009 
        32.5      7.61913     0.999306   0.00231834  0.000277529 
        32.5      7.73242     0.999302   0.00231258  0.000278019 
        32.5      7.84655     0.999298   0.00230675  0.000278467 
        32.5      7.96152     0.999293   0.00230088  0.000278864 
        32.5      8.07732      0.99929   0.00229497    0.0002792 
        32.5      8.19396     0.999286   0.00228904   0.00027947 
        32.5      8.31143     0.999283   0.00228311   0.00027967 
        32.5      8.42974      0.99928    0.0022772  0.000279798 
        32.5      8.54889     0.999278   0.00227139  0.000279854 
        32.5      8.66887     0.999275   0.00226577  0.000279841 
        32.5      8.78969     0.999273   0.00226052  0.000279765 
        32.5      8.91135     0.999279   0.00225469  0.000279808 
        32.5      9.03384     0.999286   0.00224876  0.000279845 
        32.5      9.15717     0.999294   0.00224284  0.000279854 
        32.5      9.28133     0.999301   0.00223697  0.000279825 
        32.5      9.40633     0.999308   0.00223116  0.000279752 
        32.5      9.53216     0.999314   0.00222543  0.000279628 
        32.5      9.65884      0.99932    0.0022198  0.000279445 
        32.5      9.78634     0.999326   0.00221426  0.000279199 
        32.5      9.91469     0.999331   0.00220881  0.000278884 
        32.5      10.0439     0.999336   0.00220344  0.000278496 
        32.5      10.1739      0.99934   0.00219814  0.000278033 
        32.5      10.3047     0.999343   0.00219288  0.000277493 
        32.5      10.4364     0.999347   0.00218764  0.000276873 
        32.5      10.5689     0.999349   0.00218241  0.000276176 
        32.5      10.7023     0.999352   0.00217714  0.000275402 
        32.5      10.8365     0.999355   0.00217181  0.000274572 
        32.5      10.9715     0.999356   0.00216645  0.000273831 
        32.5      11.1074     0.999358   0.00216117  0.000273002 
        32.5      11.2441     0.999359   0.00215595  0.000272101 
        32.5      11.3817      0.99936   0.00215077  0.000271144 
        32.5        11.52      0.99936    0.0021456   0.00027015 
        32.5      11.6592      0.99936   0.00214043  0.000269137 
        32.5      11.7993     0.999359   0.00213526  0.000268128 
        32.5      11.9402     0.999358   0.00213007  0.000267147 
        32.5      12.0819     0.999356   0.00212491  0.000266219 
        32.5      12.2245     0.999353   0.00211977  0.000265372 
        32.5      12.3679     0.999351   0.00211479  0.000264472 
        32.5      12.5121     0.999352   0.00211006  0.000263096 
        32.5      12.6572     0.999352   0.00210529  0.000261728 
        32.5      12.8031     0.999354   0.00210051  0.000260366 
        32.5      12.9498     0.999355   0.00209572  0.000259005 
        32.5      13.0974     0.999357   0.00209094  0.000257642 
        32.5      13.2458      0.99936   0.00208619  0.000256274 
        32.5       13.395     0.999362   0.00208148  0.000254895 
        32.5      13.5451     0.999365   0.00207682  0.000253501 
        32.5       13.696     0.999368   0.00207222  0.000252087 
        32.5      13.8478     0.999371   0.00206767  0.000250623 
        32.5      14.0004     0.999375   0.00206318  0.000249109 
        32.5      14.1538      0.99938   0.00205873  0.000247582 
        32.5      14.3081     0.999384   0.00205434   0.00024604 
        32.5      14.4632     0.999388   0.00205001  0.000244482 
        32.5      14.6191     0.999392   0.00204573  0.000242905 
        32.5      14.7759     0.999397   0.00204151  0.000241309 
        32.5      14.9335       0.9994   0.00203735  0.000239692 
        32.5      15.0919     0.999404   0.00203324  0.000238053 
        32.5      15.2512     0.999408   0.00202918  0.000236393 
        32.5      15.4113     0.999411   0.00202516  0.000234712 
        32.5      15.5723     0.999414   0.00202119  0.000233009 
        32.5      15.7341     0.999417   0.00201726  0.000231287 
        32.5      15.8967      0.99942   0.00201337  0.000229547 
        32.5      16.0602     0.999423   0.00200951   0.00022779 
        32.5      16.2245     0.999426   0.00200569  0.000226019 
        32.5      16.3896     0.999428    0.0020019  0.000224237 
        32.5      16.5556      0.99943   0.00199816  0.000222448 
        32.5      16.7224     0.999433   0.00199446  0.000220657 
        32.5        16.89     0.999435   0.00199082  0.000218866 
        32.5      17.0585     0.999437   0.00198724  0.000217083 
        32.5      17.2278      0.99944   0.00198374  0.000215313 
        32.5      17.3979     0.999443   0.00198028  0.000213482 
        32.5      17.5689     0.999446   0.00197685  0.000211632 
        32.5      17.7408      0.99945   0.00197348  0.000209776 
        32.5      17.9134     0.999453   0.00197015  0.000207913 
        32.5      18.0869     0.999456   0.00196687  0.000206045 
        32.5      18.2612     0.999459   0.00196363  0.000204172 
        32.5      18.4364     0.999462   0.00196044  0.000202294 
        32.5      18.6124     0.999465   0.00195729  0.000200413 
        32.5      18.7892     0.999468   0.00195419  0.000198529 
        32.5      18.9669     0.999471   0.00195113  0.000196643 
        32.5      19.1454     0.999474   0.00194812  0.000194756 
        32.5      19.3248     0.999477   0.00194515  0.000192868 
        32.5       19.505      0.99948   0.00194222   0.00019098 
        32.5       19.686     0.999483   0.00193933  0.000189093 
        32.5      19.8678     0.999486   0.00193648  0.000187208 
        32.5      20.0505     0.999489   0.00193367  0.000185324 
        32.5      20.2341     0.999492   0.00193089  0.000183444 
        32.5      20.4184     0.999495   0.00192816  0.000181568 
        32.5      20.6036     0.999498   0.00192547  0.000179697 
        32.5      20.7897     0.999501   0.00192282   0.00017783 
        32.5      20.9765     0.999504    0.0019202   0.00017597 
        32.5      21.1642     0.999507   0.00191763  0.000174117 
        32.5      21.3528      0.99951   0.00191509  0.000172271 
        32.5      21.5422     0.999514    0.0019126  0.000170433 
        32.5      21.7324     0.999517   0.00191015  0.000168605 
        32.5      21.9234      0.99952   0.00190775  0.000166786 
        32.5      22.1153     0.999523   0.00190539  0.000164977 
        32.5       22.308     0.999526   0.00190308  0.000163166 
        32.5      22.5016     0.999528   0.00190082  0.000161362 
        32.5       22.696     0.999531   0.00189859  0.000159564 
        32.5      22.8912     0.999534   0.00189641  0.000157775 
        32.5      23.0873     0.999537   0.00189426  0.000155994 
        32.5      23.2842      0.99954   0.00189215  0.000154222 
        32.5       23.482     0.999543   0.00189007   0.00015246 
        32.5      23.6805     0.999546   0.00188804  0.000150709 
        32.5        23.88     0.999549   0.00188603  0.000148968 
        32.5      24.0802     0.999552   0.00188406   0.00014724 
        32.5      24.2813     0.999555   0.00188213  0.000145524 
        32.5      24.4832     0.999557   0.00188022  0.000143821 
        32.5       24.686      0.99956   0.00187835  0.000142133 
        32.5      24.8896     0.999563   0.00187652  0.000140459 
        32.5       25.094     0.999566   0.00187471  0.000138801 
        32.5      25.2993     0.999569   0.00187294  0.000137159 
        32.5      25.5054     0.999572   0.00187119  0.000135532 
        32.5      25.7123     0.999575   0.00186947  0.000133907 
        32.5      25.9201     0.999578   0.00186777  0.000132296 
        32.5      26.1287     0.999581   0.00186611    0.0001307 
        32.5      26.3381     0.999583   0.00186447  0.000129118 
        32.5      26.5484     0.999586   0.00186287   0.00012755 
        32.5      26.7595     0.999589   0.00186129  0.000125997 
        32.5      26.9715     0.999592   0.00185975  0.000124459 
        32.5      27.1843     0.999595   0.00185823  0.000122935 
        32.5      27.3979     0.999598   0.00185674  0.000121426 
        32.5      27.6124       0.9996   0.00185528  0.000119931 
        32.5      27.8277     0.999603   0.00185385  0.000118452 
        32.5      28.0438     0.999606   0.00185245  0.000116987 
        32.5      28.2608     0.999609   0.00185107  0.000115537 
        32.5      28.4786     0.999612   0.00184972  0.000114101 
        32.5      28.6972     0.999614    0.0018484  0.000112681 
        32.5      28.9167     0.999617    0.0018471  0.000111276 
        32.5       29.137      0.99962   0.00184584  0.000109887 
        32.5      29.3582     0.999622   0.00184459  0.000108512 
        32.5      29.5802     0.999625   0.00184337  0.000107153 
        32.5       29.803     0.999628   0.00184218  0.000105809 
        32.5      30.0267     0.999631   0.00184101   0.00010448 
        32.5      30.2512     0.999633   0.00183986  0.000103168 
        32.5      30.4765     0.999636   0.00183874   0.00010187 
        32.5      30.7027     0.999639   0.00183764  0.000100589 
        32.5      30.9297     0.999641   0.00183656  9.93236e-05 
        32.5      31.1575     0.999644    0.0018355  9.80741e-05 
        32.5      31.3862     0.999646   0.00183446  9.68407e-05 
        32.5      31.6157     0.999649   0.00183345  9.56234e-05 
        32.5      31.8461     0.999652   0.00183245  9.44226e-05 
        32.5      32.0773     0.999654   0.00183147  9.32381e-05 
        32.5      32.3093     0.999657   0.00183051  9.20703e-05 
        32.5      32.5421     0.999659   0.00182957  9.09192e-05 
        32.5      32.7758     0.999662   0.00182865  8.97849e-05 
        32.5      33.0104     0.999664   0.00182775  8.86677e-05 
        32.5      33.2457     0.999667   0.00182686  8.75677e-05 
        32.5      33.4819     0.999669   0.00182599   8.6485e-05 
        32.5       33.719     0.999672   0.00182514  8.54199e-05 
        32.5      33.9568     0.999674    0.0018243  8.43725e-05 
        32.5      34.1956     0.999676   0.00182348   8.3343e-05 
        32.5      34.4351     0.999679   0.00182267  8.23315e-05 
        32.5      34.6755     0.999681   0.00182188  8.13384e-05 
        32.5      34.9167     0.999684   0.00182111  8.03638e-05 
        32.5      35.1588     0.999686   0.00182035   7.9408e-05 
        32.5      35.4017     0.999688   0.00181961  7.84711e-05 
        32.5      35.6454     0.999691    0.0018189  7.75347e-05 
        32.5      35.8899     0.999693   0.00181821  7.66094e-05 
        32.5      36.1354     0.999695   0.00181753  7.57005e-05 
        32.5      36.3816     0.999698   0.00181687  7.48076e-05 
        32.5      36.6287       0.9997   0.00181622  7.39302e-05 
        32.5      36.8766     0.999702   0.00181558  7.30703e-05 
        32.5      37.1253     0.999705   0.00181494  7.22486e-05 
        32.5      37.3749     0.999707   0.00181432  7.14415e-05 
        32.5      37.6253     0.999709   0.00181372  7.06491e-05 
        32.5      37.8766     0.999712   0.00181313  6.98714e-05 
        32.5      38.1287     0.999714   0.00181256  6.91084e-05 
        32.5      38.3816     0.999716     0.001812  6.83603e-05 
        32.5      38.6353     0.999718   0.00181146   6.7627e-05 
        32.5      38.8899      0.99972   0.00181093  6.68986e-05 
        32.5      39.1454     0.999723   0.00181041  6.61782e-05 
        32.5      39.4016     0.999725    0.0018099  6.54738e-05 
        32.5      39.6588     0.999727   0.00180941  6.47854e-05 
        32.5      39.9167     0.999729   0.00180892   6.4113e-05 
        32.5      40.1755     0.999731   0.00180844  6.34567e-05 
        32.5      40.4351     0.999734   0.00180797  6.28163e-05 
        32.5      40.6955     0.999736   0.00180752  6.21919e-05 
        32.5      40.9568     0.999738   0.00180707  6.15834e-05 
        32.5      41.2189      0.99974   0.00180663  6.09908e-05 
        32.5      41.4819     0.999742    0.0018062   6.0414e-05 
        32.5      41.7457     0.999744   0.00180578  5.98529e-05 
        32.5      42.0103     0.999746   0.00180537  5.93076e-05 
        32.5      42.2758     0.999748   0.00180497  5.87779e-05 
        32.5      42.5421      0.99975   0.00180457  5.82638e-05 
        32.5      42.8092     0.999752   0.00180419  5.77652e-05 
        32.5      43.0772     0.999754   0.00180381   5.7282e-05 
        32.5       43.346     0.999756   0.00180344   5.6814e-05 
        32.5      43.6157     0.999758   0.00180308  5.63613e-05 
        32.5      43.8862      0.99976   0.00180273  5.59236e-05 
        32.5      44.1575     0.999762   0.00180239  5.55009e-05 
        32.5      44.4296     0.999764   0.00180205   5.5093e-05 
        32.5      44.7026     0.999766   0.00180173  5.46997e-05 
        32.5      44.9765     0.999768   0.00180141  5.43211e-05 
        32.5      45.2511      0.99977   0.00180109  5.39567e-05 
        32.5      45.5266     0.999772   0.00180079  5.36066e-05 
        32.5       45.803     0.999774    0.0018005  5.32706e-05 
        32.5      46.0801     0.999776   0.00180021  5.29484e-05 
        32.5      46.3581     0.999778   0.00179993  5.26399e-05 
        32.5       46.637      0.99978   0.00179966  5.23448e-05 
        32.5      46.9167     0.999782   0.00179939   5.2063e-05 
        32.5      47.1972     0.999783   0.00179914  5.17942e-05 
        32.5      47.4785     0.999785   0.00179889  5.15382e-05 
        32.5      47.7607     0.999787   0.00179865  5.12948e-05 
        32.5      48.0438     0.999789   0.00179841  5.10637e-05 
        32.5      48.3276     0.999791   0.00179818  5.08446e-05 
        32.5      48.6123     0.999793   0.00179796  5.06373e-05 
        32.5      48.8979     0.999795   0.00179775  5.04416e-05 
        32.5      49.1842     0.999796   0.00179754   5.0257e-05 
        32.5      49.4714     0.999798   0.00179734  5.00833e-05 
        32.5      49.7595       0.9998   0.00179714  4.99202e-05 
        32.5      50.0484     0.999802   0.00179695  4.97673e-05 
        32.5      50.3381     0.999804   0.00179676  4.96243e-05 
        32.5      50.6286     0.999805   0.00179658   4.9491e-05 
        32.5        50.92     0.999807    0.0017964  4.93668e-05 
        32.5      51.2122     0.999809   0.00179622  4.92514e-05 
        32.5      51.5053     0.999811   0.00179604  4.91444e-05 
        32.5      51.7992     0.999813   0.00179586  4.90581e-05 
        32.5      52.0939     0.999814   0.00179568  4.90195e-05 
        32.5      52.3895     0.999816   0.00179551  4.89889e-05 
        32.5      52.6859     0.999818   0.00179536  4.89663e-05 
        32.5      52.9831     0.999819   0.00179521  4.89518e-05 
        32.5      53.2812     0.999821   0.00179507  4.89454e-05 
        32.5      53.5801     0.999823   0.00179493  4.89472e-05 
        32.5      53.8799     0.999824    0.0017948  4.89572e-05 
        32.5      54.1805     0.999826   0.00179467  4.89755e-05 
        32.5      54.4819     0.999827   0.00179455  4.90022e-05 
        32.5      54.7841     0.999829   0.00179442  4.90375e-05 
        32.5      55.0872     0.999831    0.0017943  4.90815e-05 
        32.5      55.3912     0.999832   0.00179417  4.91344e-05 
        32.5      55.6959     0.999834   0.00179405  4.91963e-05 
        32.5      56.0015     0.999836   0.00179393  4.92674e-05 
        32.5       56.308     0.999837    0.0017938   4.9348e-05 
        32.5      56.6152     0.999839   0.00179368  4.94383e-05 
        32.5      56.9233     0.999841   0.00179355  4.95385e-05 
        32.5      57.2323     0.999842   0.00179342  4.96489e-05 
        32.5      57.5421     0.999844    0.0017933  4.97699e-05 
        32.5      57.8527     0.999845   0.00179317  4.99017e-05 
        32.5      58.1641     0.999847   0.00179304  5.00447e-05 
        32.5      58.4764     0.999849   0.00179292  5.01993e-05 
        32.5      58.7896      0.99985   0.00179279  5.03659e-05 
        32.5      59.1035     0.999852   0.00179267  5.05448e-05 
        32.5      59.4183     0.999853   0.00179255  5.07365e-05 
        32.5      59.7339     0.999855   0.00179243  5.09415e-05 
        32.5      60.0504     0.999856   0.00179231  5.11602e-05 
        32.5      60.3677     0.999858    0.0017922  5.13932e-05 
        32.5      60.6859     0.999859   0.00179209  5.16411e-05 
        32.5      61.0048      0.99986   0.00179199  5.19044e-05 
        32.5      61.3247     0.999862   0.00179188   5.2181e-05 
        32.5      61.6453     0.999863   0.00179177  5.24692e-05 
        32.5      61.9668     0.999865   0.00179166   5.2771e-05 
        32.5      62.2891     0.999867   0.00179157  5.30856e-05 
        32.5      62.6123     0.999868   0.00179149  5.34127e-05 
        32.5      62.9363      0.99987   0.00179141  5.37517e-05 
        32.5      63.2611     0.999871   0.00179135  5.41021e-05 
        32.5      63.5868     0.999873   0.00179129  5.44632e-05 
        32.5      63.9133     0.999874   0.00179124  5.48346e-05 
        32.5      64.2406     0.999876    0.0017912  5.52157e-05 
        32.5      64.5688     0.999877   0.00179116   5.5606e-05 
        32.5      64.8978     0.999879   0.00179113  5.60049e-05 
        32.5      65.2277      0.99988    0.0017911  5.64118e-05 
        32.5      65.5583     0.999882   0.00179107  5.68262e-05 
        32.5      65.8899     0.999883   0.00179105  5.72476e-05 
        32.5      66.2222     0.999885   0.00179102  5.76752e-05 
        32.5      66.5554     0.999886   0.00179099  5.81087e-05 
        32.5      66.8894     0.999888   0.00179096  5.85473e-05 
        32.5      67.2243     0.999889   0.00179093  5.89906e-05 
        32.5        67.56      0.99989   0.00179088   5.9438e-05 
        32.5      67.8966     0.999892   0.00179082  5.98888e-05 
        32.5      68.2339     0.999893   0.00179075  6.03425e-05 
        32.5      68.5721     0.999895   0.00179066  6.07985e-05 
        32.5      68.9112     0.999896   0.00179055  6.12563e-05 
        32.5      69.2511     0.999898   0.00179042  6.17151e-05 
        32.5      69.5918     0.999899   0.00179026  6.21746e-05 
        32.5      69.9333       0.9999   0.00179007  6.26339e-05 
        32.5      70.2757     0.999902   0.00178984  6.30927e-05 
        32.5      70.6189     0.999903   0.00178958  6.35511e-05 
        32.5       70.963     0.999905   0.00178956  6.40641e-05 
        32.5      71.3079     0.999906   0.00178955  6.45855e-05 
        32.5      71.6536     0.999908   0.00178953  6.51155e-05 
        32.5      72.0002     0.999909   0.00178952  6.56538e-05 
        32.5      72.3476      0.99991   0.00178951  6.62005e-05 
        32.5      72.6959     0.999911    0.0017895  6.67556e-05 
        32.5      73.0449     0.999913   0.00178949  6.73189e-05 
        32.5      73.3949     0.999914   0.00178947  6.78905e-05 
        32.5      73.7456     0.999915   0.00178946  6.84702e-05 
        32.5      74.0972     0.999916   0.00178945  6.90581e-05 
        32.5      74.4496     0.999917   0.00178943   6.9654e-05 
        32.5      74.8029     0.999918   0.00178942   7.0258e-05 
        32.5       75.157      0.99992    0.0017894    7.087e-05 
        32.5      75.5119     0.999921   0.00178938  7.14899e-05 
        32.5      75.8677     0.999922   0.00178936  7.21176e-05 
        32.5      76.2243     0.999923   0.00178934  7.27532e-05 
        32.5      76.5817     0.999924   0.00178931  7.33965e-05 
        32.5        76.94     0.999925   0.00178928  7.40476e-05 
        32.5      77.2991     0.999926   0.00178924  7.47063e-05 
        32.5      77.6591     0.999927    0.0017892  7.53727e-05 
        32.5      78.0198     0.999929   0.00178916  7.60466e-05 
        32.5      78.3815      0.99993   0.00178912   7.6728e-05 
        32.5      78.7439     0.999931   0.00178907  7.74169e-05 
        32.5      79.1072     0.999932   0.00178901  7.81132e-05 
        32.5      79.4714     0.999933   0.00178895  7.88168e-05 
        32.5      79.8363     0.999934   0.00178889  7.95277e-05 
        32.5      80.2021     0.999936   0.00178882  8.02458e-05 
        32.5      80.5688     0.999937   0.00178874  8.09712e-05 
        32.5      80.9362     0.999938   0.00178866  8.17036e-05 
        32.5      81.3045     0.999939   0.00178858  8.24432e-05 
        32.5      81.6737     0.999941   0.00178849  8.31897e-05 
        32.5      82.0437     0.999942    0.0017884  8.39433e-05 
        32.5      82.4145     0.999943    0.0017883  8.47037e-05 
        32.5      82.7861     0.999945   0.00178819   8.5471e-05 
        32.5      83.1586     0.999946   0.00178808  8.62452e-05 
        32.5       83.532     0.999947   0.00178796   8.7026e-05 
        32.5      83.9061     0.999949   0.00178784  8.78136e-05 
        32.5      84.2811      0.99995   0.00178771  8.86078e-05 
        32.5       84.657     0.999951   0.00178758  8.94087e-05 
        32.5      85.0336     0.999953   0.00178745   9.0216e-05 
        32.5      85.4111     0.999954   0.00178731  9.10299e-05 
        32.5      85.7895     0.999956   0.00178716  9.18501e-05 
        32.5      86.1687     0.999957   0.00178701  9.26768e-05 
        32.5      86.5487     0.999959   0.00178686  9.35098e-05 
        32.5      86.9295      0.99996    0.0017867   9.4349e-05 
        32.5      87.3112     0.999962   0.00178654  9.51945e-05 
        32.5      87.6937     0.999963   0.00178637  9.60462e-05 
        32.5      88.0771     0.999965   0.00178621   9.6904e-05 
        32.5      88.4613     0.999966   0.00178604  9.77678e-05 
        32.5      88.8463     0.999968   0.00178587  9.86377e-05 
        32.5      89.2322     0.999969   0.00178569  9.95135e-05 
        32.5      89.6189     0.999971   0.00178552  0.000100395 
        32.5      90.0064     0.999972   0.00178535  0.000101283 
        32.5      90.3948     0.999974   0.00178517  0.000102176 
        32.5       90.784     0.999975     0.001785  0.000103076 
        32.5      91.1741     0.999977   0.00178483  0.000103981 
        32.5       91.565     0.999978   0.00178466  0.000104891 
        32.5      91.9567      0.99998   0.00178449  0.000105808 
        32.5      92.3492     0.999981   0.00178433  0.000106729 
        32.5      92.7426     0.999983   0.00178417  0.000107657 
        32.5      93.1369     0.999984   0.00178402   0.00010859 
        32.5      93.5319     0.999986   0.00178387  0.000109528 
        32.5      93.9278     0.999987   0.00178373  0.000110472 
        32.5      94.3246     0.999988    0.0017836  0.000111421 
        32.5      94.7221      0.99999   0.00178348  0.000112375 
        32.5      95.1206     0.999991   0.00178337  0.000113335 
        32.5      95.5198     0.999992   0.00178327    0.0001143 
        32.5      95.9199     0.999993   0.00178318   0.00011527 
        32.5      96.3208     0.999994   0.00178311  0.000116246 
        32.5      96.7226     0.999995   0.00178305  0.000117226 
        32.5      97.1251     0.999996   0.00178301  0.000118212 
        32.5      97.5286     0.999997   0.00178298  0.000119202 
        32.5      97.9328     0.999998   0.00178298  0.000120198 
        32.5      98.3379     0.999999     0.001783  0.000121198 
        32.5      98.7439            1   0.00178302  0.000122266 
        32.5      99.1506            1   0.00178305  0.000123318 
        32.5      99.5583            1   0.00178309  0.000124349 
        32.5      99.9667            1   0.00178312  0.000125355 
        32.5      100.376            1   0.00178314  0.000126334 
        32.5      100.786            1   0.00178316  0.000127283 
        32.5      101.197            1   0.00178315  0.000128198 
        32.5      101.609            1   0.00178289  0.000129119 
        32.5      102.021            1   0.00178262  0.000130056 
        32.5      102.435            1   0.00178236  0.000131009 
        32.5      102.849            1    0.0017821  0.000131977 
        32.5      103.264     0.999999   0.00178183   0.00013296 
        32.5       103.68     0.999999   0.00178157  0.000133958 
        32.5      104.097     0.999999    0.0017813   0.00013497 
        32.5      104.515     0.999999   0.00178103  0.000135995 
        32.5      104.933     0.999999   0.00178077  0.000137034 
        32.5      105.353     0.999999    0.0017805  0.000138086 
        32.5      105.773     0.999999   0.00178023  0.000139151 
        32.5      106.194            1   0.00177996  0.000140228 
        32.5      106.616            1    0.0017797  0.000141317 
        32.5      107.038            1   0.00177943  0.000142418 
        32.5      107.462            1   0.00177916   0.00014353 
        32.5      107.886            1   0.00177889  0.000144653 
        32.5      108.311            1   0.00177863  0.000145786 
        32.5      108.737      1.00001   0.00177836   0.00014693 
        32.5      109.164      1.00001   0.00177809  0.000148083 
        32.5      109.592      1.00001   0.00177783  0.000149246 
        32.5       110.02      1.00001   0.00177756  0.000150418 
        32.5       110.45      1.00001   0.00177729  0.000151599 
        32.5       110.88      1.00001   0.00177702  0.000152789 
        32.5      111.311      1.00002   0.00177676  0.000153986 
        32.5      111.743      1.00002   0.00177649  0.000155191 
        32.5      112.175      1.00002   0.00177622  0.000156404 
        32.5      112.609      1.00002   0.00177595  0.000157624 
        32.5      113.043      1.00002   0.00177568   0.00015885 
        32.5      113.478      1.00003   0.00177541  0.000160084 
        32.5      113.914      1.00003   0.00177514  0.000161323 
        32.5      114.351      1.00003   0.00177487  0.000162568 
        32.5      114.789      1.00003    0.0017746  0.000163819 
        32.5      115.228      1.00003   0.00177433  0.000165074 
        32.5      115.667      1.00004   0.00177405  0.000166335 
        32.5      116.107      1.00004   0.00177378  0.000167601 
        32.5      116.548      1.00004    0.0017735   0.00016887 
        32.5       116.99      1.00004   0.00177322  0.000170144 
        32.5      117.433      1.00005   0.00177294  0.000171422 
        32.5      117.876      1.00005   0.00177265  0.000172703 
        32.5      118.321      1.00005   0.00177237  0.000173987 
        32.5      118.766      1.00005   0.00177208  0.000175274 
        32.5      119.212      1.00005   0.00177179  0.000176564 
        32.5      119.659      1.00006   0.00177149  0.000177857 
        32.5      120.107      1.00006    0.0017712  0.000179151 
        32.5      120.555      1.00006    0.0017709  0.000180447 
        32.5      121.005      1.00006   0.00177059  0.000181745 
        32.5      121.455      1.00007   0.00177029  0.000183045 
        32.5      121.906      1.00007   0.00176998  0.000184345 
        32.5      122.358      1.00007   0.00176966  0.000185637 
        32.5      122.811      1.00007   0.00176935  0.000186926 
        32.5      123.264      1.00007   0.00176903  0.000188214 
        32.5      123.719      1.00008    0.0017687    0.0001895 
        32.5      124.174      1.00008   0.00176837  0.000190784 
        32.5       124.63      1.00008   0.00176804  0.000192067 
        32.5      125.087      1.00008    0.0017677  0.000193347 
        32.5      125.545      1.00008   0.00176735  0.000194625 
        32.5      126.003      1.00009     0.001767  0.000195901 
        32.5      126.463      1.00009   0.00176665  0.000197175 
        32.5      126.923      1.00009   0.00176628  0.000198446 
        32.5      127.384      1.00009   0.00176592  0.000199715 
        32.5      127.846      1.00009   0.00176554  0.000200982 
        32.5      128.309       1.0001   0.00176516  0.000202246 
        32.5      128.773       1.0001   0.00176478  0.000203507 
        32.5      129.237       1.0001   0.00176439  0.000204766 
        32.5      129.702       1.0001   0.00176399  0.000206023 
        32.5      130.169       1.0001   0.00176359  0.000207277 
        32.5      130.636       1.0001   0.00176318  0.000208529 
        32.5      131.103       1.0001   0.00176276  0.000209779 
        32.5      131.572      1.00011   0.00176234  0.000211027 
        32.5      132.041      1.00011   0.00176192  0.000212272 
        32.5      132.512      1.00011   0.00176149  0.000213517 
        32.5      132.983      1.00011   0.00176105  0.000214759 
        32.5      133.455      1.00011   0.00176061     0.000216 
        32.5      133.928      1.00011   0.00176017  0.000217241 
        32.5      134.401      1.00011   0.00175972   0.00021848 
        32.5      134.876      1.00011   0.00175927  0.000219718 
        32.5      135.351      1.00011   0.00175881  0.000220957 
        32.5      135.827      1.00011   0.00175835  0.000222195 
        32.5      136.304      1.00011   0.00175789  0.000223434 
        32.5      136.782      1.00011   0.00175743  0.000224673 
        32.5      137.261      1.00011   0.00175697  0.000225914 
        32.5       137.74      1.00011   0.00175651  0.000227156 
        32.5      138.221      1.00011   0.00175605    0.0002284 
        32.5      138.702      1.00011   0.00175559  0.000229647 
        32.5      139.184      1.00011   0.00175513  0.000230897 
        32.5      139.667      1.00011   0.00175468   0.00023215 
        32.5      140.151      1.00011   0.00175422  0.000233407 
        32.5      140.635       1.0001   0.00175378  0.000234668 
        32.5       141.12       1.0001   0.00175334  0.000235935 
        32.5      141.607       1.0001   0.00175291  0.000237208 
        32.5      142.094       1.0001   0.00175249  0.000238487 
        32.5      142.582      1.00009   0.00175208  0.000239774 
        32.5       143.07      1.00009   0.00175168  0.000241068 
        32.5       143.56      1.00009   0.00175129  0.000242371 
        32.5       144.05      1.00008   0.00175092  0.000243683 
        32.5      144.541      1.00008   0.00175057  0.000245006 
        32.5      145.033      1.00007   0.00175023   0.00024634 
        32.5      145.526      1.00007   0.00174992  0.000247685 
        32.5       146.02      1.00006   0.00174962  0.000249044 
        32.5      146.515      1.00006   0.00174935  0.000250416 
        32.5       147.01      1.00005   0.00174911  0.000251803 
        32.5      147.506      1.00004    0.0017489  0.000253206 
        32.5      148.003      1.00004   0.00174872  0.000254626 
        32.5      148.501      1.00003   0.00174858  0.000256094 
        32.5          149      1.00002   0.00174852  0.000257699 
        32.5        149.5      1.00001    0.0017485  0.000259335 
        32.5          150            1   0.00174851  0.000261004 
