Variables = x, y, u, v

Zone, I=600, F=POINT
        58.5        -0.75            0            0 
        58.5     -0.74958            0            0 
        58.5    -0.748319            0            0 
        58.5    -0.746219            0            0 
        58.5    -0.743278            0            0 
        58.5    -0.739496            0            0 
        58.5    -0.734875            0            0 
        58.5    -0.729413            0            0 
        58.5     -0.72311            0            0 
        58.5    -0.715968            0            0 
        58.5    -0.707985    0.0027922  2.06253e-06 
        58.5    -0.699162   0.00729185  5.31554e-06 
        58.5    -0.689498      0.01221  8.76747e-06 
        58.5    -0.678995    0.0175429  1.23832e-05 
        58.5    -0.667651    0.0232887  1.61251e-05 
        58.5    -0.655466    0.0294441  1.99504e-05 
        58.5    -0.642442    0.0360051  2.38118e-05 
        58.5    -0.628577    0.0429691  2.76595e-05 
        58.5    -0.613872     0.050332  3.14387e-05 
        58.5    -0.598326    0.0580908  3.50917e-05 
        58.5     -0.58194    0.0662409  3.85565e-05 
        58.5    -0.564714    0.0747787  4.17679e-05 
        58.5    -0.546648       0.0837  4.46564e-05 
        58.5    -0.527741    0.0930014  4.71481e-05 
        58.5    -0.507994     0.102678  4.91625e-05 
        58.5    -0.487407     0.112727  5.06117e-05 
        58.5    -0.465979     0.123143  5.13968e-05 
        58.5    -0.443711     0.133922  5.14042e-05 
        58.5    -0.420603     0.145061  5.04999e-05 
        58.5    -0.396654     0.156557  4.89234e-05 
        58.5    -0.371866     0.168413  4.62789e-05 
        58.5    -0.346236     0.180631  4.24929e-05 
        58.5    -0.319767     0.193208  3.75554e-05 
        58.5    -0.292457     0.206146  3.14554e-05 
        58.5    -0.264307     0.219445  2.41826e-05 
        58.5    -0.235317     0.233108  1.57302e-05 
        58.5    -0.205486     0.247137  6.09844e-06 
        58.5    -0.174816     0.261535 -4.69624e-06 
        58.5    -0.143304     0.276308 -1.66142e-05 
        58.5    -0.110953     0.291461  -2.9575e-05 
        58.5    -0.077761        0.307 -4.34428e-05 
        58.5    -0.043729     0.322931 -5.80461e-05 
        58.5    -0.008857     0.339249 -7.34602e-05 
        58.5     0.026856     0.355981 -8.90907e-05 
        58.5     0.063409     0.373116  -0.00010477 
        58.5     0.100802     0.390642 -0.000120323 
        58.5     0.139036     0.408544  -0.00013557 
        58.5      0.17811     0.426806 -0.000150321 
        58.5     0.218024     0.445411 -0.000164376 
        58.5     0.258779     0.464337 -0.000177523 
        58.5     0.300373     0.483562 -0.000189533 
        58.5     0.342808     0.503061 -0.000200158 
        58.5     0.386084     0.522808  -0.00020912 
        58.5     0.430199     0.542769 -0.000216425 
        58.5     0.475155     0.562843 -0.000222438 
        58.5     0.520952     0.582954 -0.000226746 
        58.5     0.567588     0.603059 -0.000229473 
        58.5     0.615065      0.62311  -0.00023072 
        58.5     0.663382     0.643055 -0.000230565 
        58.5      0.71254     0.662841 -0.000229077 
        58.5     0.762538      0.68241 -0.000226317 
        58.5     0.813376       0.7017 -0.000222362 
        58.5     0.865054     0.720645 -0.000217314 
        58.5     0.917573     0.739177 -0.000211328 
        58.5     0.970932     0.757221 -0.000204635 
        58.5      1.02513     0.774753 -0.000197272 
        58.5      1.08017     0.791706 -0.000189255 
        58.5      1.13605     0.808017 -0.000180818 
        58.5      1.19277     0.823658 -0.000172056 
        58.5      1.25033     0.838603 -0.000163064 
        58.5      1.30873      0.85283 -0.000153935 
        58.5      1.36797     0.866313  -0.00014477 
        58.5      1.42805      0.87903 -0.000135674 
        58.5      1.48898     0.890959 -0.000126765 
        58.5      1.55074      0.90208  -0.00011818 
        58.5      1.61334     0.912372 -0.000110074 
        58.5      1.67678     0.921817 -0.000102636 
        58.5      1.74107     0.930412 -9.58548e-05 
        58.5      1.80619     0.938253 -8.95804e-05 
        58.5      1.87215     0.945371 -8.41522e-05 
        58.5      1.93896     0.951788 -7.95814e-05 
        58.5       2.0066     0.957528 -7.58801e-05 
        58.5      2.07508      0.96262 -7.30602e-05 
        58.5      2.14441     0.967097 -7.11322e-05 
        58.5      2.21457     0.970995  -7.0104e-05 
        58.5      2.28558     0.974355 -6.99797e-05 
        58.5      2.35742     0.977223 -7.07573e-05 
        58.5      2.43011     0.979647 -7.24274e-05 
        58.5      2.50364     0.981681 -7.49704e-05 
        58.5        2.578     0.983385 -7.83542e-05 
        58.5      2.65321     0.984783 -8.23389e-05 
        58.5      2.72926     0.985933  -8.6745e-05 
        58.5      2.80614     0.986907 -9.17177e-05 
        58.5      2.88387     0.987718 -9.71843e-05 
        58.5      2.96244     0.988378 -0.000103085 
        58.5      3.04185     0.988902 -0.000109373 
        58.5       3.1221     0.989306 -0.000116008 
        58.5      3.20318     0.989605 -0.000122961 
        58.5      3.28511     0.989818 -0.000130202 
        58.5      3.36788     0.989963 -0.000137701 
        58.5      3.45149     0.990062 -0.000145424 
        58.5      3.53594     0.990136 -0.000153325 
        58.5      3.62123     0.990208  -0.00016134 
        58.5      3.70736     0.990303 -0.000169384 
        58.5      3.79433     0.990375 -0.000177435 
        58.5      3.88215     0.990392  -0.00018556 
        58.5       3.9708      0.99041 -0.000193708 
        58.5      4.06029     0.990427  -0.00020188 
        58.5      4.15062     0.990444  -0.00021008 
        58.5      4.24179      0.99046 -0.000218306 
        58.5      4.33381     0.990477 -0.000226562 
        58.5      4.42666     0.990493 -0.000234846 
        58.5      4.52035     0.990509  -0.00024316 
        58.5      4.61489     0.990524 -0.000251502 
        58.5      4.71026     0.990539 -0.000259873 
        58.5      4.80647     0.990554 -0.000268271 
        58.5      4.90353     0.990569 -0.000276694 
        58.5      5.00142     0.990584 -0.000285141 
        58.5      5.10016     0.990598 -0.000293609 
        58.5      5.19974     0.990612 -0.000302096 
        58.5      5.30015     0.990626 -0.000310598 
        58.5      5.40141     0.990639 -0.000319112 
        58.5       5.5035     0.990653 -0.000327635 
        58.5      5.60644     0.990666 -0.000336157 
        58.5      5.71022     0.990679 -0.000344696 
        58.5      5.81483     0.990692 -0.000353249 
        58.5      5.92029     0.990705 -0.000361814 
        58.5      6.02659     0.990718 -0.000370387 
        58.5      6.13373      0.99073 -0.000378967 
        58.5       6.2417     0.990743 -0.000387551 
        58.5      6.35052     0.990755 -0.000396136 
        58.5      6.46018     0.990768 -0.000404719 
        58.5      6.57068      0.99078 -0.000413298 
        58.5      6.68202     0.990793 -0.000421869 
        58.5       6.7942     0.990806  -0.00043043 
        58.5      6.90722     0.990818 -0.000438979 
        58.5      7.02108     0.990831 -0.000447511 
        58.5      7.13578     0.990844 -0.000456024 
        58.5      7.25132     0.990857 -0.000464516 
        58.5       7.3677      0.99087 -0.000472983 
        58.5      7.48493     0.990884 -0.000481422 
        58.5      7.60299     0.990897 -0.000489832 
        58.5      7.72189     0.990912 -0.000498208 
        58.5      7.84163     0.990926 -0.000506549 
        58.5      7.96222     0.990941 -0.000514851 
        58.5      8.08364     0.990956 -0.000523112 
        58.5       8.2059     0.990972 -0.000531331 
        58.5      8.32901     0.990988 -0.000539503 
        58.5      8.45295     0.991005 -0.000547628 
        58.5      8.57774     0.991022 -0.000555703 
        58.5      8.70336      0.99104 -0.000563727 
        58.5      8.82982     0.991059 -0.000571698 
        58.5      8.95713     0.991079 -0.000579615 
        58.5      9.08528     0.991099 -0.000587476 
        58.5      9.21426     0.991116 -0.000595477 
        58.5      9.34409     0.991131 -0.000603536 
        58.5      9.47475     0.991146 -0.000611563 
        58.5      9.60626     0.991161 -0.000619554 
        58.5      9.73861     0.991176 -0.000627504 
        58.5       9.8718     0.991192 -0.000635408 
        58.5      10.0058     0.991208 -0.000643263 
        58.5      10.1407     0.991224 -0.000651064 
        58.5      10.2764      0.99124 -0.000658807 
        58.5      10.4129     0.991257 -0.000666491 
        58.5      10.5503     0.991273 -0.000674111 
        58.5      10.6886      0.99129 -0.000681666 
        58.5      10.8276     0.991307 -0.000689153 
        58.5      10.9675     0.991325 -0.000696571 
        58.5      11.1083     0.991342 -0.000703919 
        58.5      11.2499      0.99136 -0.000711196 
        58.5      11.3923     0.991377 -0.000718401 
        58.5      11.5356     0.991395 -0.000725533 
        58.5      11.6797     0.991413 -0.000732594 
        58.5      11.8246     0.991431 -0.000739584 
        58.5      11.9704      0.99145 -0.000746503 
        58.5      12.1171     0.991468 -0.000753352 
        58.5      12.2645     0.991487 -0.000760134 
        58.5      12.4129     0.991505  -0.00076685 
        58.5       12.562     0.991524 -0.000773502 
        58.5       12.712     0.991543 -0.000780092 
        58.5      12.8628     0.991562 -0.000786623 
        58.5      13.0145     0.991581 -0.000793098 
        58.5       13.167       0.9916  -0.00079952 
        58.5      13.3204     0.991619 -0.000805891 
        58.5      13.4746     0.991638 -0.000812216 
        58.5      13.6296     0.991658 -0.000818496 
        58.5      13.7855     0.991677 -0.000824737 
        58.5      13.9422     0.991696 -0.000830932 
        58.5      14.0998     0.991715 -0.000837051 
        58.5      14.2582     0.991735 -0.000843115 
        58.5      14.4174     0.991754 -0.000849115 
        58.5      14.5775     0.991773 -0.000855043 
        58.5      14.7384     0.991792 -0.000860886 
        58.5      14.9001     0.991811 -0.000866629 
        58.5      15.0627      0.99183 -0.000872254 
        58.5      15.2262     0.991849 -0.000877718 
        58.5      15.3905     0.991869 -0.000882901 
        58.5      15.5556     0.991889 -0.000888017 
        58.5      15.7215      0.99191 -0.000893063 
        58.5      15.8883      0.99193 -0.000898039 
        58.5       16.056      0.99195 -0.000902951 
        58.5      16.2245     0.991971 -0.000907885 
        58.5      16.3938     0.991991 -0.000912735 
        58.5      16.5639     0.992012 -0.000917502 
        58.5      16.7349     0.992033 -0.000922184 
        58.5      16.9068     0.992053 -0.000926781 
        58.5      17.0795     0.992074 -0.000931291 
        58.5       17.253     0.992095 -0.000935714 
        58.5      17.4273     0.992115 -0.000940048 
        58.5      17.6025     0.992136 -0.000944293 
        58.5      17.7786     0.992157 -0.000948447 
        58.5      17.9555     0.992178  -0.00095251 
        58.5      18.1332     0.992199  -0.00095648 
        58.5      18.3118     0.992219 -0.000960357 
        58.5      18.4912      0.99224 -0.000964138 
        58.5      18.6714     0.992261 -0.000967824 
        58.5      18.8525     0.992282 -0.000971414 
        58.5      19.0344     0.992303 -0.000974905 
        58.5      19.2172     0.992325 -0.000978298 
        58.5      19.4008     0.992346 -0.000981591 
        58.5      19.5852     0.992367 -0.000984784 
        58.5      19.7705     0.992388 -0.000987877 
        58.5      19.9566     0.992409 -0.000990867 
        58.5      20.1436     0.992431 -0.000993756 
        58.5      20.3314     0.992452 -0.000996542 
        58.5      20.5201     0.992473 -0.000999226 
        58.5      20.7095     0.992495  -0.00100181 
        58.5      20.8999     0.992516  -0.00100429 
        58.5       21.091     0.992537  -0.00100666 
        58.5      21.2831     0.992559  -0.00100894 
        58.5      21.4759      0.99258  -0.00101112 
        58.5      21.6696     0.992602  -0.00101319 
        58.5      21.8641     0.992623  -0.00101517 
        58.5      22.0595     0.992645  -0.00101705 
        58.5      22.2557     0.992667  -0.00101884 
        58.5      22.4527     0.992689  -0.00102053 
        58.5      22.6506      0.99271  -0.00102214 
        58.5      22.8494     0.992732  -0.00102366 
        58.5      23.0489     0.992754   -0.0010251 
        58.5      23.2493     0.992776  -0.00102646 
        58.5      23.4506     0.992798  -0.00102775 
        58.5      23.6527      0.99282  -0.00102895 
        58.5      23.8556     0.992842  -0.00102999 
        58.5      24.0594     0.992864   -0.0010309 
        58.5       24.264     0.992886  -0.00103171 
        58.5      24.4695     0.992908  -0.00103239 
        58.5      24.6758      0.99293  -0.00103297 
        58.5      24.8829     0.992952  -0.00103345 
        58.5      25.0909     0.992974  -0.00103382 
        58.5      25.2997     0.992996  -0.00103409 
        58.5      25.5093     0.993018  -0.00103426 
        58.5      25.7198      0.99304  -0.00103434 
        58.5      25.9312     0.993062  -0.00103433 
        58.5      26.1433     0.993084  -0.00103422 
        58.5      26.3564     0.993106  -0.00103402 
        58.5      26.5702     0.993128  -0.00103373 
        58.5      26.7849      0.99315  -0.00103335 
        58.5      27.0004     0.993172  -0.00103288 
        58.5      27.2168     0.993194  -0.00103233 
        58.5       27.434     0.993216  -0.00103168 
        58.5      27.6521     0.993238  -0.00103095 
        58.5       27.871      0.99326  -0.00103013 
        58.5      28.0907     0.993282  -0.00102921 
        58.5      28.3113     0.993304  -0.00102821 
        58.5      28.5327     0.993326  -0.00102711 
        58.5       28.755     0.993348  -0.00102592 
        58.5      28.9781      0.99337  -0.00102464 
        58.5       29.202     0.993392  -0.00102327 
        58.5      29.4268     0.993414  -0.00102179 
        58.5      29.6524     0.993436  -0.00102022 
        58.5      29.8789     0.993457  -0.00101856 
        58.5      30.1062     0.993479  -0.00101679 
        58.5      30.3343     0.993501  -0.00101492 
        58.5      30.5633     0.993523  -0.00101296 
        58.5      30.7931     0.993545  -0.00101089 
        58.5      31.0238     0.993567  -0.00100872 
        58.5      31.2553     0.993588  -0.00100644 
        58.5      31.4876      0.99361  -0.00100406 
        58.5      31.7208     0.993632  -0.00100159 
        58.5      31.9548     0.993654 -0.000999006 
        58.5      32.1897     0.993675 -0.000996325 
        58.5      32.4254     0.993697 -0.000993546 
        58.5       32.662     0.993719  -0.00099067 
        58.5      32.8993      0.99374 -0.000987701 
        58.5      33.1376     0.993762  -0.00098464 
        58.5      33.3766     0.993784 -0.000981493 
        58.5      33.6165     0.993805 -0.000978263 
        58.5      33.8573     0.993827 -0.000974957 
        58.5      34.0989     0.993849 -0.000971582 
        58.5      34.3413      0.99387 -0.000968143 
        58.5      34.5846     0.993892  -0.00096465 
        58.5      34.8287     0.993913 -0.000961113 
        58.5      35.0736     0.993935 -0.000957541 
        58.5      35.3194     0.993957 -0.000953947 
        58.5       35.566     0.993978 -0.000950279 
        58.5      35.8135        0.994 -0.000946613 
        58.5      36.0618     0.994022  -0.00094299 
        58.5       36.311     0.994043 -0.000939426 
        58.5      36.5609     0.994065 -0.000935939 
        58.5      36.8118     0.994087 -0.000932549 
        58.5      37.0634     0.994108 -0.000928851 
        58.5       37.316      0.99413 -0.000924404 
        58.5      37.5693     0.994151 -0.000919938 
        58.5      37.8235     0.994172 -0.000915461 
        58.5      38.0785     0.994194 -0.000910979 
        58.5      38.3344     0.994214 -0.000906341 
        58.5      38.5911     0.994235 -0.000901628 
        58.5      38.8487     0.994255  -0.00089687 
        58.5       39.107     0.994276 -0.000892063 
        58.5      39.3663     0.994296 -0.000887203 
        58.5      39.6264     0.994317 -0.000882287 
        58.5      39.8873     0.994337 -0.000877312 
        58.5       40.149     0.994358 -0.000872276 
        58.5      40.4116     0.994379 -0.000867176 
        58.5       40.675     0.994399 -0.000862011 
        58.5      40.9393      0.99442  -0.00085678 
        58.5      41.2044      0.99444  -0.00085148 
        58.5      41.4704     0.994461 -0.000846112 
        58.5      41.7372     0.994481 -0.000840675 
        58.5      42.0048     0.994502 -0.000835168 
        58.5      42.2733     0.994522 -0.000829591 
        58.5      42.5426     0.994543 -0.000823946 
        58.5      42.8128     0.994563 -0.000818232 
        58.5      43.0838     0.994583 -0.000812451 
        58.5      43.3556     0.994604 -0.000806604 
        58.5      43.6283     0.994624 -0.000800691 
        58.5      43.9018     0.994644 -0.000794715 
        58.5      44.1761     0.994664 -0.000788677 
        58.5      44.4513     0.994684  -0.00078258 
        58.5      44.7274     0.994704 -0.000776425 
        58.5      45.0043     0.994724 -0.000770214 
        58.5       45.282     0.994743 -0.000763951 
        58.5      45.5605     0.994763 -0.000757637 
        58.5      45.8399     0.994783 -0.000751275 
        58.5      46.1202     0.994802 -0.000744868 
        58.5      46.4013     0.994822 -0.000738419 
        58.5      46.6832     0.994842  -0.00073193 
        58.5      46.9659     0.994861 -0.000725403 
        58.5      47.2495      0.99488 -0.000718842 
        58.5       47.534       0.9949 -0.000712249 
        58.5      47.8193     0.994919 -0.000705627 
        58.5      48.1054     0.994938 -0.000698978 
        58.5      48.3923     0.994958 -0.000692304 
        58.5      48.6801     0.994977 -0.000685607 
        58.5      48.9688     0.994996 -0.000678889 
        58.5      49.2583     0.995015 -0.000672151 
        58.5      49.5486     0.995034 -0.000665395 
        58.5      49.8398     0.995053 -0.000658622 
        58.5      50.1318     0.995072 -0.000651831 
        58.5      50.4246     0.995091 -0.000645024 
        58.5      50.7183      0.99511 -0.000638199 
        58.5      51.0128     0.995129 -0.000631357 
        58.5      51.3082     0.995148 -0.000624494 
        58.5      51.6044     0.995167  -0.00061761 
        58.5      51.9014     0.995186 -0.000610702 
        58.5      52.1993     0.995205 -0.000603766 
        58.5       52.498     0.995223 -0.000596798 
        58.5      52.7976     0.995242 -0.000589793 
        58.5       53.098     0.995261 -0.000582746 
        58.5      53.3993     0.995279 -0.000575649 
        58.5      53.7014     0.995298 -0.000568496 
        58.5      54.0043     0.995316 -0.000561276 
        58.5       54.308     0.995335 -0.000553981 
        58.5      54.6127     0.995353 -0.000546599 
        58.5      54.9181     0.995371 -0.000539119 
        58.5      55.2244     0.995389 -0.000531526 
        58.5      55.5315     0.995407 -0.000523806 
        58.5      55.8395     0.995424  -0.00051597 
        58.5      56.1483     0.995441 -0.000508385 
        58.5       56.458     0.995457 -0.000500707 
        58.5      56.7684     0.995473 -0.000492932 
        58.5      57.0798      0.99549 -0.000485059 
        58.5      57.3919     0.995506 -0.000477086 
        58.5       57.705     0.995523 -0.000469011 
        58.5      58.0188      0.99554  -0.00046083 
        58.5      58.3335     0.995556 -0.000452543 
        58.5       58.649     0.995573 -0.000444146 
        58.5      58.9654      0.99559 -0.000435637 
        58.5      59.2826     0.995606 -0.000427015 
        58.5      59.6007     0.995623 -0.000418276 
        58.5      59.9196     0.995639 -0.000409419 
        58.5      60.2393     0.995655 -0.000400441 
        58.5      60.5599     0.995673 -0.000392677 
        58.5      60.8813     0.995692 -0.000386194 
        58.5      61.2035     0.995711 -0.000379504 
        58.5      61.5266      0.99573 -0.000372616 
        58.5      61.8506     0.995748 -0.000365537 
        58.5      62.1753     0.995765 -0.000358277 
        58.5       62.501     0.995782 -0.000350844 
        58.5      62.8274     0.995799  -0.00034325 
        58.5      63.1547     0.995816 -0.000335506 
        58.5      63.4828     0.995832 -0.000327623 
        58.5      63.8118     0.995848 -0.000319615 
        58.5      64.1416     0.995864 -0.000311492 
        58.5      64.4723      0.99588 -0.000303268 
        58.5      64.8038     0.995895 -0.000294957 
        58.5      65.1361     0.995911 -0.000286571 
        58.5      65.4693     0.995926 -0.000278123 
        58.5      65.8033     0.995941 -0.000269627 
        58.5      66.1382     0.995956 -0.000261096 
        58.5      66.4739     0.995971 -0.000252541 
        58.5      66.8104     0.995986 -0.000243975 
        58.5      67.1478     0.996001  -0.00023541 
        58.5       67.486     0.996016 -0.000226857 
        58.5      67.8251      0.99603 -0.000218325 
        58.5       68.165     0.996045 -0.000209823 
        58.5      68.5057      0.99606 -0.000201361 
        58.5      68.8473     0.996075 -0.000192943 
        58.5      69.1897      0.99609 -0.000184577 
        58.5       69.533     0.996104 -0.000176266 
        58.5      69.8771     0.996119 -0.000168012 
        58.5       70.222     0.996134 -0.000159816 
        58.5      70.5678     0.996149 -0.000151676 
        58.5      70.9145     0.996164 -0.000143588 
        58.5      71.2619     0.996178 -0.000135547 
        58.5      71.6102     0.996193 -0.000127544 
        58.5      71.9594     0.996207 -0.000119567 
        58.5      72.3093     0.996222 -0.000111603 
        58.5      72.6602     0.996236 -0.000103634 
        58.5      73.0118      0.99625 -9.56402e-05 
        58.5      73.3643     0.996264  -8.7597e-05 
        58.5      73.7177     0.996277  -7.9477e-05 
        58.5      74.0719      0.99629 -7.12486e-05 
        58.5      74.4269     0.996303 -6.28759e-05 
        58.5      74.7828     0.996317 -5.44976e-05 
        58.5      75.1395     0.996335 -4.64801e-05 
        58.5       75.497     0.996353 -3.84477e-05 
        58.5      75.8554      0.99637 -3.03921e-05 
        58.5      76.2146     0.996388 -2.23057e-05 
        58.5      76.5747     0.996405 -1.41819e-05 
        58.5      76.9356     0.996422  -6.0151e-06 
        58.5      77.2974     0.996438  2.19931e-06 
        58.5      77.6599     0.996454  1.04651e-05 
        58.5      78.0234      0.99647   1.8785e-05 
        58.5      78.3876     0.996485   2.7161e-05 
        58.5      78.7528     0.996501  3.55942e-05 
        58.5      79.1187     0.996515   4.4085e-05 
        58.5      79.4855      0.99653  5.26328e-05 
        58.5      79.8531     0.996544  6.12362e-05 
        58.5      80.2216     0.996557  6.98935e-05 
        58.5      80.5909     0.996571  7.86018e-05 
        58.5      80.9611     0.996584  8.73578e-05 
        58.5      81.3321     0.996596  9.61576e-05 
        58.5      81.7039     0.996609  0.000104997 
        58.5      82.0766     0.996621   0.00011387 
        58.5      82.4501     0.996632  0.000122772 
        58.5      82.8244     0.996644  0.000131696 
        58.5      83.1996     0.996655  0.000140636 
        58.5      83.5757     0.996666  0.000149586 
        58.5      83.9525     0.996676  0.000158538 
        58.5      84.3302     0.996687  0.000167485 
        58.5      84.7088     0.996697  0.000176418 
        58.5      85.0882     0.996707  0.000185332 
        58.5      85.4684     0.996717  0.000194217 
        58.5      85.8495     0.996726  0.000203065 
        58.5      86.2314     0.996736   0.00021187 
        58.5      86.6142     0.996745  0.000220622 
        58.5      86.9978     0.996754  0.000229315 
        58.5      87.3822     0.996763  0.000237941 
        58.5      87.7675     0.996772  0.000246493 
        58.5      88.1536     0.996781  0.000254964 
        58.5      88.5406     0.996789  0.000263347 
        58.5      88.9284     0.996798  0.000271638 
        58.5       89.317     0.996807  0.000279829 
        58.5      89.7065     0.996815  0.000287918 
        58.5      90.0968     0.996824  0.000295899 
        58.5      90.4879     0.996832  0.000303771 
        58.5      90.8799     0.996841  0.000311529 
        58.5      91.2728     0.996849  0.000319175 
        58.5      91.6665     0.996858  0.000326706 
        58.5       92.061     0.996866  0.000334125 
        58.5      92.4563     0.996875  0.000341433 
        58.5      92.8525     0.996883  0.000348635 
        58.5      93.2496     0.996892  0.000355735 
        58.5      93.6475       0.9969  0.000362741 
        58.5      94.0462     0.996908  0.000371686 
        58.5      94.4458     0.996916  0.000381439 
        58.5      94.8462     0.996923    0.0003911 
        58.5      95.2474     0.996932  0.000400659 
        58.5      95.6495     0.996941  0.000410111 
        58.5      96.0524      0.99695  0.000419451 
        58.5      96.4562      0.99696  0.000428672 
        58.5      96.8608      0.99697  0.000437771 
        58.5      97.2662     0.996981  0.000446745 
        58.5      97.6725     0.996993  0.000455593 
        58.5      98.0796     0.997005  0.000464313 
        58.5      98.4876     0.997017  0.000472907 
        58.5      98.8964     0.997031  0.000481374 
        58.5       99.306     0.997044  0.000489718 
        58.5      99.7165     0.997059  0.000497941 
        58.5      100.128     0.997074  0.000506048 
        58.5       100.54     0.997089  0.000514045 
        58.5      100.953     0.997106  0.000521939 
        58.5      101.367     0.997123  0.000529736 
        58.5      101.782      0.99714  0.000537446 
        58.5      102.197     0.997159  0.000545079 
        58.5      102.613     0.997177  0.000552646 
        58.5      103.031     0.997197  0.000560159 
        58.5      103.449     0.997217  0.000567632 
        58.5      103.868     0.997238  0.000575079 
        58.5      104.287     0.997259  0.000582517 
        58.5      104.708     0.997282  0.000589962 
        58.5      105.129     0.997304  0.000597432 
        58.5      105.552     0.997328  0.000604947 
        58.5      105.975     0.997352  0.000612528 
        58.5      106.399     0.997376  0.000620197 
        58.5      106.823     0.997402  0.000628375 
        58.5      107.249      0.99743  0.000637774 
        58.5      107.675     0.997455  0.000647178 
        58.5      108.103     0.997477  0.000656586 
        58.5      108.531     0.997496  0.000665999 
        58.5       108.96     0.997513  0.000675416 
        58.5       109.39     0.997528  0.000684836 
        58.5       109.82      0.99754   0.00069426 
        58.5      110.252      0.99755  0.000703686 
        58.5      110.684     0.997558  0.000713115 
        58.5      111.117     0.997564  0.000722547 
        58.5      111.551     0.997569  0.000731981 
        58.5      111.986     0.997571  0.000741419 
        58.5      112.422     0.997571  0.000750861 
        58.5      112.858     0.997571  0.000760306 
        58.5      113.296     0.997568  0.000769756 
        58.5      113.734     0.997564  0.000779212 
        58.5      114.173     0.997559  0.000788674 
        58.5      114.613     0.997554  0.000798145 
        58.5      115.054     0.997547  0.000807625 
        58.5      115.495     0.997539  0.000817116 
        58.5      115.938     0.997539  0.000822328 
        58.5      116.381     0.997538  0.000827277 
        58.5      116.825     0.997536  0.000832391 
        58.5       117.27     0.997533  0.000837677 
        58.5      117.716     0.997528  0.000843142 
        58.5      118.162     0.997523  0.000848794 
        58.5       118.61     0.997516  0.000854636 
        58.5      119.058     0.997509  0.000860674 
        58.5      119.507       0.9975  0.000866912 
        58.5      119.957     0.997491  0.000873351 
        58.5      120.408     0.997481  0.000879995 
        58.5       120.86     0.997471  0.000886844 
        58.5      121.312      0.99746  0.000893898 
        58.5      121.766     0.997448  0.000901158 
        58.5       122.22     0.997436  0.000908623 
        58.5      122.675     0.997424  0.000916289 
        58.5      123.131     0.997411  0.000924155 
        58.5      123.587     0.997398  0.000932217 
        58.5      124.045     0.997386  0.000940472 
        58.5      124.503     0.997373  0.000948913 
        58.5      124.962     0.997361  0.000957536 
        58.5      125.423     0.997348  0.000966335 
        58.5      125.883     0.997336  0.000975302 
        58.5      126.345     0.997325   0.00098443 
        58.5      126.808     0.997314   0.00099371 
        58.5      127.271     0.997304   0.00100314 
        58.5      127.735     0.997294    0.0010127 
        58.5      128.201     0.997286   0.00102238 
        58.5      128.666     0.997278   0.00103218 
        58.5      129.133     0.997271   0.00104208 
        58.5      129.601     0.997266   0.00105207 
        58.5      130.069     0.997262   0.00106215 
        58.5      130.539     0.997259   0.00107229 
        58.5      131.009     0.997258   0.00108249 
        58.5       131.48     0.997259   0.00109272 
        58.5      131.952     0.997261   0.00110299 
        58.5      132.424     0.997265   0.00111327 
        58.5      132.898     0.997272   0.00112354 
        58.5      133.372      0.99728   0.00113381 
        58.5      133.847     0.997291   0.00114404 
        58.5      134.323     0.997304   0.00115423 
        58.5        134.8      0.99732   0.00116435 
        58.5      135.278     0.997338    0.0011744 
        58.5      135.757      0.99736   0.00118436 
        58.5      136.236     0.997384   0.00119421 
        58.5      136.716     0.997412   0.00120394 
        58.5      137.197     0.997443   0.00121353 
        58.5      137.679     0.997478   0.00122296 
        58.5      138.162     0.997516   0.00123222 
        58.5      138.645     0.997558    0.0012413 
        58.5       139.13     0.997604   0.00125017 
        58.5      139.615     0.997654   0.00125882 
        58.5      140.101     0.997708   0.00126725 
        58.5      140.588     0.997767   0.00127542 
        58.5      141.076      0.99783   0.00128333 
        58.5      141.565     0.997899   0.00129096 
        58.5      142.054     0.997972    0.0012983 
        58.5      142.544     0.998051   0.00130534 
        58.5      143.036     0.998135   0.00131206 
        58.5      143.528     0.998225   0.00131845 
        58.5       144.02      0.99832   0.00132449 
        58.5      144.514     0.998422   0.00133018 
        58.5      145.009      0.99853   0.00133551 
        58.5      145.504     0.998644   0.00134046 
        58.5          146     0.998765   0.00134502 
        58.5      146.497     0.998893    0.0013492 
        58.5      146.995     0.999028   0.00135297 
        58.5      147.494      0.99917   0.00135633 
        58.5      147.993      0.99932   0.00135929 
        58.5      148.494     0.999478   0.00136182 
        58.5      148.995     0.999643   0.00136393 
        58.5      149.497     0.999817   0.00136562 
        58.5          150            1   0.00136689 
