Variables = x, y, u, v, p

Zone, I=600, F=POINT
        28.5            0  3.44511e-06  5.90238e-08   0.00019425 
        28.5     0.000418   0.00025561  5.76361e-08  0.000194252 
        28.5     0.001672   0.00101205   5.9484e-08  0.000194259 
        28.5     0.003763   0.00227319  8.25626e-08  0.000194271 
        28.5     0.006689   0.00403755  1.56635e-07  0.000194287 
        28.5     0.010451   0.00630532  3.23014e-07  0.000194308 
        28.5      0.01505   0.00907655  6.34232e-07  0.000194333 
        28.5     0.020485      0.01235  1.15337e-06  0.000194363 
        28.5     0.026756    0.0161247  1.95358e-06  0.000194396 
        28.5     0.033863    0.0203997  3.11735e-06  0.000194434 
        28.5     0.041806    0.0251739  4.73568e-06  0.000194475 
        28.5     0.050585    0.0304457  6.90713e-06   0.00019452 
        28.5     0.060201     0.036214   9.7371e-06  0.000194569 
        28.5     0.070652    0.0424759  1.33355e-05   0.00019462 
        28.5      0.08194      0.04923  1.78176e-05  0.000194675 
        28.5     0.094063    0.0564729  2.32998e-05  0.000194733 
        28.5     0.107023    0.0642025  2.99018e-05  0.000194793 
        28.5     0.120819    0.0724152  3.77412e-05  0.000194856 
        28.5     0.135451    0.0811069  4.69343e-05  0.000194922 
        28.5     0.150919    0.0902735  5.75935e-05   0.00019499 
        28.5     0.167224    0.0999107   6.9826e-05  0.000195061 
        28.5     0.184364     0.110012   8.3729e-05  0.000195134 
        28.5     0.202341     0.120573  9.93931e-05   0.00019521 
        28.5     0.221153     0.131584  0.000116893  0.000195289 
        28.5     0.240802     0.143041  0.000136293  0.000195372 
        28.5     0.261287     0.154869  0.000156344  0.000195575 
        28.5     0.282608     0.167231  0.000180475  0.000195578 
        28.5     0.304765     0.179985  0.000205989  0.000195613 
        28.5     0.327758     0.193122  0.000232854  0.000195679 
        28.5     0.351588     0.206633  0.000261026  0.000195779 
        28.5     0.376253     0.220507  0.000290433  0.000195911 
        28.5     0.401755     0.234738  0.000320993  0.000196077 
        28.5     0.428092     0.249316  0.000352595  0.000196274 
        28.5     0.455266     0.264232  0.000385108  0.000196503 
        28.5     0.483276     0.279478  0.000418373   0.00019676 
        28.5     0.512122     0.295045  0.000452204  0.000197043 
        28.5     0.541805     0.310926  0.000486387  0.000197349 
        28.5     0.572323     0.327113   0.00052067  0.000197672 
        28.5     0.603677     0.343599  0.000554773  0.000198008 
        28.5     0.635868     0.360376  0.000588378  0.000198351 
        28.5     0.668894     0.377439  0.000621125  0.000198692 
        28.5     0.702757     0.394781  0.000652615  0.000199023 
        28.5     0.737456     0.412398  0.000682406  0.000199335 
        28.5     0.772991     0.430474  0.000715008  0.000199374 
        28.5     0.809362     0.448801  0.000749267  0.000199964 
        28.5      0.84657     0.467399  0.000784764    0.0002006 
        28.5     0.884613     0.486242  0.000821485  0.000201283 
        28.5     0.923492     0.505304  0.000859416  0.000202014 
        28.5     0.963208     0.524554  0.000898537  0.000202794 
        28.5      1.00376      0.54396   0.00093882  0.000203625 
        28.5      1.04515     0.563487  0.000980234  0.000204507 
        28.5      1.08737     0.583099   0.00102274  0.000205441 
        28.5      1.13043     0.602754   0.00106629  0.000206428 
        28.5      1.17433     0.622409   0.00111084  0.000207468 
        28.5      1.21906     0.642018   0.00115633  0.000208561 
        28.5      1.26463     0.661531   0.00120268  0.000209709 
        28.5      1.31103     0.680896   0.00124984  0.000210911 
        28.5      1.35827     0.700056    0.0012977  0.000212168 
        28.5      1.40635     0.718951   0.00134619  0.000213478 
        28.5      1.45526     0.737518   0.00139519  0.000214842 
        28.5      1.50501     0.755689   0.00144461  0.000216259 
        28.5       1.5556     0.773392   0.00149432  0.000217729 
        28.5      1.60702     0.790552    0.0015442  0.000219251 
        28.5      1.65928     0.807088   0.00159409  0.000220823 
        28.5      1.71237     0.822917   0.00164385  0.000222444 
        28.5       1.7663     0.837987   0.00169313  0.000224445 
        28.5      1.82106     0.852404   0.00173856  0.000226302 
        28.5      1.87667     0.866102     0.001782  0.000228211 
        28.5      1.93311      0.87907    0.0018234  0.000230169 
        28.5      1.99038     0.891301   0.00186272  0.000232177 
        28.5      2.04849     0.902791   0.00189993  0.000234232 
        28.5      2.10744     0.913537   0.00193499  0.000236332 
        28.5      2.16722     0.923541   0.00196788  0.000238475 
        28.5      2.22784     0.932805   0.00199858  0.000240658 
        28.5      2.28929     0.941336   0.00202707   0.00024288 
        28.5      2.35158     0.949143   0.00205335  0.000245137 
        28.5      2.41471     0.956239   0.00207743  0.000247427 
        28.5      2.47867     0.962639    0.0020993  0.000249745 
        28.5      2.54347     0.968363   0.00211899  0.000252088 
        28.5      2.60911     0.973433   0.00213651  0.000254453 
        28.5      2.67558     0.977876    0.0021519  0.000256835 
        28.5      2.74288     0.981723   0.00216519  0.000259229 
        28.5      2.81103     0.985006   0.00217644  0.000261631 
        28.5      2.88001     0.987766    0.0021857  0.000264035 
        28.5      2.94983     0.990043   0.00219304  0.000266437 
        28.5      3.02048     0.991886   0.00219852   0.00026883 
        28.5      3.09197     0.993344   0.00220224  0.000271208 
        28.5      3.16429     0.994475   0.00220429  0.000273565 
        28.5      3.23745     0.995338   0.00220478  0.000275893 
        28.5      3.31145        0.996   0.00220382  0.000278187 
        28.5      3.38628      0.99653   0.00220154  0.000280437 
        28.5      3.46195     0.997005   0.00219808  0.000282636 
        28.5      3.53845     0.997506   0.00219359  0.000284775 
        28.5      3.61579      0.99812   0.00218823  0.000286846 
        28.5      3.69397     0.998938   0.00218218  0.000288839 
        28.5      3.77298     0.998971   0.00218625  0.000291102 
        28.5      3.85283      0.99906   0.00218051  0.000293563 
        28.5      3.93352     0.999142   0.00217489  0.000295833 
        28.5      4.01504     0.999214   0.00216936  0.000297932 
        28.5       4.0974     0.999279   0.00216391  0.000299883 
        28.5      4.18059     0.999334   0.00215853   0.00030171 
        28.5      4.26462     0.999381   0.00215319  0.000303437 
        28.5      4.34949     0.999418   0.00214789  0.000305093 
        28.5      4.43519     0.999445    0.0021426  0.000306705 
        28.5      4.52173     0.999463    0.0021373  0.000308306 
        28.5       4.6091     0.999471   0.00213197  0.000309929 
        28.5      4.69731     0.999468   0.00212659  0.000311606 
        28.5      4.78636     0.999454   0.00212113  0.000313377 
        28.5      4.87624      0.99943   0.00211543   0.00031512 
        28.5      4.96696     0.999422   0.00210936  0.000316672 
        28.5      5.05851     0.999418   0.00210319  0.000318227 
        28.5       5.1509     0.999417   0.00209707  0.000320054 
        28.5      5.24413      0.99942   0.00209121  0.000321436 
        28.5       5.3382     0.999423   0.00208535  0.000322768 
        28.5      5.43309     0.999423   0.00207937  0.000324173 
        28.5      5.52883     0.999424   0.00207348   0.00032546 
        28.5       5.6254     0.999424   0.00206757  0.000326684 
        28.5      5.72281     0.999424   0.00206164  0.000327845 
        28.5      5.82105     0.999422   0.00205568  0.000328943 
        28.5      5.92013     0.999421    0.0020497   0.00032998 
        28.5      6.02005     0.999419    0.0020437  0.000330955 
        28.5       6.1208     0.999417   0.00203769  0.000331869 
        28.5      6.22239     0.999416   0.00203167  0.000332724 
        28.5      6.32482     0.999414   0.00202565  0.000333518 
        28.5      6.42808     0.999413   0.00201961  0.000334255 
        28.5      6.53217     0.999412   0.00201358  0.000334934 
        28.5      6.63711     0.999412   0.00200755  0.000335557 
        28.5      6.74287     0.999413   0.00200147  0.000336208 
        28.5      6.84948     0.999414    0.0019954   0.00033674 
        28.5      6.95692     0.999414   0.00198934  0.000337216 
        28.5       7.0652     0.999414   0.00198328  0.000337634 
        28.5      7.17431     0.999415   0.00197722  0.000337995 
        28.5      7.28426     0.999415   0.00197117  0.000338299 
        28.5      7.39505     0.999415   0.00196513  0.000338547 
        28.5      7.50667     0.999415    0.0019591  0.000338737 
        28.5      7.61913     0.999415   0.00195308   0.00033887 
        28.5      7.73242     0.999415   0.00194707  0.000338947 
        28.5      7.84655     0.999416   0.00194108  0.000338967 
        28.5      7.96152     0.999416    0.0019351  0.000338931 
        28.5      8.07732     0.999416   0.00192914  0.000338839 
        28.5      8.19396     0.999416   0.00192319  0.000338692 
        28.5      8.31143     0.999417   0.00191726   0.00033849 
        28.5      8.42974     0.999417   0.00191135  0.000338234 
        28.5      8.54889     0.999418   0.00190547  0.000337923 
        28.5      8.66887     0.999419   0.00189961   0.00033756 
        28.5      8.78969      0.99942   0.00189379  0.000337152 
        28.5      8.91135     0.999421   0.00188798  0.000336682 
        28.5      9.03384     0.999422    0.0018822  0.000336156 
        28.5      9.15717     0.999424   0.00187645  0.000335575 
        28.5      9.28133     0.999426   0.00187074  0.000334939 
        28.5      9.40633     0.999426   0.00186503  0.000334277 
        28.5      9.53216     0.999427   0.00185937   0.00033356 
        28.5      9.65884     0.999428   0.00185374  0.000332793 
        28.5      9.78634      0.99943   0.00184814  0.000331956 
        28.5      9.91469     0.999431   0.00184258  0.000331083 
        28.5      10.0439     0.999432   0.00183705  0.000330165 
        28.5      10.1739     0.999434   0.00183156  0.000329201 
        28.5      10.3047     0.999435    0.0018261  0.000328193 
        28.5      10.4364     0.999437   0.00182069  0.000327141 
        28.5      10.5689     0.999439   0.00181531  0.000326046 
        28.5      10.7023      0.99944   0.00180998  0.000324909 
        28.5      10.8365     0.999442   0.00180468   0.00032373 
        28.5      10.9715     0.999444   0.00179943   0.00032251 
        28.5      11.1074     0.999445   0.00179422   0.00032125 
        28.5      11.2441     0.999447   0.00178905  0.000319951 
        28.5      11.3817     0.999449   0.00178393  0.000318615 
        28.5        11.52     0.999451   0.00177885  0.000317241 
        28.5      11.6592     0.999453   0.00177382  0.000315832 
        28.5      11.7993     0.999455   0.00176883  0.000314389 
        28.5      11.9402     0.999457   0.00176388  0.000312911 
        28.5      12.0819     0.999459   0.00175899  0.000311402 
        28.5      12.2245     0.999461   0.00175414  0.000309862 
        28.5      12.3679     0.999463   0.00174933  0.000308293 
        28.5      12.5121     0.999465   0.00174458  0.000306696 
        28.5      12.6572     0.999467   0.00173987  0.000305073 
        28.5      12.8031     0.999469   0.00173521  0.000303425 
        28.5      12.9498     0.999471   0.00173059  0.000301722 
        28.5      13.0974     0.999474   0.00172603   0.00030001 
        28.5      13.2458     0.999476   0.00172152  0.000298274 
        28.5       13.395     0.999478   0.00171706  0.000296515 
        28.5      13.5451     0.999481   0.00171265  0.000294733 
        28.5       13.696     0.999483   0.00170828  0.000292928 
        28.5      13.8478     0.999485   0.00170396  0.000291103 
        28.5      14.0004     0.999488    0.0016997  0.000289257 
        28.5      14.1538      0.99949   0.00169548  0.000287391 
        28.5      14.3081     0.999493   0.00169131  0.000285506 
        28.5      14.4632     0.999495   0.00168719  0.000283603 
        28.5      14.6191     0.999498   0.00168313  0.000281682 
        28.5      14.7759       0.9995   0.00167911  0.000279745 
        28.5      14.9335     0.999503   0.00167515  0.000277793 
        28.5      15.0919     0.999505   0.00167124  0.000275827 
        28.5      15.2512     0.999508   0.00166739  0.000273832 
        28.5      15.4113     0.999511   0.00166356  0.000271854 
        28.5      15.5723     0.999513   0.00165979  0.000269866 
        28.5      15.7341     0.999516   0.00165606  0.000267866 
        28.5      15.8967     0.999518   0.00165239  0.000265856 
        28.5      16.0602     0.999521   0.00164877  0.000263836 
        28.5      16.2245     0.999524   0.00164521  0.000261806 
        28.5      16.3896     0.999526   0.00164169  0.000259768 
        28.5      16.5556     0.999529   0.00163822  0.000257722 
        28.5      16.7224     0.999532   0.00163479  0.000255668 
        28.5        16.89     0.999534   0.00163142  0.000253608 
        28.5      17.0585     0.999537   0.00162809   0.00025154 
        28.5      17.2278      0.99954   0.00162481  0.000249467 
        28.5      17.3979     0.999542   0.00162157  0.000247389 
        28.5      17.5689     0.999545   0.00161837  0.000245307 
        28.5      17.7408     0.999548    0.0016152  0.000243264 
        28.5      17.9134      0.99955   0.00161212  0.000241192 
        28.5      18.0869     0.999553   0.00160908  0.000239119 
        28.5      18.2612     0.999556   0.00160609  0.000237048 
        28.5      18.4364     0.999559   0.00160313  0.000234977 
        28.5      18.6124     0.999561   0.00160022  0.000232908 
        28.5      18.7892     0.999564   0.00159735   0.00023084 
        28.5      18.9669     0.999567   0.00159453  0.000228775 
        28.5      19.1454     0.999569   0.00159175  0.000226713 
        28.5      19.3248     0.999572     0.001589  0.000224654 
        28.5       19.505     0.999575   0.00158631  0.000222599 
        28.5       19.686     0.999578   0.00158365  0.000220549 
        28.5      19.8678      0.99958   0.00158103  0.000218504 
        28.5      20.0505     0.999583   0.00157846  0.000216464 
        28.5      20.2341     0.999586   0.00157592  0.000214431 
        28.5      20.4184     0.999588   0.00157343  0.000212404 
        28.5      20.6036     0.999591   0.00157098  0.000210384 
        28.5      20.7897     0.999594   0.00156857  0.000208373 
        28.5      20.9765     0.999596    0.0015662   0.00020637 
        28.5      21.1642     0.999599   0.00156387  0.000204376 
        28.5      21.3528     0.999602   0.00156158  0.000202392 
        28.5      21.5422     0.999604   0.00155932  0.000200418 
        28.5      21.7324     0.999607   0.00155711  0.000198455 
        28.5      21.9234      0.99961   0.00155493  0.000196505 
        28.5      22.1153     0.999612   0.00155279  0.000194566 
        28.5       22.308     0.999615   0.00155069  0.000192641 
        28.5      22.5016     0.999618   0.00154863   0.00019073 
        28.5       22.696      0.99962   0.00154659  0.000188761 
        28.5      22.8912     0.999623   0.00154457  0.000186865 
        28.5      23.0873     0.999626   0.00154259  0.000184982 
        28.5      23.2842     0.999628   0.00154065  0.000183111 
        28.5       23.482     0.999631   0.00153875  0.000181252 
        28.5      23.6805     0.999633   0.00153688  0.000179405 
        28.5        23.88     0.999636   0.00153504   0.00017757 
        28.5      24.0802     0.999638   0.00153324  0.000175746 
        28.5      24.2813     0.999641   0.00153147  0.000173933 
        28.5      24.4832     0.999644   0.00152974  0.000172131 
        28.5       24.686     0.999646   0.00152803   0.00017034 
        28.5      24.8896     0.999649   0.00152636  0.000168559 
        28.5       25.094     0.999651   0.00152472  0.000166787 
        28.5      25.2993     0.999654   0.00152311  0.000165026 
        28.5      25.5054     0.999656   0.00152152  0.000163273 
        28.5      25.7123     0.999659    0.0015199  0.000161583 
        28.5      25.9201     0.999661   0.00151838  0.000159885 
        28.5      26.1287     0.999663   0.00151688  0.000158201 
        28.5      26.3381     0.999666   0.00151541   0.00015653 
        28.5      26.5484     0.999668   0.00151397  0.000154873 
        28.5      26.7595     0.999671   0.00151255  0.000153231 
        28.5      26.9715     0.999673   0.00151115  0.000151602 
        28.5      27.1843     0.999676   0.00150978  0.000149988 
        28.5      27.3979     0.999678   0.00150843  0.000148388 
        28.5      27.6124      0.99968   0.00150711  0.000146802 
        28.5      27.8277     0.999683   0.00150581  0.000145232 
        28.5      28.0438     0.999685   0.00150454  0.000143676 
        28.5      28.2608     0.999687   0.00150329  0.000142135 
        28.5      28.4786      0.99969   0.00150206  0.000140609 
        28.5      28.6972     0.999692   0.00150086  0.000139099 
        28.5      28.9167     0.999694   0.00149968  0.000137604 
        28.5       29.137     0.999697   0.00149852  0.000136124 
        28.5      29.3582     0.999699   0.00149738   0.00013466 
        28.5      29.5802     0.999701   0.00149627  0.000133212 
        28.5       29.803     0.999703   0.00149517   0.00013178 
        28.5      30.0267     0.999706    0.0014941  0.000130365 
        28.5      30.2512     0.999708   0.00149305  0.000128965 
        28.5      30.4765      0.99971   0.00149202  0.000127581 
        28.5      30.7027     0.999712   0.00149101  0.000126215 
        28.5      30.9297     0.999714   0.00149002  0.000124864 
        28.5      31.1575     0.999717   0.00148905  0.000123531 
        28.5      31.3862     0.999719    0.0014881  0.000122214 
        28.5      31.6157     0.999721   0.00148717  0.000120914 
        28.5      31.8461     0.999723   0.00148625  0.000119632 
        28.5      32.0773     0.999725   0.00148535  0.000118366 
        28.5      32.3093     0.999727   0.00148447  0.000117118 
        28.5      32.5421     0.999729   0.00148361  0.000115888 
        28.5      32.7758     0.999731   0.00148276  0.000114674 
        28.5      33.0104     0.999733   0.00148193  0.000113479 
        28.5      33.2457     0.999735   0.00148111  0.000112301 
        28.5      33.4819     0.999738   0.00148035  0.000111013 
        28.5       33.719      0.99974   0.00147956  0.000109857 
        28.5      33.9568     0.999742   0.00147878  0.000108717 
        28.5      34.1956     0.999744   0.00147802  0.000107592 
        28.5      34.4351     0.999746   0.00147727  0.000106484 
        28.5      34.6755     0.999748   0.00147655   0.00010539 
        28.5      34.9167     0.999749   0.00147584  0.000104311 
        28.5      35.1588     0.999751   0.00147515  0.000103246 
        28.5      35.4017     0.999753   0.00147448  0.000102195 
        28.5      35.6454     0.999755   0.00147382  0.000101157 
        28.5      35.8899     0.999757   0.00147318  0.000100132 
        28.5      36.1354     0.999759   0.00147255  9.91188e-05 
        28.5      36.3816     0.999761   0.00147195  9.81178e-05 
        28.5      36.6287     0.999763   0.00147135  9.71282e-05 
        28.5      36.8766     0.999765   0.00147077  9.61493e-05 
        28.5      37.1253     0.999767   0.00147008  9.52348e-05 
        28.5      37.3749     0.999768   0.00146952   9.4292e-05 
        28.5      37.6253      0.99977   0.00146897   9.3364e-05 
        28.5      37.8766     0.999772   0.00146843  9.24506e-05 
        28.5      38.1287     0.999774    0.0014679   9.1552e-05 
        28.5      38.3816     0.999776   0.00146738   9.0668e-05 
        28.5      38.6353     0.999778   0.00146687  8.97987e-05 
        28.5      38.8899     0.999779   0.00146637   8.8944e-05 
        28.5      39.1454     0.999781   0.00146587  8.81037e-05 
        28.5      39.4016     0.999783   0.00146539   8.7278e-05 
        28.5      39.6588     0.999785   0.00146492  8.64667e-05 
        28.5      39.9167     0.999786   0.00146445  8.56698e-05 
        28.5      40.1755     0.999788   0.00146399  8.48871e-05 
        28.5      40.4351      0.99979   0.00146355  8.41188e-05 
        28.5      40.6955     0.999791   0.00146311  8.33645e-05 
        28.5      40.9568     0.999793   0.00146268  8.26244e-05 
        28.5      41.2189     0.999795   0.00146226  8.18983e-05 
        28.5      41.4819     0.999796   0.00146184  8.11862e-05 
        28.5      41.7457     0.999798   0.00146144  8.04879e-05 
        28.5      42.0103       0.9998   0.00146105  7.98033e-05 
        28.5      42.2758     0.999801   0.00146066  7.91325e-05 
        28.5      42.5421     0.999803   0.00146028  7.84751e-05 
        28.5      42.8092     0.999805   0.00145991  7.78313e-05 
        28.5      43.0772     0.999806   0.00145955  7.72008e-05 
        28.5       43.346     0.999808    0.0014592  7.65836e-05 
        28.5      43.6157     0.999809   0.00145886  7.59795e-05 
        28.5      43.8862     0.999811   0.00145852  7.53884e-05 
        28.5      44.1575     0.999813   0.00145822  7.48062e-05 
        28.5      44.4296     0.999814    0.0014579    7.423e-05 
        28.5      44.7026     0.999816   0.00145758  7.36659e-05 
        28.5      44.9765     0.999817   0.00145727  7.31139e-05 
        28.5      45.2511     0.999819   0.00145697   7.2574e-05 
        28.5      45.5266      0.99982   0.00145667  7.20462e-05 
        28.5       45.803     0.999822   0.00145638  7.15305e-05 
        28.5      46.0801     0.999823    0.0014561  7.10269e-05 
        28.5      46.3581     0.999825   0.00145583  7.05354e-05 
        28.5       46.637     0.999826   0.00145556  7.00559e-05 
        28.5      46.9167     0.999828    0.0014553  6.95885e-05 
        28.5      47.1972     0.999829   0.00145504   6.9133e-05 
        28.5      47.4785     0.999831   0.00145479  6.86896e-05 
        28.5      47.7607     0.999832   0.00145455  6.82581e-05 
        28.5      48.0438     0.999833   0.00145431  6.78385e-05 
        28.5      48.3276     0.999835   0.00145408  6.74309e-05 
        28.5      48.6123     0.999836   0.00145386  6.70351e-05 
        28.5      48.8979     0.999838   0.00145364  6.66512e-05 
        28.5      49.1842     0.999839   0.00145342  6.62791e-05 
        28.5      49.4714      0.99984   0.00145321  6.59187e-05 
        28.5      49.7595     0.999842     0.001453  6.55701e-05 
        28.5      50.0484     0.999843   0.00145279  6.52331e-05 
        28.5      50.3381     0.999845   0.00145259  6.49078e-05 
        28.5      50.6286     0.999846    0.0014524  6.45941e-05 
        28.5        50.92     0.999847    0.0014522  6.42919e-05 
        28.5      51.2122     0.999849   0.00145201  6.40012e-05 
        28.5      51.5053      0.99985   0.00145182  6.36721e-05 
        28.5      51.7992     0.999851   0.00145164  6.33977e-05 
        28.5      52.0939     0.999853   0.00145147  6.31331e-05 
        28.5      52.3895     0.999854   0.00145131  6.28783e-05 
        28.5      52.6859     0.999855   0.00145114  6.26333e-05 
        28.5      52.9831     0.999856   0.00145098  6.23979e-05 
        28.5      53.2812     0.999858   0.00145083  6.21723e-05 
        28.5      53.5801     0.999859   0.00145067  6.19563e-05 
        28.5      53.8799      0.99986   0.00145052  6.17499e-05 
        28.5      54.1805     0.999862   0.00145037  6.15531e-05 
        28.5      54.4819     0.999863   0.00145023  6.13658e-05 
        28.5      54.7841     0.999864   0.00145008  6.11879e-05 
        28.5      55.0872     0.999865   0.00144994  6.10195e-05 
        28.5      55.3912     0.999867   0.00144981  6.08604e-05 
        28.5      55.6959     0.999868   0.00144967  6.07107e-05 
        28.5      56.0015     0.999869   0.00144954  6.05702e-05 
        28.5       56.308      0.99987   0.00144941   6.0439e-05 
        28.5      56.6152     0.999871   0.00144929  6.03169e-05 
        28.5      56.9233     0.999873   0.00144916  6.02039e-05 
        28.5      57.2323     0.999874   0.00144904  6.00999e-05 
        28.5      57.5421     0.999875   0.00144892  6.00048e-05 
        28.5      57.8527     0.999876   0.00144881  5.99187e-05 
        28.5      58.1641     0.999877    0.0014487  5.98414e-05 
        28.5      58.4764     0.999878   0.00144859  5.97729e-05 
        28.5      58.7896      0.99988   0.00144848   5.9713e-05 
        28.5      59.1035     0.999881   0.00144837  5.96618e-05 
        28.5      59.4183     0.999882   0.00144827   5.9619e-05 
        28.5      59.7339     0.999883   0.00144817  5.95848e-05 
        28.5      60.0504     0.999884   0.00144807  5.95589e-05 
        28.5      60.3677     0.999885   0.00144797  5.95413e-05 
        28.5      60.6859     0.999886   0.00144788  5.95319e-05 
        28.5      61.0048     0.999888   0.00144779  5.95306e-05 
        28.5      61.3247     0.999889    0.0014477  5.95373e-05 
        28.5      61.6453      0.99989   0.00144761   5.9552e-05 
        28.5      61.9668     0.999891   0.00144752  5.95745e-05 
        28.5      62.2891     0.999892   0.00144744  5.96048e-05 
        28.5      62.6123     0.999893   0.00144736  5.96426e-05 
        28.5      62.9363     0.999894   0.00144728  5.96881e-05 
        28.5      63.2611     0.999895    0.0014472  5.97409e-05 
        28.5      63.5868     0.999896   0.00144712  5.98011e-05 
        28.5      63.9133     0.999897   0.00144705  5.98685e-05 
        28.5      64.2406     0.999898   0.00144697   5.9943e-05 
        28.5      64.5688     0.999899    0.0014469  6.00245e-05 
        28.5      64.8978       0.9999   0.00144683  6.01129e-05 
        28.5      65.2277     0.999901   0.00144676   6.0208e-05 
        28.5      65.5583     0.999903   0.00144669  6.03098e-05 
        28.5      65.8899     0.999904   0.00144654  6.04576e-05 
        28.5      66.2222     0.999905   0.00144648   6.0572e-05 
        28.5      66.5554     0.999906   0.00144642   6.0695e-05 
        28.5      66.8894     0.999907   0.00144636  6.08267e-05 
        28.5      67.2243     0.999908    0.0014463   6.0967e-05 
        28.5        67.56     0.999909   0.00144625   6.1116e-05 
        28.5      67.8966      0.99991   0.00144619  6.12737e-05 
        28.5      68.2339     0.999911   0.00144614    6.144e-05 
        28.5      68.5721     0.999912   0.00144609  6.16151e-05 
        28.5      68.9112     0.999913   0.00144604  6.17989e-05 
        28.5      69.2511     0.999913   0.00144598  6.19915e-05 
        28.5      69.5918     0.999914   0.00144593  6.21927e-05 
        28.5      69.9333     0.999915   0.00144588  6.24027e-05 
        28.5      70.2757     0.999916   0.00144584  6.26215e-05 
        28.5      70.6189     0.999917   0.00144579   6.2849e-05 
        28.5       70.963     0.999918   0.00144571  6.30158e-05 
        28.5      71.3079     0.999919   0.00144565  6.32455e-05 
        28.5      71.6536      0.99992    0.0014456   6.3481e-05 
        28.5      72.0002     0.999921   0.00144554  6.37222e-05 
        28.5      72.3476     0.999922   0.00144548  6.39693e-05 
        28.5      72.6959     0.999923   0.00144542  6.42221e-05 
        28.5      73.0449     0.999924   0.00144537  6.44807e-05 
        28.5      73.3949     0.999925   0.00144531  6.47451e-05 
        28.5      73.7456     0.999926   0.00144525  6.50153e-05 
        28.5      74.0972     0.999927    0.0014452  6.52913e-05 
        28.5      74.4496     0.999928   0.00144514   6.5573e-05 
        28.5      74.8029     0.999928   0.00144509  6.58605e-05 
        28.5       75.157     0.999929   0.00144503  6.61538e-05 
        28.5      75.5119      0.99993   0.00144498  6.64528e-05 
        28.5      75.8677     0.999931   0.00144492  6.67576e-05 
        28.5      76.2243     0.999932   0.00144487   6.7068e-05 
        28.5      76.5817     0.999933   0.00144482  6.73843e-05 
        28.5        76.94     0.999934   0.00144476  6.77062e-05 
        28.5      77.2991     0.999935   0.00144471  6.80338e-05 
        28.5      77.6591     0.999936   0.00144466  6.83672e-05 
        28.5      78.0198     0.999936   0.00144461  6.87062e-05 
        28.5      78.3815     0.999937   0.00144455  6.90509e-05 
        28.5      78.7439     0.999938    0.0014445  6.94013e-05 
        28.5      79.1072     0.999939   0.00144445  6.97574e-05 
        28.5      79.4714      0.99994    0.0014444  7.01191e-05 
        28.5      79.8363     0.999941   0.00144434  7.04864e-05 
        28.5      80.2021     0.999942   0.00144429  7.08593e-05 
        28.5      80.5688     0.999942   0.00144424  7.12378e-05 
        28.5      80.9362     0.999943   0.00144419  7.16219e-05 
        28.5      81.3045     0.999944   0.00144414  7.20116e-05 
        28.5      81.6737     0.999945   0.00144409  7.24069e-05 
        28.5      82.0437     0.999946   0.00144403  7.28076e-05 
        28.5      82.4145     0.999946   0.00144398  7.32139e-05 
        28.5      82.7861     0.999947   0.00144393  7.36257e-05 
        28.5      83.1586     0.999948   0.00144388   7.4043e-05 
        28.5       83.532     0.999949   0.00144383  7.44658e-05 
        28.5      83.9061      0.99995   0.00144377   7.4894e-05 
        28.5      84.2811     0.999951   0.00144372  7.53276e-05 
        28.5       84.657     0.999951   0.00144367  7.57666e-05 
        28.5      85.0336     0.999952   0.00144363  7.62539e-05 
        28.5      85.4111     0.999953   0.00144357  7.67018e-05 
        28.5      85.7895     0.999954    0.0014435  7.71549e-05 
        28.5      86.1687     0.999954   0.00144344  7.76133e-05 
        28.5      86.5487     0.999955   0.00144338  7.80769e-05 
        28.5      86.9295     0.999956   0.00144331  7.85455e-05 
        28.5      87.3112     0.999957   0.00144325  7.90193e-05 
        28.5      87.6937     0.999958   0.00144318  7.94982e-05 
        28.5      88.0771     0.999958   0.00144312   7.9982e-05 
        28.5      88.4613     0.999959   0.00144305  8.04708e-05 
        28.5      88.8463      0.99996   0.00144299  8.09645e-05 
        28.5      89.2322     0.999961   0.00144292  8.14631e-05 
        28.5      89.6189     0.999961   0.00144285  8.19665e-05 
        28.5      90.0064     0.999962   0.00144278  8.24747e-05 
        28.5      90.3948     0.999963   0.00144272  8.29875e-05 
        28.5       90.784     0.999964   0.00144265  8.35051e-05 
        28.5      91.1741     0.999964   0.00144258  8.40273e-05 
        28.5       91.565     0.999965   0.00144251   8.4554e-05 
        28.5      91.9567     0.999966   0.00144244  8.50853e-05 
        28.5      92.3492     0.999967   0.00144237   8.5621e-05 
        28.5      92.7426     0.999967   0.00144229  8.61611e-05 
        28.5      93.1369     0.999968   0.00144222  8.67056e-05 
        28.5      93.5319     0.999969   0.00144215  8.72544e-05 
        28.5      93.9278      0.99997   0.00144208  8.78074e-05 
        28.5      94.3246      0.99997     0.001442  8.83645e-05 
        28.5      94.7221     0.999971   0.00144193  8.89258e-05 
        28.5      95.1206     0.999972   0.00144186  8.94911e-05 
        28.5      95.5198     0.999972   0.00144178  9.00605e-05 
        28.5      95.9199     0.999973   0.00144171  9.06337e-05 
        28.5      96.3208     0.999974   0.00144163  9.12108e-05 
        28.5      96.7226     0.999975   0.00144156  9.17917e-05 
        28.5      97.1251     0.999975   0.00144148  9.23764e-05 
        28.5      97.5286     0.999976    0.0014414  9.29647e-05 
        28.5      97.9328     0.999977   0.00144133  9.35566e-05 
        28.5      98.3379     0.999978   0.00144125  9.41521e-05 
        28.5      98.7439     0.999978   0.00144117   9.4751e-05 
        28.5      99.1506     0.999979   0.00144109  9.53533e-05 
        28.5      99.5583      0.99998   0.00144102  9.59589e-05 
        28.5      99.9667     0.999981   0.00144094  9.65677e-05 
        28.5      100.376     0.999981   0.00144086  9.71798e-05 
        28.5      100.786     0.999983   0.00144075  9.78524e-05 
        28.5      101.197     0.999983   0.00144066  9.84801e-05 
        28.5      101.609     0.999984   0.00144057  9.91115e-05 
        28.5      102.021     0.999984   0.00144048  9.97466e-05 
        28.5      102.435     0.999985   0.00144038  0.000100385 
        28.5      102.849     0.999986   0.00144028  0.000101028 
        28.5      103.264     0.999986   0.00144018  0.000101674 
        28.5       103.68     0.999987   0.00144008  0.000102324 
        28.5      104.097     0.999987   0.00143998  0.000102977 
        28.5      104.515     0.999988   0.00143988  0.000103634 
        28.5      104.933     0.999989   0.00143977  0.000104295 
        28.5      105.353     0.999989   0.00143967  0.000104959 
        28.5      105.773      0.99999   0.00143956  0.000105627 
        28.5      106.194      0.99999   0.00143945  0.000106299 
        28.5      106.616     0.999991   0.00143934  0.000106974 
        28.5      107.038     0.999991   0.00143923  0.000107653 
        28.5      107.462     0.999992   0.00143911  0.000108336 
        28.5      107.886     0.999993     0.001439  0.000109022 
        28.5      108.311     0.999993   0.00143888  0.000109712 
        28.5      108.737     0.999994   0.00143876  0.000110405 
        28.5      109.164     0.999994   0.00143864  0.000111102 
        28.5      109.592     0.999995   0.00143852  0.000111803 
        28.5       110.02     0.999996    0.0014384  0.000112507 
        28.5       110.45     0.999996   0.00143828  0.000113215 
        28.5       110.88     0.999997   0.00143815  0.000113926 
        28.5      111.311     0.999997   0.00143802  0.000114641 
        28.5      111.743     0.999998   0.00143789  0.000115359 
        28.5      112.175     0.999999   0.00143776  0.000116081 
        28.5      112.609     0.999999   0.00143763  0.000116807 
        28.5      113.043            1   0.00143749  0.000117536 
        28.5      113.478            1   0.00143736  0.000118268 
        28.5      113.914            1   0.00143722  0.000119004 
        28.5      114.351            1   0.00143708  0.000119744 
        28.5      114.789            1   0.00143694  0.000120487 
        28.5      115.228            1    0.0014368  0.000121234 
        28.5      115.667            1   0.00143666  0.000121984 
        28.5      116.107            1   0.00143651  0.000122738 
        28.5      116.548            1   0.00143636  0.000123495 
        28.5       116.99      1.00001   0.00143622  0.000124255 
        28.5      117.433      1.00001   0.00143607  0.000125019 
        28.5      117.876      1.00001   0.00143591  0.000125786 
        28.5      118.321      1.00001   0.00143576  0.000126557 
        28.5      118.766      1.00001    0.0014356  0.000127331 
        28.5      119.212      1.00001   0.00143545  0.000128109 
        28.5      119.659      1.00001   0.00143529   0.00012889 
        28.5      120.107      1.00001   0.00143513  0.000129674 
        28.5      120.555      1.00001   0.00143497  0.000130462 
        28.5      121.005      1.00001    0.0014348  0.000131253 
        28.5      121.455      1.00001   0.00143464  0.000132048 
        28.5      121.906      1.00001   0.00143447  0.000132846 
        28.5      122.358      1.00001    0.0014343  0.000133647 
        28.5      122.811      1.00001   0.00143413  0.000134451 
        28.5      123.264      1.00001   0.00143396  0.000135259 
        28.5      123.719      1.00002   0.00143379   0.00013607 
        28.5      124.174      1.00002   0.00143361  0.000136884 
        28.5       124.63      1.00002   0.00143344  0.000137701 
        28.5      125.087      1.00002   0.00143326  0.000138522 
        28.5      125.545      1.00002   0.00143308  0.000139346 
        28.5      126.003      1.00002   0.00143289  0.000140173 
        28.5      126.463      1.00002   0.00143271  0.000141004 
        28.5      126.923      1.00002   0.00143253  0.000141837 
        28.5      127.384      1.00002   0.00143234  0.000142674 
        28.5      127.846      1.00002   0.00143215  0.000143514 
        28.5      128.309      1.00002   0.00143196  0.000144357 
        28.5      128.773      1.00002   0.00143177  0.000145203 
        28.5      129.237      1.00002   0.00143157  0.000146052 
        28.5      129.702      1.00003   0.00143138  0.000146904 
        28.5      130.169      1.00003   0.00143118   0.00014776 
        28.5      130.636      1.00003   0.00143098  0.000148618 
        28.5      131.103      1.00003   0.00143078  0.000149479 
        28.5      131.572      1.00003   0.00143058  0.000150344 
        28.5      132.041      1.00003   0.00143037  0.000151211 
        28.5      132.512      1.00003   0.00143016  0.000152082 
        28.5      132.983      1.00003   0.00142996  0.000152955 
        28.5      133.455      1.00003   0.00142975  0.000153831 
        28.5      133.928      1.00003   0.00142953  0.000154711 
        28.5      134.401      1.00003   0.00142932  0.000155593 
        28.5      134.876      1.00003   0.00142911  0.000156478 
        28.5      135.351      1.00003   0.00142889  0.000157366 
        28.5      135.827      1.00004   0.00142867  0.000158256 
        28.5      136.304      1.00004   0.00142845   0.00015915 
        28.5      136.782      1.00004   0.00142823  0.000160046 
        28.5      137.261      1.00004     0.001428  0.000160946 
        28.5       137.74      1.00004   0.00142778  0.000161847 
        28.5      138.221      1.00004   0.00142755  0.000162752 
        28.5      138.702      1.00004   0.00142732   0.00016366 
        28.5      139.184      1.00004   0.00142709   0.00016457 
        28.5      139.667      1.00004   0.00142686  0.000165482 
        28.5      140.151      1.00004   0.00142662  0.000166398 
        28.5      140.635      1.00004   0.00142638  0.000167316 
        28.5       141.12      1.00005   0.00142615  0.000168236 
        28.5      141.607      1.00005    0.0014259   0.00016916 
        28.5      142.094      1.00005   0.00142566  0.000170085 
        28.5      142.582      1.00005   0.00142542  0.000171014 
        28.5       143.07      1.00005   0.00142517  0.000171944 
        28.5       143.56      1.00005   0.00142492  0.000172878 
        28.5       144.05      1.00005   0.00142468  0.000173814 
        28.5      144.541      1.00005   0.00142442  0.000174752 
        28.5      145.033      1.00005   0.00142417  0.000175692 
        28.5      145.526      1.00005   0.00142392  0.000176635 
        28.5       146.02      1.00005   0.00142347  0.000177281 
        28.5      146.515      1.00005   0.00142322  0.000178281 
        28.5       147.01      1.00005   0.00142296  0.000179286 
        28.5      147.506      1.00005   0.00142271  0.000180294 
        28.5      148.003      1.00005   0.00142245  0.000181307 
        28.5      148.501      1.00004   0.00142219  0.000182323 
        28.5          149      1.00004   0.00142192  0.000183344 
        28.5        149.5      1.00004   0.00142165  0.000184369 
        28.5          150      1.00004   0.00142138  0.000185398 
