Variables = x, y, u, v, p

Zone, I=600, F=POINT
       663.5            0  6.95026e-08 -1.41244e-09 -4.35826e-05 
       663.5     0.000418  0.000138805 -1.37114e-09 -4.35826e-05 
       663.5     0.001672  0.000555011 -1.07289e-09 -4.35825e-05 
       663.5     0.003763   0.00124902  6.06971e-12 -4.35824e-05 
       663.5     0.006689   0.00222017  2.73667e-09 -4.35823e-05 
       663.5     0.010451    0.0034688  8.33994e-09  -4.3582e-05 
       663.5      0.01505   0.00499523  1.83881e-08 -4.35816e-05 
       663.5     0.020485   0.00679915  3.47992e-08  -4.3581e-05 
       663.5     0.026756   0.00888054  5.98418e-08 -4.35801e-05 
       663.5     0.033863    0.0112394  9.61339e-08  -4.3579e-05 
       663.5     0.041806    0.0138758  1.46644e-07 -4.35776e-05 
       663.5     0.050585    0.0167896  2.14689e-07 -4.35758e-05 
       663.5     0.060201    0.0199813  3.03948e-07 -4.35737e-05 
       663.5     0.070652    0.0234501  4.18422e-07 -4.35713e-05 
       663.5      0.08194    0.0271966  5.62503e-07 -4.35685e-05 
       663.5     0.094063    0.0312203  7.40889e-07 -4.35655e-05 
       663.5     0.107023    0.0355218  9.58683e-07 -4.35624e-05 
       663.5     0.120819    0.0401007   1.2213e-06 -4.35593e-05 
       663.5     0.135451    0.0449569  1.53452e-06 -4.35563e-05 
       663.5     0.150919    0.0500905  1.90447e-06 -4.35539e-05 
       663.5     0.167224    0.0555017  2.33768e-06 -4.35522e-05 
       663.5     0.184364    0.0611898  2.84093e-06 -4.35518e-05 
       663.5     0.202341    0.0671555  3.42148e-06 -4.35531e-05 
       663.5     0.221153    0.0733979  4.08682e-06 -4.35568e-05 
       663.5     0.240802    0.0799177  4.84494e-06 -4.35634e-05 
       663.5     0.261287    0.0867162  5.69316e-06 -4.35661e-05 
       663.5     0.282608     0.093787  6.67096e-06 -4.35262e-05 
       663.5     0.304765     0.101135  7.76276e-06 -4.34965e-05 
       663.5     0.327758     0.108759  8.97766e-06 -4.34769e-05 
       663.5     0.351588      0.11666  1.03252e-05 -4.34671e-05 
       663.5     0.376253     0.124836  1.18153e-05 -4.34667e-05 
       663.5     0.401755     0.133287  1.34585e-05 -4.34747e-05 
       663.5     0.428092     0.142013  1.52653e-05 -4.34899e-05 
       663.5     0.455266     0.151011  1.72472e-05 -4.35108e-05 
       663.5     0.483276     0.160283  1.94159e-05 -4.35352e-05 
       663.5     0.512122     0.169825  2.17835e-05 -4.35608e-05 
       663.5     0.541805     0.179638  2.43628e-05 -4.35847e-05 
       663.5     0.572323      0.18972  2.71668e-05 -4.36034e-05 
       663.5     0.603677     0.200068  3.02093e-05 -4.36128e-05 
       663.5     0.635868     0.210682  3.35044e-05 -4.36085e-05 
       663.5     0.668894      0.22156  3.70667e-05 -4.35852e-05 
       663.5     0.702757     0.232699  4.09115e-05  -4.3537e-05 
       663.5     0.737456     0.244098  4.50546e-05 -4.34573e-05 
       663.5     0.772991     0.255582  4.93596e-05 -4.28715e-05 
       663.5     0.809362     0.267588  5.41618e-05 -4.31044e-05 
       663.5      0.84657     0.279825  5.92691e-05 -4.32963e-05 
       663.5     0.884613     0.292288  6.46932e-05 -4.34477e-05 
       663.5     0.923492     0.304973   7.0446e-05 -4.35591e-05 
       663.5     0.963208     0.317877  7.65397e-05 -4.36318e-05 
       663.5      1.00376     0.330994  8.29862e-05 -4.36674e-05 
       663.5      1.04515     0.344319  8.97976e-05 -4.36677e-05 
       663.5      1.08737     0.357847  9.69861e-05 -4.36355e-05 
       663.5      1.13043     0.371573  0.000104564 -4.35738e-05 
       663.5      1.17433     0.385491  0.000112543 -4.34863e-05 
       663.5      1.21906     0.399595  0.000120937 -4.33771e-05 
       663.5      1.26463     0.413879  0.000129756 -4.32512e-05 
       663.5      1.31103     0.428337  0.000139014 -4.31139e-05 
       663.5      1.35827     0.442962  0.000148723 -4.29717e-05 
       663.5      1.40635     0.457747  0.000158894 -4.28312e-05 
       663.5      1.45526     0.472685  0.000169541 -4.27002e-05 
       663.5      1.50501     0.487768  0.000180674 -4.25871e-05 
       663.5       1.5556     0.502988  0.000192307  -4.2501e-05 
       663.5      1.60702     0.518337  0.000204451 -4.24522e-05 
       663.5      1.65928     0.533806  0.000217118 -4.24515e-05 
       663.5      1.71237     0.549388   0.00023032 -4.25108e-05 
       663.5       1.7663     0.565281  0.000244235 -4.33252e-05 
       663.5      1.82106     0.580877  0.000258322 -4.35374e-05 
       663.5      1.87667     0.596431   0.00027281 -4.37052e-05 
       663.5      1.93311     0.611925  0.000287685 -4.38301e-05 
       663.5      1.99038     0.627345  0.000302932 -4.39133e-05 
       663.5      2.04849     0.642673  0.000318532 -4.39566e-05 
       663.5      2.10744     0.657892  0.000334468 -4.39621e-05 
       663.5      2.16722     0.672986  0.000350717  -4.3932e-05 
       663.5      2.22784     0.687937  0.000367255 -4.38691e-05 
       663.5      2.28929     0.702725  0.000384056 -4.37762e-05 
       663.5      2.35158     0.717332  0.000401092 -4.36568e-05 
       663.5      2.41471     0.731739  0.000418332 -4.35144e-05 
       663.5      2.47867     0.745926  0.000435743 -4.33531e-05 
       663.5      2.54347     0.759873  0.000453289 -4.31772e-05 
       663.5      2.60911     0.773558  0.000470932 -4.29917e-05 
       663.5      2.67558     0.786959  0.000488629 -4.28016e-05 
       663.5      2.74288     0.800056  0.000506338 -4.26125e-05 
       663.5      2.81103     0.812825   0.00052401 -4.24306e-05 
       663.5      2.88001     0.825243  0.000541597 -4.22623e-05 
       663.5      2.94983     0.837286  0.000559044 -4.21144e-05 
       663.5      3.02048     0.848929  0.000576296 -4.19945e-05 
       663.5      3.09197     0.860148  0.000593292 -4.19104e-05 
       663.5      3.16429     0.870917   0.00060997 -4.18704e-05 
       663.5      3.23745     0.881209  0.000626264 -4.18835e-05 
       663.5      3.31145     0.890998  0.000642102 -4.19591e-05 
       663.5      3.38628     0.900255  0.000657413 -4.21072e-05 
       663.5      3.46195     0.908953  0.000672117 -4.23382e-05 
       663.5      3.53845     0.917063  0.000686134 -4.26632e-05 
       663.5      3.61579     0.924554  0.000699378  -4.3094e-05 
       663.5      3.69397     0.931396   0.00071176 -4.36427e-05 
       663.5      3.77298     0.939735  0.000731682 -4.43284e-05 
       663.5      3.85283     0.945418  0.000742764 -4.38194e-05 
       663.5      3.93352     0.950776  0.000753249 -4.33423e-05 
       663.5      4.01504     0.955812  0.000763138 -4.28975e-05 
       663.5       4.0974     0.960526  0.000772436 -4.24852e-05 
       663.5      4.18059     0.964923  0.000781148 -4.21055e-05 
       663.5      4.26462     0.969006  0.000789279 -4.17586e-05 
       663.5      4.34949     0.972778  0.000796838 -4.14446e-05 
       663.5      4.43519     0.976247  0.000803834 -4.11635e-05 
       663.5      4.52173     0.979417  0.000810277 -4.09154e-05 
       663.5       4.6091     0.981617  0.000821635 -3.90958e-05 
       663.5      4.69731     0.983914   0.00082587 -3.97665e-05 
       663.5      4.78636     0.986037  0.000829823  -4.0352e-05 
       663.5      4.87624     0.987986  0.000833498 -4.08543e-05 
       663.5      4.96696     0.989767  0.000836899 -4.12754e-05 
       663.5      5.05851     0.991383  0.000840031 -4.16179e-05 
       663.5       5.1509     0.992838  0.000842903 -4.18843e-05 
       663.5      5.24413     0.994138   0.00084552 -4.20774e-05 
       663.5       5.3382     0.995287   0.00084789 -4.22005e-05 
       663.5      5.43309     0.996291  0.000850022 -4.22569e-05 
       663.5      5.52883     0.997157  0.000851925 -4.22503e-05 
       663.5       5.6254     0.997892   0.00085361 -4.21846e-05 
       663.5      5.72281     0.998503  0.000855087  -4.2064e-05 
       663.5      5.82105     0.998998  0.000856368 -4.18931e-05 
       663.5      5.92013     0.999385  0.000857466 -4.16765e-05 
       663.5      6.02005     0.999674  0.000858395 -4.14194e-05 
       663.5       6.1208     0.999874  0.000859168 -4.11272e-05 
       663.5      6.22239     0.999995  0.000859802 -4.08056e-05 
       663.5      6.32482      1.00005  0.000860312 -4.04605e-05 
       663.5      6.42808      1.00005  0.000860716 -4.00984e-05 
       663.5      6.53217     0.999998  0.000861032  -3.9726e-05 
       663.5      6.63711     0.999919  0.000861279 -3.93501e-05 
       663.5      6.74287     0.999821  0.000861478 -3.89783e-05 
       663.5      6.84948      0.99972  0.000861649 -3.86182e-05 
       663.5      6.95692     0.999629  0.000861815 -3.82778e-05 
       663.5       7.0652     0.999563  0.000861999 -3.79657e-05 
       663.5      7.17431      0.99954  0.000862227 -3.76905e-05 
       663.5      7.28426     0.999575  0.000862522 -3.74616e-05 
       663.5      7.39505     0.999687  0.000862913 -3.72885e-05 
       663.5      7.50667     0.999894  0.000863427 -3.71812e-05 
       663.5      7.61913      1.00021  0.000864093   -3.715e-05 
       663.5      7.73242      1.00067  0.000864942 -3.72058e-05 
       663.5      7.84655      1.00128  0.000866005 -3.73597e-05 
       663.5      7.96152     0.999762  0.000862799 -4.13404e-05 
       663.5      8.07732      0.99976  0.000862642 -4.07931e-05 
       663.5      8.19396     0.999759  0.000862504 -4.02891e-05 
       663.5      8.31143     0.999758  0.000862382 -3.98291e-05 
       663.5      8.42974     0.999757  0.000862277 -3.94138e-05 
       663.5      8.54889     0.999758  0.000862187 -3.90436e-05 
       663.5      8.66887     0.999758  0.000862111 -3.87193e-05 
       663.5      8.78969     0.999759  0.000862049 -3.84413e-05 
       663.5      8.91135      0.99976  0.000861999 -3.82103e-05 
       663.5      9.03384     0.999761   0.00086196 -3.80268e-05 
       663.5      9.15717     0.999763  0.000861931 -3.78914e-05 
       663.5      9.28133     0.999764  0.000861911 -3.78046e-05 
       663.5      9.40633     0.999766  0.000861897 -3.77669e-05 
       663.5      9.53216     0.999768   0.00086189 -3.77789e-05 
       663.5      9.65884      0.99977  0.000861886  -3.7841e-05 
       663.5      9.78634     0.999772  0.000861886 -3.79537e-05 
       663.5      9.91469     0.999774  0.000861886 -3.81176e-05 
       663.5      10.0439     0.999775  0.000861886  -3.8333e-05 
       663.5      10.1739     0.999777  0.000861884 -3.86004e-05 
       663.5      10.3047     0.999778  0.000861878 -3.89203e-05 
       663.5      10.4364     0.999779  0.000861866 -3.92931e-05 
       663.5      10.5689      0.99978  0.000861846  -3.9719e-05 
       663.5      10.7023      0.99978  0.000861817 -4.01987e-05 
       663.5      10.8365      0.99978  0.000861775 -4.07323e-05 
       663.5      10.9715     0.999779   0.00086172 -4.13203e-05 
       663.5      11.1074     0.999778  0.000861648  -4.1963e-05 
       663.5      11.2441     0.999776  0.000861558 -4.26608e-05 
       663.5      11.3817     0.999773  0.000861447 -4.34138e-05 
       663.5        11.52     0.999776  0.000859489 -4.34914e-05 
       663.5      11.6592     0.999776  0.000859738 -4.24833e-05 
       663.5      11.7993     0.999776  0.000859972 -4.15572e-05 
       663.5      11.9402     0.999776  0.000860192 -4.07166e-05 
       663.5      12.0819     0.999776  0.000860402 -3.99653e-05 
       663.5      12.2245     0.999776  0.000860604 -3.93072e-05 
       663.5      12.3679     0.999775    0.0008608 -3.87462e-05 
       663.5      12.5121     0.999775  0.000860995 -3.82864e-05 
       663.5      12.6572     0.999775   0.00086119 -3.79319e-05 
       663.5      12.8031     0.999774  0.000861389 -3.76869e-05 
       663.5      12.9498     0.999774  0.000861595 -3.75557e-05 
       663.5      13.0974     0.999773  0.000861812 -3.75428e-05 
       663.5      13.2458     0.999773  0.000862042 -3.76525e-05 
       663.5       13.395     0.999772   0.00086229 -3.78896e-05 
       663.5      13.5451     0.999789  0.000863232 -3.86152e-05 
       663.5       13.696     0.999789  0.000863012 -3.85252e-05 
       663.5      13.8478     0.999789    0.0008628  -3.8435e-05 
       663.5      14.0004     0.999788  0.000862595 -3.83444e-05 
       663.5      14.1538     0.999788  0.000862398 -3.82537e-05 
       663.5      14.3081     0.999788  0.000862209 -3.81626e-05 
       663.5      14.4632     0.999788  0.000862027 -3.80714e-05 
       663.5      14.6191     0.999787  0.000861854 -3.79799e-05 
       663.5      14.7759     0.999787  0.000861689 -3.78881e-05 
       663.5      14.9335     0.999787  0.000861533 -3.77961e-05 
       663.5      15.0919     0.999787  0.000861384 -3.77038e-05 
       663.5      15.2512     0.999787  0.000861244 -3.76113e-05 
       663.5      15.4113     0.999787  0.000861113 -3.75186e-05 
       663.5      15.5723     0.999787   0.00086099 -3.74256e-05 
       663.5      15.7341     0.999787  0.000860876 -3.73324e-05 
       663.5      15.8967     0.999787   0.00086077 -3.72389e-05 
       663.5      16.0602     0.999787  0.000860674 -3.71452e-05 
       663.5      16.2245     0.999787  0.000860586 -3.70512e-05 
       663.5      16.3896     0.999788  0.000860507  -3.6957e-05 
       663.5      16.5556     0.999788  0.000860437 -3.68626e-05 
       663.5      16.7224     0.999788  0.000860377 -3.67679e-05 
       663.5        16.89     0.999788  0.000860325  -3.6673e-05 
       663.5      17.0585     0.999788  0.000860283 -3.65778e-05 
       663.5      17.2278     0.999789   0.00086025 -3.64824e-05 
       663.5      17.3979     0.999789  0.000860226 -3.63867e-05 
       663.5      17.5689     0.999794  0.000861408 -3.64568e-05 
       663.5      17.7408     0.999795  0.000861457 -3.63911e-05 
       663.5      17.9134     0.999796  0.000861506 -3.63259e-05 
       663.5      18.0869     0.999797  0.000861554 -3.62611e-05 
       663.5      18.2612     0.999798  0.000861602 -3.61966e-05 
       663.5      18.4364     0.999799  0.000861649 -3.61324e-05 
       663.5      18.6124       0.9998  0.000861695 -3.60681e-05 
       663.5      18.7892     0.999801   0.00086174 -3.60039e-05 
       663.5      18.9669     0.999802  0.000861783 -3.59394e-05 
       663.5      19.1454     0.999803  0.000861825 -3.58746e-05 
       663.5      19.3248     0.999804  0.000861865 -3.58093e-05 
       663.5       19.505     0.999805  0.000861903 -3.57435e-05 
       663.5       19.686     0.999806  0.000861939 -3.56768e-05 
       663.5      19.8678     0.999806  0.000861972 -3.56093e-05 
       663.5      20.0505     0.999807  0.000862003 -3.55407e-05 
       663.5      20.2341     0.999808   0.00086203 -3.54709e-05 
       663.5      20.4184     0.999809  0.000862055 -3.53997e-05 
       663.5      20.6036      0.99981  0.000862076 -3.53269e-05 
       663.5      20.7897      0.99981  0.000862093 -3.52524e-05 
       663.5      20.9765     0.999811  0.000862107 -3.51761e-05 
       663.5      21.1642     0.999812  0.000862116 -3.50976e-05 
       663.5      21.3528     0.999812  0.000862121 -3.50169e-05 
       663.5      21.5422     0.999813  0.000862121 -3.49338e-05 
       663.5      21.7324     0.999813  0.000862116  -3.4848e-05 
       663.5      21.9234     0.999814  0.000862105 -3.47593e-05 
       663.5      22.1153     0.999814  0.000862089 -3.46676e-05 
       663.5       22.308     0.999815  0.000862067 -3.45727e-05 
       663.5      22.5016     0.999815  0.000862038 -3.44743e-05 
       663.5       22.696     0.999815  0.000862003 -3.43723e-05 
       663.5      22.8912     0.999816  0.000861962 -3.42663e-05 
       663.5      23.0873     0.999816  0.000861912 -3.41563e-05 
       663.5      23.2842     0.999818  0.000861867 -3.41824e-05 
       663.5       23.482     0.999818  0.000861889 -3.40922e-05 
       663.5      23.6805     0.999819   0.00086191 -3.40024e-05 
       663.5        23.88      0.99982   0.00086193 -3.39131e-05 
       663.5      24.0802     0.999821   0.00086195 -3.38241e-05 
       663.5      24.2813     0.999822   0.00086197 -3.37353e-05 
       663.5      24.4832     0.999822  0.000861989 -3.36465e-05 
       663.5       24.686     0.999823  0.000862007 -3.35578e-05 
       663.5      24.8896     0.999824  0.000862025 -3.34689e-05 
       663.5       25.094     0.999825  0.000862043 -3.33798e-05 
       663.5      25.2993     0.999826   0.00086206 -3.32904e-05 
       663.5      25.5054     0.999826  0.000862076 -3.32006e-05 
       663.5      25.7123     0.999827  0.000862092 -3.31101e-05 
       663.5      25.9201     0.999828  0.000862107  -3.3019e-05 
       663.5      26.1287     0.999829  0.000862122 -3.29271e-05 
       663.5      26.3381     0.999829  0.000862136 -3.28342e-05 
       663.5      26.5484     0.999829  0.000861957 -3.27964e-05 
       663.5      26.7595      0.99983  0.000861976   -3.269e-05 
       663.5      26.9715     0.999831  0.000861993 -3.25844e-05 
       663.5      27.1843     0.999832  0.000862009 -3.24796e-05 
       663.5      27.3979     0.999833  0.000862024 -3.23755e-05 
       663.5      27.6124     0.999833  0.000862038 -3.22721e-05 
       663.5      27.8277     0.999834  0.000862051 -3.21693e-05 
       663.5      28.0438     0.999835  0.000862063 -3.20672e-05 
       663.5      28.2608     0.999836  0.000862075 -3.19656e-05 
       663.5      28.4786     0.999837  0.000862085 -3.18646e-05 
       663.5      28.6972     0.999837  0.000862095 -3.17642e-05 
       663.5      28.9167     0.999838  0.000862104 -3.16642e-05 
       663.5       29.137     0.999839  0.000862112 -3.15646e-05 
       663.5      29.3582      0.99984  0.000862119 -3.14654e-05 
       663.5      29.5802     0.999841  0.000862126 -3.13667e-05 
       663.5       29.803     0.999841  0.000862132 -3.12682e-05 
       663.5      30.0267     0.999842  0.000862137   -3.117e-05 
       663.5      30.2512     0.999843  0.000862142 -3.10721e-05 
       663.5      30.4765     0.999844  0.000862147 -3.09743e-05 
       663.5      30.7027     0.999845  0.000862151 -3.08767e-05 
       663.5      30.9297     0.999845  0.000862155 -3.07792e-05 
       663.5      31.1575     0.999846  0.000862158 -3.06818e-05 
       663.5      31.3862     0.999847  0.000862161 -3.05844e-05 
       663.5      31.6157     0.999848  0.000862164 -3.04869e-05 
       663.5      31.8461     0.999849  0.000862167 -3.03893e-05 
       663.5      32.0773      0.99985  0.000862169 -3.02916e-05 
       663.5      32.3093      0.99985  0.000862172 -3.01936e-05 
       663.5      32.5421     0.999851  0.000862174 -3.00955e-05 
       663.5      32.7758     0.999852  0.000862177  -2.9997e-05 
       663.5      33.0104     0.999853   0.00086218 -2.98981e-05 
       663.5      33.2457     0.999854  0.000862183 -2.97988e-05 
       663.5      33.4819     0.999855  0.000862186  -2.9699e-05 
       663.5       33.719     0.999855  0.000862189 -2.95987e-05 
       663.5      33.9568     0.999856  0.000862193 -2.94978e-05 
       663.5      34.1956     0.999857  0.000862198 -2.93962e-05 
       663.5      34.4351     0.999858  0.000862202 -2.92938e-05 
       663.5      34.6755     0.999859  0.000862208 -2.91907e-05 
       663.5      34.9167      0.99986  0.000862214 -2.90866e-05 
       663.5      35.1588     0.999861  0.000862221 -2.89817e-05 
       663.5      35.4017     0.999862  0.000862228 -2.88757e-05 
       663.5      35.6454     0.999862  0.000862237 -2.87686e-05 
       663.5      35.8899     0.999863  0.000862246 -2.86604e-05 
       663.5      36.1354     0.999864  0.000862256 -2.85509e-05 
       663.5      36.3816     0.999865  0.000862268 -2.84402e-05 
       663.5      36.6287     0.999866  0.000862281 -2.83281e-05 
       663.5      36.8766     0.999867  0.000862295 -2.82145e-05 
       663.5      37.1253     0.999868   0.00086231 -2.80993e-05 
       663.5      37.3749     0.999869  0.000862327 -2.79826e-05 
       663.5      37.6253      0.99987  0.000862345 -2.78641e-05 
       663.5      37.8766     0.999871  0.000862365 -2.77439e-05 
       663.5      38.1287     0.999872  0.000862387 -2.76218e-05 
       663.5      38.3816     0.999872    0.0008623 -2.75433e-05 
       663.5      38.6353     0.999873  0.000862304 -2.74277e-05 
       663.5      38.8899     0.999874  0.000862309 -2.73116e-05 
       663.5      39.1454     0.999875  0.000862326 -2.72108e-05 
       663.5      39.4016     0.999876  0.000862329 -2.70984e-05 
       663.5      39.6588     0.999877  0.000862332 -2.69856e-05 
       663.5      39.9167     0.999878  0.000862335 -2.68724e-05 
       663.5      40.1755     0.999879  0.000862338 -2.67589e-05 
       663.5      40.4351      0.99988   0.00086234 -2.66449e-05 
       663.5      40.6955     0.999881  0.000862343 -2.65307e-05 
       663.5      40.9568     0.999882  0.000862346  -2.6416e-05 
       663.5      41.2189     0.999883  0.000862349  -2.6301e-05 
       663.5      41.4819     0.999884  0.000862352 -2.61856e-05 
       663.5      41.7457     0.999885  0.000862355 -2.60699e-05 
       663.5      42.0103     0.999886  0.000862352 -2.59496e-05 
       663.5      42.2758     0.999887  0.000862355 -2.58329e-05 
       663.5      42.5421     0.999888  0.000862358 -2.57159e-05 
       663.5      42.8092     0.999889  0.000862362 -2.55987e-05 
       663.5      43.0772      0.99989  0.000862365 -2.54811e-05 
       663.5       43.346     0.999891  0.000862368 -2.53632e-05 
       663.5      43.6157     0.999891  0.000862371  -2.5245e-05 
       663.5      43.8862     0.999892  0.000862374 -2.51265e-05 
       663.5      44.1575     0.999893  0.000862378 -2.50076e-05 
       663.5      44.4296     0.999894  0.000862381 -2.48885e-05 
       663.5      44.7026     0.999895  0.000862384  -2.4769e-05 
       663.5      44.9765     0.999896  0.000862387 -2.46491e-05 
       663.5      45.2511     0.999897  0.000862389  -2.4529e-05 
       663.5      45.5266     0.999898  0.000862392 -2.44085e-05 
       663.5       45.803     0.999899  0.000862395 -2.42877e-05 
       663.5      46.0801       0.9999  0.000862398 -2.41665e-05 
       663.5      46.3581     0.999901  0.000862401  -2.4045e-05 
       663.5       46.637     0.999902  0.000862403 -2.39232e-05 
       663.5      46.9167     0.999903  0.000862406  -2.3801e-05 
       663.5      47.1972     0.999905  0.000862409 -2.36784e-05 
       663.5      47.4785     0.999906  0.000862411 -2.35555e-05 
       663.5      47.7607     0.999907  0.000862414 -2.34322e-05 
       663.5      48.0438     0.999908  0.000862416 -2.33086e-05 
       663.5      48.3276     0.999909  0.000862419 -2.31846e-05 
       663.5      48.6123      0.99991  0.000862421 -2.30602e-05 
       663.5      48.8979     0.999911  0.000862423 -2.29354e-05 
       663.5      49.1842     0.999912  0.000862426 -2.28102e-05 
       663.5      49.4714     0.999913  0.000862428 -2.26847e-05 
       663.5      49.7595     0.999914   0.00086243 -2.25588e-05 
       663.5      50.0484     0.999915  0.000862432 -2.24324e-05 
       663.5      50.3381     0.999916  0.000862434 -2.23057e-05 
       663.5      50.6286     0.999917  0.000862436 -2.21786e-05 
       663.5        50.92     0.999918  0.000862438  -2.2051e-05 
       663.5      51.2122     0.999919   0.00086244 -2.19231e-05 
       663.5      51.5053      0.99992  0.000862442 -2.17947e-05 
       663.5      51.7992     0.999921  0.000862444 -2.16659e-05 
       663.5      52.0939     0.999922  0.000862446 -2.15367e-05 
       663.5      52.3895     0.999923  0.000862447  -2.1407e-05 
       663.5      52.6859     0.999924  0.000862449 -2.12769e-05 
       663.5      52.9831     0.999925  0.000862451 -2.11464e-05 
       663.5      53.2812     0.999927  0.000862452 -2.10154e-05 
       663.5      53.5801     0.999928  0.000862454 -2.08839e-05 
       663.5      53.8799     0.999929  0.000862455  -2.0752e-05 
       663.5      54.1805      0.99993  0.000862457 -2.06197e-05 
       663.5      54.4819     0.999931  0.000862457 -2.04899e-05 
       663.5      54.7841     0.999932  0.000862458  -2.0358e-05 
       663.5      55.0872     0.999933  0.000862459 -2.02258e-05 
       663.5      55.3912     0.999934   0.00086246 -2.00931e-05 
       663.5      55.6959     0.999935   0.00086246 -1.99601e-05 
       663.5      56.0015     0.999936  0.000862461 -1.98266e-05 
       663.5       56.308     0.999937  0.000862462 -1.96928e-05 
       663.5      56.6152     0.999938  0.000862462 -1.95586e-05 
       663.5      56.9233      0.99994  0.000862463  -1.9424e-05 
       663.5      57.2323     0.999941  0.000862463  -1.9289e-05 
       663.5      57.5421     0.999942  0.000862464 -1.91537e-05 
       663.5      57.8527     0.999943  0.000862464 -1.90179e-05 
       663.5      58.1641     0.999944  0.000862464 -1.88818e-05 
       663.5      58.4764     0.999945   0.00086246 -1.87389e-05 
       663.5      58.7896     0.999946  0.000862461 -1.86021e-05 
       663.5      59.1035     0.999947  0.000862461  -1.8465e-05 
       663.5      59.4183     0.999949  0.000862462 -1.83274e-05 
       663.5      59.7339      0.99995  0.000862463 -1.81895e-05 
       663.5      60.0504     0.999951  0.000862463 -1.80511e-05 
       663.5      60.3677     0.999952  0.000862464 -1.79124e-05 
       663.5      60.6859     0.999953  0.000862464 -1.77733e-05 
       663.5      61.0048     0.999954  0.000862464 -1.76338e-05 
       663.5      61.3247     0.999955  0.000862465 -1.74939e-05 
       663.5      61.6453     0.999956  0.000862465 -1.73536e-05 
       663.5      61.9668     0.999958  0.000862465  -1.7213e-05 
       663.5      62.2891     0.999959  0.000862465  -1.7072e-05 
       663.5      62.6123      0.99996  0.000862464 -1.69306e-05 
       663.5      62.9363     0.999961  0.000862464 -1.67888e-05 
       663.5      63.2611     0.999962  0.000862464 -1.66466e-05 
       663.5      63.5868     0.999963  0.000862463 -1.65041e-05 
       663.5      63.9133     0.999964  0.000862463 -1.63612e-05 
       663.5      64.2406     0.999966  0.000862462 -1.62179e-05 
       663.5      64.5688     0.999967  0.000862462 -1.60743e-05 
       663.5      64.8978     0.999968  0.000862461 -1.59303e-05 
       663.5      65.2277     0.999969   0.00086246  -1.5786e-05 
       663.5      65.5583      0.99997  0.000862459 -1.56412e-05 
       663.5      65.8899     0.999971  0.000862458 -1.54961e-05 
       663.5      66.2222     0.999972  0.000862457 -1.53507e-05 
       663.5      66.5554     0.999974  0.000862456 -1.52049e-05 
       663.5      66.8894     0.999975  0.000862455 -1.50587e-05 
       663.5      67.2243     0.999976  0.000862454 -1.49122e-05 
       663.5        67.56     0.999977  0.000862452 -1.47654e-05 
       663.5      67.8966     0.999978  0.000862451 -1.46182e-05 
       663.5      68.2339     0.999979  0.000862449 -1.44706e-05 
       663.5      68.5721     0.999981  0.000862448 -1.43228e-05 
       663.5      68.9112     0.999982  0.000862446 -1.41745e-05 
       663.5      69.2511     0.999983  0.000862445 -1.40259e-05 
       663.5      69.5918     0.999984  0.000862443  -1.3877e-05 
       663.5      69.9333     0.999985  0.000862441 -1.37278e-05 
       663.5      70.2757     0.999986  0.000862439 -1.35782e-05 
       663.5      70.6189     0.999988  0.000862437 -1.34283e-05 
       663.5       70.963     0.999989  0.000862435 -1.32781e-05 
       663.5      71.3079      0.99999  0.000862433 -1.31275e-05 
       663.5      71.6536     0.999991  0.000862431 -1.29766e-05 
       663.5      72.0002     0.999992  0.000862429 -1.28254e-05 
       663.5      72.3476     0.999994  0.000862426 -1.26739e-05 
       663.5      72.6959     0.999995  0.000862424 -1.25221e-05 
       663.5      73.0449     0.999996  0.000862422 -1.23699e-05 
       663.5      73.3949     0.999997  0.000862419 -1.22175e-05 
       663.5      73.7456     0.999998  0.000862417 -1.20647e-05 
       663.5      74.0972            1  0.000862414 -1.19116e-05 
       663.5      74.4496            1  0.000862403 -1.17549e-05 
       663.5      74.8029            1    0.0008624 -1.16004e-05 
       663.5       75.157            1  0.000862397 -1.14455e-05 
       663.5      75.5119            1  0.000862394 -1.12903e-05 
       663.5      75.8677      1.00001  0.000862391 -1.11346e-05 
       663.5      76.2243      1.00001  0.000862388 -1.09787e-05 
       663.5      76.5817      1.00001  0.000862384 -1.08223e-05 
       663.5        76.94      1.00001   0.00086238 -1.06656e-05 
       663.5      77.2991      1.00001  0.000862377 -1.05085e-05 
       663.5      77.6591      1.00001  0.000862372 -1.03511e-05 
       663.5      78.0198      1.00001  0.000862368 -1.01933e-05 
       663.5      78.3815      1.00001  0.000862364 -1.00351e-05 
       663.5      78.7439      1.00002  0.000862359 -9.87662e-06 
       663.5      79.1072      1.00002  0.000862355 -9.71774e-06 
       663.5      79.4714      1.00002   0.00086235 -9.55849e-06 
       663.5      79.8363      1.00002  0.000862345 -9.39887e-06 
       663.5      80.2021      1.00002   0.00086234  -9.2389e-06 
       663.5      80.5688      1.00002  0.000862334 -9.07856e-06 
       663.5      80.9362      1.00002  0.000862329 -8.91786e-06 
       663.5      81.3045      1.00002  0.000862324 -8.75679e-06 
       663.5      81.6737      1.00003  0.000862318 -8.59537e-06 
       663.5      82.0437      1.00003  0.000862312 -8.43357e-06 
       663.5      82.4145      1.00003  0.000862306 -8.27142e-06 
       663.5      82.7861      1.00003    0.0008623  -8.1089e-06 
       663.5      83.1586      1.00003  0.000862294 -7.94603e-06 
       663.5       83.532      1.00003  0.000862287 -7.78278e-06 
       663.5      83.9061      1.00003  0.000862281 -7.61918e-06 
       663.5      84.2811      1.00003  0.000862274 -7.45521e-06 
       663.5       84.657      1.00003  0.000862268 -7.29088e-06 
       663.5      85.0336      1.00004  0.000862261 -7.12619e-06 
       663.5      85.4111      1.00004  0.000862254 -6.96113e-06 
       663.5      85.7895      1.00004  0.000862247 -6.79572e-06 
       663.5      86.1687      1.00004   0.00086224 -6.62994e-06 
       663.5      86.5487      1.00004  0.000862232 -6.46379e-06 
       663.5      86.9295      1.00004  0.000862225 -6.29729e-06 
       663.5      87.3112      1.00004  0.000862217 -6.13042e-06 
       663.5      87.6937      1.00004   0.00086221 -5.96319e-06 
       663.5      88.0771      1.00005  0.000862202  -5.7956e-06 
       663.5      88.4613      1.00005  0.000862194 -5.62764e-06 
       663.5      88.8463      1.00005  0.000862187 -5.45932e-06 
       663.5      89.2322      1.00005  0.000862179 -5.29064e-06 
       663.5      89.6189      1.00005  0.000862171  -5.1216e-06 
       663.5      90.0064      1.00005  0.000862162  -4.9522e-06 
       663.5      90.3948      1.00005  0.000862154 -4.78243e-06 
       663.5       90.784      1.00005  0.000862146  -4.6123e-06 
       663.5      91.1741      1.00006  0.000862138 -4.44181e-06 
       663.5       91.565      1.00006  0.000862129 -4.27096e-06 
       663.5      91.9567      1.00006  0.000862121 -4.09975e-06 
       663.5      92.3492      1.00006  0.000862112 -3.92817e-06 
       663.5      92.7426      1.00006  0.000862103 -3.75623e-06 
       663.5      93.1369      1.00006  0.000862095 -3.58393e-06 
       663.5      93.5319      1.00006  0.000862086 -3.41127e-06 
       663.5      93.9278      1.00006  0.000862077 -3.23825e-06 
       663.5      94.3246      1.00007  0.000862068 -3.06486e-06 
       663.5      94.7221      1.00007  0.000862059 -2.89111e-06 
       663.5      95.1206      1.00007   0.00086205 -2.71701e-06 
       663.5      95.5198      1.00007  0.000862112 -2.46182e-06 
       663.5      95.9199      1.00007  0.000862104  -2.2949e-06 
       663.5      96.3208      1.00007  0.000862095 -2.12765e-06 
       663.5      96.7226      1.00007  0.000862088 -1.96005e-06 
       663.5      97.1251      1.00007   0.00086208 -1.79208e-06 
       663.5      97.5286      1.00008  0.000862073 -1.62371e-06 
       663.5      97.9328      1.00008  0.000862067 -1.45492e-06 
       663.5      98.3379      1.00008  0.000862061 -1.28569e-06 
       663.5      98.7439      1.00008  0.000862056   -1.116e-06 
       663.5      99.1506      1.00008  0.000862052 -9.45824e-07 
       663.5      99.5583      1.00008  0.000862047 -7.75139e-07 
       663.5      99.9667      1.00008  0.000862044 -6.03921e-07 
       663.5      100.376      1.00009  0.000862041 -4.32148e-07 
       663.5      100.786      1.00009  0.000862039 -2.59793e-07 
       663.5      101.197      1.00009  0.000862038 -8.68334e-08 
       663.5      101.609      1.00009  0.000862037  8.67565e-08 
       663.5      102.021      1.00009  0.000862037  2.61001e-07 
       663.5      102.435      1.00009  0.000861917  4.60929e-07 
       663.5      102.849      1.00009  0.000861911   6.3648e-07 
       663.5      103.264       1.0001  0.000861903  8.12739e-07 
       663.5       103.68       1.0001  0.000861896  9.89699e-07 
       663.5      104.097       1.0001  0.000861887  1.16735e-06 
       663.5      104.515       1.0001  0.000861879  1.34569e-06 
       663.5      104.933       1.0001  0.000861869  1.52471e-06 
       663.5      105.353       1.0001  0.000861859  1.70439e-06 
       663.5      105.773       1.0001  0.000861849  1.88474e-06 
       663.5      106.194       1.0001  0.000861838  2.06575e-06 
       663.5      106.616       1.0001  0.000861827   2.2474e-06 
       663.5      107.038      1.00011  0.000861815  2.42969e-06 
       663.5      107.462      1.00011  0.000861802   2.6126e-06 
       663.5      107.886      1.00011   0.00086179  2.79614e-06 
       663.5      108.311      1.00011  0.000861776   2.9803e-06 
       663.5      108.737      1.00011  0.000861762  3.16505e-06 
       663.5      109.164      1.00011  0.000861748   3.3504e-06 
       663.5      109.592      1.00011  0.000861733  3.53634e-06 
       663.5       110.02      1.00011  0.000861718  3.72285e-06 
       663.5       110.45      1.00012  0.000861703  3.90994e-06 
       663.5       110.88      1.00012  0.000861687  4.09758e-06 
       663.5      111.311      1.00012   0.00086167  4.28577e-06 
       663.5      111.743      1.00012  0.000861653   4.4745e-06 
       663.5      112.175      1.00012  0.000861636  4.66376e-06 
       663.5      112.609      1.00012  0.000861618  4.85354e-06 
       663.5      113.043      1.00012    0.0008616  5.04383e-06 
       663.5      113.478      1.00012  0.000861582  5.23462e-06 
       663.5      113.914      1.00013  0.000861563   5.4259e-06 
       663.5      114.351      1.00013  0.000861544  5.61767e-06 
       663.5      114.789      1.00013  0.000861525   5.8099e-06 
       663.5      115.228      1.00013  0.000861505  6.00259e-06 
       663.5      115.667      1.00013  0.000861485  6.19573e-06 
       663.5      116.107      1.00013  0.000861465   6.3893e-06 
       663.5      116.548      1.00013  0.000861444  6.58331e-06 
       663.5       116.99      1.00013  0.000861423  6.77773e-06 
       663.5      117.433      1.00013  0.000861402  6.97255e-06 
       663.5      117.876      1.00013   0.00086138  7.16777e-06 
       663.5      118.321      1.00014  0.000861359  7.36337e-06 
       663.5      118.766      1.00014  0.000861337  7.55934e-06 
       663.5      119.212      1.00014  0.000861314  7.75567e-06 
       663.5      119.659      1.00014  0.000861292  7.95234e-06 
       663.5      120.107      1.00014  0.000861269  8.14935e-06 
       663.5      120.555      1.00014  0.000861247  8.34668e-06 
       663.5      121.005      1.00014  0.000861224  8.54433e-06 
       663.5      121.455      1.00014    0.0008612  8.74227e-06 
       663.5      121.906      1.00014  0.000861177   8.9405e-06 
       663.5      122.358      1.00014  0.000861154    9.139e-06 
       663.5      122.811      1.00014   0.00086113  9.33776e-06 
       663.5      123.264      1.00014  0.000861106  9.53677e-06 
       663.5      123.719      1.00014  0.000861083  9.73601e-06 
       663.5      124.174      1.00014  0.000861059  9.93548e-06 
       663.5       124.63      1.00014  0.000861035  1.01352e-05 
       663.5      125.087      1.00014  0.000861011   1.0335e-05 
       663.5      125.545      1.00014  0.000860986  1.05351e-05 
       663.5      126.003      1.00014  0.000860962  1.07353e-05 
       663.5      126.463      1.00014  0.000860938  1.09357e-05 
       663.5      126.923      1.00014  0.000860914  1.11362e-05 
       663.5      127.384      1.00014   0.00086089  1.13368e-05 
       663.5      127.846      1.00014  0.000860865  1.15376e-05 
       663.5      128.309      1.00014  0.000860841  1.17384e-05 
       663.5      128.773      1.00014  0.000860817  1.19393e-05 
       663.5      129.237      1.00014  0.000860793  1.21403e-05 
       663.5      129.702      1.00014  0.000860769  1.23414e-05 
       663.5      130.169      1.00013  0.000860745  1.25424e-05 
       663.5      130.636      1.00013  0.000860721  1.27435e-05 
       663.5      131.103      1.00013  0.000860698  1.29447e-05 
       663.5      131.572      1.00013  0.000860674  1.31458e-05 
       663.5      132.041      1.00015  0.000860765  1.32709e-05 
       663.5      132.512      1.00016  0.000860744  1.34619e-05 
       663.5      132.983      1.00017  0.000860723  1.36538e-05 
       663.5      133.455      1.00018    0.0008607  1.38467e-05 
       663.5      133.928      1.00019  0.000860677  1.40408e-05 
       663.5      134.401       1.0002  0.000860653   1.4236e-05 
       663.5      134.876      1.00021  0.000860629  1.44326e-05 
       663.5      135.351      1.00021  0.000860604  1.46305e-05 
       663.5      135.827      1.00022  0.000860578  1.48298e-05 
       663.5      136.304      1.00023  0.000860552  1.50307e-05 
       663.5      136.782      1.00023  0.000860526  1.52331e-05 
       663.5      137.261      1.00024  0.000860499  1.54373e-05 
       663.5       137.74      1.00024  0.000860473  1.56431e-05 
       663.5      138.221      1.00024  0.000860446  1.58509e-05 
       663.5      138.702      1.00025  0.000860419  1.60605e-05 
       663.5      139.184      1.00025  0.000860392  1.62722e-05 
       663.5      139.667      1.00025  0.000860366  1.64859e-05 
       663.5      140.151      1.00025  0.000860339  1.67019e-05 
       663.5      140.635      1.00025  0.000860313  1.69201e-05 
       663.5       141.12      1.00025  0.000860287  1.71407e-05 
       663.5      141.607      1.00025  0.000860262  1.73637e-05 
       663.5      142.094      1.00024  0.000860237  1.75892e-05 
       663.5      142.582      1.00024  0.000860212  1.78174e-05 
       663.5       143.07      1.00024  0.000860188  1.80483e-05 
       663.5       143.56      1.00023  0.000860165   1.8282e-05 
       663.5       144.05      1.00022  0.000860143  1.85186e-05 
       663.5      144.541      1.00022  0.000860122  1.87582e-05 
       663.5      145.033      1.00021  0.000860102  1.90008e-05 
       663.5      145.526       1.0002  0.000860083  1.92467e-05 
       663.5       146.02      1.00019  0.000860064  1.94959e-05 
       663.5      146.515      1.00018  0.000860048  1.97484e-05 
       663.5       147.01      1.00016  0.000860032  2.00044e-05 
       663.5      147.506      1.00015  0.000860018   2.0264e-05 
       663.5      148.003      1.00013  0.000860006  2.05272e-05 
       663.5      148.501      1.00012  0.000859995  2.07943e-05 
       663.5          149       1.0001  0.000859985  2.10652e-05 
       663.5        149.5      1.00008  0.000859978  2.13401e-05 
       663.5          150      1.00006  0.000859972  2.16191e-05 
