Variables = x, y, u, v, p

Zone, I=600, F=POINT
        71.5            0  2.11927e-06  3.22368e-08 -0.000482593 
        71.5     0.000418  0.000229499  3.15485e-08 -0.000482593 
        71.5     0.001672  0.000911648  3.14478e-08 -0.000482593 
        71.5     0.003763   0.00204915  3.78274e-08 -0.000482592 
        71.5     0.006689   0.00364097  6.04828e-08  -0.00048259 
        71.5     0.010451   0.00568774  1.13106e-07 -0.000482587 
        71.5      0.01505   0.00819009  2.13278e-07 -0.000482583 
        71.5     0.020485    0.0111476  3.82374e-07 -0.000482577 
        71.5     0.026756    0.0145603  6.45562e-07  -0.00048257 
        71.5     0.033863    0.0184284  1.03174e-06 -0.000482559 
        71.5     0.041806     0.022752  1.57347e-06 -0.000482545 
        71.5     0.050585    0.0275312  2.30692e-06 -0.000482529 
        71.5     0.060201    0.0327664  3.27189e-06 -0.000482508 
        71.5     0.070652    0.0384568  4.51131e-06 -0.000482485 
        71.5      0.08194    0.0446033  6.07187e-06 -0.000482457 
        71.5     0.094063    0.0512048  8.00303e-06 -0.000482427 
        71.5     0.107023    0.0582621   1.0358e-05 -0.000482394 
        71.5     0.120819    0.0657744  1.31923e-05 -0.000482359 
        71.5     0.135451    0.0737415   1.6565e-05 -0.000482325 
        71.5     0.150919    0.0821627  2.05374e-05 -0.000482292 
        71.5     0.167224    0.0910379  2.51739e-05 -0.000482263 
        71.5     0.184364     0.100365  3.05407e-05 -0.000482241 
        71.5     0.202341     0.110145  3.67072e-05  -0.00048223 
        71.5     0.221153     0.120375  4.37437e-05 -0.000482233 
        71.5     0.240802     0.131054  5.17241e-05 -0.000482257 
        71.5     0.261287     0.142176  6.08806e-05 -0.000482238 
        71.5     0.282608     0.153741  7.08403e-05 -0.000482077 
        71.5     0.304765     0.165744  8.20112e-05 -0.000481943 
        71.5     0.327758     0.178181  9.44495e-05 -0.000481836 
        71.5     0.351588     0.191047  0.000108207 -0.000481755 
        71.5     0.376253     0.204333  0.000123327 -0.000481697 
        71.5     0.401755     0.218034  0.000139849 -0.000481659 
        71.5     0.428092     0.232139  0.000157802 -0.000481637 
        71.5     0.455266      0.24664   0.00017721 -0.000481627 
        71.5     0.483276     0.261527  0.000198085 -0.000481619 
        71.5     0.512122     0.276787  0.000220429 -0.000481608 
        71.5     0.541805     0.292406  0.000244232 -0.000481583 
        71.5     0.572323     0.308371  0.000269472 -0.000481532 
        71.5     0.603677     0.324665  0.000296114 -0.000481444 
        71.5     0.635868      0.34127  0.000324109 -0.000481302 
        71.5     0.668894     0.358167   0.00035339  -0.00048109 
        71.5     0.702757     0.375335  0.000383875 -0.000480789 
        71.5     0.737456     0.392751  0.000415465 -0.000480378 
        71.5     0.772991     0.410548  0.000448522 -0.000480484 
        71.5     0.809362     0.428324  0.000481828 -0.000480119 
        71.5      0.84657     0.446328  0.000515907 -0.000479764 
        71.5     0.884613     0.464539  0.000550752 -0.000479416 
        71.5     0.923492     0.482935  0.000586355 -0.000479074 
        71.5     0.963208     0.501494  0.000622706 -0.000478733 
        71.5      1.00376     0.520191  0.000659795  -0.00047839 
        71.5      1.04515        0.539   0.00069761 -0.000478042 
        71.5      1.08737     0.557893  0.000736136 -0.000477682 
        71.5      1.13043     0.576842   0.00077536 -0.000477307 
        71.5      1.17433     0.595815  0.000815266  -0.00047691 
        71.5      1.21906      0.61478  0.000855835 -0.000476484 
        71.5      1.26463     0.633702  0.000897051 -0.000476022 
        71.5      1.31103     0.652544   0.00093889 -0.000475517 
        71.5      1.35827     0.671268  0.000981331  -0.00047496 
        71.5      1.40635     0.689834   0.00102435 -0.000474341 
        71.5      1.45526     0.708199   0.00106792 -0.000473651 
        71.5      1.50501     0.726318   0.00111201 -0.000472877 
        71.5       1.5556     0.744144    0.0011566 -0.000472009 
        71.5      1.60702     0.761627   0.00120165 -0.000471034 
        71.5      1.65928     0.778715   0.00124712 -0.000469938 
        71.5      1.71237     0.795354   0.00129299 -0.000468705 
        71.5       1.7663     0.811015   0.00133294 -0.000466071 
        71.5      1.82106     0.826326   0.00138008 -0.000465211 
        71.5      1.87667     0.840969    0.0014256 -0.000464264 
        71.5      1.93311     0.854931   0.00146947 -0.000463228 
        71.5      1.99038     0.868202   0.00151163 -0.000462105 
        71.5      2.04849     0.880774   0.00155205 -0.000460895 
        71.5      2.10744     0.892641   0.00159069 -0.000459598 
        71.5      2.16722     0.903799   0.00162752 -0.000458218 
        71.5      2.22784     0.914247   0.00166252 -0.000456754 
        71.5      2.28929     0.923986   0.00169566 -0.000455209 
        71.5      2.35158     0.933019   0.00172694 -0.000453586 
        71.5      2.41471     0.941354   0.00175633 -0.000451887 
        71.5      2.47867     0.948998   0.00178384 -0.000450116 
        71.5      2.54347     0.955965   0.00180947 -0.000448275 
        71.5      2.60911      0.96227   0.00183321 -0.000446369 
        71.5      2.67558     0.967929   0.00185509 -0.000444401 
        71.5      2.74288     0.972966   0.00187512 -0.000442378 
        71.5      2.81103     0.977405   0.00189332 -0.000440303 
        71.5      2.88001     0.981273   0.00190974 -0.000438183 
        71.5      2.94983     0.984603   0.00192441 -0.000436024 
        71.5      3.02048     0.987431   0.00193737 -0.000433832 
        71.5      3.09197     0.989795   0.00194868 -0.000431614 
        71.5      3.16429      0.99174   0.00195841 -0.000429378 
        71.5      3.23745     0.993311   0.00196662 -0.000427132 
        71.5      3.31145     0.994562   0.00197339 -0.000424886 
        71.5      3.38628     0.995547   0.00197881 -0.000422647 
        71.5      3.46195     0.996328   0.00198297 -0.000420427 
        71.5      3.53845     0.996968   0.00198599 -0.000418234 
        71.5      3.61579     0.997538   0.00198796 -0.000416082 
        71.5      3.69397     0.998111   0.00198903 -0.000413981 
        71.5      3.77298     0.998966   0.00199487 -0.000411138 
        71.5      3.85283     0.999188   0.00199616 -0.000408686 
        71.5      3.93352      0.99938   0.00199734 -0.000406249 
        71.5      4.01504     0.999545   0.00199839 -0.000403823 
        71.5       4.0974     0.999683   0.00199933 -0.000401406 
        71.5      4.18059     0.999797   0.00200017 -0.000398994 
        71.5      4.26462     0.999846   0.00200061 -0.000396329 
        71.5      4.34949     0.999919   0.00200098 -0.000393699 
        71.5      4.43519     0.999975   0.00200128 -0.000391078 
        71.5      4.52173      1.00002   0.00200151 -0.000388461 
        71.5       4.6091      1.00005   0.00200168 -0.000385846 
        71.5      4.69731      1.00006    0.0020018  -0.00038323 
        71.5      4.78636      1.00007   0.00200187  -0.00038061 
        71.5      4.87624      1.00007    0.0020019  -0.00037798 
        71.5      4.96696      1.00007   0.00200189 -0.000375339 
        71.5      5.05851      1.00005   0.00200186  -0.00037268 
        71.5       5.1509      1.00004   0.00200181     -0.00037 
        71.5      5.24413      1.00003   0.00200174 -0.000367294 
        71.5       5.3382      1.00002   0.00200168 -0.000364557 
        71.5      5.43309      1.00002   0.00200162 -0.000361784 
        71.5      5.52883      1.00002   0.00200158 -0.000358969 
        71.5       5.6254      1.00004   0.00200157 -0.000356105 
        71.5      5.72281      1.00003   0.00200137  -0.00035324 
        71.5      5.82105      1.00002   0.00200123  -0.00035039 
        71.5      5.92013      1.00002   0.00200108 -0.000347522 
        71.5      6.02005      1.00002   0.00200092 -0.000344637 
        71.5       6.1208      1.00002   0.00200074 -0.000341734 
        71.5      6.22239      1.00002   0.00200055 -0.000338814 
        71.5      6.32482      1.00001   0.00200034 -0.000335878 
        71.5      6.42808      1.00001   0.00200012 -0.000332926 
        71.5      6.53217      1.00001   0.00199988 -0.000329958 
        71.5      6.63711      1.00001   0.00199962 -0.000326974 
        71.5      6.74287            1   0.00199935 -0.000323975 
        71.5      6.84948            1   0.00199906 -0.000320962 
        71.5      6.95692     0.999997   0.00199876 -0.000317934 
        71.5       7.0652     0.999994   0.00199844 -0.000314891 
        71.5      7.17431     0.999991    0.0019981 -0.000311836 
        71.5      7.28426     0.999989   0.00199775 -0.000308766 
        71.5      7.39505     0.999986   0.00199738 -0.000305684 
        71.5      7.50667     0.999984     0.001997  -0.00030259 
        71.5      7.61913     0.999981   0.00199659 -0.000299477 
        71.5      7.73242     0.999979   0.00199617 -0.000296357 
        71.5      7.84655     0.999976   0.00199571 -0.000293235 
        71.5      7.96152     0.999973   0.00199524 -0.000290091 
        71.5      8.07732     0.999971   0.00199475 -0.000286936 
        71.5      8.19396     0.999968   0.00199425  -0.00028377 
        71.5      8.31143     0.999965   0.00199372 -0.000280594 
        71.5      8.42974     0.999963   0.00199318 -0.000277408 
        71.5      8.54889      0.99996   0.00199262 -0.000274212 
        71.5      8.66887     0.999957   0.00199203 -0.000271006 
        71.5      8.78969     0.999955   0.00199143 -0.000267791 
        71.5      8.91135     0.999952   0.00199081 -0.000264568 
        71.5      9.03384     0.999949   0.00199016 -0.000261336 
        71.5      9.15717     0.999947    0.0019895 -0.000258095 
        71.5      9.28133     0.999944   0.00198881 -0.000254847 
        71.5      9.40633     0.999941    0.0019881 -0.000251592 
        71.5      9.53216     0.999939   0.00198737 -0.000248328 
        71.5      9.65884     0.999936   0.00198663 -0.000245058 
        71.5      9.78634     0.999933   0.00198586 -0.000241782 
        71.5      9.91469     0.999931   0.00198507 -0.000238501 
        71.5      10.0439     0.999928   0.00198425 -0.000235213 
        71.5      10.1739     0.999925   0.00198342  -0.00023192 
        71.5      10.3047     0.999922   0.00198257 -0.000228622 
        71.5      10.4364      0.99992   0.00198169  -0.00022532 
        71.5      10.5689     0.999917   0.00198079 -0.000222015 
        71.5      10.7023     0.999914   0.00197986 -0.000218705 
        71.5      10.8365     0.999911   0.00197892 -0.000215391 
        71.5      10.9715     0.999909   0.00197795 -0.000212074 
        71.5      11.1074     0.999906   0.00197696 -0.000208755 
        71.5      11.2441     0.999903   0.00197595 -0.000205434 
        71.5      11.3817     0.999901   0.00197492 -0.000202111 
        71.5        11.52     0.999898   0.00197386 -0.000198788 
        71.5      11.6592     0.999895   0.00197278 -0.000195463 
        71.5      11.7993     0.999892   0.00197168 -0.000192139 
        71.5      11.9402      0.99989   0.00197056 -0.000188814 
        71.5      12.0819     0.999887   0.00196941 -0.000185489 
        71.5      12.2245     0.999884   0.00196824 -0.000182166 
        71.5      12.3679     0.999881   0.00196705 -0.000178843 
        71.5      12.5121     0.999879   0.00196583 -0.000175521 
        71.5      12.6572     0.999876   0.00196459 -0.000172202 
        71.5      12.8031     0.999873   0.00196333 -0.000168885 
        71.5      12.9498     0.999871   0.00196205  -0.00016557 
        71.5      13.0974     0.999868   0.00196074 -0.000162258 
        71.5      13.2458     0.999865   0.00195941 -0.000158949 
        71.5       13.395     0.999863   0.00195806 -0.000155645 
        71.5      13.5451      0.99986   0.00195669 -0.000152344 
        71.5       13.696     0.999857   0.00195529 -0.000149048 
        71.5      13.8478     0.999855   0.00195387 -0.000145756 
        71.5      14.0004     0.999852   0.00195243  -0.00014247 
        71.5      14.1538      0.99985   0.00195097  -0.00013919 
        71.5      14.3081     0.999847   0.00194948 -0.000135916 
        71.5      14.4632     0.999844   0.00194797 -0.000132648 
        71.5      14.6191     0.999842   0.00194644 -0.000129388 
        71.5      14.7759     0.999839   0.00194489 -0.000126134 
        71.5      14.9335     0.999837   0.00194332 -0.000122889 
        71.5      15.0919     0.999834   0.00194172 -0.000119651 
        71.5      15.2512     0.999832   0.00194011 -0.000116422 
        71.5      15.4113     0.999829   0.00193847 -0.000113202 
        71.5      15.5723     0.999827   0.00193681 -0.000109992 
        71.5      15.7341     0.999824   0.00193513 -0.000106792 
        71.5      15.8967     0.999822   0.00193343 -0.000103601 
        71.5      16.0602      0.99982   0.00193171 -0.000100422 
        71.5      16.2245     0.999817   0.00192997 -9.72752e-05 
        71.5      16.3896     0.999815   0.00192819 -9.41134e-05 
        71.5      16.5556     0.999812   0.00192638  -9.0947e-05 
        71.5      16.7224      0.99981   0.00192458 -8.78035e-05 
        71.5        16.89     0.999808   0.00192277 -8.46745e-05 
        71.5      17.0585     0.999805   0.00192093 -8.15603e-05 
        71.5      17.2278     0.999803   0.00191908  -7.8461e-05 
        71.5      17.3979     0.999801   0.00191717  -7.5364e-05 
        71.5      17.5689     0.999798   0.00191527 -7.22929e-05 
        71.5      17.7408     0.999796   0.00191334 -6.92356e-05 
        71.5      17.9134     0.999794    0.0019114 -6.61926e-05 
        71.5      18.0869     0.999792   0.00190943 -6.31641e-05 
        71.5      18.2612     0.999789   0.00190745 -6.01503e-05 
        71.5      18.4364     0.999787   0.00190545 -5.71516e-05 
        71.5      18.6124     0.999785   0.00190344 -5.41683e-05 
        71.5      18.7892     0.999783    0.0019014 -5.12004e-05 
        71.5      18.9669     0.999781   0.00189935 -4.82485e-05 
        71.5      19.1454     0.999779   0.00189728 -4.53126e-05 
        71.5      19.3248     0.999776   0.00189519 -4.23932e-05 
        71.5       19.505     0.999774   0.00189309 -3.94903e-05 
        71.5       19.686     0.999772   0.00189096 -3.66044e-05 
        71.5      19.8678      0.99977   0.00188883 -3.37356e-05 
        71.5      20.0505     0.999768   0.00188667 -3.08843e-05 
        71.5      20.2341     0.999766    0.0018845 -2.80505e-05 
        71.5      20.4184     0.999764   0.00188231 -2.52347e-05 
        71.5      20.6036     0.999762   0.00188011  -2.2437e-05 
        71.5      20.7897      0.99976    0.0018779 -1.96577e-05 
        71.5      20.9765     0.999759   0.00187566 -1.68971e-05 
        71.5      21.1642     0.999757   0.00187342 -1.41552e-05 
        71.5      21.3528     0.999755   0.00187116 -1.14325e-05 
        71.5      21.5422     0.999753   0.00186888 -8.72912e-06 
        71.5      21.7324     0.999751   0.00186659 -6.04526e-06 
        71.5      21.9234      0.99975   0.00186429 -3.38116e-06 
        71.5      22.1153     0.999748   0.00186197 -7.37047e-07 
        71.5       22.308     0.999746   0.00185965  1.88686e-06 
        71.5      22.5016     0.999744   0.00185731  4.49037e-06 
        71.5       22.696     0.999743   0.00185495  7.07324e-06 
        71.5      22.8912     0.999741   0.00185259  9.63529e-06 
        71.5      23.0873     0.999739   0.00185022  1.21763e-05 
        71.5      23.2842     0.999738   0.00184783  1.46961e-05 
        71.5       23.482     0.999736   0.00184544  1.71945e-05 
        71.5      23.6805     0.999735   0.00184303  1.96712e-05 
        71.5        23.88     0.999733   0.00184062  2.21262e-05 
        71.5      24.0802     0.999732   0.00183819  2.45591e-05 
        71.5      24.2813      0.99973   0.00183576  2.69699e-05 
        71.5      24.4832     0.999729   0.00183332  2.93584e-05 
        71.5       24.686     0.999727   0.00183087  3.17244e-05 
        71.5      24.8896     0.999726   0.00182837  3.41195e-05 
        71.5       25.094     0.999725    0.0018259  3.64329e-05 
        71.5      25.2993     0.999723   0.00182343  3.87259e-05 
        71.5      25.5054     0.999722   0.00182094  4.09983e-05 
        71.5      25.7123     0.999721   0.00181845  4.32499e-05 
        71.5      25.9201      0.99972   0.00181596  4.54806e-05 
        71.5      26.1287     0.999718   0.00181345  4.76902e-05 
        71.5      26.3381     0.999717   0.00181094  4.98784e-05 
        71.5      26.5484     0.999716   0.00180842  5.20453e-05 
        71.5      26.7595     0.999715    0.0018059  5.41906e-05 
        71.5      26.9715     0.999714   0.00180337  5.63141e-05 
        71.5      27.1843     0.999713   0.00180083  5.84157e-05 
        71.5      27.3979     0.999712   0.00179829  6.04953e-05 
        71.5      27.6124     0.999711   0.00179575  6.25526e-05 
        71.5      27.8277      0.99971    0.0017932  6.45877e-05 
        71.5      28.0438     0.999709   0.00179064  6.66003e-05 
        71.5      28.2608     0.999708   0.00178809  6.85903e-05 
        71.5      28.4786     0.999707   0.00178552  7.05575e-05 
        71.5      28.6972     0.999706   0.00178296  7.25019e-05 
        71.5      28.9167     0.999705   0.00178039  7.44233e-05 
        71.5       29.137     0.999704   0.00177781  7.63217e-05 
        71.5      29.3582     0.999703   0.00177524  7.81968e-05 
        71.5      29.5802     0.999703   0.00177266  8.00486e-05 
        71.5       29.803     0.999702   0.00177009   8.1815e-05 
        71.5      30.0267     0.999701   0.00176752    8.363e-05 
        71.5      30.2512     0.999701   0.00176495  8.54211e-05 
        71.5      30.4765       0.9997   0.00176238  8.71886e-05 
        71.5      30.7027     0.999699    0.0017598  8.89324e-05 
        71.5      30.9297     0.999699   0.00175723  9.06528e-05 
        71.5      31.1575     0.999698   0.00175467  9.23497e-05 
        71.5      31.3862     0.999697    0.0017521  9.40235e-05 
        71.5      31.6157     0.999697   0.00174953  9.56741e-05 
        71.5      31.8461     0.999696   0.00174697  9.73018e-05 
        71.5      32.0773     0.999696    0.0017444  9.89068e-05 
        71.5      32.3093     0.999695   0.00174184  0.000100489 
        71.5      32.5421     0.999695   0.00173928  0.000102049 
        71.5      32.7758     0.999695   0.00173672  0.000103587 
        71.5      33.0104     0.999694   0.00173417  0.000105103 
        71.5      33.2457     0.999694   0.00173161  0.000106596 
        71.5      33.4819     0.999694   0.00172906  0.000108069 
        71.5       33.719     0.999693   0.00172652   0.00010952 
        71.5      33.9568     0.999693   0.00172398  0.000110949 
        71.5      34.1956     0.999693   0.00172144  0.000112358 
        71.5      34.4351     0.999693    0.0017189  0.000113747 
        71.5      34.6755     0.999692   0.00171637  0.000115115 
        71.5      34.9167     0.999692   0.00171384  0.000116463 
        71.5      35.1588     0.999692   0.00171132  0.000117791 
        71.5      35.4017     0.999692    0.0017088  0.000119099 
        71.5      35.6454     0.999692   0.00170629  0.000120389 
        71.5      35.8899     0.999692   0.00170379   0.00012166 
        71.5      36.1354     0.999692   0.00170129  0.000122912 
        71.5      36.3816     0.999692   0.00169879  0.000124146 
        71.5      36.6287     0.999692    0.0016963  0.000125362 
        71.5      36.8766     0.999692   0.00169382  0.000126561 
        71.5      37.1253     0.999692   0.00169134  0.000127743 
        71.5      37.3749     0.999692   0.00168888  0.000128908 
        71.5      37.6253     0.999692   0.00168642  0.000130032 
        71.5      37.8766     0.999692   0.00168397  0.000131137 
        71.5      38.1287     0.999692   0.00168154  0.000132225 
        71.5      38.3816     0.999693    0.0016791  0.000133296 
        71.5      38.6353     0.999693   0.00167668   0.00013435 
        71.5      38.8899     0.999693   0.00167426  0.000135387 
        71.5      39.1454     0.999693   0.00167186  0.000136408 
        71.5      39.4016     0.999693   0.00166946  0.000137411 
        71.5      39.6588     0.999694   0.00166707  0.000138398 
        71.5      39.9167     0.999694   0.00166468  0.000139369 
        71.5      40.1755     0.999694   0.00166231  0.000140322 
        71.5      40.4351     0.999695   0.00165994   0.00014126 
        71.5      40.6955     0.999695   0.00165759  0.000142181 
        71.5      40.9568     0.999695   0.00165524  0.000143086 
        71.5      41.2189     0.999696    0.0016529  0.000143975 
        71.5      41.4819     0.999696   0.00165057  0.000144848 
        71.5      41.7457     0.999697   0.00164826  0.000145704 
        71.5      42.0103     0.999697   0.00164595  0.000146546 
        71.5      42.2758     0.999698   0.00164365  0.000147371 
        71.5      42.5421     0.999698   0.00164136  0.000148181 
        71.5      42.8092     0.999699   0.00163908  0.000148976 
        71.5      43.0772     0.999699   0.00163681  0.000149755 
        71.5       43.346       0.9997   0.00163455   0.00015052 
        71.5      43.6157       0.9997   0.00163231  0.000151269 
        71.5      43.8862     0.999701   0.00163007  0.000152004 
        71.5      44.1575     0.999702   0.00162785  0.000152724 
        71.5      44.4296     0.999702   0.00162563   0.00015343 
        71.5      44.7026     0.999703   0.00162343  0.000154122 
        71.5      44.9765     0.999704   0.00162124  0.000154799 
        71.5      45.2511     0.999704   0.00161906  0.000155463 
        71.5      45.5266     0.999705   0.00161689  0.000156113 
        71.5       45.803     0.999706   0.00161474  0.000156749 
        71.5      46.0801     0.999706   0.00161259  0.000157372 
        71.5      46.3581     0.999707   0.00161046  0.000157982 
        71.5       46.637     0.999708   0.00160834   0.00015858 
        71.5      46.9167     0.999709   0.00160624  0.000159164 
        71.5      47.1972      0.99971   0.00160415  0.000159737 
        71.5      47.4785      0.99971   0.00160207  0.000160297 
        71.5      47.7607     0.999711       0.0016  0.000160845 
        71.5      48.0438     0.999712   0.00159786  0.000161443 
        71.5      48.3276     0.999713   0.00159583  0.000161977 
        71.5      48.6123     0.999714    0.0015938  0.000162499 
        71.5      48.8979     0.999715   0.00159178  0.000163009 
        71.5      49.1842     0.999716   0.00158978  0.000163507 
        71.5      49.4714     0.999716   0.00158778  0.000163994 
        71.5      49.7595     0.999717    0.0015858   0.00016447 
        71.5      50.0484     0.999718   0.00158382  0.000164935 
        71.5      50.3381     0.999719   0.00158186  0.000165391 
        71.5      50.6286      0.99972   0.00157991  0.000165836 
        71.5        50.92     0.999721   0.00157796  0.000166271 
        71.5      51.2122     0.999722   0.00157603  0.000166698 
        71.5      51.5053     0.999723   0.00157411  0.000167116 
        71.5      51.7992     0.999724   0.00157219  0.000167525 
        71.5      52.0939     0.999725   0.00157029  0.000167927 
        71.5      52.3895     0.999726   0.00156839   0.00016832 
        71.5      52.6859     0.999727    0.0015665  0.000168707 
        71.5      52.9831     0.999729   0.00156482  0.000169105 
        71.5      53.2812      0.99973   0.00156295  0.000169471 
        71.5      53.5801     0.999731    0.0015611  0.000169831 
        71.5      53.8799     0.999732   0.00155926  0.000170186 
        71.5      54.1805     0.999733   0.00155744  0.000170535 
        71.5      54.4819     0.999734   0.00155563  0.000170878 
        71.5      54.7841     0.999735   0.00155383  0.000171216 
        71.5      55.0872     0.999736   0.00155205  0.000171548 
        71.5      55.3912     0.999737   0.00155029  0.000171875 
        71.5      55.6959     0.999739   0.00154854  0.000172196 
        71.5      56.0015      0.99974    0.0015468  0.000172511 
        71.5       56.308     0.999741   0.00154508  0.000172821 
        71.5      56.6152     0.999742   0.00154338  0.000173125 
        71.5      56.9233     0.999743   0.00154168  0.000173424 
        71.5      57.2323     0.999744   0.00154001  0.000173717 
        71.5      57.5421     0.999746   0.00153834  0.000174004 
        71.5      57.8527     0.999747   0.00153669  0.000174286 
        71.5      58.1641     0.999748   0.00153506  0.000174563 
        71.5      58.4764     0.999749   0.00153343  0.000174834 
        71.5      58.7896     0.999751   0.00153183  0.000175099 
        71.5      59.1035     0.999752   0.00153023  0.000175359 
        71.5      59.4183     0.999753   0.00152855  0.000175476 
        71.5      59.7339     0.999754   0.00152697  0.000175727 
        71.5      60.0504     0.999756    0.0015254  0.000175974 
        71.5      60.3677     0.999757   0.00152384  0.000176216 
        71.5      60.6859     0.999758   0.00152229  0.000176454 
        71.5      61.0048      0.99976   0.00152076  0.000176689 
        71.5      61.3247     0.999761   0.00151923  0.000176919 
        71.5      61.6453     0.999762   0.00151772  0.000177145 
        71.5      61.9668     0.999763   0.00151622  0.000177367 
        71.5      62.2891     0.999765   0.00151473  0.000177586 
        71.5      62.6123     0.999766   0.00151325  0.000177801 
        71.5      62.9363     0.999767   0.00151178  0.000178013 
        71.5      63.2611     0.999769   0.00151032  0.000178222 
        71.5      63.5868      0.99977   0.00150887  0.000178427 
        71.5      63.9133     0.999771   0.00150744  0.000178629 
        71.5      64.2406     0.999773   0.00150601  0.000178829 
        71.5      64.5688     0.999774    0.0015046  0.000179025 
        71.5      64.8978     0.999775   0.00150319  0.000179219 
        71.5      65.2277     0.999777    0.0015018   0.00017941 
        71.5      65.5583     0.999778   0.00150042  0.000179599 
        71.5      65.8899     0.999779   0.00149905  0.000179786 
        71.5      66.2222     0.999781   0.00149768   0.00017997 
        71.5      66.5554     0.999782   0.00149633  0.000180153 
        71.5      66.8894     0.999784     0.001495  0.000180333 
        71.5      67.2243     0.999785   0.00149367  0.000180512 
        71.5        67.56     0.999786   0.00149235   0.00018069 
        71.5      67.8966     0.999788   0.00149104  0.000180866 
        71.5      68.2339     0.999789   0.00148974  0.000181041 
        71.5      68.5721      0.99979   0.00148845  0.000181215 
        71.5      68.9112     0.999792   0.00148718  0.000181388 
        71.5      69.2511     0.999793   0.00148591   0.00018156 
        71.5      69.5918     0.999795   0.00148465  0.000181732 
        71.5      69.9333     0.999796   0.00148341  0.000181903 
        71.5      70.2757     0.999797   0.00148217  0.000182074 
        71.5      70.6189     0.999799   0.00148094  0.000182245 
        71.5       70.963       0.9998   0.00147973  0.000182416 
        71.5      71.3079     0.999802   0.00147852  0.000182588 
        71.5      71.6536     0.999803   0.00147732   0.00018276 
        71.5      72.0002     0.999804   0.00147613  0.000182932 
        71.5      72.3476     0.999806   0.00147495  0.000183106 
        71.5      72.6959     0.999807   0.00147378  0.000183281 
        71.5      73.0449     0.999809   0.00147263  0.000183457 
        71.5      73.3949      0.99981   0.00147147  0.000183634 
        71.5      73.7456     0.999811   0.00147033  0.000183813 
        71.5      74.0972     0.999813    0.0014692  0.000183994 
        71.5      74.4496     0.999814   0.00146808  0.000184177 
        71.5      74.8029     0.999816   0.00146696  0.000184362 
        71.5       75.157     0.999817   0.00146586   0.00018455 
        71.5      75.5119     0.999818   0.00146473  0.000184728 
        71.5      75.8677      0.99982   0.00146365  0.000184897 
        71.5      76.2243     0.999821   0.00146258  0.000185067 
        71.5      76.5817     0.999823   0.00146152   0.00018524 
        71.5        76.94     0.999824   0.00146047  0.000185414 
        71.5      77.2991     0.999826   0.00145942   0.00018559 
        71.5      77.6591     0.999827   0.00145838  0.000185768 
        71.5      78.0198     0.999828   0.00145735  0.000185948 
        71.5      78.3815      0.99983   0.00145633   0.00018613 
        71.5      78.7439     0.999831   0.00145531  0.000186314 
        71.5      79.1072     0.999833   0.00145431    0.0001865 
        71.5      79.4714     0.999834    0.0014533  0.000186688 
        71.5      79.8363     0.999835   0.00145231  0.000186878 
        71.5      80.2021     0.999837   0.00145132   0.00018707 
        71.5      80.5688     0.999838   0.00145034  0.000187265 
        71.5      80.9362      0.99984   0.00144937  0.000187462 
        71.5      81.3045     0.999841   0.00144841   0.00018766 
        71.5      81.6737     0.999842   0.00144745  0.000187862 
        71.5      82.0437     0.999844    0.0014465  0.000188065 
        71.5      82.4145     0.999845   0.00144556  0.000188271 
        71.5      82.7861     0.999847   0.00144462  0.000188479 
        71.5      83.1586     0.999848   0.00144369  0.000188689 
        71.5       83.532     0.999849   0.00144277  0.000188902 
        71.5      83.9061     0.999851   0.00144185  0.000189118 
        71.5      84.2811     0.999852   0.00144095  0.000189335 
        71.5       84.657     0.999853   0.00144004  0.000189556 
        71.5      85.0336     0.999855   0.00143915  0.000189779 
        71.5      85.4111     0.999856   0.00143826  0.000190004 
        71.5      85.7895     0.999858   0.00143738  0.000190232 
        71.5      86.1687     0.999859    0.0014365  0.000190463 
        71.5      86.5487      0.99986   0.00143563  0.000190696 
        71.5      86.9295     0.999862   0.00143477  0.000190932 
        71.5      87.3112     0.999863   0.00143392  0.000191171 
        71.5      87.6937     0.999864   0.00143307  0.000191412 
        71.5      88.0771     0.999866   0.00143222  0.000191657 
        71.5      88.4613     0.999867   0.00143139  0.000191904 
        71.5      88.8463     0.999869   0.00143055  0.000192154 
        71.5      89.2322      0.99987   0.00142973  0.000192407 
        71.5      89.6189     0.999871   0.00142891  0.000192663 
        71.5      90.0064     0.999873    0.0014281  0.000192922 
        71.5      90.3948     0.999874   0.00142729  0.000193184 
        71.5       90.784     0.999875   0.00142649   0.00019345 
        71.5      91.1741     0.999877   0.00142569  0.000193718 
        71.5       91.565     0.999878    0.0014249  0.000193989 
        71.5      91.9567     0.999879   0.00142412  0.000194264 
        71.5      92.3492     0.999881   0.00142334  0.000194542 
        71.5      92.7426     0.999882   0.00142256  0.000194823 
        71.5      93.1369     0.999883   0.00142179  0.000195107 
        71.5      93.5319     0.999885   0.00142103  0.000195395 
        71.5      93.9278     0.999886   0.00142027  0.000195686 
        71.5      94.3246     0.999887   0.00141952  0.000195981 
        71.5      94.7221     0.999889   0.00141877  0.000196279 
        71.5      95.1206      0.99989   0.00141802   0.00019658 
        71.5      95.5198     0.999891   0.00141728  0.000196885 
        71.5      95.9199     0.999892   0.00141655  0.000197194 
        71.5      96.3208     0.999894   0.00141582  0.000197506 
        71.5      96.7226     0.999895   0.00141509  0.000197822 
        71.5      97.1251     0.999896   0.00141437  0.000198142 
        71.5      97.5286     0.999898   0.00141365  0.000198465 
        71.5      97.9328     0.999899   0.00141294  0.000198793 
        71.5      98.3379       0.9999   0.00141223  0.000199124 
        71.5      98.7439     0.999902   0.00141152  0.000199459 
        71.5      99.1506     0.999903   0.00141082  0.000199798 
        71.5      99.5583     0.999904   0.00141012  0.000200141 
        71.5      99.9667     0.999905   0.00140942  0.000200488 
        71.5      100.376     0.999907   0.00140873  0.000200839 
        71.5      100.786     0.999908   0.00140804  0.000201194 
        71.5      101.197     0.999909   0.00140736  0.000201553 
        71.5      101.609      0.99991   0.00140668  0.000201917 
        71.5      102.021     0.999912     0.001406  0.000202284 
        71.5      102.435     0.999913   0.00140532  0.000202657 
        71.5      102.849     0.999914   0.00140465  0.000203033 
        71.5      103.264     0.999915   0.00140401  0.000203391 
        71.5       103.68     0.999917   0.00140337  0.000203753 
        71.5      104.097     0.999918   0.00140273  0.000204117 
        71.5      104.515     0.999919   0.00140209  0.000204482 
        71.5      104.933      0.99992   0.00140135  0.000204823 
        71.5      105.353     0.999921   0.00140068  0.000205196 
        71.5      105.773     0.999923   0.00140001  0.000205576 
        71.5      106.194     0.999931   0.00139905  0.000205898 
        71.5      106.616     0.999931   0.00139846  0.000206316 
        71.5      107.038     0.999932   0.00139786  0.000206739 
        71.5      107.462     0.999933   0.00139727  0.000207165 
        71.5      107.886     0.999933   0.00139668  0.000207596 
        71.5      108.311     0.999934   0.00139608   0.00020803 
        71.5      108.737     0.999935   0.00139549  0.000208468 
        71.5      109.164     0.999935    0.0013949   0.00020891 
        71.5      109.592     0.999936   0.00139431  0.000209356 
        71.5       110.02     0.999937   0.00139372  0.000209805 
        71.5       110.45     0.999938   0.00139313  0.000210259 
        71.5       110.88     0.999938   0.00139255  0.000210717 
        71.5      111.311     0.999939   0.00139196  0.000211178 
        71.5      111.743      0.99994   0.00139137  0.000211644 
        71.5      112.175     0.999941   0.00139079  0.000212113 
        71.5      112.609     0.999942    0.0013902  0.000212587 
        71.5      113.043     0.999943   0.00138962  0.000213064 
        71.5      113.478     0.999944   0.00138904  0.000213546 
        71.5      113.914     0.999945   0.00138845  0.000214031 
        71.5      114.351     0.999946   0.00138787  0.000214521 
        71.5      114.789     0.999946   0.00138729  0.000215014 
        71.5      115.228     0.999947   0.00138671  0.000215512 
        71.5      115.667     0.999948   0.00138613  0.000216014 
        71.5      116.107     0.999949   0.00138555   0.00021652 
        71.5      116.548     0.999951   0.00138497  0.000217029 
        71.5       116.99     0.999952   0.00138439  0.000217543 
        71.5      117.433     0.999953   0.00138382  0.000218061 
        71.5      117.876     0.999954   0.00138324  0.000218584 
        71.5      118.321     0.999955   0.00138266   0.00021911 
        71.5      118.766     0.999956   0.00138209   0.00021964 
        71.5      119.212     0.999957   0.00138151  0.000220175 
        71.5      119.659     0.999958   0.00138094  0.000220714 
        71.5      120.107     0.999959   0.00138036  0.000221257 
        71.5      120.555      0.99996   0.00137979  0.000221804 
        71.5      121.005     0.999961   0.00137921  0.000222355 
        71.5      121.455     0.999962   0.00137864  0.000222911 
        71.5      121.906     0.999964   0.00137807   0.00022347 
        71.5      122.358     0.999965    0.0013775  0.000224034 
        71.5      122.811     0.999966   0.00137692  0.000224602 
        71.5      123.264     0.999967   0.00137635  0.000225175 
        71.5      123.719     0.999968   0.00137578  0.000225751 
        71.5      124.174     0.999969   0.00137521  0.000226332 
        71.5       124.63     0.999971   0.00137464  0.000226917 
        71.5      125.087     0.999972   0.00137407  0.000227507 
        71.5      125.545     0.999973    0.0013735    0.0002281 
        71.5      126.003     0.999974   0.00137293  0.000228698 
        71.5      126.463     0.999975   0.00137236  0.000229301 
        71.5      126.923     0.999976   0.00137179  0.000229907 
        71.5      127.384     0.999977   0.00137122  0.000230518 
        71.5      127.846     0.999979   0.00137065  0.000231133 
        71.5      128.309      0.99998   0.00137008  0.000231753 
        71.5      128.773     0.999981   0.00136951  0.000232377 
        71.5      129.237     0.999982   0.00136894  0.000233005 
        71.5      129.702     0.999983   0.00136837  0.000233638 
        71.5      130.169     0.999984    0.0013678  0.000234275 
        71.5      130.636     0.999985   0.00136723  0.000234917 
        71.5      131.103     0.999987   0.00136666  0.000235562 
        71.5      131.572     0.999988   0.00136609  0.000236213 
        71.5      132.041     0.999989   0.00136552  0.000236867 
        71.5      132.512      0.99999   0.00136495  0.000237526 
        71.5      132.983     0.999991   0.00136438   0.00023819 
        71.5      133.455     0.999992   0.00136381  0.000238858 
        71.5      133.928     0.999993   0.00136324   0.00023953 
        71.5      134.401     0.999994   0.00136267  0.000240207 
        71.5      134.876     0.999995    0.0013621  0.000240888 
        71.5      135.351     0.999996   0.00136153  0.000241574 
        71.5      135.827     0.999997   0.00136096  0.000242265 
        71.5      136.304     0.999998   0.00136039  0.000242959 
        71.5      136.782     0.999999   0.00135982  0.000243659 
        71.5      137.261            1   0.00135924  0.000244362 
        71.5       137.74            1   0.00135867  0.000245071 
        71.5      138.221            1    0.0013581  0.000245783 
        71.5      138.702            1   0.00135752  0.000246501 
        71.5      139.184            1   0.00135695  0.000247223 
        71.5      139.667            1   0.00135638  0.000247949 
        71.5      140.151            1    0.0013558   0.00024868 
        71.5      140.635      1.00001   0.00135522  0.000249416 
        71.5       141.12      1.00001   0.00135465  0.000250156 
        71.5      141.607      1.00001   0.00135407    0.0002509 
        71.5      142.094      1.00001   0.00135349   0.00025165 
        71.5      142.582      1.00001   0.00135291  0.000252403 
        71.5       143.07      1.00001   0.00135233  0.000253162 
        71.5       143.56      1.00001   0.00135175  0.000253925 
        71.5       144.05      1.00001   0.00135117  0.000254693 
        71.5      144.541      1.00001   0.00135059  0.000255465 
        71.5      145.033      1.00001   0.00135001  0.000256242 
        71.5      145.526      1.00001   0.00134942  0.000257023 
        71.5       146.02      1.00001   0.00134884  0.000257809 
        71.5      146.515      1.00001   0.00134825    0.0002586 
        71.5       147.01      1.00001   0.00134767  0.000259396 
        71.5      147.506      1.00001   0.00134708  0.000260196 
        71.5      148.003      1.00001   0.00134649  0.000261001 
        71.5      148.501      1.00001    0.0013459   0.00026181 
        71.5          149      1.00001   0.00134531  0.000262624 
        71.5        149.5      1.00001   0.00134472  0.000263443 
        71.5          150      1.00001   0.00134412  0.000264266 
