Variables = x, y, u, v, p

Zone, I=600, F=POINT
       658.5            0  1.29234e-07   4.4881e-09  -4.3858e-05 
       658.5     0.000418  0.000139184  4.39399e-09 -4.38581e-05 
       658.5     0.001672  0.000556347   4.2944e-09 -4.38583e-05 
       658.5     0.003763   0.00125195   4.7377e-09 -4.38586e-05 
       658.5     0.006689   0.00222534  6.63598e-09 -4.38589e-05 
       658.5     0.010451   0.00347684  1.12647e-08 -4.38592e-05 
       658.5      0.01505   0.00500679   2.0263e-08 -4.38593e-05 
       658.5     0.020485   0.00681486  3.56259e-08 -4.38591e-05 
       658.5     0.026756   0.00890106  5.97051e-08 -4.38586e-05 
       658.5     0.033863    0.0112654  9.52049e-08 -4.38577e-05 
       658.5     0.041806    0.0139078  1.45178e-07 -4.38562e-05 
       658.5     0.050585    0.0168284  2.13021e-07  -4.3854e-05 
       658.5     0.060201    0.0200274  3.02479e-07 -4.38511e-05 
       658.5     0.070652    0.0235043  4.17603e-07 -4.38475e-05 
       658.5      0.08194    0.0272595   5.6281e-07 -4.38433e-05 
       658.5     0.094063    0.0312925   7.4279e-07 -4.38384e-05 
       658.5     0.107023     0.035604  9.62604e-07 -4.38332e-05 
       658.5     0.120819    0.0401934  1.22757e-06 -4.38279e-05 
       658.5     0.135451    0.0450609  1.54333e-06 -4.38229e-05 
       658.5     0.150919    0.0502064  1.91579e-06 -4.38187e-05 
       658.5     0.167224    0.0556302  2.35119e-06 -4.38159e-05 
       658.5     0.184364    0.0613315  2.85594e-06 -4.38155e-05 
       658.5     0.202341    0.0673109  3.43682e-06 -4.38183e-05 
       658.5     0.221153    0.0735677  4.10076e-06 -4.38258e-05 
       658.5     0.240802    0.0801025  4.85503e-06 -4.38393e-05 
       658.5     0.261287    0.0869152  5.72693e-06 -4.38511e-05 
       658.5     0.282608    0.0940036  6.69047e-06 -4.37976e-05 
       658.5     0.304765     0.101369  7.77345e-06 -4.37568e-05 
       658.5     0.327758     0.109012  8.98514e-06 -4.37287e-05 
       658.5     0.351588     0.116931  1.03352e-05 -4.37131e-05 
       658.5     0.376253     0.125127  1.18335e-05 -4.37092e-05 
       658.5     0.401755     0.133597  1.34904e-05  -4.3716e-05 
       658.5     0.428092     0.142342  1.53162e-05 -4.37318e-05 
       658.5     0.455266     0.151361  1.73221e-05 -4.37548e-05 
       658.5     0.483276     0.160653  1.95192e-05 -4.37823e-05 
       658.5     0.512122     0.170217  2.19189e-05 -4.38112e-05 
       658.5     0.541805     0.180052  2.45331e-05  -4.3838e-05 
       658.5     0.572323     0.190156  2.73738e-05 -4.38582e-05 
       658.5     0.603677     0.200527  3.04535e-05 -4.38667e-05 
       658.5     0.635868     0.211165  3.37849e-05 -4.38579e-05 
       658.5     0.668894     0.222068  3.73807e-05 -4.38251e-05 
       658.5     0.702757     0.233233  4.12546e-05 -4.37608e-05 
       658.5     0.737456     0.244659  4.54199e-05 -4.36568e-05 
       658.5     0.772991     0.256347  4.98554e-05 -4.37246e-05 
       658.5     0.809362     0.268277  5.46004e-05 -4.36491e-05 
       658.5      0.84657     0.280458  5.96758e-05 -4.35905e-05 
       658.5     0.884613     0.292888  6.50926e-05 -4.35486e-05 
       658.5     0.923492      0.30556   7.0862e-05 -4.35228e-05 
       658.5     0.963208     0.318469  7.69947e-05 -4.35125e-05 
       658.5      1.00376      0.33161  8.35012e-05 -4.35168e-05 
       658.5      1.04515     0.344976  9.03917e-05 -4.35346e-05 
       658.5      1.08737     0.358559  9.76762e-05 -4.35645e-05 
       658.5      1.13043     0.372353  0.000105364 -4.36049e-05 
       658.5      1.17433     0.386349  0.000113465  -4.3654e-05 
       658.5      1.21906     0.400538  0.000121987 -4.37097e-05 
       658.5      1.26463     0.414912  0.000130939 -4.37695e-05 
       658.5      1.31103     0.429459  0.000140329 -4.38308e-05 
       658.5      1.35827     0.444169  0.000150164 -4.38905e-05 
       658.5      1.40635     0.459032  0.000160451 -4.39452e-05 
       658.5      1.45526     0.474033  0.000171196 -4.39913e-05 
       658.5      1.50501     0.489161  0.000182405 -4.40247e-05 
       658.5       1.5556     0.504402  0.000194082  -4.4041e-05 
       658.5      1.60702      0.51974  0.000206233 -4.40353e-05 
       658.5      1.65928     0.535161   0.00021886 -4.40025e-05 
       658.5      1.71237     0.550647  0.000231966 -4.39369e-05 
       658.5       1.7663     0.565674  0.000245413 -4.13906e-05 
       658.5      1.82106     0.581473  0.000259615 -4.20005e-05 
       658.5      1.87667     0.597207  0.000274215 -4.25317e-05 
       658.5      1.93311     0.612861    0.0002892 -4.29857e-05 
       658.5      1.99038     0.628418  0.000304555 -4.33641e-05 
       658.5      2.04849     0.643863  0.000320261 -4.36693e-05 
       658.5      2.10744     0.659179  0.000336299 -4.39038e-05 
       658.5      2.16722     0.674349  0.000352649  -4.4071e-05 
       658.5      2.22784     0.689356  0.000369285 -4.41744e-05 
       658.5      2.28929     0.704183  0.000386182 -4.42182e-05 
       658.5      2.35158     0.718811  0.000403312 -4.42071e-05 
       658.5      2.41471     0.733223  0.000420645 -4.41464e-05 
       658.5      2.47867       0.7474  0.000438146  -4.4042e-05 
       658.5      2.54347     0.761322   0.00045578 -4.39002e-05 
       658.5      2.60911      0.77497  0.000473509 -4.37282e-05 
       658.5      2.67558     0.788324  0.000491292 -4.35336e-05 
       658.5      2.74288     0.801365  0.000509085 -4.33248e-05 
       658.5      2.81103      0.81407  0.000526841 -4.31108e-05 
       658.5      2.88001      0.82642   0.00054451 -4.29013e-05 
       658.5      2.94983     0.838392  0.000562039 -4.27068e-05 
       658.5      3.02048     0.849965  0.000579372 -4.25385e-05 
       658.5      3.09197     0.861116  0.000596451 -4.24083e-05 
       658.5      3.16429     0.871822  0.000613211 -4.23291e-05 
       658.5      3.23745      0.88206  0.000629588 -4.23143e-05 
       658.5      3.31145     0.891807  0.000645512 -4.23783e-05 
       658.5      3.38628     0.901037  0.000660908 -4.25365e-05 
       658.5      3.46195     0.909726    0.0006757 -4.28049e-05 
       658.5      3.53845      0.91785  0.000689808 -4.32006e-05 
       658.5      3.61579     0.925382  0.000703146 -4.37416e-05 
       658.5      3.69397     0.932296  0.000715626 -4.44468e-05 
       658.5      3.77298     0.940931  0.000723808 -4.25025e-05 
       658.5      3.85283      0.94638  0.000737179 -4.25548e-05 
       658.5      3.93352     0.951529  0.000749784 -4.26255e-05 
       658.5      4.01504     0.956379   0.00076163 -4.27132e-05 
       658.5       4.0974     0.960933  0.000772721 -4.28165e-05 
       658.5      4.18059     0.965192  0.000783067 -4.29338e-05 
       658.5      4.26462     0.969159  0.000792677 -4.30632e-05 
       658.5      4.34949     0.972838  0.000801563 -4.32031e-05 
       658.5      4.43519     0.976233  0.000809739 -4.33513e-05 
       658.5      4.52173     0.979349  0.000817222 -4.35057e-05 
       658.5       4.6091     0.982193  0.000824029 -4.36642e-05 
       658.5      4.69731     0.984771   0.00083018 -4.38244e-05 
       658.5      4.78636      0.98709  0.000835698 -4.39836e-05 
       658.5      4.87624     0.989158  0.000840607 -4.41393e-05 
       658.5      4.96696     0.990985  0.000844934 -4.42887e-05 
       658.5      5.05851     0.992581  0.000848708 -4.44287e-05 
       658.5       5.1509     0.993956  0.000851962 -4.45563e-05 
       658.5      5.24413     0.995123  0.000854729 -4.46681e-05 
       658.5       5.3382     0.996093  0.000857046 -4.47608e-05 
       658.5      5.43309     0.996882  0.000858952 -4.48308e-05 
       658.5      5.52883     0.997502   0.00086049 -4.48742e-05 
       658.5       5.6254      0.99797  0.000861703 -4.48871e-05 
       658.5      5.72281     0.998303   0.00086264 -4.48655e-05 
       658.5      5.82105     0.998344  0.000861784 -4.24657e-05 
       658.5      5.92013     0.998744  0.000862625 -4.20574e-05 
       658.5      6.02005     0.999042  0.000863246 -4.16667e-05 
       658.5       6.1208     0.999249  0.000863667 -4.12964e-05 
       658.5      6.22239     0.999375  0.000863911 -4.09495e-05 
       658.5      6.32482     0.999433  0.000864002  -4.0629e-05 
       658.5      6.42808     0.999435  0.000863965 -4.03382e-05 
       658.5      6.53217     0.999394  0.000863826 -4.00803e-05 
       658.5      6.63711     0.999325  0.000863613 -3.98588e-05 
       658.5      6.74287     0.999243  0.000863356 -3.96773e-05 
       658.5      6.84948     0.999162  0.000863085 -3.95395e-05 
       658.5      6.95692     0.999099  0.000862833 -3.94492e-05 
       658.5       7.0652     0.999071  0.000862634 -3.94103e-05 
       658.5      7.17431     0.999095  0.000862522 -3.94272e-05 
       658.5      7.28426      0.99919  0.000862536 -3.95039e-05 
       658.5      7.39505     0.999376  0.000862713  -3.9645e-05 
       658.5      7.50667     0.999673  0.000863094 -3.98549e-05 
       658.5      7.61913       1.0001  0.000863721 -4.01385e-05 
       658.5      7.73242      1.00068  0.000864637 -4.05006e-05 
       658.5      7.84655     0.999764  0.000862849 -4.14472e-05 
       658.5      7.96152     0.999754  0.000862826  -4.1317e-05 
       658.5      8.07732     0.999746   0.00086279 -4.11882e-05 
       658.5      8.19396     0.999739  0.000862742 -4.10608e-05 
       658.5      8.31143     0.999732  0.000862683 -4.09352e-05 
       658.5      8.42974     0.999727  0.000862614 -4.08117e-05 
       658.5      8.54889     0.999722  0.000862538 -4.06903e-05 
       658.5      8.66887     0.999719  0.000862457 -4.05716e-05 
       658.5      8.78969     0.999716  0.000862372 -4.04556e-05 
       658.5      8.91135     0.999714  0.000862286 -4.03428e-05 
       658.5      9.03384     0.999713    0.0008622 -4.02334e-05 
       658.5      9.15717     0.999712  0.000862116 -4.01276e-05 
       658.5      9.28133     0.999712  0.000862037 -4.00259e-05 
       658.5      9.40633     0.999713  0.000861966 -3.99286e-05 
       658.5      9.53216     0.999714  0.000861904 -3.98359e-05 
       658.5      9.65884     0.999716  0.000861854 -3.97482e-05 
       658.5      9.78634     0.999718   0.00086182  -3.9666e-05 
       658.5      9.91469     0.999721  0.000861802 -3.95894e-05 
       658.5      10.0439     0.999724  0.000861805  -3.9519e-05 
       658.5      10.1739     0.999727  0.000861831 -3.94551e-05 
       658.5      10.3047     0.999731  0.000864356 -3.94231e-05 
       658.5      10.4364     0.999735  0.000864536 -3.93772e-05 
       658.5      10.5689     0.999739  0.000864672 -3.93424e-05 
       658.5      10.7023     0.999743  0.000864762 -3.93161e-05 
       658.5      10.8365     0.999746  0.000864807 -3.92955e-05 
       658.5      10.9715     0.999749  0.000864805 -3.92777e-05 
       658.5      11.1074     0.999751  0.000864756 -3.92596e-05 
       658.5      11.2441     0.999753  0.000864659 -3.92383e-05 
       658.5      11.3817     0.999754  0.000864514 -3.92103e-05 
       658.5        11.52     0.999754   0.00086432 -3.91724e-05 
       658.5      11.6592     0.999753  0.000864076 -3.91211e-05 
       658.5      11.7993     0.999752  0.000863782 -3.90528e-05 
       658.5      11.9402     0.999749  0.000863437 -3.89637e-05 
       658.5      12.0819     0.999746   0.00086304   -3.885e-05 
       658.5      12.2245     0.999741  0.000862591 -3.87078e-05 
       658.5      12.3679     0.999736  0.000862089 -3.85329e-05 
       658.5      12.5121     0.999738  0.000862935 -3.90631e-05 
       658.5      12.6572     0.999739  0.000863102 -3.90842e-05 
       658.5      12.8031      0.99974  0.000863251 -3.90969e-05 
       658.5      12.9498     0.999741  0.000863382 -3.91014e-05 
       658.5      13.0974     0.999742  0.000863497 -3.90979e-05 
       658.5      13.2458     0.999743  0.000863596 -3.90866e-05 
       658.5       13.395     0.999744   0.00086368 -3.90678e-05 
       658.5      13.5451     0.999745  0.000863749 -3.90417e-05 
       658.5       13.696     0.999746  0.000863804 -3.90086e-05 
       658.5      13.8478     0.999747  0.000863847 -3.89686e-05 
       658.5      14.0004     0.999747  0.000863877 -3.89221e-05 
       658.5      14.1538     0.999748  0.000863897 -3.88694e-05 
       658.5      14.3081     0.999749  0.000863906 -3.88107e-05 
       658.5      14.4632     0.999749  0.000863905 -3.87463e-05 
       658.5      14.6191      0.99975  0.000863896 -3.86766e-05 
       658.5      14.7759     0.999751   0.00086388 -3.86019e-05 
       658.5      14.9335     0.999751  0.000863857 -3.85225e-05 
       658.5      15.0919     0.999752   0.00086383 -3.84388e-05 
       658.5      15.2512     0.999752  0.000863797 -3.83511e-05 
       658.5      15.4113     0.999753  0.000863762   -3.826e-05 
       658.5      15.5723     0.999753  0.000863726 -3.81656e-05 
       658.5      15.7341     0.999754  0.000863688 -3.80685e-05 
       658.5      15.8967     0.999754  0.000863651 -3.79691e-05 
       658.5      16.0602     0.999755  0.000863617 -3.78678e-05 
       658.5      16.2245     0.999755  0.000863585  -3.7765e-05 
       658.5      16.3896     0.999756  0.000863559 -3.76613e-05 
       658.5      16.5556     0.999756  0.000863538 -3.75571e-05 
       658.5      16.7224     0.999757  0.000863525 -3.74529e-05 
       658.5        16.89     0.999758  0.000863522 -3.73492e-05 
       658.5      17.0585     0.999758  0.000863529 -3.72466e-05 
       658.5      17.2278     0.999759  0.000863548 -3.71455e-05 
       658.5      17.3979      0.99976  0.000863582 -3.70466e-05 
       658.5      17.5689     0.999761  0.000863631 -3.69504e-05 
       658.5      17.7408     0.999762  0.000863698 -3.68575e-05 
       658.5      17.9134     0.999763  0.000863783 -3.67685e-05 
       658.5      18.0869     0.999764   0.00086389  -3.6684e-05 
       658.5      18.2612     0.999765   0.00086402 -3.66047e-05 
       658.5      18.4364     0.999766  0.000864174 -3.65313e-05 
       658.5      18.6124     0.999767  0.000864355 -3.64643e-05 
       658.5      18.7892     0.999769  0.000864565 -3.64045e-05 
       658.5      18.9669     0.999766  0.000864266 -3.61541e-05 
       658.5      19.1454     0.999767  0.000864056 -3.60226e-05 
       658.5      19.3248     0.999768  0.000863833 -3.58874e-05 
       658.5       19.505     0.999769  0.000863817 -3.60369e-05 
       658.5       19.686      0.99977  0.000863843 -3.59601e-05 
       658.5      19.8678     0.999771  0.000863872 -3.58828e-05 
       658.5      20.0505     0.999771  0.000863903 -3.58049e-05 
       658.5      20.2341     0.999772  0.000863935 -3.57266e-05 
       658.5      20.4184     0.999773  0.000863858 -3.55599e-05 
       658.5      20.6036     0.999774  0.000863876 -3.54903e-05 
       658.5      20.7897     0.999774  0.000863892 -3.54195e-05 
       658.5      20.9765     0.999775  0.000863908 -3.53477e-05 
       658.5      21.1642     0.999776  0.000863922 -3.52747e-05 
       658.5      21.3528     0.999777  0.000863936 -3.52007e-05 
       658.5      21.5422     0.999778  0.000863949 -3.51255e-05 
       658.5      21.7324     0.999779  0.000863961 -3.50494e-05 
       658.5      21.9234     0.999779  0.000863972 -3.49721e-05 
       658.5      22.1153      0.99978  0.000863983 -3.48939e-05 
       658.5       22.308     0.999781  0.000863993 -3.48146e-05 
       658.5      22.5016     0.999782  0.000864002 -3.47344e-05 
       658.5       22.696     0.999783   0.00086401 -3.46531e-05 
       658.5      22.8912     0.999784  0.000864018  -3.4571e-05 
       658.5      23.0873     0.999784  0.000864025 -3.44878e-05 
       658.5      23.2842     0.999785  0.000864031 -3.44038e-05 
       658.5       23.482     0.999786  0.000864037 -3.43188e-05 
       658.5      23.6805     0.999787  0.000864042  -3.4233e-05 
       658.5        23.88     0.999788  0.000864047 -3.41463e-05 
       658.5      24.0802     0.999789  0.000864051 -3.40587e-05 
       658.5      24.2813      0.99979  0.000864055 -3.39703e-05 
       658.5      24.4832      0.99979  0.000864058 -3.38812e-05 
       658.5       24.686     0.999791   0.00086406 -3.37912e-05 
       658.5      24.8896     0.999792  0.000864063 -3.37006e-05 
       658.5       25.094     0.999793  0.000864065 -3.36092e-05 
       658.5      25.2993     0.999794  0.000864066 -3.35171e-05 
       658.5      25.5054     0.999795  0.000864068 -3.34243e-05 
       658.5      25.7123     0.999796  0.000864069 -3.33309e-05 
       658.5      25.9201     0.999797   0.00086407 -3.32368e-05 
       658.5      26.1287     0.999798   0.00086407 -3.31422e-05 
       658.5      26.3381     0.999798  0.000864071  -3.3047e-05 
       658.5      26.5484     0.999799  0.000864071 -3.29513e-05 
       658.5      26.7595       0.9998  0.000864072 -3.28551e-05 
       658.5      26.9715     0.999801  0.000864072 -3.27585e-05 
       658.5      27.1843     0.999802  0.000864072 -3.26614e-05 
       658.5      27.3979     0.999803  0.000864073 -3.25639e-05 
       658.5      27.6124     0.999804  0.000864073  -3.2466e-05 
       658.5      27.8277     0.999805  0.000864074 -3.23678e-05 
       658.5      28.0438     0.999806  0.000864075 -3.22694e-05 
       658.5      28.2608     0.999807  0.000864076 -3.21706e-05 
       658.5      28.4786     0.999808  0.000864077 -3.20716e-05 
       658.5      28.6972     0.999809  0.000864079 -3.19725e-05 
       658.5      28.9167     0.999809  0.000864081 -3.18732e-05 
       658.5       29.137      0.99981  0.000864084 -3.17738e-05 
       658.5      29.3582     0.999811  0.000864087 -3.16744e-05 
       658.5      29.5802     0.999812  0.000864091 -3.15749e-05 
       658.5       29.803     0.999813  0.000864095 -3.14754e-05 
       658.5      30.0267     0.999814  0.000864101  -3.1376e-05 
       658.5      30.2512     0.999815  0.000864106 -3.12768e-05 
       658.5      30.4765     0.999816  0.000864138 -3.12137e-05 
       658.5      30.7027     0.999817  0.000864142 -3.11137e-05 
       658.5      30.9297     0.999818  0.000864147 -3.10133e-05 
       658.5      31.1575     0.999819  0.000864151 -3.09126e-05 
       658.5      31.3862      0.99982  0.000864156 -3.08116e-05 
       658.5      31.6157     0.999821   0.00086416 -3.07101e-05 
       658.5      31.8461     0.999822  0.000864164 -3.06084e-05 
       658.5      32.0773     0.999823  0.000864168 -3.05062e-05 
       658.5      32.3093     0.999824  0.000864172 -3.04037e-05 
       658.5      32.5421     0.999826  0.000864175 -3.03008e-05 
       658.5      32.7758     0.999827  0.000864179 -3.01976e-05 
       658.5      33.0104     0.999828  0.000864183  -3.0094e-05 
       658.5      33.2457     0.999829  0.000864186   -2.999e-05 
       658.5      33.4819      0.99983   0.00086419 -2.98857e-05 
       658.5       33.719     0.999831  0.000864193  -2.9781e-05 
       658.5      33.9568     0.999832  0.000864196  -2.9676e-05 
       658.5      34.1956     0.999833    0.0008642 -2.95705e-05 
       658.5      34.4351     0.999834  0.000864203 -2.94647e-05 
       658.5      34.6755     0.999835  0.000864206 -2.93586e-05 
       658.5      34.9167     0.999836  0.000864209  -2.9252e-05 
       658.5      35.1588     0.999837  0.000864212 -2.91451e-05 
       658.5      35.4017     0.999838  0.000864216 -2.90378e-05 
       658.5      35.6454     0.999839  0.000864219 -2.89302e-05 
       658.5      35.8899      0.99984  0.000864222 -2.88222e-05 
       658.5      36.1354     0.999841  0.000864225 -2.87138e-05 
       658.5      36.3816     0.999843  0.000864228  -2.8605e-05 
       658.5      36.6287     0.999844  0.000864232 -2.84958e-05 
       658.5      36.8766     0.999845  0.000864235 -2.83863e-05 
       658.5      37.1253     0.999846  0.000864238 -2.82764e-05 
       658.5      37.3749     0.999847  0.000864241 -2.81661e-05 
       658.5      37.6253     0.999848  0.000864245 -2.80554e-05 
       658.5      37.8766     0.999849  0.000864248 -2.79444e-05 
       658.5      38.1287      0.99985  0.000864252 -2.78329e-05 
       658.5      38.3816     0.999852  0.000864256 -2.77211e-05 
       658.5      38.6353     0.999853  0.000864259 -2.76089e-05 
       658.5      38.8899     0.999854  0.000864263 -2.74963e-05 
       658.5      39.1454     0.999855  0.000864267 -2.73833e-05 
       658.5      39.4016     0.999856  0.000864271   -2.727e-05 
       658.5      39.6588     0.999857  0.000864276 -2.71562e-05 
       658.5      39.9167     0.999858   0.00086428 -2.70421e-05 
       658.5      40.1755      0.99986  0.000864285 -2.69275e-05 
       658.5      40.4351     0.999861   0.00086429 -2.68126e-05 
       658.5      40.6955     0.999862  0.000864295 -2.66972e-05 
       658.5      40.9568     0.999863    0.0008643 -2.65815e-05 
       658.5      41.2189     0.999864  0.000864305 -2.64654e-05 
       658.5      41.4819     0.999865  0.000864311 -2.63488e-05 
       658.5      41.7457     0.999867  0.000864316 -2.62319e-05 
       658.5      42.0103     0.999868  0.000864323 -2.61146e-05 
       658.5      42.2758     0.999869  0.000864329 -2.59968e-05 
       658.5      42.5421      0.99987  0.000864336 -2.58787e-05 
       658.5      42.8092     0.999871  0.000864342 -2.57601e-05 
       658.5      43.0772     0.999872   0.00086435 -2.56411e-05 
       658.5       43.346     0.999874  0.000864357 -2.55218e-05 
       658.5      43.6157     0.999875  0.000864337   -2.542e-05 
       658.5      43.8862     0.999876  0.000864344 -2.53014e-05 
       658.5      44.1575     0.999877  0.000864351 -2.51823e-05 
       658.5      44.4296     0.999879  0.000864358 -2.50627e-05 
       658.5      44.7026      0.99988  0.000864365 -2.49426e-05 
       658.5      44.9765     0.999881  0.000864372 -2.48221e-05 
       658.5      45.2511     0.999882   0.00086438 -2.47011e-05 
       658.5      45.5266     0.999883  0.000864387 -2.45796e-05 
       658.5       45.803     0.999885  0.000864395 -2.44576e-05 
       658.5      46.0801     0.999886  0.000864403 -2.43352e-05 
       658.5      46.3581     0.999887  0.000864385 -2.42191e-05 
       658.5       46.637     0.999888  0.000864388 -2.40947e-05 
       658.5      46.9167      0.99989   0.00086439 -2.39699e-05 
       658.5      47.1972     0.999891  0.000864393 -2.38447e-05 
       658.5      47.4785     0.999892  0.000864396 -2.37192e-05 
       658.5      47.7607     0.999893  0.000864425 -2.35697e-05 
       658.5      48.0438     0.999895  0.000864425 -2.34482e-05 
       658.5      48.3276     0.999896  0.000864424 -2.33261e-05 
       658.5      48.6123     0.999897  0.000864424 -2.32035e-05 
       658.5      48.8979     0.999899  0.000864424 -2.30804e-05 
       658.5      49.1842       0.9999  0.000864424 -2.29568e-05 
       658.5      49.4714     0.999901  0.000864424 -2.28326e-05 
       658.5      49.7595     0.999902  0.000864424  -2.2708e-05 
       658.5      50.0484     0.999904  0.000864424 -2.25828e-05 
       658.5      50.3381     0.999905  0.000864424 -2.24571e-05 
       658.5      50.6286     0.999906  0.000864425  -2.2331e-05 
       658.5        50.92     0.999908  0.000864425 -2.22043e-05 
       658.5      51.2122     0.999909  0.000864426 -2.20771e-05 
       658.5      51.5053      0.99991  0.000864427 -2.19494e-05 
       658.5      51.7992     0.999911  0.000864428 -2.18212e-05 
       658.5      52.0939     0.999913  0.000864429 -2.16925e-05 
       658.5      52.3895     0.999914   0.00086443 -2.15634e-05 
       658.5      52.6859     0.999915  0.000864431 -2.14337e-05 
       658.5      52.9831     0.999917  0.000864432 -2.13036e-05 
       658.5      53.2812     0.999918  0.000864433  -2.1173e-05 
       658.5      53.5801     0.999919  0.000864435 -2.10419e-05 
       658.5      53.8799     0.999921  0.000864436 -2.09103e-05 
       658.5      54.1805     0.999922  0.000864438 -2.07782e-05 
       658.5      54.4819     0.999923  0.000864439 -2.06457e-05 
       658.5      54.7841     0.999925  0.000864441 -2.05128e-05 
       658.5      55.0872     0.999926  0.000864442 -2.03793e-05 
       658.5      55.3912     0.999927  0.000864444 -2.02454e-05 
       658.5      55.6959     0.999929  0.000864446 -2.01111e-05 
       658.5      56.0015      0.99993  0.000864447 -1.99763e-05 
       658.5       56.308     0.999931  0.000864449  -1.9841e-05 
       658.5      56.6152     0.999933  0.000864451 -1.97053e-05 
       658.5      56.9233     0.999934  0.000864453 -1.95692e-05 
       658.5      57.2323     0.999935  0.000864455 -1.94326e-05 
       658.5      57.5421     0.999937  0.000864457 -1.92956e-05 
       658.5      57.8527     0.999938  0.000864458 -1.91582e-05 
       658.5      58.1641     0.999939   0.00086446 -1.90203e-05 
       658.5      58.4764     0.999941  0.000864462  -1.8882e-05 
       658.5      58.7896     0.999942  0.000864464 -1.87434e-05 
       658.5      59.1035     0.999944  0.000864466 -1.86043e-05 
       658.5      59.4183     0.999945  0.000864467 -1.84648e-05 
       658.5      59.7339     0.999946  0.000864469 -1.83249e-05 
       658.5      60.0504     0.999948  0.000864471 -1.81846e-05 
       658.5      60.3677     0.999949  0.000864473 -1.80439e-05 
       658.5      60.6859      0.99995  0.000864474 -1.79028e-05 
       658.5      61.0048     0.999952  0.000864476 -1.77613e-05 
       658.5      61.3247     0.999953  0.000864477 -1.76195e-05 
       658.5      61.6453     0.999955  0.000864479 -1.74772e-05 
       658.5      61.9668     0.999956   0.00086448 -1.73347e-05 
       658.5      62.2891     0.999957  0.000864481 -1.71917e-05 
       658.5      62.6123     0.999959  0.000864482 -1.70484e-05 
       658.5      62.9363      0.99996  0.000864483 -1.69048e-05 
       658.5      63.2611     0.999961  0.000864484 -1.67608e-05 
       658.5      63.5868     0.999963  0.000864485 -1.66164e-05 
       658.5      63.9133     0.999964  0.000864486 -1.64717e-05 
       658.5      64.2406     0.999966  0.000864487 -1.63267e-05 
       658.5      64.5688     0.999967  0.000864487 -1.61814e-05 
       658.5      64.8978     0.999968  0.000864487 -1.60357e-05 
       658.5      65.2277      0.99997  0.000864488 -1.58898e-05 
       658.5      65.5583     0.999971  0.000864488 -1.57435e-05 
       658.5      65.8899     0.999973  0.000864488 -1.55969e-05 
       658.5      66.2222     0.999974  0.000864487 -1.54501e-05 
       658.5      66.5554     0.999975  0.000864487 -1.53029e-05 
       658.5      66.8894     0.999977  0.000864486 -1.51555e-05 
       658.5      67.2243     0.999978  0.000864485 -1.50077e-05 
       658.5        67.56      0.99998  0.000864484 -1.48598e-05 
       658.5      67.8966     0.999981  0.000864483 -1.47115e-05 
       658.5      68.2339     0.999982  0.000864481  -1.4563e-05 
       658.5      68.5721     0.999984   0.00086448 -1.44143e-05 
       658.5      68.9112     0.999985  0.000864478 -1.42653e-05 
       658.5      69.2511     0.999987  0.000864476  -1.4116e-05 
       658.5      69.5918     0.999988  0.000864473 -1.39666e-05 
       658.5      69.9333      0.99999   0.00086447 -1.38169e-05 
       658.5      70.2757     0.999991  0.000864469 -1.36255e-05 
       658.5      70.6189     0.999992  0.000864463 -1.34779e-05 
       658.5       70.963     0.999994  0.000864456 -1.33298e-05 
       658.5      71.3079     0.999995   0.00086445 -1.31813e-05 
       658.5      71.6536     0.999997  0.000864444 -1.30324e-05 
       658.5      72.0002     0.999998  0.000864438  -1.2883e-05 
       658.5      72.3476     0.999999  0.000864432 -1.27332e-05 
       658.5      72.6959            1  0.000864426 -1.25829e-05 
       658.5      73.0449            1  0.000864421 -1.24321e-05 
       658.5      73.3949            1  0.000864415 -1.22809e-05 
       658.5      73.7456      1.00001   0.00086441 -1.21293e-05 
       658.5      74.0972      1.00001  0.000864405 -1.19772e-05 
       658.5      74.4496      1.00001    0.0008644 -1.18246e-05 
       658.5      74.8029      1.00001  0.000864396 -1.16716e-05 
       658.5       75.157      1.00001  0.000864391 -1.15181e-05 
       658.5      75.5119      1.00001  0.000864387 -1.13642e-05 
       658.5      75.8677      1.00001  0.000864383 -1.12098e-05 
       658.5      76.2243      1.00002  0.000864379  -1.1055e-05 
       658.5      76.5817      1.00002  0.000864375 -1.08997e-05 
       658.5        76.94      1.00002  0.000864372  -1.0744e-05 
       658.5      77.2991      1.00002  0.000864369 -1.05878e-05 
       658.5      77.6591      1.00002  0.000864366 -1.04312e-05 
       658.5      78.0198      1.00002  0.000864363 -1.02741e-05 
       658.5      78.3815      1.00002   0.00086436 -1.01166e-05 
       658.5      78.7439      1.00003  0.000864358 -9.95858e-06 
       658.5      79.1072      1.00003  0.000864356 -9.80014e-06 
       658.5      79.4714      1.00003  0.000864354 -9.64124e-06 
       658.5      79.8363      1.00003  0.000864352 -9.48189e-06 
       658.5      80.2021      1.00003  0.000864351 -9.32209e-06 
       658.5      80.5688      1.00003  0.000864366 -9.21675e-06 
       658.5      80.9362      1.00003  0.000864357 -9.04648e-06 
       658.5      81.3045      1.00004  0.000864349 -8.87587e-06 
       658.5      81.6737      1.00004   0.00086434 -8.70497e-06 
       658.5      82.0437      1.00004  0.000864332  -8.5338e-06 
       658.5      82.4145      1.00004  0.000864323 -8.36241e-06 
       658.5      82.7861      1.00004  0.000864315 -8.19084e-06 
       658.5      83.1586      1.00004  0.000864307 -8.01912e-06 
       658.5       83.532      1.00004  0.000864299  -7.8473e-06 
       658.5      83.9061      1.00005  0.000864291 -7.67542e-06 
       658.5      84.2811      1.00005  0.000864283 -7.50351e-06 
       658.5       84.657      1.00005  0.000864274 -7.33162e-06 
       658.5      85.0336      1.00005  0.000864266 -7.15979e-06 
       658.5      85.4111      1.00005  0.000864257 -6.98806e-06 
       658.5      85.7895      1.00005  0.000864248 -6.81648e-06 
       658.5      86.1687      1.00005  0.000864239 -6.64508e-06 
       658.5      86.5487      1.00006   0.00086423 -6.47392e-06 
       658.5      86.9295      1.00006   0.00086422 -6.30304e-06 
       658.5      87.3112      1.00006   0.00086421 -6.13248e-06 
       658.5      87.6937      1.00006  0.000864199 -5.96229e-06 
       658.5      88.0771      1.00006  0.000864188 -5.79251e-06 
       658.5      88.4613      1.00006  0.000864176 -5.62319e-06 
       658.5      88.8463      1.00006  0.000864163 -5.45438e-06 
       658.5      89.2322      1.00007   0.00086415 -5.28613e-06 
       658.5      89.6189      1.00007  0.000864137 -5.11848e-06 
       658.5      90.0064      1.00007  0.000864122 -4.95149e-06 
       658.5      90.3948      1.00007  0.000864107  -4.7852e-06 
       658.5       90.784      1.00007  0.000864091 -4.61967e-06 
       658.5      91.1741      1.00007  0.000864074 -4.45494e-06 
       658.5       91.565      1.00007  0.000864056 -4.29106e-06 
       658.5      91.9567      1.00008  0.000864037 -4.12809e-06 
       658.5      92.3492      1.00008  0.000864017 -3.96609e-06 
       658.5      92.7426      1.00008  0.000863996 -3.80509e-06 
       658.5      93.1369      1.00008  0.000863974 -3.64516e-06 
       658.5      93.5319      1.00008  0.000863951 -3.48636e-06 
       658.5      93.9278      1.00008  0.000863926 -3.32873e-06 
       658.5      94.3246      1.00008    0.0008639 -3.17233e-06 
       658.5      94.7221      1.00009  0.000863873 -3.01721e-06 
       658.5      95.1206      1.00009  0.000863844 -2.86345e-06 
       658.5      95.5198      1.00009  0.000863814 -2.71108e-06 
       658.5      95.9199      1.00009  0.000863782 -2.56017e-06 
       658.5      96.3208      1.00009  0.000863749 -2.41078e-06 
       658.5      96.7226      1.00009  0.000863714 -2.26297e-06 
       658.5      97.1251      1.00009  0.000863677 -2.11679e-06 
       658.5      97.5286       1.0001  0.000863639 -1.97231e-06 
       658.5      97.9328       1.0001  0.000863599 -1.82958e-06 
       658.5      98.3379       1.0001  0.000865246   -4.947e-07 
       658.5      98.7439       1.0001  0.000865192 -3.54986e-07 
       658.5      99.1506       1.0001  0.000865139 -2.14237e-07 
       658.5      99.5583      1.00011  0.000865087 -7.24249e-08 
       658.5      99.9667      1.00011  0.000865035  7.04755e-08 
       658.5      100.376      1.00011  0.000864983  2.14491e-07 
       658.5      100.786      1.00011  0.000864932  3.59648e-07 
       658.5      101.197      1.00011  0.000864881  5.05974e-07 
       658.5      101.609      1.00011  0.000864831  6.53497e-07 
       658.5      102.021      1.00011  0.000864781  8.02243e-07 
       658.5      102.435      1.00011  0.000864731  9.52242e-07 
       658.5      102.849      1.00011  0.000864681  1.10352e-06 
       658.5      103.264      1.00011  0.000864632  1.25611e-06 
       658.5       103.68      1.00011  0.000864582  1.41003e-06 
       658.5      104.097      1.00011  0.000864533  1.56533e-06 
       658.5      104.515      1.00012  0.000864484  1.72202e-06 
       658.5      104.933      1.00012  0.000864434  1.88013e-06 
       658.5      105.353      1.00012  0.000864385   2.0397e-06 
       658.5      105.773      1.00012  0.000864335  2.20076e-06 
       658.5      106.194      1.00012  0.000864286  2.36333e-06 
       658.5      106.616      1.00012  0.000864236  2.52745e-06 
       658.5      107.038      1.00013  0.000864185  2.69315e-06 
       658.5      107.462      1.00013  0.000864135  2.86046e-06 
       658.5      107.886      1.00013  0.000864084  3.02941e-06 
       658.5      108.311      1.00013  0.000864032  3.20004e-06 
       658.5      108.737      1.00013   0.00086398  3.37237e-06 
       658.5      109.164      1.00014  0.000863928  3.54644e-06 
       658.5      109.592      1.00014  0.000863875  3.72228e-06 
       658.5       110.02      1.00014  0.000863821  3.89993e-06 
       658.5       110.45      1.00014  0.000863767  4.07941e-06 
       658.5       110.88      1.00014  0.000863712  4.26077e-06 
       658.5      111.311      1.00015  0.000863656  4.44404e-06 
       658.5      111.743      1.00015  0.000863599  4.62925e-06 
       658.5      112.175      1.00015  0.000863541  4.81643e-06 
       658.5      112.609      1.00016  0.000863482  5.00563e-06 
       658.5      113.043      1.00016  0.000863422  5.19687e-06 
       658.5      113.478      1.00016  0.000863362  5.39019e-06 
       658.5      113.914      1.00009   0.00086438  6.04271e-06 
       658.5      114.351      1.00009  0.000864361  6.17183e-06 
       658.5      114.789       1.0001   0.00086434  6.29923e-06 
       658.5      115.228       1.0001  0.000864318    6.425e-06 
       658.5      115.667       1.0001  0.000864295  6.54924e-06 
       658.5      116.107       1.0001  0.000864271  6.67204e-06 
       658.5      116.548      1.00011  0.000864246  6.79351e-06 
       658.5       116.99      1.00011   0.00086422  6.91373e-06 
       658.5      117.433      1.00011  0.000864193  7.03282e-06 
       658.5      117.876      1.00011  0.000864164  7.15086e-06 
       658.5      118.321      1.00012  0.000864135  7.26798e-06 
       658.5      118.766      1.00012  0.000864105  7.38426e-06 
       658.5      119.212      1.00013  0.000864075  7.49981e-06 
       658.5      119.659      1.00013  0.000864043  7.61475e-06 
       658.5      120.107      1.00013   0.00086401  7.72917e-06 
       658.5      120.555      1.00014  0.000863977  7.84319e-06 
       658.5      121.005      1.00014  0.000863942  7.95692e-06 
       658.5      121.455      1.00015  0.000863907  8.07046e-06 
       658.5      121.906      1.00015  0.000863871  8.18394e-06 
       658.5      122.358      1.00016  0.000863835  8.29746e-06 
       658.5      122.811      1.00016  0.000863798  8.41114e-06 
       658.5      123.264      1.00016   0.00086376   8.5251e-06 
       658.5      123.719      1.00017  0.000863721  8.63946e-06 
       658.5      124.174      1.00017  0.000863682  8.75433e-06 
       658.5       124.63      1.00018  0.000863642  8.86983e-06 
       658.5      125.087      1.00018  0.000863602  8.98609e-06 
       658.5      125.545      1.00019  0.000863561  9.10323e-06 
       658.5      126.003      1.00019  0.000863519  9.22137e-06 
       658.5      126.463       1.0002  0.000863477  9.34065e-06 
       658.5      126.923       1.0002  0.000863435  9.46118e-06 
       658.5      127.384      1.00021  0.000863392  9.58309e-06 
       658.5      127.846      1.00021  0.000863349  9.70652e-06 
       658.5      128.309      1.00022  0.000863305   9.8316e-06 
       658.5      128.773      1.00022  0.000863261  9.95845e-06 
       658.5      129.237      1.00022  0.000863217  1.00872e-05 
       658.5      129.702      1.00023  0.000863172   1.0218e-05 
       658.5      130.169      1.00023  0.000863127   1.0351e-05 
       658.5      130.636      1.00024  0.000863082  1.04864e-05 
       658.5      131.103      1.00024  0.000863037  1.06241e-05 
       658.5      131.572      1.00024  0.000862992  1.07645e-05 
       658.5      132.041      1.00025  0.000862946  1.09077e-05 
       658.5      132.512      1.00025  0.000862901  1.10537e-05 
       658.5      132.983      1.00025  0.000862855  1.12027e-05 
       658.5      133.455      1.00026   0.00086281   1.1355e-05 
       658.5      133.928      1.00026  0.000862764  1.15105e-05 
       658.5      134.401      1.00026  0.000862719  1.16695e-05 
       658.5      134.876      1.00026  0.000862673  1.18322e-05 
       658.5      135.351      1.00027  0.000862628  1.19987e-05 
       658.5      135.827      1.00027  0.000862583   1.2169e-05 
       658.5      136.304      1.00027  0.000862538  1.23435e-05 
       658.5      136.782      1.00027  0.000862493  1.25222e-05 
       658.5      137.261      1.00027  0.000862448  1.27053e-05 
       658.5       137.74      1.00027  0.000862404   1.2893e-05 
       658.5      138.221      1.00027   0.00086236  1.30854e-05 
       658.5      138.702      1.00027  0.000862317  1.32827e-05 
       658.5      139.184      1.00027  0.000862274   1.3485e-05 
       658.5      139.667      1.00027  0.000862231  1.36926e-05 
       658.5      140.151      1.00027  0.000862189  1.39055e-05 
       658.5      140.635      1.00026  0.000862148   1.4124e-05 
       658.5       141.12      1.00026  0.000862107  1.43482e-05 
       658.5      141.607      1.00026  0.000862066  1.45783e-05 
       658.5      142.094      1.00025  0.000862027  1.48144e-05 
       658.5      142.582      1.00025  0.000861988  1.50568e-05 
       658.5       143.07      1.00024  0.000861949  1.53056e-05 
       658.5       143.56      1.00024  0.000861912  1.55611e-05 
       658.5       144.05      1.00023  0.000861875  1.58232e-05 
       658.5      144.541      1.00023  0.000861839  1.60924e-05 
       658.5      145.033      1.00022  0.000861805  1.63687e-05 
       658.5      145.526      1.00021  0.000861771  1.66523e-05 
       658.5       146.02       1.0002  0.000861738  1.69434e-05 
       658.5      146.515      1.00019  0.000861706  1.72422e-05 
       658.5       147.01      1.00018  0.000861675  1.75488e-05 
       658.5      147.506      1.00017  0.000861645  1.78636e-05 
       658.5      148.003      1.00016  0.000861617  1.81866e-05 
       658.5      148.501      1.00015  0.000861589  1.85181e-05 
       658.5          149      1.00014  0.000861563  1.88582e-05 
       658.5        149.5      1.00012  0.000861539  1.92072e-05 
       658.5          150      1.00011  0.000861515  1.95652e-05 
