Variables = x, y, u, v, p

Zone, I=600, F=POINT
         0.5         -1.5   5.3303e-07  1.21453e-05  -0.00126148 
         0.5     -1.49958 -1.19011e-06  1.20556e-05  -0.00126147 
         0.5     -1.49831 -6.37603e-06  1.18076e-05  -0.00126145 
         0.5      -1.4962 -1.50577e-05   1.1466e-05  -0.00126142 
         0.5     -1.49324 -2.73007e-05  1.11375e-05  -0.00126137 
         0.5     -1.48944 -4.31858e-05  1.09717e-05  -0.00126132 
         0.5      -1.4848 -6.28248e-05  1.11598e-05  -0.00126125 
         0.5     -1.47931 -8.63427e-05  1.19341e-05  -0.00126116 
         0.5     -1.47298 -0.000113888  1.35676e-05  -0.00126106 
         0.5      -1.4658 -0.000145634  1.63733e-05  -0.00126095 
         0.5     -1.45778 -0.000181762  2.07026e-05  -0.00126083 
         0.5     -1.44891 -0.000222466  2.69441e-05  -0.00126069 
         0.5      -1.4392 -0.000267959  3.55237e-05  -0.00126053 
         0.5     -1.42864  -0.00031845  4.68993e-05  -0.00126036 
         0.5     -1.41724 -0.000374174  6.15676e-05  -0.00126018 
         0.5       -1.405 -0.000435348  8.00514e-05  -0.00125998 
         0.5     -1.39191 -0.000502195  0.000102905  -0.00125977 
         0.5     -1.37797 -0.000574936  0.000130714  -0.00125955 
         0.5     -1.36319 -0.000653781  0.000164087  -0.00125932 
         0.5     -1.34757 -0.000738918  0.000203653  -0.00125907 
         0.5      -1.3311 -0.000830522  0.000250068  -0.00125882 
         0.5     -1.31379  -0.00092875  0.000304005  -0.00125856 
         0.5     -1.29564  -0.00103372  0.000366151   -0.0012583 
         0.5     -1.27663  -0.00114552  0.000437211  -0.00125805 
         0.5     -1.25679   -0.0012642  0.000517896  -0.00125779 
         0.5      -1.2361  -0.00138976  0.000608929  -0.00125755 
         0.5     -1.21457  -0.00152214  0.000711033  -0.00125732 
         0.5     -1.19219  -0.00166125  0.000824937  -0.00125711 
         0.5     -1.16896  -0.00180689  0.000951362  -0.00125693 
         0.5      -1.1449  -0.00195882   0.00109103  -0.00125679 
         0.5     -1.11998   -0.0021167   0.00124465   -0.0012567 
         0.5     -1.09423  -0.00228012   0.00141291  -0.00125666 
         0.5     -1.06763  -0.00244857   0.00159651  -0.00125669 
         0.5     -1.04018  -0.00262141   0.00179609   -0.0012568 
         0.5     -1.01189  -0.00279792   0.00201228    -0.001257 
         0.5    -0.982756  -0.00297724    0.0022457  -0.00125732 
         0.5    -0.952777  -0.00315838   0.00249691  -0.00125776 
         0.5    -0.921954  -0.00334022   0.00276644  -0.00125836 
         0.5    -0.890286  -0.00352147   0.00305477  -0.00125912 
         0.5    -0.857774  -0.00370071   0.00336235  -0.00126007 
         0.5    -0.824417  -0.00387633   0.00368956  -0.00126123 
         0.5    -0.790215  -0.00404654   0.00403673  -0.00126264 
         0.5    -0.755169  -0.00420937   0.00440412  -0.00126432 
         0.5    -0.719279  -0.00436143   0.00476427  -0.00126653 
         0.5    -0.682544  -0.00448533   0.00514144  -0.00126892 
         0.5    -0.644965  -0.00460374   0.00552943  -0.00127175 
         0.5    -0.606541  -0.00470261   0.00592017  -0.00127499 
         0.5    -0.567273  -0.00476602   0.00630443  -0.00127862 
         0.5     -0.52716  -0.00477614   0.00667186  -0.00128258 
         0.5    -0.486203  -0.00471308   0.00701084  -0.00128683 
         0.5    -0.444401  -0.00455484   0.00730849  -0.00129131 
         0.5    -0.401755  -0.00427713   0.00755053  -0.00129595 
         0.5    -0.358264  -0.00385332   0.00772127  -0.00130068 
         0.5    -0.313929  -0.00301984   0.00777523  -0.00130491 
         0.5    -0.268749  -0.00187164   0.00768848  -0.00130854 
         0.5    -0.222725 -0.000223954   0.00738595   -0.0013107 
         0.5    -0.175857   0.00244442   0.00685895   -0.0013112 
         0.5    -0.128143   0.00670983    0.0060989  -0.00130988 
         0.5    -0.079586    0.0132056   0.00509746  -0.00130651 
         0.5    -0.030184    0.0226256   0.00384637   -0.0013009 
         0.5     0.020063    0.0362548    0.0024789  -0.00129426 
         0.5     0.071154    0.0550282   0.00122138  -0.00128923 
         0.5     0.123089     0.078906  0.000290899  -0.00128821 
         0.5     0.175869     0.106787  -0.00029947  -0.00129103 
         0.5     0.229494     0.137443 -0.000536757  -0.00129746 
         0.5     0.283962     0.169177 -0.000612016   -0.0013063 
         0.5     0.339276     0.201323  -0.00064484  -0.00131628 
         0.5     0.395434     0.233746 -0.000666811   -0.0013259 
         0.5     0.452436     0.266409 -0.000679957  -0.00133504 
         0.5     0.510283     0.299273 -0.000686525  -0.00134354 
         0.5     0.568974     0.332292 -0.000688992  -0.00135125 
         0.5      0.62851     0.365423 -0.000690078    -0.001358 
         0.5      0.68889     0.398614 -0.000692744  -0.00136361 
         0.5     0.750115     0.431695 -0.000692941  -0.00136816 
         0.5     0.812184     0.464905 -0.000689857  -0.00137172 
         0.5     0.875098     0.497883 -0.000684536   -0.0013743 
         0.5     0.938856     0.530541 -0.000676992  -0.00137593 
         0.5      1.00346     0.562789 -0.000667243  -0.00137663 
         0.5      1.06891     0.594528 -0.000655315  -0.00137641 
         0.5       1.1352     0.625658 -0.000641243   -0.0013753 
         0.5      1.20233     0.656068 -0.000625067  -0.00137333 
         0.5      1.27031     0.685647 -0.000606837  -0.00137053 
         0.5      1.33914     0.714274 -0.000586612  -0.00136696 
         0.5      1.40881     0.741825 -0.000564457  -0.00136264 
         0.5      1.47932     0.768166 -0.000540449  -0.00135763 
         0.5      1.55068     0.793159 -0.000514672    -0.001352 
         0.5      1.62288      0.81666  -0.00048722  -0.00134578 
         0.5      1.69593     0.838516 -0.000458197  -0.00133906 
         0.5      1.76982     0.859782 -0.000429128  -0.00133164 
         0.5      1.84456     0.877764 -0.000396148  -0.00132333 
         0.5      1.92014      0.89428 -0.000364845  -0.00131465 
         0.5      1.99657     0.909355 -0.000335216   -0.0013056 
         0.5      2.07384     0.923024 -0.000307254   -0.0012962 
         0.5      2.15195     0.935323 -0.000280947  -0.00128645 
         0.5      2.23091     0.946296  -0.00025628  -0.00127638 
         0.5      2.31071     0.955992 -0.000233231  -0.00126599 
         0.5      2.39136     0.964464 -0.000211777   -0.0012553 
         0.5      2.47285     0.971772 -0.000191887  -0.00124434 
         0.5      2.55519     0.977983 -0.000173528  -0.00123311 
         0.5      2.63837     0.983169 -0.000156658  -0.00122165 
         0.5       2.7224     0.987407 -0.000141234  -0.00120998 
         0.5      2.80727     0.990783 -0.000127205  -0.00119812 
         0.5      2.89298     0.993388 -0.000114515  -0.00118609 
         0.5      2.97954     0.995321 -0.000103104  -0.00117392 
         0.5      3.06694     0.996687 -9.29033e-05  -0.00116165 
         0.5      3.15519     0.997598  -8.3841e-05   -0.0011493 
         0.5      3.24428     0.998174 -7.58376e-05  -0.00113691 
         0.5      3.33422     0.998542 -6.88077e-05  -0.00112451 
         0.5        3.425     0.998837 -6.26593e-05  -0.00111214 
         0.5      3.51663     0.999203 -5.72943e-05  -0.00109984 
         0.5       3.6091     0.999789 -5.26075e-05  -0.00108764 
         0.5      3.70241      1.00076  -4.8487e-05  -0.00107559 
         0.5      3.79657      1.00031 -4.21654e-05  -0.00106401 
         0.5      3.89158      1.00044 -3.75554e-05  -0.00105284 
         0.5      3.98743      1.00053 -3.15527e-05  -0.00104194 
         0.5      4.08412      1.00062 -2.67015e-05  -0.00102991 
         0.5      4.18166      1.00069 -2.24866e-05  -0.00101715 
         0.5      4.28004      1.00074 -1.83641e-05  -0.00100402 
         0.5      4.37927      1.00075 -1.29985e-05 -0.000991788 
         0.5      4.47933      1.00072 -4.41629e-06 -0.000980908 
         0.5      4.58025      1.00066  4.40743e-08 -0.000970274 
         0.5      4.68201      1.00063  3.50394e-06 -0.000956813 
         0.5      4.78461       1.0006  7.28658e-06 -0.000943819 
         0.5      4.88806      1.00059  1.13672e-05 -0.000931259 
         0.5      4.99236      1.00058  1.57197e-05 -0.000919092 
         0.5      5.09749      1.00057  2.03164e-05 -0.000907279 
         0.5      5.20348      1.00057  2.51279e-05 -0.000895776 
         0.5       5.3103      1.00057  3.01232e-05 -0.000884538 
         0.5      5.41797      1.00056  3.52699e-05 -0.000873516 
         0.5      5.52649      1.00055  4.05335e-05  -0.00086266 
         0.5      5.63585      1.00053  4.58782e-05 -0.000851915 
         0.5      5.74605      1.00053  5.17744e-05 -0.000838923 
         0.5       5.8571      1.00051  5.46959e-05 -0.000827132 
         0.5        5.969      1.00049  5.92132e-05 -0.000815337 
         0.5      6.08174      1.00048  6.39225e-05 -0.000803679 
         0.5      6.19532      1.00047  6.88008e-05  -0.00079215 
         0.5      6.30974      1.00045   7.3824e-05 -0.000780744 
         0.5      6.42502      1.00044  7.89666e-05 -0.000769452 
         0.5      6.54113      1.00044  8.42021e-05 -0.000758269 
         0.5      6.65809      1.00043  8.95028e-05 -0.000747184 
         0.5       6.7759      1.00042  9.48394e-05 -0.000736188 
         0.5      6.89455      1.00041  0.000100182 -0.000725273 
         0.5      7.01404       1.0004  0.000105498 -0.000714428 
         0.5      7.13438      1.00039  0.000110755 -0.000703643 
         0.5      7.25556      1.00038  0.000115919 -0.000692905 
         0.5      7.37759      1.00037  0.000120954 -0.000682204 
         0.5      7.50046      1.00035  0.000125823 -0.000671527 
         0.5      7.62418      1.00034  0.000131476 -0.000660167 
         0.5      7.74874      1.00033  0.000137025 -0.000649557 
         0.5      7.87414      1.00032  0.000142451 -0.000638969 
         0.5      8.00039      1.00031  0.000147916 -0.000628444 
         0.5      8.12749       1.0003  0.000153421 -0.000617983 
         0.5      8.25542      1.00029  0.000158965 -0.000607587 
         0.5      8.38421      1.00028  0.000164547 -0.000597256 
         0.5      8.51384      1.00027  0.000170166 -0.000586993 
         0.5      8.64431      1.00027  0.000175821 -0.000576797 
         0.5      8.77562      1.00026  0.000181513  -0.00056667 
         0.5      8.90779      1.00025  0.000187239 -0.000556613 
         0.5      9.04079      1.00024  0.000192999 -0.000546627 
         0.5      9.17464      1.00023  0.000198792 -0.000536712 
         0.5      9.30933      1.00022  0.000204618 -0.000526869 
         0.5      9.44487      1.00021  0.000210474 -0.000517099 
         0.5      9.58126       1.0002  0.000216361 -0.000507402 
         0.5      9.71848      1.00019  0.000222277 -0.000497779 
         0.5      9.85656      1.00018  0.000228222  -0.00048823 
         0.5      9.99547      1.00017  0.000234193 -0.000478757 
         0.5      10.1352      1.00016  0.000240221 -0.000469386 
         0.5      10.2758      1.00016  0.000246265 -0.000460064 
         0.5      10.4173      1.00015  0.000252339 -0.000450816 
         0.5      10.5596      1.00014  0.000258442 -0.000441645 
         0.5      10.7027      1.00013  0.000264573  -0.00043255 
         0.5      10.8467      1.00012  0.000270732 -0.000423533 
         0.5      10.9915      1.00011  0.000276919 -0.000414593 
         0.5      11.1372      1.00011   0.00028315 -0.000405742 
         0.5      11.2837       1.0001   0.00028939 -0.000396958 
         0.5      11.4311      1.00009  0.000295656 -0.000388252 
         0.5      11.5793      1.00008  0.000301948 -0.000379625 
         0.5      11.7283      1.00007  0.000308266 -0.000371078 
         0.5      11.8782      1.00007  0.000314608 -0.000362611 
         0.5       12.029      1.00006  0.000320974 -0.000354224 
         0.5      12.1806      1.00005  0.000327363 -0.000345918 
         0.5       12.333      1.00004  0.000333773 -0.000337692 
         0.5      12.4863      1.00003  0.000340203 -0.000329547 
         0.5      12.6404      1.00003  0.000346654 -0.000321484 
         0.5      12.7953      1.00002  0.000353123 -0.000313501 
         0.5      12.9512      1.00001   0.00035961   -0.0003056 
         0.5      13.1078      1.00001  0.000366113  -0.00029778 
         0.5      13.2653     0.999999  0.000372632 -0.000290041 
         0.5      13.4236     0.999992  0.000379173 -0.000282375 
         0.5      13.5828     0.999985  0.000385732 -0.000274794 
         0.5      13.7429     0.999978  0.000392304 -0.000267295 
         0.5      13.9037     0.999972  0.000398889 -0.000259877 
         0.5      14.0654     0.999965  0.000405486  -0.00025254 
         0.5       14.228     0.999958  0.000412094 -0.000245285 
         0.5      14.3914     0.999952  0.000418713 -0.000238112 
         0.5      14.5557     0.999946  0.000425343  -0.00023102 
         0.5      14.7208     0.999939  0.000431982 -0.000224009 
         0.5      14.8867     0.999933  0.000438631  -0.00021708 
         0.5      15.0535     0.999927  0.000445288 -0.000210231 
         0.5      15.2211     0.999921  0.000451954 -0.000203463 
         0.5      15.3896     0.999915  0.000458627 -0.000196775 
         0.5      15.5589     0.999909  0.000465308 -0.000190167 
         0.5      15.7291     0.999903  0.000471992 -0.000183638 
         0.5      15.9001     0.999898  0.000478668 -0.000177193 
         0.5      16.0719     0.999892  0.000485348 -0.000170825 
         0.5      16.2446     0.999887  0.000492032 -0.000164536 
         0.5      16.4182     0.999881   0.00049872 -0.000158325 
         0.5      16.5925     0.999876  0.000505409 -0.000152193 
         0.5      16.7678     0.999871    0.0005121 -0.000146139 
         0.5      16.9438     0.999865   0.00051879 -0.000140163 
         0.5      17.1208      0.99986   0.00052548 -0.000134266 
         0.5      17.2985     0.999855  0.000532168 -0.000128447 
         0.5      17.4771      0.99985  0.000538854 -0.000122706 
         0.5      17.6566     0.999846  0.000545536 -0.000117043 
         0.5      17.8369     0.999841  0.000552213 -0.000111459 
         0.5       18.018     0.999836  0.000558885 -0.000105952 
         0.5         18.2     0.999832  0.000565549 -0.000100522 
         0.5      18.3828     0.999827  0.000572206 -9.51699e-05 
         0.5      18.5665     0.999823  0.000578855 -8.98943e-05 
         0.5       18.751     0.999818  0.000585493 -8.46951e-05 
         0.5      18.9364     0.999814   0.00059212 -7.95718e-05 
         0.5      19.1226      0.99981  0.000598735  -7.4524e-05 
         0.5      19.3097     0.999806  0.000605363 -6.95091e-05 
         0.5      19.4976     0.999802  0.000611955 -6.45996e-05 
         0.5      19.6863     0.999798  0.000618536 -5.97634e-05 
         0.5      19.8759     0.999794  0.000625107 -5.49999e-05 
         0.5      20.0663      0.99979  0.000631666  -5.0308e-05 
         0.5      20.2576     0.999786  0.000638212 -4.56869e-05 
         0.5      20.4497     0.999782  0.000644746 -4.11355e-05 
         0.5      20.6427     0.999779  0.000651266 -3.66529e-05 
         0.5      20.8365     0.999775  0.000657774 -3.22378e-05 
         0.5      21.0311     0.999772  0.000664266  -2.7889e-05 
         0.5      21.2266     0.999769  0.000670677 -2.36894e-05 
         0.5       21.423     0.999765   0.00067715  -1.9464e-05 
         0.5      21.6202     0.999762  0.000683598 -1.53074e-05 
         0.5      21.8182     0.999759  0.000690021 -1.12195e-05 
         0.5      22.0171     0.999756  0.000696419 -7.20003e-06 
         0.5      22.2168     0.999753  0.000702793 -3.24879e-06 
         0.5      22.4173      0.99975  0.000709142  6.34443e-07 
         0.5      22.6187     0.999747  0.000715466  4.45001e-06 
         0.5       22.821     0.999744  0.000721765  8.19815e-06 
         0.5      23.0241     0.999741   0.00072804  1.18793e-05 
         0.5       23.228     0.999739   0.00073429  1.54937e-05 
         0.5      23.4328     0.999736  0.000740516  1.90419e-05 
         0.5      23.6385     0.999734  0.000746854  2.24883e-05 
         0.5      23.8449     0.999731  0.000753029  2.59204e-05 
         0.5      24.0523     0.999729  0.000759181  2.92936e-05 
         0.5      24.2604     0.999726  0.000765311  3.26081e-05 
         0.5      24.4694     0.999724  0.000771418  3.58642e-05 
         0.5      24.6793     0.999722  0.000777501  3.90624e-05 
         0.5        24.89      0.99972   0.00078356  4.22031e-05 
         0.5      25.1015     0.999718  0.000789594  4.52865e-05 
         0.5      25.3139     0.999716  0.000795603  4.83132e-05 
         0.5      25.5271     0.999714  0.000801586  5.12836e-05 
         0.5      25.7412     0.999712  0.000807543  5.41983e-05 
         0.5      25.9561      0.99971  0.000813474  5.70577e-05 
         0.5      26.1719     0.999708  0.000819377  5.98623e-05 
         0.5      26.3885     0.999706  0.000825252  6.26129e-05 
         0.5       26.606     0.999705  0.000831099  6.53099e-05 
         0.5      26.8243     0.999703  0.000836917  6.79539e-05 
         0.5      27.0434     0.999702  0.000842705  7.05458e-05 
         0.5      27.2634       0.9997  0.000848464  7.30861e-05 
         0.5      27.4842     0.999699  0.000854192  7.55755e-05 
         0.5      27.7059     0.999697   0.00085989  7.80149e-05 
         0.5      27.9284     0.999696  0.000865555   8.0405e-05 
         0.5      28.1518     0.999695  0.000871189  8.27466e-05 
         0.5       28.376     0.999694   0.00087679  8.50406e-05 
         0.5       28.601     0.999692  0.000882358  8.72878e-05 
         0.5      28.8269     0.999691  0.000887893  8.94892e-05 
         0.5      29.0537      0.99969  0.000893393  9.16456e-05 
         0.5      29.2813     0.999689  0.000898858  9.37581e-05 
         0.5      29.5097     0.999688  0.000904288  9.58277e-05 
         0.5       29.739     0.999687  0.000909683  9.78554e-05 
         0.5      29.9691     0.999686  0.000915041  9.98423e-05 
         0.5      30.2001     0.999686  0.000920362  0.000101789 
         0.5      30.4319     0.999685  0.000925646  0.000103698 
         0.5      30.6645     0.999684  0.000930892  0.000105569 
         0.5       30.898     0.999683  0.000936183  0.000107409 
         0.5      31.1324     0.999683  0.000941403  0.000109168 
         0.5      31.3676     0.999682  0.000946589  0.000110891 
         0.5      31.6036     0.999682  0.000951738   0.00011258 
         0.5      31.8405     0.999681  0.000956853  0.000114233 
         0.5      32.0782     0.999681  0.000961932  0.000115852 
         0.5      32.3167      0.99968  0.000966975  0.000117436 
         0.5      32.5562      0.99968  0.000971983  0.000118986 
         0.5      32.7964     0.999679  0.000976955  0.000120502 
         0.5      33.0375     0.999679  0.000981892  0.000121985 
         0.5      33.2795     0.999679  0.000986794  0.000123434 
         0.5      33.5222     0.999679  0.000991661  0.000124851 
         0.5      33.7659     0.999678  0.000996492  0.000126235 
         0.5      34.0104     0.999678   0.00100129  0.000127586 
         0.5      34.2557     0.999678   0.00100605  0.000128906 
         0.5      34.5018     0.999678   0.00101078  0.000130195 
         0.5      34.7488     0.999678   0.00101547  0.000131452 
         0.5      34.9967     0.999678   0.00102012  0.000132679 
         0.5      35.2454     0.999678   0.00102475  0.000133875 
         0.5      35.4949     0.999678   0.00102934  0.000135042 
         0.5      35.7453     0.999678   0.00103389  0.000136179 
         0.5      35.9966     0.999678   0.00103841  0.000137288 
         0.5      36.2486     0.999678    0.0010429  0.000138368 
         0.5      36.5016     0.999679   0.00104735  0.000139421 
         0.5      36.7553     0.999679   0.00105177  0.000140446 
         0.5      37.0099     0.999679   0.00105615  0.000141445 
         0.5      37.2654     0.999679   0.00106051  0.000142417 
         0.5      37.5217      0.99968   0.00106483  0.000143364 
         0.5      37.7788      0.99968   0.00106912  0.000144285 
         0.5      38.0368      0.99968   0.00107337  0.000145183 
         0.5      38.2957     0.999681    0.0010776  0.000146056 
         0.5      38.5553     0.999681   0.00108179  0.000146906 
         0.5      38.8159     0.999682   0.00108595  0.000147734 
         0.5      39.0772     0.999682   0.00109008   0.00014854 
         0.5      39.3394     0.999682   0.00109418  0.000149325 
         0.5      39.6025     0.999683   0.00109825  0.000150089 
         0.5      39.8664     0.999684   0.00110229  0.000150833 
         0.5      40.1311     0.999684    0.0011063  0.000151559 
         0.5      40.3967     0.999685   0.00111028  0.000152266 
         0.5      40.6632     0.999685   0.00111402  0.000153036 
         0.5      40.9304     0.999686   0.00111792  0.000153706 
         0.5      41.1986     0.999687   0.00112179  0.000154356 
         0.5      41.4675     0.999687   0.00112562  0.000154986 
         0.5      41.7373     0.999688   0.00112942  0.000155596 
         0.5       42.008     0.999689   0.00113318  0.000156188 
         0.5      42.2795     0.999689   0.00113691  0.000156763 
         0.5      42.5518      0.99969    0.0011406   0.00015732 
         0.5       42.825     0.999691   0.00114425  0.000157861 
         0.5      43.0991     0.999692   0.00114787  0.000158386 
         0.5      43.3739     0.999693   0.00115144  0.000158897 
         0.5      43.6497     0.999694   0.00115499  0.000159394 
         0.5      43.9262     0.999694   0.00115849  0.000159878 
         0.5      44.2036     0.999695   0.00116216  0.000160284 
         0.5      44.4819     0.999696   0.00116559  0.000160781 
         0.5       44.761     0.999697   0.00116901  0.000161263 
         0.5      45.0409     0.999698   0.00117239  0.000161732 
         0.5      45.3217     0.999699   0.00117576  0.000162186 
         0.5      45.6034       0.9997    0.0011791  0.000162628 
         0.5      45.8858     0.999701   0.00118241  0.000163055 
         0.5      46.1692     0.999702    0.0011857  0.000163469 
         0.5      46.4533     0.999703   0.00118896   0.00016387 
         0.5      46.7383     0.999704    0.0011922  0.000164258 
         0.5      47.0242     0.999705   0.00119541  0.000164632 
         0.5      47.3109     0.999706    0.0011986  0.000164994 
         0.5      47.5984     0.999707   0.00120176  0.000165344 
         0.5      47.8868     0.999708    0.0012049  0.000165681 
         0.5      48.1761     0.999709   0.00120801  0.000166006 
         0.5      48.4661      0.99971    0.0012107  0.000166336 
         0.5      48.7571     0.999711   0.00121377  0.000166617 
         0.5      49.0488     0.999713    0.0012168  0.000166894 
         0.5      49.3415     0.999714    0.0012198  0.000167165 
         0.5      49.6349     0.999715   0.00122278  0.000167432 
         0.5      49.9292     0.999716   0.00122572  0.000167695 
         0.5      50.2244     0.999717   0.00122864  0.000167953 
         0.5      50.5203     0.999718   0.00123153  0.000168206 
         0.5      50.8172      0.99972   0.00123439  0.000168455 
         0.5      51.1149     0.999721   0.00123722    0.0001687 
         0.5      51.4134     0.999722   0.00124003   0.00016894 
         0.5      51.7127     0.999723   0.00124281  0.000169176 
         0.5       52.013     0.999724   0.00124556  0.000169408 
         0.5       52.314     0.999726   0.00124828  0.000169637 
         0.5      52.6159     0.999727   0.00125097  0.000169861 
         0.5      52.9187     0.999728   0.00125364  0.000170082 
         0.5      53.2223     0.999729   0.00125628  0.000170299 
         0.5      53.5267     0.999731   0.00125889  0.000170512 
         0.5       53.832     0.999732   0.00126148  0.000170722 
         0.5      54.1381     0.999733   0.00126404  0.000170929 
         0.5      54.4451     0.999734   0.00126657  0.000171132 
         0.5      54.7529     0.999736   0.00126908  0.000171332 
         0.5      55.0615     0.999737   0.00127156  0.000171529 
         0.5       55.371     0.999738   0.00127402  0.000171723 
         0.5      55.6814      0.99974   0.00127645  0.000171914 
         0.5      55.9926     0.999741   0.00127886  0.000172103 
         0.5      56.3046     0.999742   0.00128124  0.000172289 
         0.5      56.6175     0.999744    0.0012836  0.000172472 
         0.5      56.9312     0.999745   0.00128593  0.000172653 
         0.5      57.2458     0.999746   0.00128824  0.000172832 
         0.5      57.5612     0.999748   0.00129052  0.000173009 
         0.5      57.8774     0.999749   0.00129279  0.000173184 
         0.5      58.1945      0.99975   0.00129503  0.000173356 
         0.5      58.5125     0.999752   0.00129724  0.000173528 
         0.5      58.8313     0.999753   0.00129944  0.000173697 
         0.5      59.1509     0.999754   0.00130161  0.000173865 
         0.5      59.4714     0.999756   0.00130376  0.000174032 
         0.5      59.7927     0.999757   0.00130589  0.000174198 
         0.5      60.1149     0.999758     0.001308  0.000174362 
         0.5      60.4379      0.99976   0.00131008  0.000174526 
         0.5      60.7618     0.999761   0.00131215  0.000174689 
         0.5      61.0865     0.999763    0.0013142  0.000174852 
         0.5       61.412     0.999764   0.00131623  0.000175014 
         0.5      61.7384     0.999765   0.00131823  0.000175176 
         0.5      62.0656     0.999767   0.00132022  0.000175338 
         0.5      62.3937     0.999768    0.0013222  0.000175499 
         0.5      62.7226     0.999769   0.00132415  0.000175661 
         0.5      63.0524     0.999771   0.00132609  0.000175824 
         0.5       63.383     0.999772     0.001328  0.000175987 
         0.5      63.7145     0.999774   0.00132991  0.000176151 
         0.5      64.0468     0.999775   0.00133179  0.000176315 
         0.5      64.3799     0.999776   0.00133367  0.000176481 
         0.5      64.7139     0.999778   0.00133552  0.000176648 
         0.5      65.0488     0.999779   0.00133736  0.000176817 
         0.5      65.3844     0.999781   0.00133919  0.000176987 
         0.5       65.721     0.999782   0.00134101  0.000177159 
         0.5      66.0583     0.999783   0.00134281  0.000177334 
         0.5      66.3966     0.999785   0.00134459   0.00017751 
         0.5      66.7356     0.999786   0.00134637  0.000177689 
         0.5      67.0755     0.999787   0.00134802  0.000177962 
         0.5      67.4163     0.999789   0.00134969  0.000178149 
         0.5      67.7579      0.99979   0.00135134  0.000178339 
         0.5      68.1003     0.999792   0.00135298  0.000178531 
         0.5      68.4436     0.999793   0.00135461  0.000178726 
         0.5      68.7877     0.999794   0.00135622  0.000178925 
         0.5      69.1327     0.999796   0.00135781  0.000179126 
         0.5      69.4785     0.999797   0.00135939   0.00017933 
         0.5      69.8251     0.999799   0.00136096  0.000179537 
         0.5      70.1726       0.9998   0.00136251  0.000179748 
         0.5       70.521     0.999801   0.00136404  0.000179961 
         0.5      70.8702     0.999803   0.00136556  0.000180178 
         0.5      71.2202     0.999804   0.00136707  0.000180398 
         0.5      71.5711     0.999805   0.00136856  0.000180621 
         0.5      71.9228     0.999807   0.00137004  0.000180847 
         0.5      72.2754     0.999808    0.0013715  0.000181077 
         0.5      72.6288     0.999809   0.00137295   0.00018131 
         0.5      72.9831     0.999811   0.00137438  0.000181546 
         0.5      73.3382     0.999812    0.0013758  0.000181787 
         0.5      73.6941     0.999814   0.00137721   0.00018203 
         0.5      74.0509     0.999815    0.0013786  0.000182277 
         0.5      74.4086     0.999816   0.00137997  0.000182528 
         0.5       74.767     0.999818   0.00138134  0.000182782 
         0.5      75.1264     0.999819   0.00138268   0.00018304 
         0.5      75.4865      0.99982   0.00138402  0.000183302 
         0.5      75.8475     0.999822   0.00138534  0.000183568 
         0.5      76.2094     0.999823   0.00138665  0.000183837 
         0.5      76.5721     0.999824   0.00138794  0.000184111 
         0.5      76.9357     0.999826   0.00138922  0.000184388 
         0.5         77.3     0.999827   0.00139048  0.000184669 
         0.5      77.6653     0.999828   0.00139173  0.000184955 
         0.5      78.0314      0.99983   0.00139297  0.000185244 
         0.5      78.3983     0.999831    0.0013942  0.000185538 
         0.5      78.7661     0.999832   0.00139541  0.000185836 
         0.5      79.1347     0.999834   0.00139661  0.000186138 
         0.5      79.5041     0.999835   0.00139779  0.000186444 
         0.5      79.8744     0.999836   0.00139897  0.000186754 
         0.5      80.2456     0.999837   0.00140013   0.00018707 
         0.5      80.6176     0.999839   0.00140127  0.000187389 
         0.5      80.9904      0.99984   0.00140241  0.000187713 
         0.5      81.3641     0.999841   0.00140353  0.000188042 
         0.5      81.7386     0.999843   0.00140464  0.000188375 
         0.5       82.114     0.999844   0.00140573  0.000188713 
         0.5      82.4902     0.999845   0.00140682  0.000189055 
         0.5      82.8673     0.999846   0.00140789  0.000189402 
         0.5      83.2452     0.999848   0.00140895  0.000189754 
         0.5      83.6239     0.999849   0.00140999  0.000190111 
         0.5      84.0035      0.99985   0.00141103  0.000190473 
         0.5       84.384     0.999852   0.00141205   0.00019084 
         0.5      84.7652     0.999853   0.00141307  0.000191212 
         0.5      85.1474     0.999854   0.00141407   0.00019159 
         0.5      85.5303     0.999855   0.00141506  0.000191972 
         0.5      85.9142     0.999857   0.00141604  0.000192359 
         0.5      86.2988     0.999858     0.001417  0.000192752 
         0.5      86.6843     0.999859   0.00141796   0.00019315 
         0.5      87.0707      0.99986    0.0014189  0.000193554 
         0.5      87.4579     0.999861   0.00141984  0.000193963 
         0.5      87.8459     0.999863   0.00142076  0.000194378 
         0.5      88.2348     0.999864   0.00142168  0.000194798 
         0.5      88.6245     0.999865   0.00142258  0.000195224 
         0.5      89.0151     0.999866   0.00142348  0.000195655 
         0.5      89.4065     0.999867   0.00142436  0.000196093 
         0.5      89.7988     0.999869   0.00142523  0.000196536 
         0.5      90.1919      0.99987    0.0014261  0.000196985 
         0.5      90.5858     0.999871   0.00142695   0.00019744 
         0.5      90.9806     0.999872    0.0014278  0.000197901 
         0.5      91.3762     0.999873   0.00142864  0.000198368 
         0.5      91.7727     0.999874   0.00142947  0.000198842 
         0.5      92.1701     0.999876   0.00143029  0.000199321 
         0.5      92.5682     0.999877    0.0014311  0.000199807 
         0.5      92.9672     0.999878    0.0014319    0.0002003 
         0.5      93.3671     0.999879   0.00143269  0.000200798 
         0.5      93.7678      0.99988   0.00143364  0.000201065 
         0.5      94.1694     0.999881   0.00143439  0.000201576 
         0.5      94.5718     0.999883   0.00143513   0.00020209 
         0.5       94.975     0.999884   0.00143586  0.000202605 
         0.5      95.3791     0.999885   0.00143657  0.000203123 
         0.5       95.784     0.999886   0.00143727  0.000203642 
         0.5      96.1898     0.999887   0.00143796  0.000204163 
         0.5      96.5964     0.999888   0.00143865  0.000204685 
         0.5      97.0039     0.999889   0.00143931  0.000205208 
         0.5      97.4122      0.99989   0.00143997  0.000205732 
         0.5      97.8213     0.999891   0.00144062  0.000206257 
         0.5      98.2313     0.999892   0.00144127  0.000206754 
         0.5      98.6422     0.999894   0.00144196  0.000207266 
         0.5      99.0538     0.999895   0.00144265  0.000207785 
         0.5      99.4664     0.999896   0.00144333  0.000208313 
         0.5      99.8797     0.999897     0.001444  0.000208849 
         0.5      100.294     0.999898   0.00144467  0.000209394 
         0.5      100.709     0.999899   0.00144532  0.000209946 
         0.5      101.125       0.9999   0.00144598  0.000210507 
         0.5      101.542     0.999901   0.00144662  0.000211075 
         0.5      101.959     0.999902   0.00144726  0.000211652 
         0.5      102.378     0.999902   0.00144792  0.000212292 
         0.5      102.797     0.999903   0.00144852  0.000212901 
         0.5      103.217     0.999904   0.00144911  0.000213514 
         0.5      103.638     0.999905   0.00144969  0.000214132 
         0.5       104.06     0.999906   0.00145027  0.000214755 
         0.5      104.483     0.999908   0.00145083  0.000215381 
         0.5      104.906     0.999909    0.0014514  0.000216013 
         0.5       105.33      0.99991   0.00145195  0.000216649 
         0.5      105.756     0.999911    0.0014525  0.000217289 
         0.5      106.182     0.999912   0.00145304  0.000217934 
         0.5      106.609     0.999913   0.00145357  0.000218584 
         0.5      107.036     0.999914    0.0014541  0.000219238 
         0.5      107.465     0.999915   0.00145462  0.000219897 
         0.5      107.894     0.999916   0.00145514   0.00022056 
         0.5      108.325     0.999918   0.00145564  0.000221228 
         0.5      108.756     0.999919   0.00145614  0.000221901 
         0.5      109.188      0.99992   0.00145664  0.000222578 
         0.5       109.62     0.999921   0.00145713   0.00022326 
         0.5      110.054     0.999922   0.00145761  0.000223946 
         0.5      110.489     0.999923   0.00145808  0.000224637 
         0.5      110.924     0.999924   0.00145855  0.000225333 
         0.5       111.36     0.999925   0.00145901  0.000226034 
         0.5      111.797     0.999926   0.00145947  0.000226739 
         0.5      112.235     0.999927   0.00145992  0.000227449 
         0.5      112.674     0.999927   0.00146036  0.000228164 
         0.5      113.113     0.999928   0.00146079  0.000228883 
         0.5      113.554     0.999929   0.00146122  0.000229608 
         0.5      113.995      0.99993   0.00146165  0.000230337 
         0.5      114.437     0.999931   0.00146207  0.000231071 
         0.5       114.88     0.999932   0.00146248  0.000231809 
         0.5      115.324     0.999933   0.00146288  0.000232553 
         0.5      115.768     0.999934   0.00146328  0.000233301 
         0.5      116.214     0.999935   0.00146367  0.000234054 
         0.5       116.66     0.999936   0.00146406  0.000234812 
         0.5      117.107     0.999936   0.00146444  0.000235574 
         0.5      117.555     0.999937   0.00146482  0.000236342 
         0.5      118.004     0.999938   0.00146519  0.000237115 
         0.5      118.454     0.999939   0.00146555  0.000237892 
         0.5      118.904      0.99994   0.00146591  0.000238674 
         0.5      119.356     0.999941   0.00146626  0.000239461 
         0.5      119.808     0.999941   0.00146661  0.000240253 
         0.5      120.261     0.999942   0.00146695   0.00024105 
         0.5      120.715     0.999943   0.00146729  0.000241852 
         0.5      121.169     0.999944   0.00146762  0.000242659 
         0.5      121.625     0.999944   0.00146794  0.000243471 
         0.5      122.082     0.999945   0.00146826  0.000244288 
         0.5      122.539     0.999946   0.00146857   0.00024511 
         0.5      122.997     0.999947   0.00146888  0.000245936 
         0.5      123.456     0.999948   0.00146919  0.000246768 
         0.5      123.916     0.999948   0.00146948  0.000247605 
         0.5      124.376     0.999949   0.00146978  0.000248447 
         0.5      124.838      0.99995   0.00147007  0.000249294 
         0.5        125.3     0.999951   0.00147035  0.000250145 
         0.5      125.763     0.999951   0.00147063  0.000251002 
         0.5      126.227     0.999952    0.0014709  0.000251864 
         0.5      126.692     0.999953   0.00147117  0.000252731 
         0.5      127.158     0.999954   0.00147143  0.000253604 
         0.5      127.625     0.999954   0.00147169  0.000254481 
         0.5      128.092     0.999955   0.00147195  0.000255363 
         0.5       128.56     0.999956    0.0014722  0.000256251 
         0.5      129.029     0.999956   0.00147244  0.000257143 
         0.5      129.499     0.999957   0.00147269  0.000258041 
         0.5       129.97     0.999958   0.00147292  0.000258944 
         0.5      130.442     0.999959   0.00147316  0.000259852 
         0.5      130.914     0.999959   0.00147338  0.000260765 
         0.5      131.388      0.99996   0.00147361  0.000261683 
         0.5      131.862     0.999961   0.00147383  0.000262607 
         0.5      132.337     0.999962   0.00147405  0.000263535 
         0.5      132.813     0.999962   0.00147426  0.000264469 
         0.5      133.289     0.999963   0.00147447  0.000265408 
         0.5      133.767     0.999964   0.00147467  0.000266353 
         0.5      134.245     0.999965   0.00147487  0.000267302 
         0.5      134.725     0.999965   0.00147507  0.000268257 
         0.5      135.205     0.999966   0.00147527  0.000269217 
         0.5      135.686     0.999967   0.00147546  0.000270182 
         0.5      136.167     0.999968   0.00147565  0.000271153 
         0.5       136.65     0.999968   0.00147583  0.000272128 
         0.5      137.134     0.999969   0.00147601  0.000273109 
         0.5      137.618      0.99997   0.00147619  0.000274096 
         0.5      138.103     0.999971   0.00147637  0.000275087 
         0.5      138.589     0.999972   0.00147654  0.000276084 
         0.5      139.076     0.999972   0.00147671  0.000277086 
         0.5      139.564     0.999973   0.00147688  0.000278094 
         0.5      140.052     0.999974   0.00147704  0.000279107 
         0.5      140.541     0.999975    0.0014772  0.000280125 
         0.5      141.032     0.999976   0.00147736  0.000281148 
         0.5      141.523     0.999977   0.00147752  0.000282177 
         0.5      142.015     0.999978   0.00147768  0.000283211 
         0.5      142.507     0.999978   0.00147783  0.000284251 
         0.5      143.001     0.999979   0.00147798  0.000285296 
         0.5      143.495      0.99998   0.00147813  0.000286346 
         0.5      143.991     0.999981   0.00147828  0.000287402 
         0.5      144.487     0.999982   0.00147842  0.000288463 
         0.5      144.984     0.999983   0.00147857   0.00028953 
         0.5      145.482     0.999984   0.00147871  0.000290601 
         0.5       145.98     0.999985   0.00147885  0.000291679 
         0.5       146.48     0.999986   0.00147899  0.000292762 
         0.5       146.98     0.999987   0.00147913   0.00029385 
         0.5      147.481     0.999988   0.00147927  0.000294943 
         0.5      147.983     0.999989    0.0014794  0.000296042 
         0.5      148.486      0.99999   0.00147954  0.000297147 
         0.5       148.99     0.999991   0.00147968  0.000298257 
         0.5      149.495     0.999992   0.00147981  0.000299372 
         0.5          150     0.999993   0.00147994  0.000300493 
