Variables = x, y, u, v

Zone, I=600, F=POINT
       223.5        -1.25            0            0 
       223.5     -1.24958            0            0 
       223.5     -1.24831            0            0 
       223.5     -1.24621            0            0 
       223.5     -1.24325            0            0 
       223.5     -1.23946            0            0 
       223.5     -1.23482            0            0 
       223.5     -1.22934            0            0 
       223.5     -1.22302            0            0 
       223.5     -1.21585            0            0 
       223.5     -1.20785            0            0 
       223.5     -1.19899            0            0 
       223.5      -1.1893            0            0 
       223.5     -1.17876            0            0 
       223.5     -1.16738            0            0 
       223.5     -1.15515            0            0 
       223.5     -1.14209            0            0 
       223.5     -1.12817            0            0 
       223.5     -1.11342            0            0 
       223.5     -1.09782            0            0 
       223.5     -1.08138            0            0 
       223.5      -1.0641            0            0 
       223.5     -1.04597            0            0 
       223.5       -1.027            0            0 
       223.5     -1.00719            0            0 
       223.5    -0.986536            0            0 
       223.5    -0.965037    0.0083548  1.04572e-05 
       223.5    -0.942695    0.0182126   2.2977e-05 
       223.5     -0.91951    0.0284364  3.61688e-05 
       223.5    -0.895482    0.0390254  5.00536e-05 
       223.5    -0.870611    0.0499783  6.46524e-05 
       223.5    -0.844897    0.0612942  7.99867e-05 
       223.5     -0.81834    0.0729715  9.60783e-05 
       223.5     -0.79094    0.0850091  0.000112949 
       223.5    -0.762696    0.0974058  0.000130623 
       223.5     -0.73361     0.110159  0.000149121 
       223.5     -0.70368     0.123268  0.000168468 
       223.5    -0.672908      0.13673  0.000188686 
       223.5    -0.641292     0.150542  0.000209792 
       223.5    -0.608833       0.1647  0.000231812 
       223.5    -0.575531       0.1792  0.000254766 
       223.5    -0.541386     0.194038  0.000278674 
       223.5    -0.506398     0.209208  0.000303552 
       223.5    -0.470567     0.224706  0.000329418 
       223.5    -0.433893     0.240524  0.000356287 
       223.5    -0.396376     0.256656  0.000384175 
       223.5    -0.358015     0.273094  0.000413097 
       223.5    -0.318812     0.289832  0.000443063 
       223.5    -0.278765     0.306859  0.000474085 
       223.5    -0.237876     0.324164  0.000506161 
       223.5    -0.196143     0.341732  0.000539293 
       223.5    -0.153567     0.359548  0.000573482 
       223.5    -0.110148     0.377599  0.000608724 
       223.5    -0.065886     0.395868   0.00064501 
       223.5    -0.020781     0.414339  0.000682329 
       223.5     0.025167     0.432992  0.000720662 
       223.5     0.071958     0.451807  0.000759991 
       223.5     0.119593     0.470765  0.000800295 
       223.5      0.16807     0.489842  0.000841549 
       223.5     0.217391     0.509015  0.000883727 
       223.5     0.267554     0.528255  0.000926744 
       223.5     0.318561      0.54752  0.000970591 
       223.5     0.370411      0.56678    0.0010152 
       223.5     0.423104     0.586005   0.00106052 
       223.5      0.47664     0.605161   0.00110646 
       223.5     0.531019     0.624213   0.00115297 
       223.5     0.586241     0.643126   0.00119995 
       223.5     0.642306      0.66186   0.00124731 
       223.5     0.699214     0.680374   0.00129497 
       223.5     0.756966     0.698627   0.00134281 
       223.5      0.81556     0.716573    0.0013907 
       223.5     0.874998     0.734191   0.00143854 
       223.5     0.935278     0.751388   0.00148619 
       223.5     0.996402     0.768125   0.00153346 
       223.5      1.05837     0.784372   0.00158019 
       223.5      1.12118     0.800099   0.00162624 
       223.5      1.18483     0.815273   0.00167147 
       223.5      1.24933     0.829863   0.00171575 
       223.5      1.31467     0.843837   0.00175894 
       223.5      1.38085     0.857163   0.00180088 
       223.5      1.44787     0.869806   0.00184141 
       223.5      1.51574     0.881733   0.00188031 
       223.5      1.58445      0.89291    0.0019173 
       223.5      1.65401     0.903352    0.0019528 
       223.5      1.72441     0.913071   0.00198627 
       223.5      1.79565     0.922074   0.00201767 
       223.5      1.86773     0.930373   0.00204701 
       223.5      1.94066     0.937982   0.00207432 
       223.5      2.01443      0.94492   0.00209958 
       223.5      2.08904     0.951205   0.00212281 
       223.5       2.1645     0.956861   0.00214399 
       223.5       2.2408     0.961913   0.00216316 
       223.5      2.31794     0.966391   0.00218034 
       223.5      2.39592     0.970327   0.00219559 
       223.5      2.47475     0.973755   0.00220903 
       223.5      2.55442     0.976712    0.0022208 
       223.5      2.63494     0.979198   0.00223104 
       223.5       2.7163      0.98138   0.00223974 
       223.5       2.7985     0.983275   0.00224712 
       223.5      2.88154       0.9849   0.00225336 
       223.5      2.96543     0.986274   0.00225857 
       223.5      3.05016     0.987419   0.00226286 
       223.5      3.13573     0.988356   0.00226628 
       223.5      3.22215     0.989112    0.0022689 
       223.5      3.30941     0.989711   0.00227079 
       223.5      3.39751     0.990182   0.00227201 
       223.5      3.48646     0.990555   0.00227267 
       223.5      3.57624     0.990861   0.00227295 
       223.5      3.66688     0.991133   0.00227311 
       223.5      3.75835     0.991386   0.00227338 
       223.5      3.85067     0.991421   0.00227286 
       223.5      3.94383     0.991455   0.00227229 
       223.5      4.03783     0.991487   0.00227167 
       223.5      4.13268     0.991518   0.00227099 
       223.5      4.22837     0.991547   0.00227027 
       223.5       4.3249     0.991574    0.0022695 
       223.5      4.42228       0.9916   0.00226867 
       223.5       4.5205     0.991624   0.00226779 
       223.5      4.61956     0.991646   0.00226687 
       223.5      4.71947     0.991667   0.00226589 
       223.5      4.82022     0.991686   0.00226487 
       223.5      4.92181     0.991704    0.0022638 
       223.5      5.02424     0.991721   0.00226269 
       223.5      5.12752     0.991736   0.00226154 
       223.5      5.23164     0.991749   0.00226034 
       223.5      5.33661     0.991762   0.00225911 
       223.5      5.44241     0.991773   0.00225784 
       223.5      5.54906     0.991782   0.00225653 
       223.5      5.65656     0.991791    0.0022552 
       223.5       5.7649     0.991798   0.00225384 
       223.5      5.87407     0.991804   0.00225246 
       223.5       5.9841      0.99181   0.00225105 
       223.5      6.09496     0.991814   0.00224963 
       223.5      6.20667     0.991817    0.0022482 
       223.5      6.31922     0.991819   0.00224675 
       223.5      6.43262      0.99182   0.00224531 
       223.5      6.54686     0.991821   0.00224386 
       223.5      6.66194     0.991821   0.00224241 
       223.5      6.77786      0.99182   0.00224097 
       223.5      6.89463     0.991819   0.00223955 
       223.5      7.01224     0.991817   0.00223813 
       223.5      7.13069     0.991814   0.00223674 
       223.5      7.24999     0.991812   0.00223537 
       223.5      7.37013     0.991808   0.00223404 
       223.5      7.49111     0.991805   0.00223274 
       223.5      7.61294     0.991801   0.00223147 
       223.5      7.73561     0.991798   0.00223023 
       223.5      7.85912     0.991795   0.00222901 
       223.5      7.98348     0.991791   0.00222783 
       223.5      8.10867     0.991789   0.00222668 
       223.5      8.23471     0.991787   0.00222557 
       223.5       8.3616     0.991785   0.00222448 
       223.5      8.48933     0.991784   0.00222343 
       223.5       8.6179     0.991784    0.0022224 
       223.5      8.74731     0.991785    0.0022214 
       223.5      8.87757     0.991789   0.00221951 
       223.5      9.00867     0.991793   0.00221737 
       223.5      9.14061     0.991798   0.00221528 
       223.5       9.2734     0.991802   0.00221325 
       223.5      9.40703     0.991807   0.00221138 
       223.5       9.5415     0.991812   0.00220977 
       223.5      9.67681     0.991817   0.00220816 
       223.5      9.81297     0.991822   0.00220657 
       223.5      9.94997     0.991826   0.00220498 
       223.5      10.0878      0.99183   0.00220341 
       223.5      10.2265     0.991834   0.00220184 
       223.5       10.366     0.991838   0.00220027 
       223.5      10.5064     0.991841   0.00219871 
       223.5      10.6476     0.991845   0.00219715 
       223.5      10.7897     0.991848   0.00219559 
       223.5      10.9326     0.991851   0.00219403 
       223.5      11.0763     0.991854   0.00219246 
       223.5      11.2209     0.991856   0.00219089 
       223.5      11.3664     0.991859   0.00218931 
       223.5      11.5126     0.991861   0.00218771 
       223.5      11.6598     0.991863   0.00218611 
       223.5      11.8077     0.991864   0.00218448 
       223.5      11.9565     0.991866   0.00218284 
       223.5      12.1062     0.991867   0.00218118 
       223.5      12.2567     0.991868    0.0021795 
       223.5       12.408      0.99187   0.00217779 
       223.5      12.5602     0.991871   0.00217607 
       223.5      12.7132     0.991872   0.00217433 
       223.5       12.867     0.991873   0.00217256 
       223.5      13.0218     0.991873   0.00217078 
       223.5      13.1773     0.991875   0.00216898 
       223.5      13.3337     0.991876   0.00216717 
       223.5      13.4909     0.991877   0.00216536 
       223.5       13.649     0.991879   0.00216355 
       223.5      13.8079     0.991881   0.00216175 
       223.5      13.9677     0.991884   0.00215997 
       223.5      14.1283     0.991887   0.00215822 
       223.5      14.2898     0.991892    0.0021565 
       223.5       14.452     0.991897   0.00215468 
       223.5      14.6152     0.991902   0.00215285 
       223.5      14.7792     0.991907   0.00215101 
       223.5       14.944     0.991911   0.00214917 
       223.5      15.1097     0.991915   0.00214732 
       223.5      15.2762      0.99192   0.00214546 
       223.5      15.4435     0.991923   0.00214359 
       223.5      15.6117     0.991927   0.00214171 
       223.5      15.7808     0.991931   0.00213982 
       223.5      15.9506     0.991934   0.00213792 
       223.5      16.1214     0.991938   0.00213601 
       223.5      16.2929     0.991941   0.00213409 
       223.5      16.4653     0.991944   0.00213216 
       223.5      16.6386     0.991947   0.00213021 
       223.5      16.8127      0.99195   0.00212825 
       223.5      16.9876     0.991953   0.00212628 
       223.5      17.1634     0.991956   0.00212429 
       223.5        17.34     0.991959    0.0021223 
       223.5      17.5175     0.991962   0.00212029 
       223.5      17.6958     0.991965   0.00211827 
       223.5       17.875     0.991968   0.00211624 
       223.5       18.055     0.991971   0.00211419 
       223.5      18.2358     0.991974   0.00211214 
       223.5      18.4175     0.991977   0.00211007 
       223.5         18.6      0.99198     0.002108 
       223.5      18.7834     0.991984   0.00210592 
       223.5      18.9676     0.991987   0.00210382 
       223.5      19.1527     0.991991   0.00210172 
       223.5      19.3386     0.991994   0.00209961 
       223.5      19.5253     0.991998    0.0020975 
       223.5      19.7129     0.992001   0.00209538 
       223.5      19.9013     0.992005   0.00209326 
       223.5      20.0906     0.992009   0.00209113 
       223.5      20.2807     0.992013     0.002089 
       223.5      20.4717     0.992017   0.00208687 
       223.5      20.6635     0.992021   0.00208474 
       223.5      20.8561     0.992026   0.00208261 
       223.5      21.0496      0.99203   0.00208049 
       223.5      21.2439     0.992034   0.00207837 
       223.5      21.4391     0.992039   0.00207625 
       223.5      21.6351     0.992044   0.00207414 
       223.5       21.832     0.992048   0.00207203 
       223.5      22.0297     0.992053   0.00206994 
       223.5      22.2283     0.992058   0.00206785 
       223.5      22.4276     0.992062   0.00206578 
       223.5      22.6279     0.992067   0.00206371 
       223.5      22.8289     0.992072   0.00206167 
       223.5      23.0309     0.992076   0.00205963 
       223.5      23.2336     0.992081   0.00205764 
       223.5      23.4372     0.992085   0.00205572 
       223.5      23.6417     0.992089   0.00205365 
       223.5       23.847     0.992093   0.00205118 
       223.5      24.0531     0.992097   0.00204865 
       223.5      24.2601     0.992102   0.00204618 
       223.5      24.4679     0.992107   0.00204376 
       223.5      24.6766     0.992112   0.00204138 
       223.5      24.8861     0.992116   0.00203903 
       223.5      25.0964     0.992121   0.00203671 
       223.5      25.3076     0.992126    0.0020344 
       223.5      25.5197     0.992131   0.00203211 
       223.5      25.7325     0.992136   0.00202983 
       223.5      25.9463     0.992141   0.00202755 
       223.5      26.1608     0.992146   0.00202527 
       223.5      26.3762     0.992151   0.00202299 
       223.5      26.5925     0.992156   0.00202069 
       223.5      26.8096     0.992161   0.00201839 
       223.5      27.0275     0.992167   0.00201607 
       223.5      27.2463     0.992172   0.00201374 
       223.5      27.4659     0.992177   0.00201139 
       223.5      27.6864     0.992182   0.00200903 
       223.5      27.9077     0.992188   0.00200664 
       223.5      28.1299     0.992193   0.00200425 
       223.5      28.3528     0.992198   0.00200183 
       223.5      28.5767     0.992204    0.0019994 
       223.5      28.8014     0.992209   0.00199695 
       223.5      29.0269     0.992215    0.0019945 
       223.5      29.2533      0.99222   0.00199203 
       223.5      29.4805     0.992226   0.00198955 
       223.5      29.7085     0.992231   0.00198706 
       223.5      29.9374     0.992237   0.00198457 
       223.5      30.1672     0.992243   0.00198207 
       223.5      30.3978     0.992249   0.00197957 
       223.5      30.6292     0.992255   0.00197707 
       223.5      30.8614     0.992261   0.00197458 
       223.5      31.0946     0.992267   0.00197209 
       223.5      31.3285     0.992273    0.0019696 
       223.5      31.5633     0.992279   0.00196713 
       223.5       31.799     0.992285   0.00196466 
       223.5      32.0354     0.992291   0.00196219 
       223.5      32.2728     0.992298   0.00195974 
       223.5      32.5109     0.992304   0.00195729 
       223.5        32.75      0.99231   0.00195485 
       223.5      32.9898     0.992317   0.00195242 
       223.5      33.2305     0.992323   0.00194998 
       223.5      33.4721      0.99233   0.00194754 
       223.5      33.7145     0.992337   0.00194509 
       223.5      33.9577     0.992343   0.00194263 
       223.5      34.2018      0.99235   0.00194014 
       223.5      34.4467     0.992357   0.00193762 
       223.5      34.6924     0.992364   0.00193506 
       223.5       34.939     0.992371   0.00193244 
       223.5      35.1865     0.992377   0.00192976 
       223.5      35.4348     0.992384   0.00192699 
       223.5      35.6839     0.992391   0.00192411 
       223.5      35.9339     0.992397   0.00192174 
       223.5      36.1847     0.992404   0.00191943 
       223.5      36.4364      0.99241   0.00191712 
       223.5      36.6889     0.992417   0.00191482 
       223.5      36.9422     0.992423   0.00191251 
       223.5      37.1964     0.992429    0.0019102 
       223.5      37.4514     0.992436   0.00190786 
       223.5      37.7073     0.992443   0.00190551 
       223.5       37.964     0.992449   0.00190312 
       223.5      38.2216     0.992456   0.00190071 
       223.5        38.48     0.992463   0.00189826 
       223.5      38.7392      0.99247   0.00189578 
       223.5      38.9993     0.992477   0.00189326 
       223.5      39.2603     0.992484   0.00189069 
       223.5       39.522     0.992491   0.00188809 
       223.5      39.7847     0.992498   0.00188545 
       223.5      40.0481     0.992505   0.00188276 
       223.5      40.3124     0.992513   0.00188004 
       223.5      40.5776      0.99252   0.00187727 
       223.5      40.8436     0.992528   0.00187447 
       223.5      41.1104     0.992535   0.00187163 
       223.5      41.3781     0.992543   0.00186876 
       223.5      41.6466     0.992551   0.00186586 
       223.5       41.916     0.992559   0.00186293 
       223.5      42.1862     0.992567   0.00185997 
       223.5      42.4573     0.992575   0.00185699 
       223.5      42.7291     0.992583     0.001854 
       223.5      43.0019     0.992591   0.00185098 
       223.5      43.2755       0.9926   0.00184796 
       223.5      43.5499     0.992608   0.00184493 
       223.5      43.8252     0.992615   0.00184294 
       223.5      44.1013     0.992622   0.00184107 
       223.5      44.3782     0.992629   0.00183903 
       223.5       44.656     0.992636   0.00183683 
       223.5      44.9347     0.992644   0.00183446 
       223.5      45.2141     0.992652   0.00183195 
       223.5      45.4945      0.99266   0.00182929 
       223.5      45.7756     0.992669    0.0018265 
       223.5      46.0576     0.992678   0.00182358 
       223.5      46.3405     0.992687   0.00182055 
       223.5      46.6242     0.992696   0.00181743 
       223.5      46.9087     0.992706   0.00181423 
       223.5      47.1941     0.992715   0.00181097 
       223.5      47.4804     0.992724   0.00180767 
       223.5      47.7674     0.992734   0.00180437 
       223.5      48.0553     0.992743   0.00180108 
       223.5      48.3441     0.992752   0.00179785 
       223.5      48.6337      0.99276    0.0017947 
       223.5      48.9241     0.992769   0.00179169 
       223.5      49.2154     0.992776   0.00178884 
       223.5      49.5076     0.992784   0.00178621 
       223.5      49.8005      0.99279   0.00178386 
       223.5      50.0943     0.992796   0.00178184 
       223.5       50.389     0.992801   0.00178022 
       223.5      50.6845     0.992805   0.00177906 
       223.5      50.9808     0.992808   0.00177844 
       223.5       51.278     0.992809   0.00177845 
       223.5      51.5761     0.992821   0.00177609 
       223.5      51.8749     0.992838   0.00177206 
       223.5      52.1747     0.992856   0.00176816 
       223.5      52.4752     0.992872   0.00176436 
       223.5      52.7766     0.992887   0.00176068 
       223.5      53.0789     0.992902    0.0017571 
       223.5       53.382     0.992916   0.00175362 
       223.5      53.6859     0.992929   0.00175023 
       223.5      53.9907     0.992942   0.00174693 
       223.5      54.2963     0.992954   0.00174371 
       223.5      54.6027     0.992966   0.00174057 
       223.5        54.91     0.992977    0.0017375 
       223.5      55.2182     0.992987    0.0017345 
       223.5      55.5272     0.992997   0.00173156 
       223.5       55.837     0.993007   0.00172868 
       223.5      56.1477     0.993016   0.00172586 
       223.5      56.4592     0.993024   0.00172308 
       223.5      56.7716     0.993033   0.00172034 
       223.5      57.0848      0.99304   0.00171765 
       223.5      57.3988     0.993048   0.00171499 
       223.5      57.7137     0.993055   0.00171237 
       223.5      58.0295     0.993062   0.00170978 
       223.5       58.346     0.993069   0.00170721 
       223.5      58.6635     0.993075   0.00170467 
       223.5      58.9817     0.993081   0.00170214 
       223.5      59.3008     0.993087   0.00169963 
       223.5      59.6208     0.993093   0.00169714 
       223.5      59.9416     0.993099   0.00169465 
       223.5      60.2632     0.993104   0.00169218 
       223.5      60.5857      0.99311   0.00168971 
       223.5       60.909     0.993115   0.00168724 
       223.5      61.2332      0.99312   0.00168477 
       223.5      61.5582     0.993125   0.00168231 
       223.5      61.8841      0.99313   0.00167984 
       223.5      62.2107     0.993136   0.00167738 
       223.5      62.5383     0.993141    0.0016749 
       223.5      62.8667     0.993146   0.00167242 
       223.5      63.1959     0.993151   0.00166994 
       223.5       63.526     0.993157   0.00166745 
       223.5      63.8569     0.993162   0.00166495 
       223.5      64.1886     0.993168   0.00166244 
       223.5      64.5212     0.993174   0.00165992 
       223.5      64.8547      0.99318    0.0016574 
       223.5      65.1889     0.993186   0.00165487 
       223.5      65.5241     0.993193   0.00165233 
       223.5        65.86       0.9932   0.00164979 
       223.5      66.1969     0.993207   0.00164724 
       223.5      66.5345     0.993215   0.00164468 
       223.5       66.873     0.993223   0.00164213 
       223.5      67.2124     0.993232   0.00163957 
       223.5      67.5525     0.993242   0.00163628 
       223.5      67.8936     0.993253   0.00163274 
       223.5      68.2354     0.993265   0.00162933 
       223.5      68.5782     0.993278   0.00162606 
       223.5      68.9217     0.993291   0.00162295 
       223.5      69.2661     0.993305   0.00162001 
       223.5      69.6114      0.99332   0.00161725 
       223.5      69.9574     0.993336   0.00161468 
       223.5      70.3044     0.993352    0.0016123 
       223.5      70.6521      0.99337   0.00161012 
       223.5      71.0008     0.993388   0.00160813 
       223.5      71.3502     0.993407   0.00160633 
       223.5      71.7005     0.993427   0.00160472 
       223.5      72.0517     0.993448   0.00160328 
       223.5      72.4037      0.99347     0.001602 
       223.5      72.7565     0.993493   0.00160085 
       223.5      73.1102     0.993517   0.00159981 
       223.5      73.4647     0.993542   0.00159885 
       223.5        73.82     0.993568   0.00159794 
       223.5      74.1762     0.993588   0.00159627 
       223.5      74.5333     0.993598   0.00159321 
       223.5      74.8912     0.993608   0.00158955 
       223.5      75.2499     0.993617   0.00158528 
       223.5      75.6095     0.993626   0.00158043 
       223.5      75.9699     0.993634   0.00157501 
       223.5      76.3312     0.993641   0.00156903 
       223.5      76.6933     0.993647   0.00156251 
       223.5      77.0562     0.993653   0.00155544 
       223.5        77.42     0.993657   0.00154784 
       223.5      77.7846     0.993662   0.00154244 
       223.5      78.1501     0.993666   0.00153961 
       223.5      78.5164      0.99367   0.00153695 
       223.5      78.8836     0.993674   0.00153442 
       223.5      79.2516     0.993678   0.00153202 
       223.5      79.6205     0.993681   0.00152972 
       223.5      79.9902     0.993684   0.00152751 
       223.5      80.3607     0.993687   0.00152536 
       223.5      80.7321     0.993689   0.00152328 
       223.5      81.1043     0.993691   0.00152123 
       223.5      81.4774     0.993692   0.00151921 
       223.5      81.8513     0.993694   0.00151721 
       223.5       82.226     0.993695   0.00151522 
       223.5      82.6016     0.993696   0.00151322 
       223.5      82.9781     0.993697   0.00151122 
       223.5      83.3553     0.993697   0.00150919 
       223.5      83.7335     0.993698   0.00150713 
       223.5      84.1124     0.993698   0.00150504 
       223.5      84.4922     0.993699   0.00150292 
       223.5      84.8729     0.993699   0.00150075 
       223.5      85.2544     0.993699   0.00149853 
       223.5      85.6367       0.9937   0.00149627 
       223.5      86.0199       0.9937   0.00149395 
       223.5      86.4039     0.993701   0.00149158 
       223.5      86.7888     0.993702   0.00148916 
       223.5      87.1745     0.993703   0.00148669 
       223.5      87.5611     0.993704   0.00148416 
       223.5      87.9485     0.993705   0.00148159 
       223.5      88.3367     0.993707   0.00147896 
       223.5      88.7258     0.993709   0.00147629 
       223.5      89.1157     0.993712   0.00147357 
       223.5      89.5065     0.993715   0.00147082 
       223.5      89.8981     0.993719   0.00146803 
       223.5      90.2906     0.993723   0.00146521 
       223.5      90.6839     0.993728   0.00146237 
       223.5       91.078     0.993734    0.0014595 
       223.5       91.473      0.99374   0.00145661 
       223.5      91.8688     0.993747   0.00145372 
       223.5      92.2655     0.993755   0.00145082 
       223.5       92.663     0.993764   0.00144792 
       223.5      93.0614     0.993775   0.00144503 
       223.5      93.4606     0.993786   0.00144216 
       223.5      93.8606     0.993798    0.0014393 
       223.5      94.2615     0.993811   0.00143646 
       223.5      94.6632     0.993826   0.00143366 
       223.5      95.0658     0.993842   0.00143089 
       223.5      95.4692      0.99386   0.00142816 
       223.5      95.8735     0.993879   0.00142547 
       223.5      96.2786       0.9939   0.00142284 
       223.5      96.6845     0.993922   0.00142025 
       223.5      97.0913     0.993946   0.00141773 
       223.5      97.4989     0.993972   0.00141526 
       223.5      97.9074        0.994   0.00141285 
       223.5      98.3167      0.99403    0.0014105 
       223.5      98.7269     0.994062   0.00140822 
       223.5      99.1379     0.994096   0.00140599 
       223.5      99.5498     0.994132   0.00140383 
       223.5      99.9624      0.99417   0.00140171 
       223.5      100.376     0.994211   0.00139966 
       223.5       100.79     0.994255   0.00139764 
       223.5      101.206     0.994301   0.00139567 
       223.5      101.622     0.994349   0.00139373 
       223.5      102.039     0.994401   0.00139181 
       223.5      102.456     0.994455   0.00138989 
       223.5      102.875     0.994512   0.00138798 
       223.5      103.294     0.994573   0.00138604 
       223.5      103.715     0.994636   0.00138407 
       223.5      104.136     0.994692   0.00138136 
       223.5      104.558     0.994729   0.00137768 
       223.5       104.98     0.994762    0.0013742 
       223.5      105.404      0.99479   0.00137091 
       223.5      105.829     0.994815   0.00136779 
       223.5      106.254     0.994836   0.00136482 
       223.5       106.68     0.994853     0.001362 
       223.5      107.107     0.994866    0.0013593 
       223.5      107.535     0.994875   0.00135673 
       223.5      107.964     0.994882   0.00135425 
       223.5      108.393     0.994885   0.00135188 
       223.5      108.824     0.994884   0.00134958 
       223.5      109.255     0.994881   0.00134736 
       223.5      109.687     0.994874   0.00134519 
       223.5       110.12     0.994865   0.00134309 
       223.5      110.554     0.994853   0.00134102 
       223.5      110.988     0.994838     0.001339 
       223.5      111.424     0.994821     0.001337 
       223.5       111.86     0.994801   0.00133502 
       223.5      112.297      0.99478   0.00133306 
       223.5      112.735     0.994756   0.00133111 
       223.5      113.174      0.99473   0.00132916 
       223.5      113.614     0.994702   0.00132721 
       223.5      114.054     0.994672   0.00132525 
       223.5      114.496     0.994641   0.00132328 
       223.5      114.938     0.994609    0.0013213 
       223.5      115.381     0.994575   0.00131931 
       223.5      115.825      0.99454   0.00131729 
       223.5      116.269     0.994504   0.00131525 
       223.5      116.715     0.994467   0.00131319 
       223.5      117.161     0.994429    0.0013111 
       223.5      117.609     0.994391   0.00130899 
       223.5      118.057     0.994352   0.00130685 
       223.5      118.506     0.994313   0.00130468 
       223.5      118.955     0.994273   0.00130249 
       223.5      119.406     0.994234   0.00130027 
       223.5      119.858     0.994195   0.00129802 
       223.5       120.31     0.994156   0.00129575 
       223.5      120.763     0.994118   0.00129346 
       223.5      121.217      0.99408   0.00129114 
       223.5      121.672     0.994043    0.0012888 
       223.5      122.128     0.994007   0.00128645 
       223.5      122.584     0.993972   0.00128407 
       223.5      123.041     0.993938   0.00128169 
       223.5        123.5     0.993906   0.00127929 
       223.5      123.959     0.993876   0.00127688 
       223.5      124.419     0.993847   0.00127447 
       223.5      124.879      0.99382   0.00127205 
       223.5      125.341     0.993795   0.00126964 
       223.5      125.803     0.993773   0.00126723 
       223.5      126.267     0.993753   0.00126482 
       223.5      126.731     0.993736   0.00126242 
       223.5      127.196     0.993722   0.00126004 
       223.5      127.662      0.99371   0.00125767 
       223.5      128.128     0.993702   0.00125531 
       223.5      128.596     0.993698   0.00125298 
       223.5      129.064     0.993697   0.00125067 
       223.5      129.533       0.9937   0.00124839 
       223.5      130.003     0.993707   0.00124613 
       223.5      130.474     0.993718    0.0012439 
       223.5      130.946     0.993733   0.00124171 
       223.5      131.418     0.993753   0.00123955 
       223.5      131.892     0.993778   0.00123742 
       223.5      132.366     0.993808   0.00123532 
       223.5      132.841     0.993843   0.00123326 
       223.5      133.317     0.993884   0.00123124 
       223.5      133.794      0.99393   0.00122924 
       223.5      134.271     0.993982   0.00122728 
       223.5       134.75      0.99404   0.00122535 
       223.5      135.229     0.994105   0.00122345 
       223.5      135.709     0.994176   0.00122158 
       223.5       136.19     0.994254   0.00121972 
       223.5      136.672     0.994339   0.00121788 
       223.5      137.155     0.994431   0.00121606 
       223.5      137.638      0.99453   0.00121423 
       223.5      138.123     0.994637   0.00121241 
       223.5      138.608     0.994753   0.00121058 
       223.5      139.094     0.994876   0.00120873 
       223.5      139.581     0.995008   0.00120685 
       223.5      140.068     0.995148   0.00120493 
       223.5      140.557     0.995298   0.00120296 
       223.5      141.046     0.995456   0.00120093 
       223.5      141.537     0.995625   0.00119882 
       223.5      142.028     0.995802   0.00119661 
       223.5       142.52      0.99599   0.00119429 
       223.5      143.013     0.996188   0.00119185 
       223.5      143.506     0.996396   0.00118925 
       223.5      144.001     0.996612   0.00118686 
       223.5      144.496     0.996836   0.00118459 
       223.5      144.992      0.99707   0.00118223 
       223.5      145.489     0.997314   0.00117975 
       223.5      145.987     0.997568   0.00117713 
       223.5      146.486     0.997833   0.00117436 
       223.5      146.985     0.998109   0.00117141 
       223.5      147.485     0.998396   0.00116825 
       223.5      147.987     0.998694   0.00116487 
       223.5      148.489     0.999003   0.00116123 
       223.5      148.992     0.999323   0.00115731 
       223.5      149.495     0.999656   0.00115308 
       223.5          150            1   0.00114851 
