Variables = x, y, u, v

Zone, I=600, F=POINT
       263.5        -1.25            0            0 
       263.5     -1.24958            0            0 
       263.5     -1.24831            0            0 
       263.5     -1.24621            0            0 
       263.5     -1.24325            0            0 
       263.5     -1.23946            0            0 
       263.5     -1.23482            0            0 
       263.5     -1.22934            0            0 
       263.5     -1.22302            0            0 
       263.5     -1.21585            0            0 
       263.5     -1.20785            0            0 
       263.5     -1.19899            0            0 
       263.5      -1.1893            0            0 
       263.5     -1.17876            0            0 
       263.5     -1.16738            0            0 
       263.5     -1.15515            0            0 
       263.5     -1.14209            0            0 
       263.5     -1.12817            0            0 
       263.5     -1.11342            0            0 
       263.5     -1.09782            0            0 
       263.5     -1.08138            0            0 
       263.5      -1.0641            0            0 
       263.5     -1.04597            0            0 
       263.5       -1.027            0            0 
       263.5     -1.00719            0            0 
       263.5    -0.986536            0            0 
       263.5    -0.965037            0            0 
       263.5    -0.942695            0            0 
       263.5     -0.91951    0.0062857  7.85111e-06 
       263.5    -0.895482    0.0165374  2.08142e-05 
       263.5    -0.870611    0.0271433  3.44316e-05 
       263.5    -0.844897    0.0381026  4.87231e-05 
       263.5     -0.81834    0.0494141   6.3709e-05 
       263.5     -0.79094    0.0610768  7.94096e-05 
       263.5    -0.762696    0.0730901  9.58467e-05 
       263.5     -0.73361    0.0854516   0.00011304 
       263.5     -0.70368     0.098161  0.000131013 
       263.5    -0.672908     0.111216  0.000149787 
       263.5    -0.641292     0.124615  0.000169385 
       263.5    -0.608833     0.138356  0.000189828 
       263.5    -0.575531     0.152436  0.000211135 
       263.5    -0.541386     0.166851   0.00023333 
       263.5    -0.506398     0.181596  0.000256433 
       263.5    -0.470567     0.196669  0.000280463 
       263.5    -0.433893     0.212063  0.000305437 
       263.5    -0.396376     0.227772  0.000331374 
       263.5    -0.358015     0.243793   0.00035829 
       263.5    -0.318812     0.260116    0.0003862 
       263.5    -0.278765     0.276735  0.000415122 
       263.5    -0.237876     0.293643   0.00044507 
       263.5    -0.196143     0.310828   0.00047604 
       263.5    -0.153567     0.328276  0.000508044 
       263.5    -0.110148     0.345975  0.000541087 
       263.5    -0.065886      0.36391  0.000575166 
       263.5    -0.020781     0.382067  0.000610276 
       263.5     0.025167      0.40043  0.000646408 
       263.5     0.071958     0.418981   0.00068355 
       263.5     0.119593     0.437701  0.000721687 
       263.5      0.16807     0.456571  0.000760801 
       263.5     0.217391     0.475569  0.000800873 
       263.5     0.267554     0.494673  0.000841865 
       263.5     0.318561     0.513851  0.000883723 
       263.5     0.370411     0.533067  0.000926417 
       263.5     0.423104     0.552292  0.000969889 
       263.5      0.47664     0.571497   0.00101408 
       263.5     0.531019      0.59065   0.00105892 
       263.5     0.586241     0.609719   0.00110434 
       263.5     0.642306     0.628667   0.00115026 
       263.5     0.699214     0.647458    0.0011966 
       263.5     0.756966     0.666053   0.00124327 
       263.5      0.81556      0.68441   0.00129015 
       263.5     0.874998     0.702498   0.00133713 
       263.5     0.935278     0.720264   0.00138412 
       263.5     0.996402     0.737643   0.00143096 
       263.5      1.05837     0.754603    0.0014775 
       263.5      1.12118     0.771113   0.00152359 
       263.5      1.18483      0.78714   0.00156912 
       263.5      1.24933     0.802651   0.00161395 
       263.5      1.31467     0.817612   0.00165795 
       263.5      1.38085     0.831989     0.001701 
       263.5      1.44787     0.845747   0.00174294 
       263.5      1.51574     0.858849   0.00178358 
       263.5      1.58445     0.871259   0.00182269 
       263.5      1.65401     0.882963   0.00186034 
       263.5      1.72441     0.893967   0.00189638 
       263.5      1.79565     0.904258   0.00193056 
       263.5      1.86773     0.913844   0.00196285 
       263.5      1.94066     0.922731   0.00199326 
       263.5      2.01443     0.930931   0.00202176 
       263.5      2.08904     0.938455   0.00204833 
       263.5       2.1645      0.94532   0.00207293 
       263.5       2.2408     0.951542   0.00209555 
       263.5      2.31794     0.957141   0.00211618 
       263.5      2.39592     0.962141   0.00213484 
       263.5      2.47475     0.966568   0.00215157 
       263.5      2.55442     0.970448   0.00216645 
       263.5      2.63494     0.973793   0.00217963 
       263.5       2.7163     0.976749   0.00219119 
       263.5       2.7985     0.979344   0.00220126 
       263.5      2.88154     0.981599   0.00220998 
       263.5      2.96543     0.983538   0.00221746 
       263.5      3.05016     0.985184    0.0022238 
       263.5      3.13573     0.986565   0.00222908 
       263.5      3.22215     0.987708   0.00223338 
       263.5      3.30941     0.988646   0.00223678 
       263.5      3.39751     0.989411   0.00223936 
       263.5      3.48646     0.990037    0.0022412 
       263.5      3.57624     0.990563   0.00224242 
       263.5      3.66688     0.991028   0.00224318 
       263.5      3.75835      0.99144   0.00224362 
       263.5      3.85067     0.991508   0.00224372 
       263.5      3.94383     0.991573    0.0022438 
       263.5      4.03783     0.991635   0.00224385 
       263.5      4.13268     0.991694   0.00224387 
       263.5      4.22837      0.99175   0.00224384 
       263.5       4.3249     0.991803   0.00224375 
       263.5      4.42228     0.991854   0.00224359 
       263.5       4.5205     0.991901   0.00224336 
       263.5      4.61956     0.991946   0.00224305 
       263.5      4.71947     0.991987   0.00224265 
       263.5      4.82022     0.992025   0.00224216 
       263.5      4.92181     0.992061   0.00224158 
       263.5      5.02424     0.992093   0.00224091 
       263.5      5.12752     0.992123   0.00224014 
       263.5      5.23164      0.99215   0.00223928 
       263.5      5.33661     0.992174   0.00223833 
       263.5      5.44241     0.992195    0.0022373 
       263.5      5.54906     0.992214   0.00223619 
       263.5      5.65656     0.992229   0.00223501 
       263.5       5.7649     0.992243   0.00223376 
       263.5      5.87407     0.992254   0.00223246 
       263.5       5.9841     0.992262   0.00223111 
       263.5      6.09496     0.992269   0.00222973 
       263.5      6.20667     0.992273   0.00222832 
       263.5      6.31922     0.992275   0.00222691 
       263.5      6.43262     0.992276   0.00222549 
       263.5      6.54686     0.992274    0.0022241 
       263.5      6.66194     0.992271   0.00222274 
       263.5      6.77786     0.992267   0.00222142 
       263.5      6.89463     0.992262   0.00222014 
       263.5      7.01224     0.992255   0.00221883 
       263.5      7.13069     0.992247   0.00221755 
       263.5      7.24999     0.992238    0.0022163 
       263.5      7.37013     0.992229   0.00221509 
       263.5      7.49111     0.992219   0.00221391 
       263.5      7.61294      0.99221   0.00221276 
       263.5      7.73561       0.9922   0.00221164 
       263.5      7.85912     0.992191   0.00221054 
       263.5      7.98348     0.992182   0.00220947 
       263.5      8.10867     0.992174   0.00220842 
       263.5      8.23471     0.992167   0.00220739 
       263.5       8.3616     0.992162   0.00220637 
       263.5      8.48933     0.992158   0.00220536 
       263.5       8.6179     0.992157   0.00220435 
       263.5      8.74731     0.992158   0.00220334 
       263.5      8.87757     0.992161   0.00220231 
       263.5      9.00867     0.992168   0.00220127 
       263.5      9.14061     0.992178    0.0022002 
       263.5       9.2734     0.992191    0.0021991 
       263.5      9.40703     0.992209   0.00219795 
       263.5       9.5415     0.992231   0.00219675 
       263.5      9.67681     0.992249   0.00219559 
       263.5      9.81297     0.992258   0.00219443 
       263.5      9.94997     0.992265   0.00219323 
       263.5      10.0878     0.992269   0.00219202 
       263.5      10.2265      0.99227   0.00219086 
       263.5       10.366     0.992269   0.00218979 
       263.5      10.5064     0.992265   0.00218885 
       263.5      10.6476      0.99226   0.00218808 
       263.5      10.7897     0.992255   0.00218676 
       263.5      10.9326     0.992253   0.00218499 
       263.5      11.0763     0.992253   0.00218322 
       263.5      11.2209     0.992253   0.00218147 
       263.5      11.3664     0.992254   0.00217973 
       263.5      11.5126     0.992255   0.00217801 
       263.5      11.6598     0.992257   0.00217632 
       263.5      11.8077     0.992259   0.00217467 
       263.5      11.9565     0.992262   0.00217305 
       263.5      12.1062     0.992265   0.00217147 
       263.5      12.2567     0.992267   0.00216993 
       263.5       12.408      0.99227   0.00216843 
       263.5      12.5602     0.992273   0.00216697 
       263.5      12.7132     0.992276   0.00216555 
       263.5       12.867     0.992279   0.00216416 
       263.5      13.0218     0.992282   0.00216281 
       263.5      13.1773     0.992284   0.00216149 
       263.5      13.3337     0.992287   0.00216019 
       263.5      13.4909      0.99229   0.00215892 
       263.5       13.649     0.992292   0.00215766 
       263.5      13.8079     0.992294   0.00215642 
       263.5      13.9677     0.992297   0.00215517 
       263.5      14.1283     0.992299   0.00215393 
       263.5      14.2898     0.992302   0.00215267 
       263.5       14.452     0.992304    0.0021514 
       263.5      14.6152     0.992307   0.00215011 
       263.5      14.7792      0.99231   0.00214879 
       263.5       14.944     0.992313   0.00214744 
       263.5      15.1097     0.992316   0.00214605 
       263.5      15.2762      0.99232   0.00214461 
       263.5      15.4435     0.992324   0.00214312 
       263.5      15.6117     0.992328   0.00214159 
       263.5      15.7808     0.992332      0.00214 
       263.5      15.9506     0.992337   0.00213835 
       263.5      16.1214     0.992341   0.00213665 
       263.5      16.2929     0.992346    0.0021349 
       263.5      16.4653      0.99235    0.0021331 
       263.5      16.6386     0.992354   0.00213127 
       263.5      16.8127     0.992358   0.00212941 
       263.5      16.9876     0.992361   0.00212752 
       263.5      17.1634     0.992364   0.00212564 
       263.5        17.34     0.992365   0.00212377 
       263.5      17.5175     0.992365   0.00212194 
       263.5      17.6958     0.992362   0.00212018 
       263.5       17.875     0.992362   0.00211846 
       263.5       18.055     0.992366   0.00211663 
       263.5      18.2358     0.992372   0.00211517 
       263.5      18.4175     0.992377   0.00211376 
       263.5         18.6     0.992382   0.00211229 
       263.5      18.7834     0.992386   0.00211076 
       263.5      18.9676     0.992391   0.00210918 
       263.5      19.1527     0.992395   0.00210755 
       263.5      19.3386     0.992399   0.00210588 
       263.5      19.5253     0.992403   0.00210418 
       263.5      19.7129     0.992406   0.00210244 
       263.5      19.9013      0.99241   0.00210068 
       263.5      20.0906     0.992413   0.00209889 
       263.5      20.2807     0.992417   0.00209708 
       263.5      20.4717      0.99242   0.00209526 
       263.5      20.6635     0.992424   0.00209342 
       263.5      20.8561     0.992427   0.00209157 
       263.5      21.0496     0.992431   0.00208972 
       263.5      21.2439     0.992434   0.00208787 
       263.5      21.4391     0.992438   0.00208601 
       263.5      21.6351     0.992441   0.00208415 
       263.5       21.832     0.992445    0.0020823 
       263.5      22.0297     0.992449   0.00208045 
       263.5      22.2283     0.992452    0.0020786 
       263.5      22.4276     0.992456   0.00207676 
       263.5      22.6279      0.99246   0.00207493 
       263.5      22.8289     0.992465    0.0020731 
       263.5      23.0309     0.992469   0.00207128 
       263.5      23.2336     0.992473   0.00206945 
       263.5      23.4372     0.992478   0.00206763 
       263.5      23.6417     0.992483   0.00206581 
       263.5       23.847     0.992487   0.00206398 
       263.5      24.0531     0.992492   0.00206215 
       263.5      24.2601     0.992498    0.0020603 
       263.5      24.4679     0.992503   0.00205843 
       263.5      24.6766     0.992509   0.00205654 
       263.5      24.8861     0.992515   0.00205463 
       263.5      25.0964     0.992519   0.00205258 
       263.5      25.3076     0.992523   0.00205055 
       263.5      25.5197     0.992528   0.00204856 
       263.5      25.7325     0.992532   0.00204658 
       263.5      25.9463     0.992536   0.00204462 
       263.5      26.1608     0.992541   0.00204268 
       263.5      26.3762     0.992545   0.00204074 
       263.5      26.5925      0.99255   0.00203881 
       263.5      26.8096     0.992554   0.00203687 
       263.5      27.0275     0.992559   0.00203494 
       263.5      27.2463     0.992564     0.002033 
       263.5      27.4659     0.992568   0.00203106 
       263.5      27.6864     0.992573   0.00202911 
       263.5      27.9077     0.992578   0.00202714 
       263.5      28.1299     0.992583   0.00202517 
       263.5      28.3528     0.992588   0.00202318 
       263.5      28.5767     0.992593   0.00202118 
       263.5      28.8014     0.992598   0.00201916 
       263.5      29.0269     0.992604   0.00201713 
       263.5      29.2533     0.992609   0.00201508 
       263.5      29.4805     0.992614   0.00201301 
       263.5      29.7085     0.992619   0.00201093 
       263.5      29.9374     0.992625   0.00200884 
       263.5      30.1672      0.99263   0.00200673 
       263.5      30.3978     0.992636    0.0020046 
       263.5      30.6292     0.992641   0.00200246 
       263.5      30.8614     0.992647   0.00200031 
       263.5      31.0946     0.992653   0.00199815 
       263.5      31.3285     0.992659   0.00199598 
       263.5      31.5633     0.992664   0.00199379 
       263.5       31.799      0.99267   0.00199161 
       263.5      32.0354     0.992676   0.00198941 
       263.5      32.2728     0.992682   0.00198721 
       263.5      32.5109     0.992688   0.00198501 
       263.5        32.75     0.992694   0.00198281 
       263.5      32.9898       0.9927   0.00198061 
       263.5      33.2305     0.992707   0.00197841 
       263.5      33.4721     0.992713   0.00197622 
       263.5      33.7145     0.992719   0.00197403 
       263.5      33.9577     0.992726   0.00197185 
       263.5      34.2018     0.992732   0.00196967 
       263.5      34.4467     0.992739    0.0019675 
       263.5      34.6924     0.992745   0.00196534 
       263.5       34.939     0.992752   0.00196318 
       263.5      35.1865     0.992758   0.00196104 
       263.5      35.4348     0.992765    0.0019589 
       263.5      35.6839     0.992772   0.00195677 
       263.5      35.9339     0.992778   0.00195465 
       263.5      36.1847     0.992785   0.00195252 
       263.5      36.4364     0.992792    0.0019504 
       263.5      36.6889     0.992799   0.00194828 
       263.5      36.9422     0.992805   0.00194615 
       263.5      37.1964     0.992812   0.00194401 
       263.5      37.4514     0.992819   0.00194186 
       263.5      37.7073     0.992826   0.00193969 
       263.5       37.964     0.992833   0.00193749 
       263.5      38.2216     0.992838   0.00193528 
       263.5        38.48     0.992844   0.00193313 
       263.5      38.7392      0.99285   0.00193054 
       263.5      38.9993     0.992858    0.0019278 
       263.5      39.2603     0.992865   0.00192528 
       263.5       39.522      0.99287   0.00192292 
       263.5      39.7847     0.992875   0.00192062 
       263.5      40.0481     0.992879   0.00191837 
       263.5      40.3124     0.992884   0.00191615 
       263.5      40.5776      0.99289   0.00191395 
       263.5      40.8436     0.992895   0.00191177 
       263.5      41.1104     0.992901    0.0019096 
       263.5      41.3781     0.992907   0.00190743 
       263.5      41.6466     0.992913   0.00190525 
       263.5       41.916      0.99292   0.00190306 
       263.5      42.1862     0.992926   0.00190086 
       263.5      42.4573     0.992933   0.00189864 
       263.5      42.7291      0.99294   0.00189639 
       263.5      43.0019     0.992948   0.00189412 
       263.5      43.2755     0.992955   0.00189182 
       263.5      43.5499     0.992962   0.00188948 
       263.5      43.8252      0.99297   0.00188711 
       263.5      44.1013     0.992978   0.00188471 
       263.5      44.3782     0.992986   0.00188227 
       263.5       44.656     0.992994    0.0018798 
       263.5      44.9347     0.993002   0.00187728 
       263.5      45.2141     0.993011   0.00187474 
       263.5      45.4945     0.993019   0.00187216 
       263.5      45.7756     0.993028   0.00186954 
       263.5      46.0576     0.993036    0.0018669 
       263.5      46.3405     0.993045   0.00186422 
       263.5      46.6242     0.993054   0.00186152 
       263.5      46.9087     0.993063    0.0018588 
       263.5      47.1941     0.993072   0.00185606 
       263.5      47.4804     0.993081   0.00185329 
       263.5      47.7674      0.99309   0.00185052 
       263.5      48.0553     0.993099   0.00184774 
       263.5      48.3441     0.993109   0.00184495 
       263.5      48.6337     0.993118   0.00184215 
       263.5      48.9241     0.993127   0.00183936 
       263.5      49.2154     0.993137   0.00183658 
       263.5      49.5076     0.993146    0.0018338 
       263.5      49.8005     0.993156   0.00183104 
       263.5      50.0943     0.993166    0.0018283 
       263.5       50.389     0.993175   0.00182558 
       263.5      50.6845     0.993185   0.00182289 
       263.5      50.9808     0.993195   0.00182022 
       263.5       51.278     0.993205   0.00181759 
       263.5      51.5761     0.993214   0.00181499 
       263.5      51.8749     0.993224   0.00181243 
       263.5      52.1747     0.993234    0.0018099 
       263.5      52.4752     0.993243   0.00180742 
       263.5      52.7766     0.993253   0.00180498 
       263.5      53.0789     0.993263   0.00180258 
       263.5       53.382     0.993272   0.00180022 
       263.5      53.6859     0.993282   0.00179789 
       263.5      53.9907     0.993291   0.00179561 
       263.5      54.2963       0.9933   0.00179335 
       263.5      54.6027     0.993309   0.00179113 
       263.5        54.91     0.993318   0.00178893 
       263.5      55.2182     0.993327   0.00178675 
       263.5      55.5272     0.993335   0.00178458 
       263.5       55.837     0.993343   0.00178241 
       263.5      56.1477     0.993351   0.00178023 
       263.5      56.4592     0.993359   0.00177802 
       263.5      56.7716     0.993366   0.00177579 
       263.5      57.0848     0.993372    0.0017735 
       263.5      57.3988     0.993379   0.00177114 
       263.5      57.7137     0.993385   0.00176869 
       263.5      58.0295      0.99339   0.00176614 
       263.5       58.346     0.993395   0.00176346 
       263.5      58.6635     0.993399   0.00176062 
       263.5      58.9817     0.993402    0.0017576 
       263.5      59.3008     0.993405   0.00175436 
       263.5      59.6208     0.993406   0.00175087 
       263.5      59.9416     0.993407    0.0017471 
       263.5      60.2632     0.993407   0.00174301 
       263.5      60.5857     0.993409   0.00173862 
       263.5       60.909     0.993414   0.00173446 
       263.5      61.2332      0.99342   0.00173062 
       263.5      61.5582     0.993427   0.00172707 
       263.5      61.8841     0.993434   0.00172379 
       263.5      62.2107     0.993442   0.00172076 
       263.5      62.5383     0.993451   0.00171796 
       263.5      62.8667      0.99346   0.00171536 
       263.5      63.1959     0.993469   0.00171294 
       263.5       63.526     0.993479   0.00171068 
       263.5      63.8569     0.993489   0.00170857 
       263.5      64.1886     0.993499   0.00170658 
       263.5      64.5212      0.99351   0.00170469 
       263.5      64.8547     0.993521   0.00170289 
       263.5      65.1889     0.993531   0.00170116 
       263.5      65.5241     0.993542   0.00169948 
       263.5        65.86     0.993553   0.00169784 
       263.5      66.1969     0.993565   0.00169622 
       263.5      66.5345     0.993576   0.00169461 
       263.5       66.873     0.993587     0.001693 
       263.5      67.2124     0.993598   0.00169137 
       263.5      67.5525     0.993609    0.0016897 
       263.5      67.8936      0.99362     0.001688 
       263.5      68.2354     0.993631   0.00168624 
       263.5      68.5782     0.993642   0.00168443 
       263.5      68.9217     0.993653   0.00168254 
       263.5      69.2661     0.993664   0.00168057 
       263.5      69.6114     0.993675   0.00167852 
       263.5      69.9574     0.993686   0.00167638 
       263.5      70.3044     0.993697   0.00167413 
       263.5      70.6521     0.993707   0.00167179 
       263.5      71.0008     0.993718   0.00166933 
       263.5      71.3502     0.993728   0.00166677 
       263.5      71.7005     0.993739   0.00166409 
       263.5      72.0517     0.993749   0.00166129 
       263.5      72.4037      0.99376   0.00165838 
       263.5      72.7565      0.99377   0.00165535 
       263.5      73.1102     0.993781    0.0016522 
       263.5      73.4647     0.993791   0.00164894 
       263.5        73.82     0.993802   0.00164556 
       263.5      74.1762     0.993812   0.00164207 
       263.5      74.5333     0.993823   0.00163848 
       263.5      74.8912     0.993834   0.00163478 
       263.5      75.2499     0.993844   0.00163099 
       263.5      75.6095     0.993855    0.0016271 
       263.5      75.9699     0.993866   0.00162312 
       263.5      76.3312     0.993877   0.00161907 
       263.5      76.6933     0.993888   0.00161495 
       263.5      77.0562       0.9939   0.00161077 
       263.5        77.42     0.993911   0.00160653 
       263.5      77.7846     0.993922   0.00160226 
       263.5      78.1501     0.993934   0.00159795 
       263.5      78.5164     0.993946   0.00159363 
       263.5      78.8836     0.993957    0.0015893 
       263.5      79.2516     0.993969   0.00158497 
       263.5      79.6205     0.993981   0.00158067 
       263.5      79.9902     0.993993    0.0015764 
       263.5      80.3607     0.994005   0.00157219 
       263.5      80.7321     0.994017   0.00156804 
       263.5      81.1043     0.994029   0.00156397 
       263.5      81.4774     0.994041      0.00156 
       263.5      81.8513     0.994053   0.00155615 
       263.5       82.226     0.994065   0.00155243 
       263.5      82.6016     0.994076   0.00154887 
       263.5      82.9781     0.994088   0.00154547 
       263.5      83.3553     0.994099   0.00154228 
       263.5      83.7335     0.994109   0.00153929 
       263.5      84.1124     0.994119   0.00153654 
       263.5      84.4922     0.994129   0.00153404 
       263.5      84.8729     0.994138   0.00153181 
       263.5      85.2544     0.994146   0.00152989 
       263.5      85.6367     0.994153   0.00152828 
       263.5      86.0199     0.994159   0.00152702 
       263.5      86.4039     0.994164    0.0015261 
       263.5      86.7888     0.994155   0.00152467 
       263.5      87.1745     0.994144   0.00152343 
       263.5      87.5611      0.99413   0.00152237 
       263.5      87.9485     0.994114   0.00152149 
       263.5      88.3367     0.994095   0.00152075 
       263.5      88.7258     0.994072   0.00152014 
       263.5      89.1157     0.994046   0.00151964 
       263.5      89.5065     0.994016   0.00151923 
       263.5      89.8981     0.993982   0.00151888 
       263.5      90.2906     0.993944   0.00151855 
       263.5      90.6839       0.9939   0.00151822 
       263.5       91.078     0.993851   0.00151784 
       263.5       91.473     0.993796   0.00151738 
       263.5      91.8688     0.993734   0.00151678 
       263.5      92.2655     0.993666     0.001516 
       263.5       92.663     0.993589   0.00151499 
       263.5      93.0614     0.993653   0.00151106 
       263.5      93.4606     0.993736   0.00150679 
       263.5      93.8606     0.993816   0.00150258 
       263.5      94.2615     0.993893   0.00149845 
       263.5      94.6632     0.993967   0.00149443 
       263.5      95.0658     0.994038    0.0014905 
       263.5      95.4692     0.994106    0.0014867 
       263.5      95.8735      0.99417   0.00148303 
       263.5      96.2786     0.994232   0.00147951 
       263.5      96.6845     0.994289   0.00147615 
       263.5      97.0913     0.994344   0.00147297 
       263.5      97.4989     0.994394   0.00146998 
       263.5      97.9074     0.994442   0.00146719 
       263.5      98.3167     0.994498   0.00146415 
       263.5      98.7269     0.994555    0.0014609 
       263.5      99.1379     0.994609   0.00145755 
       263.5      99.5498      0.99466    0.0014541 
       263.5      99.9624     0.994708   0.00145057 
       263.5      100.376     0.994754   0.00144697 
       263.5       100.79     0.994797   0.00144329 
       263.5      101.206     0.994837   0.00143956 
       263.5      101.622     0.994874   0.00143578 
       263.5      102.039     0.994909   0.00143197 
       263.5      102.456     0.994941   0.00142812 
       263.5      102.875      0.99497   0.00142424 
       263.5      103.294     0.994996   0.00142035 
       263.5      103.715     0.995019   0.00141645 
       263.5      104.136      0.99504   0.00141255 
       263.5      104.558     0.995058   0.00140865 
       263.5       104.98     0.995073   0.00140475 
       263.5      105.404     0.995086   0.00140087 
       263.5      105.829     0.995096   0.00139701 
       263.5      106.254     0.995103   0.00139317 
       263.5       106.68     0.995107   0.00138936 
       263.5      107.107      0.99511   0.00138558 
       263.5      107.535     0.995109   0.00138184 
       263.5      107.964     0.995106   0.00137813 
       263.5      108.393     0.995101   0.00137446 
       263.5      108.824     0.995094   0.00137084 
       263.5      109.255     0.995084   0.00136726 
       263.5      109.687     0.995072   0.00136373 
       263.5       110.12     0.995057   0.00136025 
       263.5      110.554     0.995041   0.00135682 
       263.5      110.988     0.995023   0.00135344 
       263.5      111.424     0.995003   0.00135011 
       263.5       111.86     0.994981   0.00134683 
       263.5      112.297     0.994957   0.00134361 
       263.5      112.735     0.994932   0.00134043 
       263.5      113.174     0.994905   0.00133731 
       263.5      113.614     0.994876   0.00133423 
       263.5      114.054     0.994846    0.0013312 
       263.5      114.496     0.994815   0.00132822 
       263.5      114.938     0.994783   0.00132529 
       263.5      115.381      0.99475    0.0013224 
       263.5      115.825     0.994716   0.00131955 
       263.5      116.269     0.994681   0.00131674 
       263.5      116.715     0.994645   0.00131397 
       263.5      117.161     0.994609   0.00131123 
       263.5      117.609     0.994573   0.00130852 
       263.5      118.057     0.994536   0.00130584 
       263.5      118.506     0.994499   0.00130319 
       263.5      118.955     0.994462   0.00130056 
       263.5      119.406     0.994425   0.00129794 
       263.5      119.858     0.994388   0.00129534 
       263.5       120.31     0.994352   0.00129276 
       263.5      120.763     0.994316   0.00129017 
       263.5      121.217     0.994281    0.0012876 
       263.5      121.672     0.994247   0.00128502 
       263.5      122.128     0.994214   0.00128244 
       263.5      122.584     0.994182   0.00127985 
       263.5      123.041     0.994152   0.00127725 
       263.5        123.5     0.994123   0.00127463 
       263.5      123.959     0.994096   0.00127199 
       263.5      124.419      0.99407   0.00126933 
       263.5      124.879     0.994047   0.00126664 
       263.5      125.341     0.994025   0.00126392 
       263.5      125.803     0.994006   0.00126117 
       263.5      126.267      0.99399   0.00125838 
       263.5      126.731     0.993976   0.00125554 
       263.5      127.196     0.993965   0.00125266 
       263.5      127.662     0.993958   0.00124974 
       263.5      128.128     0.993953   0.00124676 
       263.5      128.596     0.993952   0.00124374 
       263.5      129.064     0.993954   0.00124065 
       263.5      129.533     0.993961   0.00123751 
       263.5      130.003     0.993971   0.00123431 
       263.5      130.474     0.993986   0.00123106 
       263.5      130.946     0.994004   0.00122774 
       263.5      131.418     0.994028   0.00122436 
       263.5      131.892     0.994056   0.00122092 
       263.5      132.366     0.994089   0.00121742 
       263.5      132.841     0.994127   0.00121385 
       263.5      133.317      0.99417   0.00121023 
       263.5      133.794     0.994219   0.00120655 
       263.5      134.271     0.994274   0.00120282 
       263.5       134.75     0.994334   0.00119903 
       263.5      135.229       0.9944    0.0011952 
       263.5      135.709     0.994473   0.00119132 
       263.5       136.19     0.994552    0.0011874 
       263.5      136.672     0.994637   0.00118345 
       263.5      137.155     0.994729   0.00117947 
       263.5      137.638     0.994828   0.00117546 
       263.5      138.123     0.994935   0.00117145 
       263.5      138.608     0.995048   0.00116743 
       263.5      139.094     0.995169   0.00116342 
       263.5      139.581     0.995297   0.00115942 
       263.5      140.068     0.995433   0.00115545 
       263.5      140.557     0.995578   0.00115152 
       263.5      141.046      0.99573   0.00114764 
       263.5      141.537      0.99589   0.00114383 
       263.5      142.028     0.996059    0.0011401 
       263.5       142.52     0.996236   0.00113648 
       263.5      143.013     0.996422   0.00113297 
       263.5      143.506     0.996617    0.0011296 
       263.5      144.001      0.99682   0.00112639 
       263.5      144.496     0.997033   0.00112336 
       263.5      144.992     0.997255   0.00112053 
       263.5      145.489     0.997486   0.00111793 
       263.5      145.987     0.997726   0.00111559 
       263.5      146.486     0.997976   0.00111352 
       263.5      146.985     0.998236   0.00111177 
       263.5      147.485     0.998505   0.00111036 
       263.5      147.987     0.998784   0.00110933 
       263.5      148.489     0.999073    0.0011087 
       263.5      148.992     0.999372   0.00110852 
       263.5      149.495     0.999681   0.00110882 
       263.5          150            1   0.00110964 
