Variables = x, y, u, v, p

Zone, I=600, F=POINT
       105.5            0            0            0  -0.00537585 
       105.5     0.000418   0.00022493 -9.10885e-09  -0.00537587 
       105.5     0.001672  0.000899949 -2.74597e-08  -0.00537591 
       105.5     0.003763   0.00202628 -2.82885e-08  -0.00537598 
       105.5     0.006689   0.00360398  3.24545e-08  -0.00537609 
       105.5     0.010451   0.00563515   2.1534e-07  -0.00537622 
       105.5      0.01505   0.00812234  5.96685e-07  -0.00537637 
       105.5     0.020485    0.0110674  1.26741e-06  -0.00537654 
       105.5     0.026756    0.0144731  2.33238e-06  -0.00537673 
       105.5     0.033863    0.0183425  3.90992e-06  -0.00537692 
       105.5     0.041806    0.0226791  6.13173e-06   -0.0053771 
       105.5     0.050585    0.0274865  9.14345e-06  -0.00537725 
       105.5     0.060201    0.0327694  1.31062e-05  -0.00537735 
       105.5     0.070652    0.0385305  1.81967e-05   -0.0053774 
       105.5      0.08194    0.0447754  2.46125e-05  -0.00537735 
       105.5     0.094063    0.0515072  3.25707e-05   -0.0053772 
       105.5     0.107023    0.0587313  4.23148e-05  -0.00537694 
       105.5     0.120819    0.0664514  5.41116e-05  -0.00537655 
       105.5     0.135451    0.0746717  6.82538e-05  -0.00537607 
       105.5     0.150919     0.083396  8.50558e-05  -0.00537553 
       105.5     0.167224    0.0926287  0.000104847  -0.00537501 
       105.5     0.184364     0.102372  0.000127954  -0.00537462 
       105.5     0.202341     0.112629  0.000154684  -0.00537456 
       105.5     0.221153     0.123402  0.000185281  -0.00537508 
       105.5     0.240802     0.134693  0.000219888  -0.00537655 
       105.5     0.261287      0.14653  0.000259951  -0.00537712 
       105.5     0.282608     0.158874  0.000305633  -0.00537606 
       105.5     0.304765     0.171686  0.000356165  -0.00537492 
       105.5     0.327758     0.184955  0.000411878  -0.00537378 
       105.5     0.351588     0.198669  0.000473038   -0.0053727 
       105.5     0.376253     0.212812  0.000539821  -0.00537174 
       105.5     0.401755     0.227369  0.000612314  -0.00537095 
       105.5     0.428092     0.242318  0.000690485  -0.00537037 
       105.5     0.455266     0.257639  0.000774191  -0.00537002 
       105.5     0.483276     0.273305  0.000863163  -0.00536987 
       105.5     0.512122     0.289288  0.000957016  -0.00536989 
       105.5     0.541805     0.305557   0.00105527  -0.00536998 
       105.5     0.572323     0.322074   0.00115736  -0.00536996 
       105.5     0.603677     0.338801   0.00126271  -0.00536961 
       105.5     0.635868     0.355695   0.00137074   -0.0053686 
       105.5     0.668894     0.372708   0.00148102  -0.00536651 
       105.5     0.702757     0.389787    0.0015933  -0.00536278 
       105.5     0.737456     0.406876   0.00170769  -0.00535674 
       105.5     0.772991     0.423794   0.00182023  -0.00535436 
       105.5     0.809362     0.440809   0.00193059  -0.00535452 
       105.5      0.84657     0.458024    0.0020408  -0.00535393 
       105.5     0.884613     0.475421   0.00215098   -0.0053526 
       105.5     0.923492     0.492982   0.00226124  -0.00535055 
       105.5     0.963208     0.510688    0.0023717  -0.00534778 
       105.5      1.00376     0.528517   0.00248245  -0.00534433 
       105.5      1.04515     0.546448   0.00259359  -0.00534021 
       105.5      1.08737     0.564458   0.00270519  -0.00533546 
       105.5      1.13043     0.582521   0.00281731   -0.0053301 
       105.5      1.17433     0.600613   0.00292999  -0.00532418 
       105.5      1.21906     0.618705   0.00304326  -0.00531773 
       105.5      1.26463     0.636769   0.00315711   -0.0053108 
       105.5      1.31103     0.654775   0.00327154  -0.00530344 
       105.5      1.35827     0.672692   0.00338651  -0.00529569 
       105.5      1.40635     0.690486   0.00350199  -0.00528761 
       105.5      1.45526     0.708121   0.00361794  -0.00527925 
       105.5      1.50501     0.725564   0.00373432  -0.00527067 
       105.5       1.5556     0.742775   0.00385111   -0.0052619 
       105.5      1.60702     0.759715   0.00396832  -0.00525302 
       105.5      1.65928     0.776345   0.00408599  -0.00524406 
       105.5      1.71237     0.792623   0.00420423  -0.00523509 
       105.5       1.7663     0.808431   0.00432013  -0.00522462 
       105.5      1.82106     0.823528    0.0044278  -0.00521038 
       105.5      1.87667     0.838017   0.00453326  -0.00519573 
       105.5      1.93311     0.851884   0.00463617  -0.00518064 
       105.5      1.99038     0.865117   0.00473621  -0.00516512 
       105.5      2.04849     0.877707   0.00483308  -0.00514915 
       105.5      2.10744     0.889645   0.00492652  -0.00513271 
       105.5      2.16722     0.900926   0.00501628   -0.0051158 
       105.5      2.22784     0.911545   0.00510217   -0.0050984 
       105.5      2.28929     0.921501   0.00518401   -0.0050805 
       105.5      2.35158     0.930794   0.00526167  -0.00506209 
       105.5      2.41471     0.939426   0.00533504  -0.00504317 
       105.5      2.47867     0.947402   0.00540406  -0.00502372 
       105.5      2.54347     0.954731    0.0054687  -0.00500373 
       105.5      2.60911     0.961422   0.00552899  -0.00498321 
       105.5      2.67558     0.967488   0.00558496  -0.00496214 
       105.5      2.74288     0.972945   0.00563671  -0.00494052 
       105.5      2.81103     0.977811   0.00568435  -0.00491834 
       105.5      2.88001     0.982109   0.00572802  -0.00489562 
       105.5      2.94983     0.985862   0.00576789  -0.00487234 
       105.5      3.02048     0.989098   0.00580416  -0.00484852 
       105.5      3.09197     0.991848   0.00583702  -0.00482415 
       105.5      3.16429     0.994148   0.00586668  -0.00479926 
       105.5      3.23745     0.996034   0.00589334  -0.00477384 
       105.5      3.31145     0.997548   0.00591719  -0.00474791 
       105.5      3.38628     0.998735   0.00593839  -0.00472149 
       105.5      3.46195     0.999645   0.00595706   -0.0046946 
       105.5      3.53845      1.00033   0.00597326  -0.00466727 
       105.5      3.61579      1.00084   0.00598697  -0.00463951 
       105.5      3.69397      1.00125   0.00599809  -0.00461137 
       105.5      3.77298      1.00162   0.00600911  -0.00458396 
       105.5      3.85283      1.00195   0.00602328  -0.00455805 
       105.5      3.93352      1.00225   0.00603484  -0.00453083 
       105.5      4.01504      1.00251   0.00604501  -0.00450261 
       105.5       4.0974      1.00273   0.00605464  -0.00447372 
       105.5      4.18059      1.00291    0.0060642   -0.0044444 
       105.5      4.26462      1.00306   0.00607386  -0.00441489 
       105.5      4.34949      1.00317    0.0060835  -0.00438535 
       105.5      4.43519      1.00326   0.00609271  -0.00435567 
       105.5      4.52173      1.00332   0.00610136  -0.00432534 
       105.5       4.6091      1.00335   0.00610974  -0.00429495 
       105.5      4.69731      1.00336   0.00611773  -0.00426449 
       105.5      4.78636      1.00335   0.00612521  -0.00423392 
       105.5      4.87624      1.00333   0.00613217  -0.00420319 
       105.5      4.96696       1.0033   0.00613874  -0.00417222 
       105.5      5.05851      1.00326   0.00614521   -0.0041409 
       105.5       5.1509      1.00321   0.00615192  -0.00410918 
       105.5      5.24413      1.00318   0.00615806  -0.00407738 
       105.5       5.3382      1.00315   0.00616396  -0.00404532 
       105.5      5.43309      1.00312   0.00616967  -0.00401303 
       105.5      5.52883      1.00309    0.0061752  -0.00398052 
       105.5       5.6254      1.00306   0.00618056  -0.00394782 
       105.5      5.72281      1.00302   0.00618575  -0.00391493 
       105.5      5.82105      1.00299   0.00619073  -0.00388186 
       105.5      5.92013      1.00296   0.00619548   -0.0038486 
       105.5      6.02005      1.00293   0.00619999  -0.00381516 
       105.5       6.1208       1.0029   0.00620426  -0.00378152 
       105.5      6.22239      1.00287    0.0062083  -0.00374766 
       105.5      6.32482      1.00284   0.00621206  -0.00371373 
       105.5      6.42808      1.00281   0.00621544  -0.00367985 
       105.5      6.53217      1.00278   0.00621863  -0.00364577 
       105.5      6.63711      1.00275    0.0062216  -0.00361151 
       105.5      6.74287      1.00272   0.00622439  -0.00357707 
       105.5      6.84948      1.00268   0.00622698  -0.00354246 
       105.5      6.95692      1.00265   0.00622943  -0.00350768 
       105.5       7.0652      1.00261   0.00623155   -0.0034728 
       105.5      7.17431      1.00258   0.00623319  -0.00343786 
       105.5      7.28426      1.00254   0.00623453   -0.0034028 
       105.5      7.39505      1.00251   0.00623558  -0.00336763 
       105.5      7.50667      1.00247   0.00623634  -0.00333236 
       105.5      7.61913      1.00243   0.00623679    -0.003297 
       105.5      7.73242      1.00239   0.00623695  -0.00326154 
       105.5      7.84655      1.00236   0.00623681  -0.00322602 
       105.5      7.96152      1.00232   0.00623639  -0.00319042 
       105.5      8.07732      1.00228   0.00623568  -0.00315475 
       105.5      8.19396      1.00225   0.00623471  -0.00311904 
       105.5      8.31143      1.00221   0.00623347  -0.00308329 
       105.5      8.42974      1.00217   0.00623197   -0.0030475 
       105.5      8.54889      1.00214   0.00623023  -0.00301169 
       105.5      8.66887       1.0021   0.00622824  -0.00297586 
       105.5      8.78969      1.00206   0.00622602  -0.00294004 
       105.5      8.91135      1.00203   0.00622332  -0.00290424 
       105.5      9.03384        1.002    0.0062203   -0.0028684 
       105.5      9.15717      1.00197   0.00621696  -0.00283253 
       105.5      9.28133      1.00194   0.00621332  -0.00279665 
       105.5      9.40633      1.00191   0.00620939  -0.00276076 
       105.5      9.53216      1.00188   0.00620516  -0.00272488 
       105.5      9.65884      1.00185   0.00620064  -0.00268902 
       105.5      9.78634      1.00182   0.00619584  -0.00265317 
       105.5      9.91469      1.00179   0.00619075  -0.00261737 
       105.5      10.0439      1.00176   0.00618538   -0.0025816 
       105.5      10.1739      1.00173   0.00617977   -0.0025459 
       105.5      10.3047      1.00169   0.00617396   -0.0025103 
       105.5      10.4364      1.00166   0.00616784  -0.00247475 
       105.5      10.5689      1.00163   0.00616141  -0.00243927 
       105.5      10.7023       1.0016   0.00615467  -0.00240386 
       105.5      10.8365      1.00156   0.00614761  -0.00236853 
       105.5      10.9715      1.00153   0.00614025  -0.00233328 
       105.5      11.1074      1.00149   0.00613258  -0.00229813 
       105.5      11.2441      1.00146   0.00612461  -0.00226307 
       105.5      11.3817      1.00143   0.00611634  -0.00222811 
       105.5        11.52      1.00139   0.00610778  -0.00219326 
       105.5      11.6592      1.00136   0.00609893  -0.00215852 
       105.5      11.7993      1.00132   0.00608981   -0.0021239 
       105.5      11.9402      1.00129   0.00608042  -0.00208941 
       105.5      12.0819      1.00125   0.00607077  -0.00205503 
       105.5      12.2245      1.00122   0.00606087  -0.00202078 
       105.5      12.3679      1.00118   0.00605074  -0.00198667 
       105.5      12.5121      1.00115   0.00604039  -0.00195268 
       105.5      12.6572      1.00111   0.00602984  -0.00191883 
       105.5      12.8031      1.00108   0.00601891  -0.00188513 
       105.5      12.9498      1.00105   0.00600767  -0.00185158 
       105.5      13.0974      1.00102    0.0059962   -0.0018182 
       105.5      13.2458      1.00098   0.00598449  -0.00178499 
       105.5       13.395      1.00095   0.00597254  -0.00175194 
       105.5      13.5451      1.00092   0.00596037  -0.00171907 
       105.5       13.696      1.00089   0.00594798  -0.00168638 
       105.5      13.8478      1.00086   0.00593537  -0.00165386 
       105.5      14.0004      1.00083   0.00592254  -0.00162153 
       105.5      14.1538       1.0008   0.00590951  -0.00158939 
       105.5      14.3081      1.00077   0.00589626  -0.00155743 
       105.5      14.4632      1.00074   0.00588281  -0.00152567 
       105.5      14.6191      1.00071   0.00586916   -0.0014941 
       105.5      14.7759      1.00068   0.00585531  -0.00146273 
       105.5      14.9335      1.00066   0.00584126  -0.00143156 
       105.5      15.0919      1.00063   0.00582701   -0.0014006 
       105.5      15.2512       1.0006   0.00581258  -0.00136984 
       105.5      15.4113      1.00057   0.00579795  -0.00133929 
       105.5      15.5723      1.00054   0.00578313  -0.00130895 
       105.5      15.7341      1.00052   0.00576813  -0.00127883 
       105.5      15.8967      1.00049   0.00575294  -0.00124892 
       105.5      16.0602      1.00046   0.00573757  -0.00121923 
       105.5      16.2245      1.00043   0.00572203  -0.00118977 
       105.5      16.3896      1.00041    0.0057063  -0.00116052 
       105.5      16.5556      1.00038   0.00569048  -0.00113152 
       105.5      16.7224      1.00035   0.00567447  -0.00110274 
       105.5        16.89      1.00033    0.0056583   -0.0010742 
       105.5      17.0585       1.0003   0.00564195  -0.00104588 
       105.5      17.2278      1.00028   0.00562544   -0.0010178 
       105.5      17.3979      1.00025   0.00560877 -0.000989944 
       105.5      17.5689      1.00022   0.00559195 -0.000962323 
       105.5      17.7408       1.0002   0.00557499 -0.000934936 
       105.5      17.9134      1.00017   0.00555789 -0.000907782 
       105.5      18.0869      1.00015   0.00554067 -0.000880859 
       105.5      18.2612      1.00012   0.00552334 -0.000854169 
       105.5      18.4364       1.0001   0.00550592 -0.000827709 
       105.5      18.6124      1.00008   0.00548842 -0.000801479 
       105.5      18.7892      1.00005   0.00547086 -0.000775476 
       105.5      18.9669      1.00003   0.00545326 -0.000749698 
       105.5      19.1454      1.00001   0.00543562 -0.000724161 
       105.5      19.3248     0.999982   0.00541762 -0.000698988 
       105.5       19.505      0.99996   0.00539953 -0.000674045 
       105.5       19.686     0.999937   0.00538137 -0.000649334 
       105.5      19.8678     0.999915   0.00536312 -0.000624856 
       105.5      20.0505     0.999893   0.00534479 -0.000600612 
       105.5      20.2341     0.999872    0.0053264 -0.000576601 
       105.5      20.4184      0.99985   0.00530793 -0.000552824 
       105.5      20.6036     0.999829    0.0052894 -0.000529283 
       105.5      20.7897     0.999808    0.0052708 -0.000505977 
       105.5      20.9765     0.999787   0.00525215 -0.000482907 
       105.5      21.1642     0.999767   0.00523343 -0.000460073 
       105.5      21.3528     0.999747   0.00521466 -0.000437474 
       105.5      21.5422     0.999727   0.00519584 -0.000415112 
       105.5      21.7324     0.999707   0.00517697 -0.000392985 
       105.5      21.9234     0.999687   0.00515805 -0.000371095 
       105.5      22.1153     0.999668   0.00513908 -0.000349439 
       105.5       22.308     0.999649   0.00512007 -0.000328019 
       105.5      22.5016     0.999631   0.00510103 -0.000306833 
       105.5       22.696     0.999612   0.00508194 -0.000285881 
       105.5      22.8912     0.999594   0.00506282 -0.000265162 
       105.5      23.0873     0.999576   0.00504367 -0.000244676 
       105.5      23.2842     0.999558   0.00502448 -0.000224421 
       105.5       23.482     0.999541   0.00500527 -0.000204396 
       105.5      23.6805     0.999524   0.00498603 -0.000184601 
       105.5        23.88     0.999507   0.00496676 -0.000165033 
       105.5      24.0802      0.99949   0.00494748 -0.000145693 
       105.5      24.2813     0.999473   0.00492817 -0.000126577 
       105.5      24.4832     0.999457   0.00490885 -0.000107686 
       105.5       24.686     0.999441   0.00488951 -8.90156e-05 
       105.5      24.8896     0.999425   0.00487015 -7.05657e-05 
       105.5       25.094      0.99941   0.00485079 -5.23338e-05 
       105.5      25.2993     0.999395   0.00483142 -3.43181e-05 
       105.5      25.5054     0.999379   0.00481205 -1.65162e-05 
       105.5      25.7123     0.999365   0.00479267  1.07417e-06 
       105.5      25.9201      0.99935   0.00477329  1.84554e-05 
       105.5      26.1287     0.999336   0.00475392  3.56302e-05 
       105.5      26.3381     0.999322   0.00473455   5.2601e-05 
       105.5      26.5484     0.999308   0.00471519  6.93709e-05 
       105.5      26.7595     0.999294   0.00469585  8.59427e-05 
       105.5      26.9715      0.99928   0.00467654  0.000102308 
       105.5      27.1843     0.999267   0.00465734  0.000118406 
       105.5      27.3979     0.999254   0.00463816    0.0001343 
       105.5      27.6124     0.999242     0.004619  0.000149993 
       105.5      27.8277     0.999229   0.00459984  0.000165489 
       105.5      28.0438     0.999217    0.0045807  0.000180791 
       105.5      28.2608     0.999205   0.00456155  0.000195902 
       105.5      28.4786     0.999194   0.00454248  0.000210818 
       105.5      28.6972     0.999182   0.00452346  0.000225522 
       105.5      28.9167     0.999171   0.00450445  0.000240017 
       105.5       29.137     0.999159   0.00448545  0.000254304 
       105.5      29.3582     0.999148   0.00446646  0.000268385 
       105.5      29.5802     0.999138   0.00444748  0.000282262 
       105.5       29.803     0.999127   0.00442846  0.000295997 
       105.5      30.0267     0.999116   0.00440946  0.000309567 
       105.5      30.2512     0.999106   0.00439052  0.000322956 
       105.5      30.4765     0.999096   0.00437164  0.000336165 
       105.5      30.7027     0.999086   0.00435281  0.000349194 
       105.5      30.9297     0.999076   0.00433404  0.000362045 
       105.5      31.1575     0.999067   0.00431533   0.00037472 
       105.5      31.3862     0.999057   0.00429667   0.00038722 
       105.5      31.6157     0.999048   0.00427807  0.000399545 
       105.5      31.8461     0.999039   0.00425953  0.000411699 
       105.5      32.0773     0.999031   0.00424105  0.000423681 
       105.5      32.3093     0.999022   0.00422262  0.000435494 
       105.5      32.5421     0.999014   0.00420425  0.000447139 
       105.5      32.7758     0.999006   0.00418593  0.000458617 
       105.5      33.0104     0.998998   0.00416768   0.00046993 
       105.5      33.2457      0.99899   0.00414948   0.00048108 
       105.5      33.4819     0.998982   0.00413133  0.000492067 
       105.5       33.719     0.998975   0.00411324  0.000502894 
       105.5      33.9568     0.998968   0.00409521  0.000513563 
       105.5      34.1956     0.998961   0.00407723  0.000524074 
       105.5      34.4351     0.998954   0.00405931  0.000534429 
       105.5      34.6755     0.998947   0.00404145  0.000544631 
       105.5      34.9167     0.998941   0.00402364  0.000554679 
       105.5      35.1588     0.998934   0.00400589  0.000564578 
       105.5      35.4017     0.998928   0.00398819  0.000574326 
       105.5      35.6454     0.998922   0.00397055  0.000583928 
       105.5      35.8899     0.998916   0.00395297  0.000593383 
       105.5      36.1354      0.99891   0.00393544  0.000602694 
       105.5      36.3816     0.998905   0.00391798  0.000611863 
       105.5      36.6287     0.998899   0.00390057   0.00062089 
       105.5      36.8766     0.998894   0.00388323  0.000629778 
       105.5      37.1253     0.998889   0.00386595  0.000638529 
       105.5      37.3749     0.998884   0.00384873  0.000647143 
       105.5      37.6253     0.998879   0.00383158  0.000655622 
       105.5      37.8766     0.998874    0.0038145  0.000663969 
       105.5      38.1287      0.99887   0.00379748  0.000672184 
       105.5      38.3816     0.998866   0.00378054  0.000680269 
       105.5      38.6353     0.998861   0.00376368  0.000688226 
       105.5      38.8899     0.998857    0.0037469  0.000696056 
       105.5      39.1454     0.998854    0.0037302  0.000703761 
       105.5      39.4016      0.99885   0.00371359  0.000711342 
       105.5      39.6588     0.998846   0.00369708  0.000718801 
       105.5      39.9167     0.998843   0.00368066  0.000726139 
       105.5      40.1755      0.99884   0.00366435  0.000733358 
       105.5      40.4351     0.998837   0.00364815  0.000740458 
       105.5      40.6955     0.998835   0.00363207  0.000747442 
       105.5      40.9568     0.998832   0.00361595  0.000754268 
       105.5      41.2189     0.998828   0.00359969  0.000760907 
       105.5      41.4819     0.998825   0.00358349  0.000767417 
       105.5      41.7457     0.998822   0.00356737  0.000773803 
       105.5      42.0103     0.998819   0.00355132  0.000780074 
       105.5      42.2758     0.998816   0.00353535  0.000786238 
       105.5      42.5421     0.998814   0.00351947  0.000792302 
       105.5      42.8092     0.998812   0.00350368  0.000798274 
       105.5      43.0772     0.998809   0.00348799  0.000804161 
       105.5       43.346     0.998807   0.00347241  0.000809973 
       105.5      43.6157     0.998806   0.00345694  0.000815716 
       105.5      43.8862     0.998804   0.00344159  0.000821398 
       105.5      44.1575     0.998802   0.00342637  0.000827029 
       105.5      44.4296     0.998801   0.00341128  0.000832615 
       105.5      44.7026       0.9988   0.00339633  0.000838166 
       105.5      44.9765     0.998799   0.00338153  0.000843689 
       105.5      45.2511     0.998798   0.00336688  0.000849193 
       105.5      45.5266     0.998797   0.00335238  0.000854686 
       105.5       45.803     0.998796   0.00333805  0.000860176 
       105.5      46.0801     0.998795   0.00332367  0.000865374 
       105.5      46.3581     0.998795   0.00330882  0.000869816 
       105.5       46.637     0.998795   0.00329398  0.000874213 
       105.5      46.9167     0.998795   0.00327918  0.000878562 
       105.5      47.1972     0.998795   0.00326443  0.000882863 
       105.5      47.4785     0.998795   0.00324973  0.000887113 
       105.5      47.7607     0.998795   0.00323509   0.00089131 
       105.5      48.0438     0.998795   0.00322053  0.000895454 
       105.5      48.3276     0.998796   0.00320605  0.000899543 
       105.5      48.6123     0.998796   0.00319166  0.000903575 
       105.5      48.8979     0.998796   0.00317738  0.000907548 
       105.5      49.1842     0.998797   0.00316319  0.000911462 
       105.5      49.4714     0.998797   0.00314912  0.000915315 
       105.5      49.7595     0.998798   0.00313517  0.000919105 
       105.5      50.0484     0.998798   0.00312133  0.000922832 
       105.5      50.3381     0.998799   0.00310762  0.000926492 
       105.5      50.6286       0.9988   0.00309402  0.000930087 
       105.5        50.92       0.9988   0.00308056  0.000933613 
       105.5      51.2122     0.998801   0.00306721  0.000937069 
       105.5      51.5053     0.998802   0.00305398  0.000940456 
       105.5      51.7992     0.998803   0.00304086   0.00094377 
       105.5      52.0939     0.998804   0.00302785  0.000947011 
       105.5      52.3895     0.998805   0.00301493  0.000950178 
       105.5      52.6859     0.998806   0.00300211  0.000953269 
       105.5      52.9831     0.998807   0.00298935  0.000956283 
       105.5      53.2812     0.998808   0.00297665   0.00095922 
       105.5      53.5801     0.998809   0.00296399  0.000962079 
       105.5      53.8799      0.99881   0.00295136  0.000964857 
       105.5      54.1805     0.998811   0.00293872  0.000967555 
       105.5      54.4819     0.998813   0.00292605  0.000970171 
       105.5      54.7841     0.998814   0.00291332  0.000972705 
       105.5      55.0872     0.998815    0.0029005  0.000975155 
       105.5      55.3912     0.998816   0.00288756  0.000977521 
       105.5      55.6959     0.998818   0.00287446  0.000979801 
       105.5      56.0015     0.998819   0.00286116  0.000981997 
       105.5       56.308      0.99882    0.0028476  0.000984105 
       105.5      56.6152     0.998823   0.00283483  0.000986327 
       105.5      56.9233     0.998827   0.00282308  0.000988679 
       105.5      57.2323     0.998831   0.00281143  0.000990984 
       105.5      57.5421     0.998836   0.00279987  0.000993241 
       105.5      57.8527      0.99884   0.00278841  0.000995447 
       105.5      58.1641     0.998843   0.00277703  0.000997601 
       105.5      58.4764     0.998847   0.00276574  0.000999701 
       105.5      58.7896     0.998851   0.00275451   0.00100174 
       105.5      59.1035     0.998855   0.00274335   0.00100373 
       105.5      59.4183     0.998858   0.00273225   0.00100566 
       105.5      59.7339     0.998861   0.00272121   0.00100753 
       105.5      60.0504     0.998865   0.00271021   0.00100933 
       105.5      60.3677     0.998868   0.00269924   0.00101107 
       105.5      60.6859     0.998871   0.00268831   0.00101275 
       105.5      61.0048     0.998874    0.0026774   0.00101436 
       105.5      61.3247     0.998877    0.0026665   0.00101591 
       105.5      61.6453     0.998879   0.00265562   0.00101738 
       105.5      61.9668     0.998882   0.00264473   0.00101879 
       105.5      62.2891     0.998884   0.00263384   0.00102012 
       105.5      62.6123     0.998887   0.00262293   0.00102139 
       105.5      62.9363     0.998889     0.002612   0.00102258 
       105.5      63.2611     0.998891   0.00260104    0.0010237 
       105.5      63.5868     0.998894   0.00259004   0.00102474 
       105.5      63.9133     0.998896     0.002579   0.00102571 
       105.5      64.2406     0.998898   0.00256792   0.00102661 
       105.5      64.5688       0.9989   0.00255678   0.00102743 
       105.5      64.8978     0.998902   0.00254559   0.00102817 
       105.5      65.2277     0.998904   0.00253433   0.00102884 
       105.5      65.5583     0.998906     0.002523   0.00102943 
       105.5      65.8899     0.998908    0.0025116   0.00102994 
       105.5      66.2222     0.998911   0.00250013   0.00103038 
       105.5      66.5554     0.998913   0.00248929     0.001031 
       105.5      66.8894     0.998916   0.00248021   0.00103219 
       105.5      67.2243      0.99892   0.00247114    0.0010333 
       105.5        67.56     0.998924   0.00246208   0.00103435 
       105.5      67.8966     0.998928   0.00245302   0.00103532 
       105.5      68.2339     0.998932   0.00244398   0.00103623 
       105.5      68.5721     0.998937   0.00243493   0.00103708 
       105.5      68.9112     0.998942   0.00242587   0.00103787 
       105.5      69.2511     0.998947   0.00241681   0.00103859 
       105.5      69.5918     0.998952   0.00240774   0.00103926 
       105.5      69.9333     0.998957   0.00239867   0.00103988 
       105.5      70.2757     0.998962   0.00238957   0.00104045 
       105.5      70.6189     0.998967   0.00238047   0.00104097 
       105.5       70.963     0.998972   0.00237136   0.00104145 
       105.5      71.3079     0.998977   0.00236223   0.00104188 
       105.5      71.6536     0.998982   0.00235309   0.00104227 
       105.5      72.0002     0.998987   0.00234395   0.00104262 
       105.5      72.3476     0.998992    0.0023348   0.00104294 
       105.5      72.6959     0.998997   0.00232566   0.00104323 
       105.5      73.0449     0.999002   0.00231651   0.00104349 
       105.5      73.3949     0.999007   0.00230738   0.00104372 
       105.5      73.7456     0.999012   0.00229827   0.00104393 
       105.5      74.0972     0.999016   0.00228918   0.00104412 
       105.5      74.4496     0.999021   0.00228013   0.00104429 
       105.5      74.8029     0.999026   0.00227112   0.00104444 
       105.5       75.157      0.99903   0.00226217   0.00104458 
       105.5      75.5119     0.999035   0.00225328   0.00104472 
       105.5      75.8677      0.99904   0.00224448   0.00104484 
       105.5      76.2243     0.999045   0.00223578   0.00104497 
       105.5      76.5817      0.99905   0.00222719   0.00104509 
       105.5        76.94     0.999055   0.00221874   0.00104521 
       105.5      77.2991     0.999061   0.00221044   0.00104534 
       105.5      77.6591     0.999067   0.00220231   0.00104548 
       105.5      78.0198     0.999073   0.00219438   0.00104563 
       105.5      78.3815      0.99908   0.00218667   0.00104579 
       105.5      78.7439     0.999088   0.00217921   0.00104597 
       105.5      79.1072     0.999095   0.00217202   0.00104617 
       105.5      79.4714     0.999104   0.00216515   0.00104639 
       105.5      79.8363      0.99911   0.00215796   0.00104655 
       105.5      80.2021      0.99911   0.00214991   0.00104651 
       105.5      80.5688      0.99911   0.00214189   0.00104638 
       105.5      80.9362      0.99911   0.00213388   0.00104618 
       105.5      81.3045      0.99911   0.00212588   0.00104592 
       105.5      81.6737      0.99911    0.0021179    0.0010456 
       105.5      82.0437      0.99911   0.00210994   0.00104524 
       105.5      82.4145     0.999109   0.00210199   0.00104485 
       105.5      82.7861     0.999109   0.00209407   0.00104445 
       105.5      83.1586     0.999109   0.00208617   0.00104403 
       105.5       83.532     0.999109   0.00207831   0.00104362 
       105.5      83.9061     0.999109    0.0020705   0.00104323 
       105.5      84.2811      0.99911   0.00206274   0.00104287 
       105.5       84.657     0.999111   0.00205505   0.00104255 
       105.5      85.0336     0.999112   0.00204743   0.00104228 
       105.5      85.4111     0.999113    0.0020399   0.00104208 
       105.5      85.7895     0.999115   0.00203247   0.00104195 
       105.5      86.1687     0.999117   0.00202517   0.00104192 
       105.5      86.5487      0.99912     0.002018   0.00104199 
       105.5      86.9295     0.999123   0.00201097   0.00104218 
       105.5      87.3112     0.999127   0.00200412    0.0010425 
       105.5      87.6937     0.999131   0.00199745   0.00104296 
       105.5      88.0771     0.999135   0.00199099   0.00104358 
       105.5      88.4613     0.999141   0.00198475   0.00104437 
       105.5      88.8463     0.999146   0.00197874   0.00104534 
       105.5      89.2322     0.999152     0.001973   0.00104651 
       105.5      89.6189     0.999159   0.00196754   0.00104789 
       105.5      90.0064     0.999166   0.00196237   0.00104949 
       105.5      90.3948     0.999173   0.00195752   0.00105134 
       105.5       90.784     0.999183   0.00195083   0.00105103 
       105.5      91.1741     0.999194   0.00194367   0.00105022 
       105.5       91.565     0.999205   0.00193652   0.00104942 
       105.5      91.9567     0.999215   0.00192936   0.00104864 
       105.5      92.3492     0.999225   0.00192222   0.00104788 
       105.5      92.7426     0.999235    0.0019151   0.00104713 
       105.5      93.1369     0.999245   0.00190799    0.0010464 
       105.5      93.5319     0.999255   0.00190091   0.00104568 
       105.5      93.9278     0.999264   0.00189386   0.00104498 
       105.5      94.3246     0.999273   0.00188684   0.00104429 
       105.5      94.7221     0.999282   0.00187985   0.00104361 
       105.5      95.1206     0.999291    0.0018729   0.00104295 
       105.5      95.5198       0.9993     0.001866   0.00104231 
       105.5      95.9199     0.999308   0.00185914   0.00104167 
       105.5      96.3208     0.999316   0.00185233   0.00104106 
       105.5      96.7226     0.999324   0.00184556   0.00104045 
       105.5      97.1251     0.999331   0.00183886   0.00103986 
       105.5      97.5286     0.999338   0.00183221   0.00103927 
       105.5      97.9328     0.999345   0.00182561   0.00103871 
       105.5      98.3379     0.999352   0.00181908   0.00103815 
       105.5      98.7439     0.999358   0.00181261   0.00103761 
       105.5      99.1506     0.999365    0.0018062   0.00103707 
       105.5      99.5583     0.999371   0.00179986   0.00103655 
       105.5      99.9667     0.999376   0.00179359   0.00103604 
       105.5      100.376     0.999382   0.00178738   0.00103554 
       105.5      100.786     0.999387   0.00178124   0.00103506 
       105.5      101.197     0.999391   0.00177517   0.00103458 
       105.5      101.609     0.999396   0.00176917   0.00103411 
       105.5      102.021       0.9994   0.00176324   0.00103366 
       105.5      102.435     0.999404   0.00175738   0.00103321 
       105.5      102.849     0.999408   0.00175159   0.00103278 
       105.5      103.264     0.999412   0.00174588   0.00103236 
       105.5       103.68     0.999415   0.00174023   0.00103194 
       105.5      104.097     0.999418   0.00173465   0.00103154 
       105.5      104.515     0.999421   0.00172915   0.00103115 
       105.5      104.933     0.999424   0.00172371   0.00103076 
       105.5      105.353     0.999426   0.00171834   0.00103039 
       105.5      105.773     0.999428   0.00171304   0.00103003 
       105.5      106.194      0.99943    0.0017078   0.00102967 
       105.5      106.616     0.999432   0.00170263   0.00102933 
       105.5      107.038     0.999433   0.00169753     0.001029 
       105.5      107.462     0.999434   0.00169248   0.00102868 
       105.5      107.886     0.999435    0.0016875   0.00102836 
       105.5      108.311     0.999436   0.00168258   0.00102806 
       105.5      108.737     0.999437   0.00167771   0.00102777 
       105.5      109.164     0.999438   0.00167289   0.00102749 
       105.5      109.592     0.999438   0.00166813   0.00102721 
       105.5       110.02     0.999438   0.00166342   0.00102695 
       105.5       110.45     0.999438   0.00165876    0.0010267 
       105.5       110.88     0.999438   0.00165415   0.00102646 
       105.5      111.311     0.999438   0.00164957   0.00102623 
       105.5      111.743     0.999438   0.00164504   0.00102602 
       105.5      112.175     0.999437   0.00164055   0.00102581 
       105.5      112.609     0.999437   0.00163609   0.00102562 
       105.5      113.043     0.999436   0.00163166   0.00102543 
       105.5      113.478     0.999436   0.00162727   0.00102526 
       105.5      113.914     0.999435    0.0016229   0.00102511 
       105.5      114.351     0.999435   0.00161855   0.00102496 
       105.5      114.789     0.999434   0.00161422   0.00102483 
       105.5      115.228     0.999433   0.00160992   0.00102471 
       105.5      115.667     0.999432   0.00160562   0.00102461 
       105.5      116.107     0.999432   0.00160134   0.00102451 
       105.5      116.548     0.999431   0.00159706   0.00102444 
       105.5       116.99      0.99943   0.00159279   0.00102438 
       105.5      117.433     0.999429   0.00158852   0.00102433 
       105.5      117.876     0.999429   0.00158425    0.0010243 
       105.5      118.321     0.999428   0.00157997   0.00102428 
       105.5      118.766     0.999428   0.00157569   0.00102429 
       105.5      119.212     0.999428   0.00157139   0.00102431 
       105.5      119.659     0.999427   0.00156708   0.00102434 
       105.5      120.107     0.999427   0.00156276    0.0010244 
       105.5      120.555     0.999427   0.00155841   0.00102447 
       105.5      121.005     0.999427   0.00155404   0.00102457 
       105.5      121.455     0.999428   0.00154964   0.00102468 
       105.5      121.906     0.999428   0.00154522   0.00102482 
       105.5      122.358     0.999429   0.00154076   0.00102497 
       105.5      122.811      0.99943   0.00153627   0.00102515 
       105.5      123.264     0.999431   0.00153174   0.00102536 
       105.5      123.719     0.999432   0.00152718   0.00102558 
       105.5      124.174     0.999434   0.00152257   0.00102583 
       105.5       124.63     0.999436   0.00151792   0.00102611 
       105.5      125.087     0.999438   0.00151323   0.00102641 
       105.5      125.545      0.99944   0.00150849   0.00102674 
       105.5      126.003     0.999443    0.0015037   0.00102709 
       105.5      126.463     0.999446   0.00149887   0.00102748 
       105.5      126.923     0.999449   0.00149398    0.0010279 
       105.5      127.384     0.999453   0.00148904   0.00102834 
       105.5      127.846     0.999457   0.00148405   0.00102882 
       105.5      128.309     0.999461   0.00147901   0.00102933 
       105.5      128.773     0.999466   0.00147392   0.00102988 
       105.5      129.237     0.999471   0.00146877   0.00103046 
       105.5      129.702     0.999476   0.00146358   0.00103107 
       105.5      130.169     0.999482   0.00145833   0.00103173 
       105.5      130.636     0.999488   0.00145304   0.00103242 
       105.5      131.103     0.999495    0.0014477   0.00103315 
       105.5      131.572     0.999502   0.00144231   0.00103392 
       105.5      132.041     0.999509   0.00143688   0.00103474 
       105.5      132.512     0.999517   0.00143141    0.0010356 
       105.5      132.983     0.999525    0.0014259    0.0010365 
       105.5      133.455     0.999534   0.00142036   0.00103745 
       105.5      133.928     0.999543   0.00141478   0.00103845 
       105.5      134.401     0.999552   0.00140918    0.0010395 
       105.5      134.876     0.999562   0.00140356    0.0010406 
       105.5      135.351     0.999573   0.00139793   0.00104175 
       105.5      135.827     0.999584   0.00139228   0.00104295 
       105.5      136.304     0.999595   0.00138664   0.00104422 
       105.5      136.782     0.999605   0.00138158   0.00104513 
       105.5      137.261     0.999614   0.00137769   0.00104525 
       105.5       137.74     0.999624   0.00137381   0.00104537 
       105.5      138.221     0.999634   0.00136994   0.00104548 
       105.5      138.702     0.999645   0.00136607    0.0010456 
       105.5      139.184     0.999656   0.00136221   0.00104572 
       105.5      139.667     0.999667   0.00135836   0.00104586 
       105.5      140.151     0.999679   0.00135453     0.001046 
       105.5      140.635     0.999692   0.00135073   0.00104617 
       105.5       141.12     0.999704   0.00134694   0.00104635 
       105.5      141.607     0.999718   0.00134319   0.00104656 
       105.5      142.094     0.999732   0.00133948   0.00104679 
       105.5      142.582     0.999746   0.00133581   0.00104706 
       105.5       143.07     0.999761    0.0013322   0.00104736 
       105.5       143.56     0.999776   0.00132864    0.0010477 
       105.5       144.05     0.999792   0.00132515   0.00104809 
       105.5      144.541     0.999808   0.00132173   0.00104852 
       105.5      145.033     0.999824    0.0013184     0.001049 
       105.5      145.526     0.999841   0.00131516   0.00104955 
       105.5       146.02     0.999858   0.00131203   0.00105015 
       105.5      146.515     0.999875   0.00130902   0.00105082 
       105.5       147.01     0.999892   0.00130614   0.00105156 
       105.5      147.506      0.99991    0.0013034   0.00105237 
       105.5      148.003     0.999928   0.00130082   0.00105327 
       105.5      148.501     0.999946   0.00129841   0.00105425 
       105.5          149     0.999964   0.00129619   0.00105532 
       105.5        149.5     0.999982   0.00129418   0.00105648 
       105.5          150            1   0.00129239   0.00105775 
