Variables = x, y, u, v, p

Zone, I=600, F=POINT
         0.5         -0.5           -0           -0  -0.00866241 
         0.5    -0.499581 -5.26166e-05 -2.01607e-07  -0.00866238 
         0.5    -0.498322 -0.000210132 -5.30083e-07  -0.00866231 
         0.5    -0.496225 -0.000470538 -1.68035e-07   -0.0086622 
         0.5    -0.493289  -0.00083101  2.19781e-06  -0.00866207 
         0.5    -0.489514  -0.00128739  8.31039e-06  -0.00866196 
         0.5      -0.4849  -0.00183426   2.0254e-05  -0.00866187 
         0.5    -0.479447  -0.00246493  4.03528e-05  -0.00866182 
         0.5    -0.473155  -0.00317137  7.10627e-05  -0.00866182 
         0.5    -0.466024  -0.00394413  0.000114865  -0.00866186 
         0.5    -0.458055  -0.00477224  0.000174162   -0.0086619 
         0.5    -0.449246  -0.00564348   0.00025122  -0.00866189 
         0.5    -0.439599  -0.00654362  0.000348056  -0.00866175 
         0.5    -0.429113  -0.00745708   0.00046644  -0.00866142 
         0.5    -0.417787  -0.00836644  0.000607843  -0.00866079 
         0.5    -0.405623  -0.00925222  0.000773355  -0.00865979 
         0.5     -0.39262   -0.0100932  0.000963706  -0.00865839 
         0.5    -0.378778   -0.0108659    0.0011791  -0.00865662 
         0.5    -0.364097   -0.0115448   0.00141905  -0.00865463 
         0.5    -0.348578   -0.0121019   0.00168196  -0.00865275 
         0.5    -0.332219   -0.0125067   0.00196468  -0.00865154 
         0.5    -0.315021   -0.0127258   0.00226147   -0.0086519 
         0.5    -0.296985    -0.012723   0.00256275  -0.00865516 
         0.5     -0.27811   -0.0124586   0.00285324   -0.0086632 
         0.5    -0.258395   -0.0118892   0.00310934  -0.00867862 
         0.5    -0.237842   -0.0108888   0.00336128  -0.00868268 
         0.5     -0.21645   -0.0094524   0.00357237  -0.00867677 
         0.5    -0.194219  -0.00755525   0.00369752  -0.00867521 
         0.5    -0.171149   -0.0050881   0.00373245  -0.00867815 
         0.5     -0.14724   -0.0019198   0.00366793  -0.00868509 
         0.5    -0.122493   0.00210384    0.0034911   -0.0086946 
         0.5    -0.096906   0.00716129   0.00318828  -0.00870409 
         0.5    -0.070481    0.0134536    0.0027498  -0.00870948 
         0.5    -0.043216    0.0212044   0.00217706  -0.00870487 
         0.5    -0.015113     0.030654   0.00149292   -0.0086821 
         0.5     0.013829    0.0419296  0.000735232  -0.00867481 
         0.5     0.043611    0.0554969 -5.03701e-05  -0.00869004 
         0.5     0.074231    0.0715027 -0.000788202  -0.00868763 
         0.5      0.10569    0.0897244  -0.00143424    -0.008675 
         0.5     0.137987     0.109845  -0.00196482  -0.00865941 
         0.5     0.171124     0.131465  -0.00237203  -0.00864768 
         0.5       0.2051     0.154112  -0.00265531   -0.0086458 
         0.5     0.239914     0.177263  -0.00280853  -0.00865851 
         0.5     0.275568     0.200372  -0.00295475  -0.00864758 
         0.5      0.31206      0.22355  -0.00311388  -0.00862802 
         0.5     0.349391     0.246853  -0.00326049  -0.00861284 
         0.5     0.387562     0.270275  -0.00340545  -0.00860017 
         0.5     0.426571      0.29381  -0.00355542  -0.00858822 
         0.5     0.466419     0.317457  -0.00371306  -0.00857535 
         0.5     0.507106     0.341214  -0.00387763  -0.00856012 
         0.5     0.548631     0.365081  -0.00404588  -0.00854137 
         0.5     0.590996     0.389064   -0.0042136  -0.00851833 
         0.5       0.6342     0.413167  -0.00437751  -0.00849072 
         0.5     0.678242     0.437398  -0.00453797  -0.00845883 
         0.5     0.723124     0.461773   -0.0047023  -0.00842363 
         0.5     0.768844     0.486279   -0.0048753     -0.00839 
         0.5     0.815403     0.510788  -0.00503954  -0.00835817 
         0.5     0.862801     0.535257  -0.00520318  -0.00832283 
         0.5     0.911038     0.559639  -0.00536557  -0.00828409 
         0.5     0.960114     0.583885  -0.00552599  -0.00824207 
         0.5      1.01003     0.607945  -0.00568376  -0.00819689 
         0.5      1.06078     0.631765  -0.00583818   -0.0081487 
         0.5      1.11238     0.655286  -0.00598856  -0.00809764 
         0.5      1.16481     0.678448  -0.00613421  -0.00804386 
         0.5      1.21808     0.701189   -0.0062745  -0.00798753 
         0.5      1.27219     0.723439   -0.0064088   -0.0079288 
         0.5      1.32713     0.745131  -0.00653653  -0.00786785 
         0.5      1.38292     0.766189  -0.00665719  -0.00780483 
         0.5      1.43955     0.786537  -0.00677031   -0.0077399 
         0.5      1.49701     0.806094  -0.00687554  -0.00767323 
         0.5      1.55532     0.824775  -0.00697262  -0.00760495 
         0.5      1.61446     0.842494  -0.00706138   -0.0075352 
         0.5      1.67444     0.859159  -0.00714182   -0.0074641 
         0.5      1.73526     0.874675  -0.00721408  -0.00739173 
         0.5      1.79692     0.888883  -0.00727499  -0.00731446 
         0.5      1.85942     0.902122  -0.00732766  -0.00723502 
         0.5      1.92276     0.914459  -0.00737339   -0.0071547 
         0.5      1.98693     0.925895   -0.0074124  -0.00707361 
         0.5      2.05195     0.936438  -0.00744486  -0.00699184 
         0.5       2.1178     0.946096  -0.00747101   -0.0069095 
         0.5       2.1845     0.954881  -0.00749106  -0.00682669 
         0.5      2.25203     0.962811  -0.00750525   -0.0067435 
         0.5       2.3204     0.969905  -0.00751383  -0.00666005 
         0.5      2.38961     0.976189  -0.00751708  -0.00657642 
         0.5      2.45966     0.981689  -0.00751525  -0.00649273 
         0.5      2.53055     0.986439  -0.00750865  -0.00640906 
         0.5      2.60227     0.990474  -0.00749758  -0.00632549 
         0.5      2.67484     0.993836  -0.00748236  -0.00624213 
         0.5      2.74824     0.996571  -0.00746332  -0.00615904 
         0.5      2.82248     0.998728  -0.00744081   -0.0060763 
         0.5      2.89757      1.00036  -0.00741522  -0.00599397 
         0.5      2.97349      1.00153  -0.00738693  -0.00591211 
         0.5      3.05025      1.00231  -0.00735637  -0.00583076 
         0.5      3.12785      1.00275  -0.00732398  -0.00574996 
         0.5      3.20628      1.00294  -0.00729025  -0.00566973 
         0.5      3.28556      1.00296  -0.00725568  -0.00559007 
         0.5      3.36567      1.00289  -0.00722083  -0.00551098 
         0.5      3.44663      1.00281   -0.0071863  -0.00543243 
         0.5      3.52842      1.00284  -0.00715274  -0.00535438 
         0.5      3.61105      1.00306  -0.00712084  -0.00527675 
         0.5      3.69453      1.00359  -0.00709138  -0.00519947 
         0.5      3.77884      1.00411  -0.00705489   -0.0051285 
         0.5      3.86398      1.00401  -0.00702322  -0.00505198 
         0.5      3.94997      1.00394  -0.00698987  -0.00497861 
         0.5       4.0368       1.0039  -0.00695442   -0.0049056 
         0.5      4.12446      1.00386  -0.00692049  -0.00483316 
         0.5      4.21297      1.00382  -0.00688597  -0.00476176 
         0.5      4.30231      1.00377  -0.00685021  -0.00469033 
         0.5       4.3925      1.00371  -0.00681531   -0.0046203 
         0.5      4.48352      1.00366  -0.00678082  -0.00455085 
         0.5      4.57538       1.0036  -0.00674524    -0.004482 
         0.5      4.66807      1.00354  -0.00670984  -0.00441367 
         0.5      4.76161      1.00347   -0.0066743  -0.00434591 
         0.5      4.85599      1.00341   -0.0066387  -0.00427909 
         0.5      4.95121      1.00334  -0.00660313  -0.00421291 
         0.5      5.04726      1.00326  -0.00656751  -0.00414737 
         0.5      5.14415      1.00319  -0.00653175  -0.00408247 
         0.5      5.24189      1.00312  -0.00649581  -0.00401823 
         0.5      5.34046      1.00305  -0.00645974  -0.00395464 
         0.5      5.43987      1.00299  -0.00642375  -0.00389171 
         0.5      5.54012      1.00292  -0.00638789  -0.00382932 
         0.5      5.64121      1.00286  -0.00635186  -0.00376761 
         0.5      5.74313      1.00281  -0.00631576  -0.00370658 
         0.5       5.8459      1.00275  -0.00627964  -0.00364622 
         0.5       5.9495       1.0027  -0.00624355  -0.00358648 
         0.5      6.05395      1.00264  -0.00620751  -0.00352735 
         0.5      6.15923      1.00259  -0.00617137  -0.00346883 
         0.5      6.26535      1.00254  -0.00613513   -0.0034108 
         0.5      6.37231      1.00249  -0.00609881  -0.00335331 
         0.5      6.48011      1.00244  -0.00606243   -0.0032964 
         0.5      6.58875      1.00239  -0.00602605  -0.00324013 
         0.5      6.69822      1.00234  -0.00598972  -0.00318456 
         0.5      6.80854      1.00229  -0.00595356  -0.00312978 
         0.5       6.9197      1.00224  -0.00591751  -0.00307566 
         0.5      7.03169      1.00218  -0.00588093   -0.0030215 
         0.5      7.14452      1.00213  -0.00584434  -0.00296803 
         0.5      7.25819      1.00207  -0.00580779   -0.0029152 
         0.5       7.3727      1.00201  -0.00577131    -0.002863 
         0.5      7.48806      1.00196  -0.00573491  -0.00281141 
         0.5      7.60424       1.0019  -0.00569859   -0.0027604 
         0.5      7.72127      1.00184  -0.00566233  -0.00270995 
         0.5      7.83914      1.00179  -0.00562612  -0.00266004 
         0.5      7.95784      1.00173  -0.00558992  -0.00261066 
         0.5      8.07739      1.00168  -0.00555372   -0.0025618 
         0.5      8.19777      1.00163  -0.00551748  -0.00251345 
         0.5      8.31899      1.00158  -0.00548119   -0.0024656 
         0.5      8.44105      1.00153  -0.00544492  -0.00241831 
         0.5      8.56395      1.00148  -0.00540882  -0.00237156 
         0.5      8.68769      1.00144   -0.0053728  -0.00232525 
         0.5      8.81227       1.0014  -0.00533686  -0.00227938 
         0.5      8.93768      1.00136  -0.00530098  -0.00223397 
         0.5      9.06394      1.00132  -0.00526519  -0.00218905 
         0.5      9.19103      1.00129  -0.00522948  -0.00214464 
         0.5      9.31897      1.00126  -0.00519368  -0.00210078 
         0.5      9.44774      1.00123  -0.00515785  -0.00205744 
         0.5      9.57735       1.0012  -0.00512207  -0.00201465 
         0.5       9.7078      1.00116  -0.00508638  -0.00197242 
         0.5      9.83909      1.00113  -0.00505081  -0.00193079 
         0.5      9.97121      1.00109  -0.00501541  -0.00188976 
         0.5      10.1042      1.00105  -0.00498014  -0.00184886 
         0.5       10.238      1.00102  -0.00494477  -0.00180806 
         0.5      10.3726      1.00098  -0.00490936  -0.00176779 
         0.5      10.5081      1.00094  -0.00487395  -0.00172803 
         0.5      10.6444       1.0009   -0.0048386  -0.00168878 
         0.5      10.7816      1.00086  -0.00480332  -0.00165002 
         0.5      10.9196      1.00083  -0.00476816  -0.00161173 
         0.5      11.0584      1.00079  -0.00473312  -0.00157391 
         0.5      11.1981      1.00075  -0.00469822  -0.00153654 
         0.5      11.3386      1.00071  -0.00466347   -0.0014996 
         0.5        11.48      1.00067  -0.00462886  -0.00146309 
         0.5      11.6222      1.00063  -0.00459439  -0.00142701 
         0.5      11.7652      1.00059  -0.00456004  -0.00139133 
         0.5      11.9091      1.00056   -0.0045258  -0.00135605 
         0.5      12.0538      1.00052  -0.00449165  -0.00132117 
         0.5      12.1993      1.00048  -0.00445757  -0.00128668 
         0.5      12.3457      1.00045  -0.00442354  -0.00125257 
         0.5       12.493      1.00041  -0.00438953  -0.00121886 
         0.5       12.641      1.00038  -0.00435552  -0.00118552 
         0.5      12.7899      1.00035  -0.00432149  -0.00115257 
         0.5      12.9397      1.00032  -0.00428743  -0.00112001 
         0.5      13.0903      1.00029  -0.00425332  -0.00108783 
         0.5      13.2417      1.00026  -0.00421985  -0.00105606 
         0.5      13.3939      1.00023  -0.00418655  -0.00102465 
         0.5       13.547      1.00021  -0.00415334 -0.000993599 
         0.5       13.701      1.00018  -0.00412024 -0.000962915 
         0.5      13.8558      1.00015  -0.00408721  -0.00093259 
         0.5      14.0114      1.00013  -0.00405427 -0.000902622 
         0.5      14.1678       1.0001  -0.00402141 -0.000873007 
         0.5      14.3251      1.00007  -0.00398861 -0.000843745 
         0.5      14.4833      1.00005  -0.00395589  -0.00081483 
         0.5      14.6422      1.00002  -0.00392325 -0.000786262 
         0.5       14.802     0.999997  -0.00389069 -0.000758037 
         0.5      14.9627     0.999972  -0.00385822 -0.000730152 
         0.5      15.1242     0.999947  -0.00382585 -0.000702604 
         0.5      15.2865     0.999922  -0.00379358 -0.000675392 
         0.5      15.4497     0.999898  -0.00376144 -0.000648511 
         0.5      15.6137     0.999874  -0.00372942  -0.00062196 
         0.5      15.7785      0.99985  -0.00369755 -0.000595735 
         0.5      15.9442     0.999826  -0.00366596 -0.000569976 
         0.5      16.1107     0.999802  -0.00363451 -0.000544472 
         0.5      16.2781     0.999778  -0.00360319 -0.000519233 
         0.5      16.4463     0.999755  -0.00357198 -0.000494264 
         0.5      16.6153     0.999732  -0.00354087 -0.000469573 
         0.5      16.7852     0.999709  -0.00350987 -0.000445164 
         0.5      16.9559     0.999687  -0.00347895 -0.000421043 
         0.5      17.1275     0.999665  -0.00344814 -0.000397212 
         0.5      17.2999     0.999643  -0.00341743 -0.000373676 
         0.5      17.4731     0.999621  -0.00338683 -0.000350435 
         0.5      17.6472       0.9996  -0.00335636  -0.00032749 
         0.5      17.8221     0.999579  -0.00332603 -0.000304841 
         0.5      17.9979     0.999559  -0.00329564 -0.000282722 
         0.5      18.1744      0.99954  -0.00326548 -0.000260839 
         0.5      18.3519     0.999521  -0.00323554 -0.000239159 
         0.5      18.5301     0.999502   -0.0032058 -0.000217687 
         0.5      18.7093     0.999483  -0.00317621 -0.000196429 
         0.5      18.8892     0.999465  -0.00314671 -0.000175391 
         0.5        19.07     0.999446  -0.00311725 -0.000154583 
         0.5      19.2516     0.999426  -0.00308776 -0.000134016 
         0.5      19.4341     0.999408  -0.00305841 -0.000113791 
         0.5      19.6174     0.999391  -0.00302931 -9.38852e-05 
         0.5      19.8015     0.999374  -0.00300034 -7.42263e-05 
         0.5      19.9865     0.999358   -0.0029715 -5.48126e-05 
         0.5      20.1723     0.999341  -0.00294279 -3.56435e-05 
         0.5       20.359     0.999325  -0.00291421 -1.67175e-05 
         0.5      20.5465     0.999309  -0.00288575  1.96636e-06 
         0.5      20.7348     0.999294  -0.00285741  2.04097e-05 
         0.5       20.924     0.999278  -0.00282919  3.86139e-05 
         0.5       21.114     0.999262  -0.00280109  5.65808e-05 
         0.5      21.3048     0.999247  -0.00277311  7.43121e-05 
         0.5      21.4965     0.999232  -0.00274525  9.18099e-05 
         0.5       21.689     0.999217  -0.00271752  0.000109076 
         0.5      21.8824     0.999202  -0.00268991  0.000126113 
         0.5      22.0766     0.999188  -0.00266243  0.000142923 
         0.5      22.2717     0.999173  -0.00263507  0.000159509 
         0.5      22.4675     0.999159  -0.00260784  0.000175873 
         0.5      22.6643     0.999145  -0.00258074  0.000192018 
         0.5      22.8618     0.999132  -0.00255378  0.000207947 
         0.5      23.0602     0.999118  -0.00252695  0.000223663 
         0.5      23.2595     0.999105  -0.00250025   0.00023917 
         0.5      23.4596     0.999092  -0.00247369   0.00025447 
         0.5      23.6605     0.999079  -0.00244727  0.000269568 
         0.5      23.8622     0.999067  -0.00242098  0.000284467 
         0.5      24.0648     0.999055  -0.00239482  0.000299171 
         0.5      24.2683     0.999043   -0.0023688  0.000313708 
         0.5      24.4725     0.999032  -0.00234287  0.000328089 
         0.5      24.6776      0.99902  -0.00231705  0.000342255 
         0.5      24.8836      0.99901  -0.00229132   0.00035621 
         0.5      25.0904     0.998999  -0.00226571  0.000369958 
         0.5       25.298     0.998988  -0.00224021  0.000383505 
         0.5      25.5065     0.998977  -0.00221482  0.000396854 
         0.5      25.7158     0.998967  -0.00218957  0.000410011 
         0.5      25.9259     0.998957  -0.00216444  0.000422981 
         0.5      26.1369     0.998947  -0.00213945  0.000435769 
         0.5      26.3487     0.998937   -0.0021146  0.000448381 
         0.5      26.5614     0.998928   -0.0020899  0.000460822 
         0.5      26.7749     0.998918  -0.00206534  0.000473099 
         0.5      26.9892     0.998909  -0.00204093  0.000485217 
         0.5      27.2044       0.9989  -0.00201668  0.000497182 
         0.5      27.4204     0.998891  -0.00199259  0.000509001 
         0.5      27.6373     0.998882  -0.00196866  0.000520681 
         0.5       27.855     0.998874  -0.00194468  0.000532099 
         0.5      28.0735     0.998866  -0.00192074  0.000543314 
         0.5      28.2929     0.998857  -0.00189694  0.000554374 
         0.5      28.5131      0.99885  -0.00187328  0.000565281 
         0.5      28.7342     0.998842  -0.00184974  0.000576037 
         0.5      28.9561     0.998834  -0.00182634  0.000586643 
         0.5      29.1788     0.998827  -0.00180307    0.0005971 
         0.5      29.4024      0.99882  -0.00177993  0.000607409 
         0.5      29.6268     0.998812  -0.00175691  0.000617573 
         0.5       29.852     0.998806  -0.00173402  0.000627591 
         0.5      30.0781     0.998799  -0.00171126  0.000637465 
         0.5       30.305     0.998792  -0.00168861  0.000647197 
         0.5      30.5328     0.998786  -0.00166609  0.000656788 
         0.5      30.7614     0.998779  -0.00164369  0.000666239 
         0.5      30.9908     0.998773  -0.00162141  0.000675551 
         0.5      31.2211     0.998767  -0.00159925  0.000684726 
         0.5      31.4522     0.998762  -0.00157721  0.000693765 
         0.5      31.6842     0.998756  -0.00155529  0.000702668 
         0.5       31.917      0.99875  -0.00153348  0.000711438 
         0.5      32.1506     0.998745  -0.00151178  0.000720074 
         0.5      32.3851      0.99874   -0.0014902  0.000728579 
         0.5      32.6204     0.998735  -0.00146874  0.000736953 
         0.5      32.8565      0.99873  -0.00144739  0.000745197 
         0.5      33.0935     0.998725  -0.00142615  0.000753312 
         0.5      33.3314     0.998721  -0.00140502    0.0007613 
         0.5        33.57     0.998716  -0.00138401   0.00076916 
         0.5      33.8095     0.998712  -0.00136312  0.000776894 
         0.5      34.0499     0.998708  -0.00134233  0.000784502 
         0.5      34.2911     0.998704  -0.00132166  0.000791986 
         0.5      34.5331       0.9987  -0.00130111  0.000799346 
         0.5       34.776     0.998696  -0.00128068  0.000806582 
         0.5      35.0197     0.998692  -0.00126036  0.000813694 
         0.5      35.2642     0.998689  -0.00124016  0.000820685 
         0.5      35.5096     0.998686  -0.00122008  0.000827553 
         0.5      35.7558     0.998683  -0.00120009  0.000834302 
         0.5      36.0029     0.998679  -0.00118019  0.000840941 
         0.5      36.2508     0.998676  -0.00116041  0.000847471 
         0.5      36.4995     0.998674  -0.00114075  0.000853894 
         0.5      36.7491     0.998671  -0.00112121  0.000860214 
         0.5      36.9995     0.998668  -0.00110178  0.000866433 
         0.5      37.2507     0.998666  -0.00108245  0.000872554 
         0.5      37.5028     0.998663  -0.00106324   0.00087858 
         0.5      37.7558     0.998661  -0.00104413  0.000884513 
         0.5      38.0095     0.998659  -0.00102512  0.000890357 
         0.5      38.2641     0.998657  -0.00100622  0.000896114 
         0.5      38.5196     0.998655 -0.000987406  0.000901788 
         0.5      38.7759     0.998653 -0.000968692  0.000907381 
         0.5       39.033     0.998651 -0.000950071  0.000912895 
         0.5      39.2909     0.998649 -0.000931541  0.000918335 
         0.5      39.5498     0.998647 -0.000913101  0.000923703 
         0.5      39.8094     0.998646 -0.000894806  0.000928916 
         0.5      40.0699     0.998645 -0.000876682  0.000933927 
         0.5      40.3312     0.998644 -0.000858649  0.000938848 
         0.5      40.5933     0.998643  -0.00084071   0.00094368 
         0.5      40.8563     0.998642 -0.000822865  0.000948425 
         0.5      41.1202     0.998642 -0.000805116  0.000953084 
         0.5      41.3849     0.998641 -0.000787465  0.000957656 
         0.5      41.6504      0.99864 -0.000769912  0.000962144 
         0.5      41.9167      0.99864 -0.000752459  0.000966549 
         0.5      42.1839      0.99864 -0.000735106  0.000970871 
         0.5      42.4519     0.998639 -0.000717855  0.000975111 
         0.5      42.7208     0.998639 -0.000700705  0.000979271 
         0.5      42.9905     0.998639 -0.000683658  0.000983352 
         0.5      43.2611     0.998639 -0.000666714  0.000987354 
         0.5      43.5325     0.998639 -0.000649873  0.000991279 
         0.5      43.8047     0.998639 -0.000633135  0.000995127 
         0.5      44.0777      0.99864   -0.0006165    0.0009989 
         0.5      44.3516      0.99864 -0.000599969    0.0010026 
         0.5      44.6264      0.99864 -0.000583541   0.00100622 
         0.5       44.902     0.998641 -0.000567217   0.00100978 
         0.5      45.1784     0.998641 -0.000550995   0.00101326 
         0.5      45.4556     0.998642 -0.000534875   0.00101667 
         0.5      45.7337     0.998643 -0.000518857   0.00102001 
         0.5      46.0127     0.998644  -0.00050294   0.00102329 
         0.5      46.2925     0.998645 -0.000487124   0.00102649 
         0.5      46.5731     0.998645 -0.000471407   0.00102963 
         0.5      46.8545     0.998647  -0.00045579   0.00103271 
         0.5      47.1368     0.998648  -0.00044027   0.00103572 
         0.5      47.4199     0.998649 -0.000424848   0.00103866 
         0.5      47.7039      0.99865 -0.000409522   0.00104154 
         0.5      47.9887     0.998651 -0.000394291   0.00104437 
         0.5      48.2744     0.998653 -0.000379155   0.00104713 
         0.5      48.5609     0.998654 -0.000364111   0.00104983 
         0.5      48.8482     0.998656 -0.000349159   0.00105247 
         0.5      49.1363     0.998658 -0.000334298   0.00105505 
         0.5      49.4253     0.998659 -0.000319526   0.00105758 
         0.5      49.7152     0.998661 -0.000304843   0.00106004 
         0.5      50.0059     0.998663 -0.000290248   0.00106246 
         0.5      50.2974     0.998665 -0.000275738   0.00106481 
         0.5      50.5897     0.998667 -0.000261314   0.00106712 
         0.5      50.8829     0.998669 -0.000246974   0.00106936 
         0.5       51.177     0.998671 -0.000232717   0.00107156 
         0.5      51.4719     0.998673 -0.000218542    0.0010737 
         0.5      51.7676     0.998675 -0.000204449   0.00107579 
         0.5      52.0641     0.998678 -0.000190436   0.00107783 
         0.5      52.3615      0.99868 -0.000176503   0.00107982 
         0.5      52.6597     0.998682 -0.000162649   0.00108176 
         0.5      52.9588     0.998685 -0.000148874   0.00108364 
         0.5      53.2587     0.998687 -0.000135178   0.00108548 
         0.5      53.5595      0.99869  -0.00012156   0.00108727 
         0.5      53.8611     0.998693 -0.000108021   0.00108901 
         0.5      54.1635     0.998695 -9.45598e-05    0.0010907 
         0.5      54.4667     0.998698 -8.11776e-05   0.00109235 
         0.5      54.7708     0.998701 -6.78749e-05   0.00109394 
         0.5      55.0758     0.998704 -5.46523e-05   0.00109549 
         0.5      55.3816     0.998707 -4.15109e-05   0.00109699 
         0.5      55.6882      0.99871  -2.8452e-05   0.00109844 
         0.5      55.9956     0.998713 -1.54772e-05   0.00109985 
         0.5      56.3039     0.998716 -2.58821e-06    0.0011012 
         0.5      56.6131     0.998719  1.02128e-05   0.00110251 
         0.5      56.9231     0.998723  2.29233e-05   0.00110378 
         0.5      57.2339     0.998726  3.55405e-05   0.00110499 
         0.5      57.5455     0.998729  4.80611e-05   0.00110616 
         0.5       57.858     0.998733  6.04794e-05   0.00110728 
         0.5      58.1713     0.998736  7.27633e-05   0.00110838 
         0.5      58.4855      0.99874  8.49461e-05   0.00110944 
         0.5      58.8005     0.998744  9.70229e-05   0.00111046 
         0.5      59.1164     0.998748  0.000108988   0.00111144 
         0.5      59.4331     0.998751  0.000120836   0.00111237 
         0.5      59.7506     0.998755  0.000132559   0.00111326 
         0.5       60.069     0.998759   0.00014415   0.00111411 
         0.5      60.3882     0.998763  0.000155602   0.00111491 
         0.5      60.7082     0.998768  0.000166905   0.00111567 
         0.5      61.0291     0.998772  0.000178049   0.00111639 
         0.5      61.3508     0.998776  0.000189028   0.00111693 
         0.5      61.6734     0.998781  0.000199908   0.00111722 
         0.5      61.9968     0.998784  0.000211059   0.00111764 
         0.5       62.321     0.998787  0.000222923   0.00111842 
         0.5      62.6461     0.998789  0.000234625   0.00111917 
         0.5       62.972     0.998792  0.000246172   0.00111991 
         0.5      63.2987     0.998795  0.000257575   0.00112062 
         0.5      63.6263     0.998798  0.000268839    0.0011213 
         0.5      63.9548     0.998802  0.000279973   0.00112196 
         0.5       64.284     0.998805  0.000290983    0.0011226 
         0.5      64.6141     0.998809  0.000301877   0.00112321 
         0.5      64.9451     0.998813   0.00031266    0.0011238 
         0.5      65.2769     0.998817  0.000323339   0.00112436 
         0.5      65.6095     0.998821  0.000333919    0.0011249 
         0.5       65.943     0.998825  0.000344405   0.00112541 
         0.5      66.2773     0.998829  0.000354803    0.0011259 
         0.5      66.6124     0.998834  0.000365116   0.00112636 
         0.5      66.9484     0.998838  0.000375348   0.00112679 
         0.5      67.2852     0.998843  0.000385505    0.0011272 
         0.5      67.6229     0.998847  0.000395588   0.00112758 
         0.5      67.9614     0.998852  0.000405601   0.00112794 
         0.5      68.3007     0.998856  0.000415548   0.00112827 
         0.5      68.6409     0.998861   0.00042543   0.00112858 
         0.5      68.9819     0.998866  0.000435249   0.00112885 
         0.5      69.3238      0.99887  0.000445008   0.00112911 
         0.5      69.6664     0.998875  0.000454708   0.00112933 
         0.5        70.01      0.99888   0.00046435   0.00112953 
         0.5      70.3543     0.998884  0.000473936   0.00112971 
         0.5      70.6996     0.998889  0.000483465   0.00112986 
         0.5      71.0456     0.998894  0.000492939   0.00112998 
         0.5      71.3925     0.998899  0.000502358   0.00113007 
         0.5      71.7402     0.998903  0.000511722   0.00113015 
         0.5      72.0888     0.998908   0.00052103   0.00113019 
         0.5      72.4382     0.998913  0.000530282   0.00113021 
         0.5      72.7884     0.998917  0.000539477   0.00113021 
         0.5      73.1395     0.998922  0.000548616   0.00113018 
         0.5      73.4914     0.998927  0.000557696   0.00113013 
         0.5      73.8442     0.998932  0.000566716   0.00113005 
         0.5      74.1978     0.998936  0.000575676   0.00112996 
         0.5      74.5522     0.998941  0.000584574   0.00112983 
         0.5      74.9075     0.998946  0.000593408   0.00112969 
         0.5      75.2636      0.99895  0.000602177   0.00112952 
         0.5      75.6206     0.998955  0.000610879   0.00112933 
         0.5      75.9784      0.99896  0.000619512   0.00112912 
         0.5       76.337     0.998964  0.000628076   0.00112889 
         0.5      76.6965     0.998969  0.000636568   0.00112864 
         0.5      77.0568     0.998974  0.000644986   0.00112837 
         0.5      77.4179     0.998978  0.000653329   0.00112808 
         0.5      77.7799     0.998983  0.000661595   0.00112777 
         0.5      78.1427     0.998988  0.000669783   0.00112745 
         0.5      78.5064     0.998993  0.000677891   0.00112711 
         0.5      78.8709     0.998998  0.000685918   0.00112675 
         0.5      79.2363     0.999002  0.000693864   0.00112638 
         0.5      79.6024     0.999007  0.000701727   0.00112599 
         0.5      79.9695     0.999012  0.000709506   0.00112559 
         0.5      80.3373     0.999017  0.000717201   0.00112518 
         0.5       80.706     0.999022  0.000724812   0.00112475 
         0.5      81.0756     0.999027  0.000732339   0.00112432 
         0.5      81.4459     0.999032  0.000739783   0.00112387 
         0.5      81.8171     0.999037  0.000747145   0.00112342 
         0.5      82.1892     0.999042  0.000754425   0.00112296 
         0.5      82.5621     0.999047  0.000761625    0.0011225 
         0.5      82.9358     0.999052  0.000768749   0.00112203 
         0.5      83.3104     0.999057  0.000775798   0.00112155 
         0.5      83.6858     0.999062  0.000782775   0.00112108 
         0.5      84.0621     0.999067  0.000789685    0.0011206 
         0.5      84.4391     0.999072  0.000796533   0.00112012 
         0.5      84.8171     0.999077  0.000803322   0.00111965 
         0.5      85.1958     0.999082  0.000810059   0.00111918 
         0.5      85.5754     0.999087  0.000816752   0.00111871 
         0.5      85.9559     0.999092  0.000823406   0.00111825 
         0.5      86.3372     0.999097   0.00083003    0.0011178 
         0.5      86.7193     0.999102  0.000836634   0.00111736 
         0.5      87.1022     0.999106  0.000843228   0.00111693 
         0.5       87.486     0.999111  0.000849822   0.00111651 
         0.5      87.8707     0.999115  0.000856428   0.00111611 
         0.5      88.2562      0.99912  0.000863061   0.00111573 
         0.5      88.6425     0.999124  0.000869733   0.00111536 
         0.5      89.0296     0.999128  0.000876461   0.00111502 
         0.5      89.4176     0.999131  0.000883261    0.0011147 
         0.5      89.8065     0.999135  0.000890151    0.0011144 
         0.5      90.1961     0.999138  0.000897151   0.00111414 
         0.5      90.5866     0.999141  0.000904281    0.0011139 
         0.5       90.978     0.999143  0.000911563   0.00111369 
         0.5      91.3702     0.999145  0.000919021   0.00111352 
         0.5      91.7632     0.999147  0.000926681   0.00111339 
         0.5      92.1571     0.999148  0.000934569   0.00111329 
         0.5      92.5518     0.999148  0.000942714   0.00111324 
         0.5      92.9473     0.999148  0.000950409   0.00111337 
         0.5      93.3437     0.999147  0.000957764   0.00111369 
         0.5      93.7409     0.999146  0.000965272   0.00111413 
         0.5       94.139     0.999145  0.000972976    0.0011147 
         0.5      94.5379     0.999145  0.000980921   0.00111541 
         0.5      94.9376     0.999144  0.000989154   0.00111628 
         0.5      95.3382     0.999145  0.000997722   0.00111732 
         0.5      95.7396     0.999155   0.00100277   0.00111764 
         0.5      96.1419     0.999166   0.00100779   0.00111809 
         0.5       96.545     0.999176    0.0010129    0.0011187 
         0.5      96.9489     0.999185   0.00101809   0.00111945 
         0.5      97.3537     0.999193   0.00102335   0.00112036 
         0.5      97.7593     0.999201   0.00102867   0.00112142 
         0.5      98.1657     0.999209   0.00103406   0.00112263 
         0.5       98.573     0.999216   0.00103927   0.00112276 
         0.5      98.9811     0.999223   0.00104429   0.00112214 
         0.5      99.3901      0.99923   0.00104927   0.00112154 
         0.5      99.7999     0.999237   0.00105419   0.00112093 
         0.5      100.211     0.999244   0.00105907   0.00112034 
         0.5      100.622     0.999251    0.0010639   0.00111975 
         0.5      101.034     0.999257   0.00106869   0.00111917 
         0.5      101.448     0.999264   0.00107343   0.00111859 
         0.5      101.862      0.99927   0.00107814   0.00111803 
         0.5      102.276     0.999276   0.00108281   0.00111747 
         0.5      102.692     0.999282   0.00108744   0.00111692 
         0.5      103.109     0.999288   0.00109203   0.00111639 
         0.5      103.526     0.999293   0.00109659   0.00111587 
         0.5      103.944     0.999299   0.00110112   0.00111536 
         0.5      104.363     0.999304   0.00110562   0.00111486 
         0.5      104.783      0.99931   0.00111009   0.00111437 
         0.5      105.204     0.999315   0.00111453    0.0011139 
         0.5      105.625      0.99932   0.00111895   0.00111345 
         0.5      106.048     0.999324   0.00112334   0.00111301 
         0.5      106.471     0.999329   0.00112771   0.00111258 
         0.5      106.895     0.999334   0.00113206   0.00111218 
         0.5       107.32     0.999338   0.00113639   0.00111179 
         0.5      107.746     0.999342    0.0011407   0.00111141 
         0.5      108.172     0.999346   0.00114499   0.00111106 
         0.5        108.6      0.99935   0.00114927   0.00111072 
         0.5      109.028     0.999354   0.00115354   0.00111041 
         0.5      109.457     0.999358   0.00115779   0.00111011 
         0.5      109.887     0.999361   0.00116203   0.00110984 
         0.5      110.318     0.999364   0.00116626   0.00110958 
         0.5      110.749     0.999368   0.00117049   0.00110935 
         0.5      111.182     0.999371    0.0011747   0.00110913 
         0.5      111.615     0.999374   0.00117891   0.00110894 
         0.5      112.049     0.999376   0.00118311   0.00110878 
         0.5      112.484     0.999379   0.00118731   0.00110863 
         0.5       112.92     0.999381    0.0011915   0.00110851 
         0.5      113.357     0.999384   0.00119569   0.00110842 
         0.5      113.794     0.999386   0.00119988   0.00110834 
         0.5      114.232     0.999388   0.00120407   0.00110829 
         0.5      114.672      0.99939   0.00120825   0.00110827 
         0.5      115.112     0.999392   0.00121244   0.00110827 
         0.5      115.552     0.999393   0.00121663    0.0011083 
         0.5      115.994     0.999395   0.00122083   0.00110835 
         0.5      116.437     0.999396   0.00122502   0.00110842 
         0.5       116.88     0.999397   0.00122922   0.00110853 
         0.5      117.324     0.999398   0.00123342   0.00110866 
         0.5      117.769     0.999399   0.00123763   0.00110881 
         0.5      118.215       0.9994   0.00124184   0.00110899 
         0.5      118.662     0.999401   0.00124606    0.0011092 
         0.5      119.109     0.999402   0.00125028   0.00110944 
         0.5      119.558     0.999402    0.0012545    0.0011097 
         0.5      120.007     0.999403   0.00125874   0.00110999 
         0.5      120.457     0.999403   0.00126297    0.0011103 
         0.5      120.908     0.999403   0.00126722   0.00111064 
         0.5       121.36     0.999403   0.00127147   0.00111101 
         0.5      121.812     0.999403   0.00127572    0.0011114 
         0.5      122.266     0.999403   0.00127998   0.00111182 
         0.5       122.72     0.999403   0.00128425   0.00111227 
         0.5      123.175     0.999403   0.00128852   0.00111274 
         0.5      123.631     0.999403   0.00129279   0.00111324 
         0.5      124.088     0.999403   0.00129707   0.00111377 
         0.5      124.546     0.999403   0.00130135   0.00111432 
         0.5      125.004     0.999402   0.00130563   0.00111489 
         0.5      125.463     0.999402   0.00130992   0.00111549 
         0.5      125.923     0.999402    0.0013142   0.00111612 
         0.5      126.384     0.999402   0.00131849   0.00111677 
         0.5      126.846     0.999402   0.00132277   0.00111744 
         0.5      127.309     0.999402   0.00132705   0.00111814 
         0.5      127.772     0.999402   0.00133133   0.00111886 
         0.5      128.237     0.999402   0.00133561    0.0011196 
         0.5      128.702     0.999402   0.00133988   0.00112037 
         0.5      129.168     0.999402   0.00134414   0.00112116 
         0.5      129.635     0.999403   0.00134839   0.00112196 
         0.5      130.102     0.999403   0.00135263   0.00112279 
         0.5      130.571     0.999404   0.00135685   0.00112364 
         0.5       131.04     0.999405   0.00136107   0.00112451 
         0.5      131.511     0.999406   0.00136526   0.00112539 
         0.5      131.982     0.999408   0.00136944    0.0011263 
         0.5      132.453      0.99941    0.0013736   0.00112722 
         0.5      132.926     0.999412   0.00137773   0.00112815 
         0.5        133.4     0.999414   0.00138183    0.0011291 
         0.5      133.874     0.999417   0.00138591   0.00113007 
         0.5      134.349      0.99942   0.00138996   0.00113105 
         0.5      134.825     0.999424   0.00139397   0.00113204 
         0.5      135.302     0.999428   0.00139795   0.00113304 
         0.5       135.78     0.999432   0.00140188   0.00113405 
         0.5      136.259     0.999438   0.00140578   0.00113507 
         0.5      136.738     0.999443   0.00140962    0.0011361 
         0.5      137.218      0.99945   0.00141342   0.00113713 
         0.5        137.7     0.999457   0.00141716   0.00113817 
         0.5      138.182     0.999464   0.00142084   0.00113922 
         0.5      138.664     0.999473   0.00142447   0.00114026 
         0.5      139.148     0.999482   0.00142802   0.00114131 
         0.5      139.632     0.999492   0.00143151   0.00114236 
         0.5      140.118     0.999503   0.00143492   0.00114341 
         0.5      140.604     0.999515   0.00143826   0.00114445 
         0.5      141.091     0.999528   0.00144151   0.00114549 
         0.5      141.579     0.999541   0.00144467   0.00114652 
         0.5      142.067     0.999556   0.00144774   0.00114755 
         0.5      142.557     0.999573   0.00145071   0.00114856 
         0.5      143.047      0.99959   0.00145358   0.00114957 
         0.5      143.538     0.999609   0.00145634   0.00115056 
         0.5       144.03     0.999629   0.00145898   0.00115153 
         0.5      144.523      0.99965   0.00146151   0.00115249 
         0.5      145.017     0.999673    0.0014639   0.00115343 
         0.5      145.511     0.999697   0.00146617   0.00115434 
         0.5      146.007     0.999723   0.00146829   0.00115524 
         0.5      146.503     0.999751   0.00147027   0.00115611 
         0.5          147     0.999781    0.0014721   0.00115695 
         0.5      147.498     0.999812   0.00147377   0.00115776 
         0.5      147.997     0.999845   0.00147527   0.00115854 
         0.5      148.496     0.999881   0.00147659   0.00115929 
         0.5      148.997     0.999918   0.00147774   0.00115999 
         0.5      149.498     0.999958    0.0014787   0.00116066 
         0.5          150            1   0.00147946   0.00116129 
