Variables = x, y, u, v, p

Zone, I=600, F=POINT
        67.5         -0.5            0            0   0.00934552 
        67.5    -0.499581  0.000181145  3.70056e-10   0.00934552 
        67.5    -0.498322  0.000725576  6.16622e-09   0.00934553 
        67.5    -0.496225   0.00163283   3.1374e-08   0.00934554 
        67.5    -0.493289   0.00290399  9.91498e-08   0.00934556 
        67.5    -0.489514   0.00453998  2.41565e-07   0.00934558 
        67.5      -0.4849   0.00654197  4.99267e-07   0.00934561 
        67.5    -0.479447   0.00891139  9.21059e-07   0.00934564 
        67.5    -0.473155    0.0116499  1.56339e-06   0.00934567 
        67.5    -0.466024    0.0147594  2.48981e-06    0.0093457 
        67.5    -0.458055    0.0182415  3.77012e-06   0.00934574 
        67.5    -0.449246    0.0220995  5.48042e-06   0.00934577 
        67.5    -0.439599    0.0263349   7.7011e-06   0.00934581 
        67.5    -0.429113     0.030951  1.05174e-05   0.00934585 
        67.5    -0.417787     0.035951  1.40182e-05   0.00934589 
        67.5    -0.405623     0.041337   1.8294e-05   0.00934593 
        67.5     -0.39262    0.0471125  2.34378e-05   0.00934597 
        67.5    -0.378778    0.0532809  2.95429e-05   0.00934601 
        67.5    -0.364097    0.0598453  3.67022e-05   0.00934605 
        67.5    -0.348578    0.0668088  4.50059e-05   0.00934609 
        67.5    -0.332219    0.0741755  5.45429e-05   0.00934614 
        67.5    -0.315021    0.0819485  6.53947e-05   0.00934618 
        67.5    -0.296985    0.0901306  7.76354e-05   0.00934622 
        67.5     -0.27811    0.0987257  9.13301e-05   0.00934626 
        67.5    -0.258395     0.107737   0.00010653    0.0093463 
        67.5    -0.237842     0.117166  0.000123331   0.00934632 
        67.5     -0.21645     0.127014  0.000141783   0.00934634 
        67.5    -0.194219     0.137283  0.000161892   0.00934634 
        67.5    -0.171149     0.147974  0.000183695   0.00934633 
        67.5     -0.14724     0.159088  0.000207223   0.00934632 
        67.5    -0.122493     0.170626  0.000232502   0.00934629 
        67.5    -0.096906     0.182588  0.000259552   0.00934625 
        67.5    -0.070481     0.194972  0.000288373   0.00934618 
        67.5    -0.043216     0.207779  0.000318948   0.00934609 
        67.5    -0.015113     0.221006  0.000351224   0.00934594 
        67.5     0.013829     0.234649  0.000385285   0.00934575 
        67.5     0.043611     0.248708  0.000421061   0.00934559 
        67.5     0.074231     0.263178  0.000458498    0.0093454 
        67.5      0.10569     0.278054  0.000497677   0.00934511 
        67.5     0.137987     0.293333   0.00053858   0.00934473 
        67.5     0.171124     0.309009  0.000581156   0.00934425 
        67.5       0.2051     0.325075  0.000625391   0.00934376 
        67.5     0.239914     0.341523  0.000671427   0.00934337 
        67.5     0.275568      0.35834  0.000719036   0.00934276 
        67.5      0.31206     0.375524  0.000768438    0.0093419 
        67.5     0.349391     0.393065  0.000819735   0.00934096 
        67.5     0.387562     0.410946  0.000872869   0.00933993 
        67.5     0.426571     0.429146  0.000927825   0.00933882 
        67.5     0.466419     0.447644  0.000984632   0.00933761 
        67.5     0.507106     0.466416   0.00104334   0.00933628 
        67.5     0.548631     0.485435   0.00110401    0.0093348 
        67.5     0.590996     0.504673   0.00116669   0.00933313 
        67.5       0.6342     0.524098   0.00123137   0.00933121 
        67.5     0.678242     0.543675   0.00129793   0.00932895 
        67.5     0.723124     0.563367   0.00136614   0.00932627 
        67.5     0.768844     0.583214   0.00143597   0.00932344 
        67.5     0.815403     0.603118    0.0015079   0.00932077 
        67.5     0.862801      0.62289   0.00158128   0.00931774 
        67.5     0.911038     0.642494   0.00165585   0.00931435 
        67.5     0.960114     0.661894   0.00173135   0.00931059 
        67.5      1.01003     0.681051   0.00180754   0.00930646 
        67.5      1.06078     0.699925   0.00188417   0.00930196 
        67.5      1.11238     0.718477   0.00196101    0.0092971 
        67.5      1.16481     0.736663   0.00203782   0.00929186 
        67.5      1.21808      0.75444   0.00211436   0.00928624 
        67.5      1.27219     0.771762    0.0021904   0.00928025 
        67.5      1.32713     0.788583   0.00226569   0.00927389 
        67.5      1.38292     0.804854   0.00233997   0.00926714 
        67.5      1.43955     0.820525   0.00241294      0.00926 
        67.5      1.49701     0.835543    0.0024843   0.00925247 
        67.5      1.55532     0.849855   0.00255367   0.00924454 
        67.5      1.61446     0.863405   0.00262061    0.0092362 
        67.5      1.67444     0.876135   0.00268464   0.00922745 
        67.5      1.73526     0.887986   0.00274514   0.00921825 
        67.5      1.79692     0.898801   0.00280407   0.00920858 
        67.5      1.85942     0.908879   0.00286063   0.00919851 
        67.5      1.92276     0.918286   0.00291415   0.00918806 
        67.5      1.98693     0.927025   0.00296467   0.00917724 
        67.5      2.05195     0.935098   0.00301222   0.00916606 
        67.5       2.1178     0.942515   0.00305683   0.00915451 
        67.5       2.1845     0.949283   0.00309856   0.00914262 
        67.5      2.25203     0.955415   0.00313744   0.00913038 
        67.5       2.3204     0.960927   0.00317355    0.0091178 
        67.5      2.38961     0.965834   0.00320693   0.00910489 
        67.5      2.45966     0.970158   0.00323766   0.00909166 
        67.5      2.53055     0.973922   0.00326583   0.00907812 
        67.5      2.60227     0.977152   0.00329152   0.00906428 
        67.5      2.67484     0.979879   0.00331484   0.00905015 
        67.5      2.74824     0.982134   0.00333588   0.00903573 
        67.5      2.82248     0.983954   0.00335479   0.00902104 
        67.5      2.89757     0.985378   0.00337168   0.00900609 
        67.5      2.97349     0.986451   0.00338673   0.00899088 
        67.5      3.05025     0.987218   0.00340008   0.00897544 
        67.5      3.12785      0.98773   0.00341193   0.00895976 
        67.5      3.20628     0.988042   0.00342249   0.00894385 
        67.5      3.28556     0.988212   0.00343199   0.00892774 
        67.5      3.36567     0.988302   0.00344067   0.00891142 
        67.5      3.44663     0.988379   0.00344883    0.0088949 
        67.5      3.52842     0.988514   0.00345678    0.0088782 
        67.5      3.61105     0.988782   0.00346487   0.00886132 
        67.5      3.69453     0.989262   0.00347349   0.00884426 
        67.5      3.77884     0.989821   0.00348331   0.00882687 
        67.5      3.86398     0.990029   0.00349267   0.00880913 
        67.5      3.94997     0.990182   0.00350097   0.00879132 
        67.5       4.0368     0.990288   0.00350892    0.0087733 
        67.5      4.12446     0.990356   0.00351675   0.00875498 
        67.5      4.21297     0.990394   0.00352441   0.00873636 
        67.5      4.30231     0.990411   0.00353194   0.00871766 
        67.5       4.3925     0.990417   0.00353948   0.00869877 
        67.5      4.48352     0.990418   0.00354651   0.00867992 
        67.5      4.57538     0.990423   0.00355336   0.00866053 
        67.5      4.66807     0.990435   0.00356026   0.00864091 
        67.5      4.76161     0.990451   0.00356725   0.00862115 
        67.5      4.85599      0.99047   0.00357428   0.00860122 
        67.5      4.95121     0.990491    0.0035813   0.00858109 
        67.5      5.04726     0.990514   0.00358824   0.00856073 
        67.5      5.14415     0.990537   0.00359504   0.00854014 
        67.5      5.24189      0.99056   0.00360167    0.0085193 
        67.5      5.34046     0.990583    0.0036083   0.00849829 
        67.5      5.43987     0.990609   0.00361503   0.00847712 
        67.5      5.54012     0.990634   0.00362161   0.00845569 
        67.5      5.64121     0.990658   0.00362805   0.00843404 
        67.5      5.74313     0.990682   0.00363439   0.00841218 
        67.5       5.8459     0.990706   0.00364064   0.00839013 
        67.5       5.9495      0.99073   0.00364684   0.00836788 
        67.5      6.05395     0.990755   0.00365302   0.00834542 
        67.5      6.15923     0.990782   0.00365918   0.00832273 
        67.5      6.26535      0.99081   0.00366521   0.00829985 
        67.5      6.37231     0.990839   0.00367092   0.00827684 
        67.5      6.48011     0.990866   0.00367665   0.00825365 
        67.5      6.58875     0.990891    0.0036824   0.00823027 
        67.5      6.69822     0.990915     0.003688   0.00820664 
        67.5      6.80854     0.990939   0.00369345   0.00818278 
        67.5       6.9197     0.990961   0.00369877   0.00815874 
        67.5      7.03169     0.990984   0.00370397   0.00813454 
        67.5      7.14452     0.991005   0.00370907   0.00811017 
        67.5      7.25819     0.991027   0.00371408   0.00808564 
        67.5       7.3727     0.991048     0.003719   0.00806092 
        67.5      7.48806     0.991069   0.00372381   0.00803598 
        67.5      7.60424     0.991091   0.00372843   0.00801076 
        67.5      7.72127     0.991113   0.00373285   0.00798553 
        67.5      7.83914     0.991136   0.00373721   0.00796015 
        67.5      7.95784     0.991159   0.00374144   0.00793455 
        67.5      8.07739     0.991183   0.00374548    0.0079087 
        67.5      8.19777     0.991211   0.00374947   0.00788271 
        67.5      8.31899      0.99124   0.00375335   0.00785659 
        67.5      8.44105     0.991269   0.00375706    0.0078303 
        67.5      8.56395       0.9913   0.00376061   0.00780384 
        67.5      8.68769     0.991332   0.00376401   0.00777722 
        67.5      8.81227     0.991364   0.00376726   0.00775045 
        67.5      8.93768     0.991396   0.00377036   0.00772352 
        67.5      9.06394     0.991429   0.00377333   0.00769643 
        67.5      9.19103     0.991463   0.00377616    0.0076692 
        67.5      9.31897     0.991496   0.00377885   0.00764182 
        67.5      9.44774     0.991529   0.00378141    0.0076143 
        67.5      9.57735     0.991563   0.00378384   0.00758665 
        67.5       9.7078     0.991596   0.00378613   0.00755887 
        67.5      9.83909     0.991629   0.00378826   0.00753094 
        67.5      9.97121     0.991662   0.00379023   0.00750287 
        67.5      10.1042     0.991695   0.00379202   0.00747466 
        67.5       10.238     0.991727   0.00379362   0.00744631 
        67.5      10.3726     0.991758   0.00379503   0.00741784 
        67.5      10.5081     0.991789   0.00379624   0.00738926 
        67.5      10.6444     0.991819   0.00379726   0.00736056 
        67.5      10.7816     0.991848   0.00379809   0.00733177 
        67.5      10.9196     0.991876   0.00379874    0.0073029 
        67.5      11.0584     0.991903   0.00379924   0.00727396 
        67.5      11.1981     0.991931   0.00379965   0.00724489 
        67.5      11.3386     0.991959    0.0037999   0.00721572 
        67.5        11.48     0.991988   0.00379997   0.00718645 
        67.5      11.6222     0.992017   0.00379987    0.0071571 
        67.5      11.7652     0.992046    0.0037996   0.00712765 
        67.5      11.9091     0.992076   0.00379917   0.00709811 
        67.5      12.0538     0.992106   0.00379856   0.00706847 
        67.5      12.1993     0.992136   0.00379778   0.00703874 
        67.5      12.3457     0.992167   0.00379684   0.00700891 
        67.5       12.493     0.992198   0.00379574   0.00697899 
        67.5       12.641     0.992229   0.00379438   0.00694905 
        67.5      12.7899      0.99226   0.00379282   0.00691909 
        67.5      12.9397     0.992292    0.0037911   0.00688907 
        67.5      13.0903     0.992324    0.0037892     0.006859 
        67.5      13.2417     0.992356   0.00378715   0.00682886 
        67.5      13.3939     0.992388   0.00378493   0.00679867 
        67.5       13.547      0.99242   0.00378254   0.00676843 
        67.5       13.701     0.992453   0.00377999   0.00673813 
        67.5      13.8558     0.992486   0.00377727   0.00670779 
        67.5      14.0114     0.992519   0.00377438   0.00667739 
        67.5      14.1678     0.992552   0.00377133   0.00664696 
        67.5      14.3251     0.992585    0.0037681   0.00661648 
        67.5      14.4833     0.992618   0.00376471   0.00658597 
        67.5      14.6422     0.992652   0.00376115   0.00655543 
        67.5       14.802     0.992685   0.00375743   0.00652486 
        67.5      14.9627     0.992719   0.00375355   0.00649428 
        67.5      15.1242     0.992752   0.00374951   0.00646368 
        67.5      15.2865     0.992786   0.00374533   0.00643308 
        67.5      15.4497      0.99282   0.00374101   0.00640247 
        67.5      15.6137     0.992853   0.00373646    0.0063719 
        67.5      15.7785     0.992886    0.0037317   0.00634133 
        67.5      15.9442     0.992919   0.00372678   0.00631077 
        67.5      16.1107     0.992952   0.00372172    0.0062802 
        67.5      16.2781     0.992985    0.0037165   0.00624964 
        67.5      16.4463     0.993017   0.00371114    0.0062191 
        67.5      16.6153      0.99305   0.00370564   0.00618856 
        67.5      16.7852     0.993083   0.00369998   0.00615804 
        67.5      16.9559     0.993115   0.00369419   0.00612754 
        67.5      17.1275     0.993148   0.00368824   0.00609706 
        67.5      17.2999      0.99318   0.00368216   0.00606661 
        67.5      17.4731     0.993213   0.00367593   0.00603619 
        67.5      17.6472     0.993245   0.00366956    0.0060058 
        67.5      17.8221     0.993278   0.00366305   0.00597544 
        67.5      17.9979     0.993311    0.0036564   0.00594512 
        67.5      18.1744     0.993343    0.0036496   0.00591484 
        67.5      18.3519     0.993376   0.00364263   0.00588461 
        67.5      18.5301     0.993408   0.00363553   0.00585443 
        67.5      18.7093     0.993441    0.0036283   0.00582429 
        67.5      18.8892     0.993473   0.00362095    0.0057942 
        67.5        19.07     0.993506   0.00361347   0.00576417 
        67.5      19.2516     0.993538   0.00360586   0.00573419 
        67.5      19.4341      0.99357   0.00359813   0.00570427 
        67.5      19.6174     0.993603   0.00359027   0.00567441 
        67.5      19.8015     0.993635    0.0035823   0.00564461 
        67.5      19.9865     0.993667    0.0035742   0.00561488 
        67.5      20.1723     0.993699     0.003566   0.00558522 
        67.5       20.359     0.993731   0.00355767   0.00555563 
        67.5      20.5465     0.993764   0.00354924   0.00552611 
        67.5      20.7348     0.993796   0.00354071   0.00549667 
        67.5       20.924     0.993828   0.00353207    0.0054673 
        67.5       21.114     0.993859   0.00352333   0.00543802 
        67.5      21.3048     0.993891    0.0035145   0.00540881 
        67.5      21.4965     0.993923   0.00350559   0.00537969 
        67.5       21.689     0.993954   0.00349659   0.00535066 
        67.5      21.8824     0.993986   0.00348752   0.00532171 
        67.5      22.0766     0.994017   0.00347837   0.00529286 
        67.5      22.2717     0.994049   0.00346909   0.00526408 
        67.5      22.4675      0.99408   0.00345965   0.00523538 
        67.5      22.6643     0.994111   0.00345013   0.00520677 
        67.5      22.8618     0.994142   0.00344054   0.00517827 
        67.5      23.0602     0.994174   0.00343088   0.00514986 
        67.5      23.2595     0.994205   0.00342115   0.00512155 
        67.5      23.4596     0.994236   0.00341135   0.00509335 
        67.5      23.6605     0.994266   0.00340147   0.00506524 
        67.5      23.8622     0.994297   0.00339153   0.00503724 
        67.5      24.0648     0.994328   0.00338152   0.00500935 
        67.5      24.2683     0.994358   0.00337144   0.00498155 
        67.5      24.4725     0.994389    0.0033613   0.00495387 
        67.5      24.6776     0.994419    0.0033511   0.00492629 
        67.5      24.8836      0.99445   0.00334083   0.00489882 
        67.5      25.0904      0.99448   0.00333051   0.00487146 
        67.5       25.298      0.99451   0.00332013   0.00484421 
        67.5      25.5065      0.99454   0.00330969   0.00481708 
        67.5      25.7158      0.99457    0.0032992   0.00479005 
        67.5      25.9259       0.9946   0.00328866   0.00476314 
        67.5      26.1369     0.994629   0.00327808   0.00473634 
        67.5      26.3487     0.994659   0.00326744   0.00470966 
        67.5      26.5614     0.994689   0.00325677   0.00468309 
        67.5      26.7749     0.994718   0.00324605   0.00465664 
        67.5      26.9892     0.994747    0.0032353   0.00463031 
        67.5      27.2044     0.994777   0.00322451    0.0046041 
        67.5      27.4204     0.994806   0.00321369     0.004578 
        67.5      27.6373     0.994835   0.00320284   0.00455203 
        67.5       27.855     0.994864   0.00319196   0.00452618 
        67.5      28.0735     0.994893   0.00318106   0.00450045 
        67.5      28.2929     0.994921   0.00317015   0.00447483 
        67.5      28.5131      0.99495   0.00315922   0.00444933 
        67.5      28.7342     0.994979   0.00314826   0.00442396 
        67.5      28.9561     0.995007   0.00313727   0.00439871 
        67.5      29.1788     0.995035   0.00312627   0.00437358 
        67.5      29.4024     0.995064   0.00311526   0.00434857 
        67.5      29.6268     0.995092   0.00310423   0.00432369 
        67.5       29.852      0.99512   0.00309319   0.00429893 
        67.5      30.0781     0.995148   0.00308214    0.0042743 
        67.5       30.305     0.995176   0.00307109    0.0042498 
        67.5      30.5328     0.995203   0.00306004   0.00422542 
        67.5      30.7614     0.995231   0.00304898   0.00420118 
        67.5      30.9908     0.995258   0.00303792   0.00417706 
        67.5      31.2211     0.995286   0.00302686   0.00415306 
        67.5      31.4522     0.995313    0.0030158    0.0041292 
        67.5      31.6842      0.99534   0.00300475   0.00410547 
        67.5       31.917     0.995367   0.00299368   0.00408187 
        67.5      32.1506     0.995394   0.00298262    0.0040584 
        67.5      32.3851     0.995421   0.00297155   0.00403505 
        67.5      32.6204     0.995448   0.00296046   0.00401184 
        67.5      32.8565     0.995474   0.00294937   0.00398876 
        67.5      33.0935     0.995501    0.0029383   0.00396582 
        67.5      33.3314     0.995527   0.00292734     0.003943 
        67.5        33.57     0.995553   0.00291639   0.00392031 
        67.5      33.8095     0.995579   0.00290546   0.00389774 
        67.5      34.0499     0.995605   0.00289453    0.0038753 
        67.5      34.2911     0.995631   0.00288363   0.00385298 
        67.5      34.5331     0.995656   0.00287273   0.00383079 
        67.5       34.776     0.995682   0.00286186   0.00380872 
        67.5      35.0197     0.995707     0.002851   0.00378678 
        67.5      35.2642     0.995733   0.00284017   0.00376497 
        67.5      35.5096     0.995758   0.00282935   0.00374328 
        67.5      35.7558     0.995783   0.00281855   0.00372172 
        67.5      36.0029     0.995808   0.00280778   0.00370028 
        67.5      36.2508     0.995833   0.00279703   0.00367897 
        67.5      36.4995     0.995858   0.00278631   0.00365779 
        67.5      36.7491     0.995883   0.00277561   0.00363674 
        67.5      36.9995     0.995907   0.00276494   0.00361581 
        67.5      37.2507     0.995932    0.0027543   0.00359501 
        67.5      37.5028     0.995956   0.00274369   0.00357433 
        67.5      37.7558     0.995981   0.00273311   0.00355379 
        67.5      38.0095     0.996005   0.00272256   0.00353336 
        67.5      38.2641     0.996029   0.00271205   0.00351307 
        67.5      38.5196     0.996053   0.00270158    0.0034929 
        67.5      38.7759     0.996077   0.00269114   0.00347286 
        67.5       39.033     0.996101   0.00268074   0.00345294 
        67.5      39.2909     0.996124   0.00267037   0.00343315 
        67.5      39.5498     0.996148   0.00266005   0.00341348 
        67.5      39.8094     0.996171   0.00264977   0.00339394 
        67.5      40.0699     0.996195   0.00263953   0.00337452 
        67.5      40.3312     0.996218   0.00262934   0.00335523 
        67.5      40.5933     0.996241   0.00261919   0.00333606 
        67.5      40.8563     0.996264   0.00260909   0.00331701 
        67.5      41.1202     0.996287   0.00259904   0.00329808 
        67.5      41.3849      0.99631   0.00258904   0.00327928 
        67.5      41.6504     0.996333   0.00257908    0.0032606 
        67.5      41.9167     0.996355   0.00256917   0.00324204 
        67.5      42.1839     0.996378   0.00255932    0.0032236 
        67.5      42.4519       0.9964   0.00254952   0.00320528 
        67.5      42.7208     0.996423   0.00253977   0.00318708 
        67.5      42.9905     0.996445   0.00253007     0.003169 
        67.5      43.2611     0.996467   0.00252043   0.00315103 
        67.5      43.5325     0.996489   0.00251084   0.00313318 
        67.5      43.8047     0.996511   0.00250131   0.00311545 
        67.5      44.0777     0.996532   0.00249183   0.00309784 
        67.5      44.3516     0.996554   0.00248241   0.00308033 
        67.5      44.6264     0.996576   0.00247304   0.00306294 
        67.5       44.902     0.996597   0.00246373   0.00304567 
        67.5      45.1784     0.996618   0.00245447    0.0030285 
        67.5      45.4556      0.99664   0.00244527   0.00301145 
        67.5      45.7337     0.996661   0.00243612    0.0029945 
        67.5      46.0127     0.996681   0.00242702   0.00297766 
        67.5      46.2925     0.996702   0.00241798   0.00296094 
        67.5      46.5731     0.996723   0.00240898   0.00294431 
        67.5      46.8545     0.996743   0.00240004   0.00292779 
        67.5      47.1368     0.996764   0.00239115   0.00291138 
        67.5      47.4199     0.996784    0.0023823   0.00289507 
        67.5      47.7039     0.996804    0.0023735   0.00287885 
        67.5      47.9887     0.996824   0.00236475   0.00286274 
        67.5      48.2744     0.996844   0.00235599   0.00284676 
        67.5      48.5609     0.996863   0.00234721   0.00283092 
        67.5      48.8482     0.996883   0.00233844   0.00281519 
        67.5      49.1363     0.996902   0.00232964    0.0027996 
        67.5      49.4253     0.996923   0.00232075    0.0027842 
        67.5      49.7152     0.996943    0.0023121   0.00276901 
        67.5      50.0059     0.996963   0.00230369   0.00275399 
        67.5      50.2974     0.996983   0.00229537   0.00273903 
        67.5      50.5897     0.997003   0.00228714   0.00272415 
        67.5      50.8829     0.997022   0.00227898   0.00270935 
        67.5       51.177     0.997041   0.00227088   0.00269462 
        67.5      51.4719     0.997061   0.00226285   0.00267997 
        67.5      51.7676      0.99708   0.00225487    0.0026654 
        67.5      52.0641     0.997099   0.00224694   0.00265092 
        67.5      52.3615     0.997118   0.00223905   0.00263653 
        67.5      52.6597     0.997137   0.00223121   0.00262223 
        67.5      52.9588     0.997155    0.0022234   0.00260802 
        67.5      53.2587     0.997174   0.00221564    0.0025939 
        67.5      53.5595     0.997192    0.0022079   0.00257989 
        67.5      53.8611     0.997211   0.00220021   0.00256597 
        67.5      54.1635     0.997229   0.00219254   0.00255215 
        67.5      54.4667     0.997247   0.00218492   0.00253844 
        67.5      54.7708     0.997265   0.00217733   0.00252482 
        67.5      55.0758     0.997283   0.00216977   0.00251132 
        67.5      55.3816     0.997301   0.00216226   0.00249792 
        67.5      55.6882     0.997319   0.00215479   0.00248463 
        67.5      55.9956     0.997337   0.00214736   0.00247144 
        67.5      56.3039     0.997354   0.00213998   0.00245837 
        67.5      56.6131     0.997372   0.00213264    0.0024454 
        67.5      56.9231     0.997389   0.00212536   0.00243255 
        67.5      57.2339     0.997407   0.00211814    0.0024198 
        67.5      57.5455     0.997424   0.00211097   0.00240717 
        67.5       57.858     0.997441   0.00210386   0.00239464 
        67.5      58.1713     0.997458   0.00209682   0.00238222 
        67.5      58.4855     0.997475   0.00208985   0.00236992 
        67.5      58.8005     0.997492   0.00208294   0.00235771 
        67.5      59.1164     0.997508   0.00207611   0.00234562 
        67.5      59.4331     0.997525   0.00206934   0.00233363 
        67.5      59.7506     0.997542   0.00206265   0.00232174 
        67.5       60.069     0.997558   0.00205604   0.00230996 
        67.5      60.3882     0.997575    0.0020495   0.00229827 
        67.5      60.7082     0.997591   0.00204302   0.00228669 
        67.5      61.0291     0.997607   0.00203662   0.00227519 
        67.5      61.3508     0.997623   0.00203029   0.00226379 
        67.5      61.6734     0.997639   0.00202402   0.00225248 
        67.5      61.9968     0.997655    0.0020178   0.00224126 
        67.5       62.321     0.997671   0.00201163   0.00223011 
        67.5      62.6461     0.997687   0.00200551   0.00221905 
        67.5       62.972     0.997703   0.00199941   0.00220806 
        67.5      63.2987     0.997719   0.00199334   0.00219714 
        67.5      63.6263     0.997735   0.00198727   0.00218628 
        67.5      63.9548     0.997751    0.0019812   0.00217549 
        67.5       64.284     0.997767   0.00197509   0.00216475 
        67.5      64.6141     0.997782   0.00196894   0.00215406 
        67.5      64.9451     0.997798   0.00196272   0.00214341 
        67.5      65.2769     0.997815    0.0019564    0.0021328 
        67.5      65.6095     0.997829   0.00195059   0.00212221 
        67.5       65.943     0.997842   0.00194549   0.00211168 
        67.5      66.2773     0.997855   0.00194035   0.00210126 
        67.5      66.6124     0.997869   0.00193517   0.00209094 
        67.5      66.9484     0.997882   0.00192996   0.00208073 
        67.5      67.2852     0.997896   0.00192473   0.00207062 
        67.5      67.6229      0.99791   0.00191949   0.00206061 
        67.5      67.9614     0.997924   0.00191424   0.00205069 
        67.5      68.3007     0.997938   0.00190899   0.00204088 
        67.5      68.6409     0.997952   0.00190375   0.00203115 
        67.5      68.9819     0.997966   0.00189851   0.00202153 
        67.5      69.3238      0.99798   0.00189329   0.00201199 
        67.5      69.6664     0.997994   0.00188809   0.00200254 
        67.5        70.01     0.998008   0.00188291   0.00199318 
        67.5      70.3543     0.998022   0.00187776   0.00198391 
        67.5      70.6996     0.998036   0.00187264   0.00197473 
        67.5      71.0456     0.998049   0.00186755   0.00196563 
        67.5      71.3925     0.998063    0.0018625   0.00195661 
        67.5      71.7402     0.998077   0.00185749   0.00194768 
        67.5      72.0888     0.998091   0.00185252   0.00193883 
        67.5      72.4382     0.998104   0.00184759   0.00193005 
        67.5      72.7884     0.998118    0.0018427   0.00192135 
        67.5      73.1395     0.998131   0.00183786   0.00191273 
        67.5      73.4914     0.998144   0.00183306   0.00190419 
        67.5      73.8442     0.998158    0.0018283   0.00189572 
        67.5      74.1978     0.998171   0.00182359   0.00188732 
        67.5      74.5522     0.998184   0.00181893     0.001879 
        67.5      74.9075     0.998196   0.00181431   0.00187075 
        67.5      75.2636     0.998209   0.00180973   0.00186257 
        67.5      75.6206     0.998222   0.00180519   0.00185445 
        67.5      75.9784     0.998234    0.0018007   0.00184641 
        67.5       76.337     0.998247   0.00179625   0.00183843 
        67.5      76.6965     0.998259   0.00179184   0.00183052 
        67.5      77.0568     0.998271   0.00178746   0.00182268 
        67.5      77.4179     0.998284   0.00178312    0.0018149 
        67.5      77.7799     0.998296   0.00177882   0.00180719 
        67.5      78.1427     0.998308   0.00177454   0.00179954 
        67.5      78.5064      0.99832    0.0017703   0.00179196 
        67.5      78.8709     0.998332   0.00176609   0.00178444 
        67.5      79.2363     0.998344   0.00176191   0.00177698 
        67.5      79.6024     0.998355   0.00175775   0.00176959 
        67.5      79.9695     0.998367   0.00175361   0.00176225 
        67.5      80.3373     0.998379    0.0017495   0.00175498 
        67.5       80.706     0.998391    0.0017454   0.00174777 
        67.5      81.0756     0.998402   0.00174133   0.00174063 
        67.5      81.4459     0.998414   0.00173727   0.00173354 
        67.5      81.8171     0.998426   0.00173323   0.00172652 
        67.5      82.1892     0.998438   0.00172921   0.00171956 
        67.5      82.5621     0.998449    0.0017252   0.00171266 
        67.5      82.9358     0.998461    0.0017212   0.00170582 
        67.5      83.3104     0.998473   0.00171723   0.00169905 
        67.5      83.6858     0.998485   0.00171326   0.00169234 
        67.5      84.0621     0.998496   0.00170931   0.00168569 
        67.5      84.4391     0.998508   0.00170538   0.00167911 
        67.5      84.8171      0.99852   0.00170147   0.00167259 
        67.5      85.1958     0.998532   0.00169758   0.00166614 
        67.5      85.5754     0.998544   0.00169372   0.00165976 
        67.5      85.9559     0.998556   0.00168988   0.00165344 
        67.5      86.3372     0.998567   0.00168607    0.0016472 
        67.5      86.7193     0.998579    0.0016823   0.00164102 
        67.5      87.1022     0.998591   0.00167857   0.00163491 
        67.5       87.486       0.9986   0.00167489   0.00162888 
        67.5      87.8707     0.998609   0.00167128   0.00162297 
        67.5      88.2562     0.998618   0.00166773   0.00161716 
        67.5      88.6425     0.998628   0.00166425   0.00161145 
        67.5      89.0296     0.998637   0.00166085   0.00160583 
        67.5      89.4176     0.998646   0.00165752   0.00160028 
        67.5      89.8065     0.998655   0.00165426   0.00159481 
        67.5      90.1961     0.998663   0.00165108    0.0015894 
        67.5      90.5866      0.99867   0.00164796   0.00158403 
        67.5       90.978     0.998677   0.00164491   0.00157869 
        67.5      91.3702     0.998682   0.00164191   0.00157337 
        67.5      91.7632     0.998686   0.00163896   0.00156806 
        67.5      92.1571     0.998688   0.00163604   0.00156274 
        67.5      92.5518     0.998687   0.00163315   0.00155739 
        67.5      92.9473     0.998684   0.00163026     0.001552 
        67.5      93.3437     0.998678   0.00162737   0.00154655 
        67.5      93.7409     0.998669   0.00162444   0.00154102 
        67.5       94.139     0.998656   0.00162145   0.00153539 
        67.5      94.5379     0.998672   0.00161874   0.00153113 
        67.5      94.9376      0.99869   0.00161604   0.00152705 
        67.5      95.3382     0.998708   0.00161334   0.00152306 
        67.5      95.7396     0.998726   0.00161064   0.00151916 
        67.5      96.1419     0.998743   0.00160795   0.00151534 
        67.5       96.545      0.99876   0.00160527    0.0015116 
        67.5      96.9489     0.998777    0.0016026   0.00150794 
        67.5      97.3537     0.998793   0.00159995   0.00150437 
        67.5      97.7593     0.998809   0.00159732   0.00150088 
        67.5      98.1657     0.998824   0.00159472   0.00149746 
        67.5       98.573     0.998839   0.00159215   0.00149412 
        67.5      98.9811     0.998854    0.0015896   0.00149086 
        67.5      99.3901     0.998868   0.00158709   0.00148768 
        67.5      99.7999     0.998882   0.00158462   0.00148456 
        67.5      100.211     0.998896   0.00158218   0.00148152 
        67.5      100.622     0.998909   0.00157978   0.00147856 
        67.5      101.034     0.998922   0.00157743   0.00147566 
        67.5      101.448     0.998934   0.00157512   0.00147283 
        67.5      101.862     0.998946   0.00157264   0.00146965 
        67.5      102.276     0.998959   0.00156945   0.00146517 
        67.5      102.692     0.998971   0.00156628   0.00146077 
        67.5      103.109     0.998983   0.00156313   0.00145645 
        67.5      103.526     0.998995      0.00156   0.00145221 
        67.5      103.944     0.999006    0.0015569   0.00144805 
        67.5      104.363     0.999016   0.00155383   0.00144396 
        67.5      104.783     0.999026   0.00155079   0.00143994 
        67.5      105.204     0.999036   0.00154779     0.001436 
        67.5      105.625     0.999045   0.00154482   0.00143213 
        67.5      106.048     0.999053    0.0015419   0.00142834 
        67.5      106.471     0.999061   0.00153901   0.00142461 
        67.5      106.895     0.999069   0.00153616   0.00142095 
        67.5       107.32     0.999076   0.00153337   0.00141736 
        67.5      107.746     0.999083   0.00153061   0.00141384 
        67.5      108.172     0.999089    0.0015279   0.00141038 
        67.5        108.6     0.999095   0.00152525   0.00140699 
        67.5      109.028       0.9991   0.00152263   0.00140367 
        67.5      109.457     0.999105   0.00152007   0.00140041 
        67.5      109.887     0.999109   0.00151756   0.00139721 
        67.5      110.318     0.999114    0.0015151   0.00139407 
        67.5      110.749     0.999117   0.00151268   0.00139099 
        67.5      111.182     0.999121   0.00151032   0.00138798 
        67.5      111.615     0.999124     0.001508   0.00138502 
        67.5      112.049     0.999126   0.00150573   0.00138212 
        67.5      112.484     0.999129   0.00150351   0.00137928 
        67.5       112.92     0.999131   0.00150134    0.0013765 
        67.5      113.357     0.999132   0.00149921   0.00137377 
        67.5      113.794     0.999134   0.00149713    0.0013711 
        67.5      114.232     0.999135   0.00149508   0.00136848 
        67.5      114.672     0.999136   0.00149308   0.00136592 
        67.5      115.112     0.999136   0.00149112   0.00136341 
        67.5      115.552     0.999137    0.0014892   0.00136096 
        67.5      115.994     0.999137   0.00148731   0.00135855 
        67.5      116.437     0.999137   0.00148546    0.0013562 
        67.5       116.88     0.999137   0.00148364    0.0013539 
        67.5      117.324     0.999136   0.00148185   0.00135165 
        67.5      117.769     0.999136   0.00148009   0.00134945 
        67.5      118.215     0.999135   0.00147835   0.00134729 
        67.5      118.662     0.999135   0.00147664   0.00134519 
        67.5      119.109     0.999134   0.00147494   0.00134314 
        67.5      119.558     0.999133   0.00147327   0.00134113 
        67.5      120.007     0.999132    0.0014716   0.00133917 
        67.5      120.457     0.999131   0.00146995   0.00133726 
        67.5      120.908      0.99913   0.00146831    0.0013354 
        67.5       121.36      0.99913   0.00146668   0.00133358 
        67.5      121.812     0.999129   0.00146505   0.00133181 
        67.5      122.266     0.999128   0.00146342   0.00133009 
        67.5       122.72     0.999128   0.00146179   0.00132841 
        67.5      123.175     0.999127   0.00146015   0.00132678 
        67.5      123.631     0.999127   0.00145851   0.00132519 
        67.5      124.088     0.999127   0.00145686   0.00132365 
        67.5      124.546     0.999127    0.0014552   0.00132215 
        67.5      125.004     0.999127   0.00145352    0.0013207 
        67.5      125.463     0.999128   0.00145182    0.0013193 
        67.5      125.923     0.999128    0.0014501   0.00131794 
        67.5      126.384      0.99913   0.00144836   0.00131663 
        67.5      126.846     0.999131   0.00144659   0.00131536 
        67.5      127.309     0.999133    0.0014448   0.00131414 
        67.5      127.772     0.999135   0.00144297   0.00131297 
        67.5      128.237     0.999137   0.00144112   0.00131184 
        67.5      128.702      0.99914   0.00143923   0.00131076 
        67.5      129.168     0.999144   0.00143731   0.00130973 
        67.5      129.635     0.999148   0.00143535   0.00130874 
        67.5      130.102     0.999152   0.00143335    0.0013078 
        67.5      130.571     0.999157   0.00143131   0.00130691 
        67.5       131.04     0.999162   0.00142924   0.00130607 
        67.5      131.511     0.999168   0.00142713   0.00130528 
        67.5      131.982     0.999175   0.00142497   0.00130453 
        67.5      132.453     0.999182   0.00142278   0.00130384 
        67.5      132.926      0.99919   0.00142054    0.0013032 
        67.5        133.4     0.999199   0.00141827   0.00130261 
        67.5      133.874     0.999208   0.00141595   0.00130208 
        67.5      134.349     0.999218    0.0014136    0.0013016 
        67.5      134.825     0.999228   0.00141122   0.00130117 
        67.5      135.302      0.99924    0.0014088    0.0013008 
        67.5       135.78     0.999252   0.00140635   0.00130048 
        67.5      136.259     0.999265   0.00140387   0.00130023 
        67.5      136.738     0.999278   0.00140136   0.00130003 
        67.5      137.218     0.999293   0.00139884   0.00129989 
        67.5        137.7     0.999308   0.00139629   0.00129981 
        67.5      138.182     0.999325   0.00139374    0.0012998 
        67.5      138.664     0.999342   0.00139117   0.00129985 
        67.5      139.148      0.99936    0.0013886   0.00129996 
        67.5      139.632     0.999379   0.00138604   0.00130014 
        67.5      140.118     0.999399   0.00138349   0.00130039 
        67.5      140.604     0.999419   0.00138096   0.00130071 
        67.5      141.091     0.999441   0.00137845    0.0013011 
        67.5      141.579     0.999464   0.00137599   0.00130157 
        67.5      142.067     0.999487   0.00137356   0.00130211 
        67.5      142.557     0.999512   0.00137119   0.00130272 
        67.5      143.047     0.999538   0.00136889   0.00130342 
        67.5      143.538     0.999564   0.00136666   0.00130419 
        67.5       144.03     0.999592   0.00136453   0.00130505 
        67.5      144.523      0.99962    0.0013625   0.00130599 
        67.5      145.017      0.99965   0.00136058   0.00130702 
        67.5      145.511     0.999681    0.0013588   0.00130814 
        67.5      146.007     0.999712   0.00135716   0.00130935 
        67.5      146.503     0.999745   0.00135569   0.00131066 
        67.5          147     0.999778   0.00135441   0.00131206 
        67.5      147.498     0.999813   0.00135332   0.00131356 
        67.5      147.997     0.999848   0.00135245   0.00131517 
        67.5      148.496     0.999885   0.00135183   0.00131687 
        67.5      148.997     0.999922   0.00135147   0.00131869 
        67.5      149.498     0.999961   0.00135139   0.00132061 
        67.5          150            1   0.00135163   0.00132265 
