Variables = x, y, u, v, p

Zone, I=600, F=POINT
        82.5         -0.5            0            0    0.0126306 
        82.5    -0.499581  0.000131713  9.31855e-10    0.0126306 
        82.5    -0.498322  0.000527875   1.8262e-08    0.0126307 
        82.5    -0.496225   0.00118904  9.53912e-08    0.0126307 
        82.5    -0.493289   0.00211749  3.04236e-07    0.0126307 
        82.5    -0.489514   0.00331598  7.44522e-07    0.0126308 
        82.5      -0.4849   0.00478799  1.54285e-06    0.0126309 
        82.5    -0.479447    0.0065378  2.85155e-06    0.0126309 
        82.5    -0.473155   0.00857039  4.84724e-06     0.012631 
        82.5    -0.466024    0.0108915  7.72935e-06    0.0126311 
        82.5    -0.458055    0.0135071  1.17177e-05    0.0126312 
        82.5    -0.449246    0.0164249   1.7053e-05    0.0126313 
        82.5    -0.439599    0.0196519  2.39905e-05    0.0126315 
        82.5    -0.429113    0.0231968  3.28026e-05    0.0126316 
        82.5    -0.417787    0.0270686  4.37745e-05    0.0126317 
        82.5    -0.405623     0.031276  5.71992e-05    0.0126318 
        82.5     -0.39262     0.035829  7.33798e-05     0.012632 
        82.5    -0.378778    0.0407378  9.26237e-05    0.0126321 
        82.5    -0.364097     0.046013   0.00011524    0.0126323 
        82.5    -0.348578    0.0516649  0.000141533    0.0126324 
        82.5    -0.332219    0.0577054  0.000171808    0.0126325 
        82.5    -0.315021    0.0641452  0.000206352    0.0126327 
        82.5    -0.296985    0.0709954  0.000245434    0.0126328 
        82.5     -0.27811    0.0782677  0.000289304    0.0126329 
        82.5    -0.258395    0.0859737  0.000338176     0.012633 
        82.5    -0.237842    0.0941202   0.00039237    0.0126331 
        82.5     -0.21645     0.102714  0.000452085    0.0126331 
        82.5    -0.194219     0.111764  0.000517422    0.0126331 
        82.5    -0.171149     0.121278  0.000588551     0.012633 
        82.5     -0.14724     0.131262  0.000665625    0.0126329 
        82.5    -0.122493     0.141719   0.00074876    0.0126328 
        82.5    -0.096906     0.152656  0.000838052    0.0126325 
        82.5    -0.070481     0.164072  0.000933542    0.0126322 
        82.5    -0.043216      0.17597   0.00103523    0.0126317 
        82.5    -0.015113     0.188348   0.00114303    0.0126311 
        82.5     0.013829     0.201204   0.00125706    0.0126303 
        82.5     0.043611     0.214535   0.00137722    0.0126294 
        82.5     0.074231     0.228334   0.00150334    0.0126284 
        82.5      0.10569     0.242597   0.00163546     0.012627 
        82.5     0.137987     0.257316   0.00177348    0.0126254 
        82.5     0.171124     0.272484    0.0019172    0.0126234 
        82.5       0.2051      0.28809   0.00206645    0.0126212 
        82.5     0.239914      0.30412   0.00222122    0.0126187 
        82.5     0.275568     0.320566   0.00238107    0.0126157 
        82.5      0.31206      0.33741   0.00254626    0.0126122 
        82.5     0.349391     0.354638   0.00271658    0.0126081 
        82.5     0.387562     0.372233   0.00289166    0.0126034 
        82.5     0.426571     0.390178   0.00307122    0.0125982 
        82.5     0.466419     0.408453   0.00325511    0.0125924 
        82.5     0.507106     0.427035   0.00344326    0.0125858 
        82.5     0.548631       0.4459   0.00363559    0.0125785 
        82.5     0.590996     0.465022   0.00383202    0.0125703 
        82.5       0.6342      0.48437   0.00403225    0.0125611 
        82.5     0.678242     0.503912   0.00423576    0.0125507 
        82.5     0.723124     0.523613   0.00444157    0.0125389 
        82.5     0.768844     0.543527   0.00465006     0.012526 
        82.5     0.815403     0.563593   0.00486239    0.0125124 
        82.5     0.862801     0.583615   0.00507605    0.0124974 
        82.5     0.911038     0.603557    0.0052907     0.012481 
        82.5     0.960114     0.623383   0.00550597     0.012463 
        82.5      1.01003     0.643055   0.00572145    0.0124433 
        82.5      1.06078     0.662534   0.00593668     0.012422 
        82.5      1.11238     0.681779   0.00615114    0.0123988 
        82.5      1.16481     0.700745   0.00636427    0.0123739 
        82.5      1.21808     0.719389   0.00657548    0.0123471 
        82.5      1.27219     0.737663   0.00678411    0.0123183 
        82.5      1.32713     0.755518   0.00698951    0.0122876 
        82.5      1.38292     0.772904   0.00719098     0.012255 
        82.5      1.43955     0.789767   0.00738779    0.0122203 
        82.5      1.49701     0.806051   0.00757922    0.0121837 
        82.5      1.55532       0.8217   0.00776457    0.0121451 
        82.5      1.61446     0.836651   0.00794314    0.0121046 
        82.5      1.67444     0.850844   0.00811429    0.0120623 
        82.5      1.73526     0.864212   0.00827744    0.0120182 
        82.5      1.79692     0.876496   0.00843247    0.0119714 
        82.5      1.85942      0.88799    0.0085792    0.0119225 
        82.5      1.92276     0.898779   0.00871757    0.0118717 
        82.5      1.98693     0.908863   0.00884759    0.0118192 
        82.5      2.05195     0.918245   0.00896931    0.0117649 
        82.5       2.1178     0.926931    0.0090828     0.011709 
        82.5       2.1845     0.934927   0.00918815    0.0116515 
        82.5      2.25203     0.942244   0.00928546    0.0115925 
        82.5       2.3204     0.948895   0.00937486     0.011532 
        82.5      2.38961     0.954895    0.0094565    0.0114701 
        82.5      2.45966     0.960262   0.00953055    0.0114069 
        82.5      2.53055     0.965018   0.00959722    0.0113425 
        82.5      2.60227     0.969186   0.00965672    0.0112769 
        82.5      2.67484     0.972793   0.00970931    0.0112103 
        82.5      2.74824     0.975871   0.00975526    0.0111426 
        82.5      2.82248     0.978453   0.00979489     0.011074 
        82.5      2.89757     0.980575   0.00982853    0.0110045 
        82.5      2.97349     0.982279   0.00985657    0.0109342 
        82.5      3.05025     0.983608   0.00987943    0.0108632 
        82.5      3.12785     0.984612   0.00989755    0.0107915 
        82.5      3.20628     0.985341   0.00991144    0.0107193 
        82.5      3.28556     0.985852   0.00992166    0.0106466 
        82.5      3.36567     0.986204   0.00992879    0.0105734 
        82.5      3.44663     0.986463    0.0099335    0.0104997 
        82.5      3.52842     0.986698   0.00993649    0.0104258 
        82.5      3.61105      0.98698   0.00993856    0.0103514 
        82.5      3.69453      0.98739   0.00994055    0.0102768 
        82.5      3.77884     0.987909   0.00994165    0.0102026 
        82.5      3.86398     0.988276   0.00994229    0.0101277 
        82.5      3.94997      0.98858    0.0099417    0.0100523 
        82.5       4.0368     0.988827   0.00993922   0.00997685 
        82.5      4.12446     0.989025   0.00993501   0.00990119 
        82.5      4.21297     0.989171   0.00992996   0.00982549 
        82.5      4.30231     0.989283   0.00992307   0.00974961 
        82.5       4.3925     0.989374   0.00991466   0.00967375 
        82.5      4.48352     0.989455   0.00990557   0.00959793 
        82.5      4.57538     0.989526   0.00989537   0.00952213 
        82.5      4.66807     0.989593   0.00988394   0.00944634 
        82.5      4.76161     0.989663    0.0098717    0.0093706 
        82.5      4.85599     0.989734   0.00985859   0.00929493 
        82.5      4.95121     0.989808   0.00984459   0.00921935 
        82.5      5.04726     0.989883   0.00982968   0.00914393 
        82.5      5.14415     0.989959   0.00981391   0.00906871 
        82.5      5.24189     0.990037   0.00979732   0.00899376 
        82.5      5.34046     0.990114   0.00977977   0.00891896 
        82.5      5.43987     0.990192   0.00976141   0.00884439 
        82.5      5.54012      0.99027   0.00974228   0.00877003 
        82.5      5.64121     0.990348   0.00972225   0.00869601 
        82.5      5.74313     0.990426   0.00970134   0.00862237 
        82.5       5.8459     0.990503   0.00967966   0.00854903 
        82.5       5.9495     0.990581   0.00965721   0.00847601 
        82.5      6.05395     0.990658   0.00963398   0.00840336 
        82.5      6.15923     0.990734   0.00960997   0.00833109 
        82.5      6.26535      0.99081   0.00958516   0.00825924 
        82.5      6.37231     0.990885   0.00955956   0.00818784 
        82.5      6.48011      0.99096   0.00953325   0.00811692 
        82.5      6.58875     0.991034   0.00950634   0.00804644 
        82.5      6.69822     0.991106   0.00947872   0.00797641 
        82.5      6.80854     0.991176    0.0094504   0.00790685 
        82.5       6.9197     0.991246   0.00942139   0.00783779 
        82.5      7.03169     0.991314    0.0093917   0.00776926 
        82.5      7.14452     0.991381   0.00936136   0.00770126 
        82.5      7.25819     0.991447   0.00933038   0.00763381 
        82.5       7.3727     0.991512   0.00929878   0.00756694 
        82.5      7.48806     0.991576   0.00926674   0.00750061 
        82.5      7.60424     0.991639    0.0092342   0.00743483 
        82.5      7.72127     0.991702   0.00920107   0.00736962 
        82.5      7.83914     0.991764   0.00916732   0.00730498 
        82.5      7.95784     0.991826   0.00913293   0.00724092 
        82.5      8.07739      0.99189   0.00909834   0.00717758 
        82.5      8.19777     0.991954   0.00906337   0.00711487 
        82.5      8.31899     0.992018   0.00902791   0.00705274 
        82.5      8.44105     0.992082   0.00899199    0.0069912 
        82.5      8.56395     0.992146   0.00895562   0.00693027 
        82.5      8.68769     0.992211   0.00891886   0.00686995 
        82.5      8.81227     0.992276   0.00888174   0.00681025 
        82.5      8.93768      0.99234   0.00884427   0.00675118 
        82.5      9.06394     0.992405   0.00880648   0.00669273 
        82.5      9.19103     0.992469    0.0087684    0.0066349 
        82.5      9.31897     0.992532   0.00873001   0.00657769 
        82.5      9.44774     0.992595   0.00869132   0.00652109 
        82.5      9.57735     0.992658   0.00865242   0.00646526 
        82.5       9.7078      0.99272   0.00861326   0.00641013 
        82.5      9.83909     0.992781   0.00857385   0.00635561 
        82.5      9.97121     0.992841   0.00853418   0.00630169 
        82.5      10.1042       0.9929   0.00849427   0.00624835 
        82.5       10.238     0.992957   0.00845414    0.0061956 
        82.5      10.3726     0.993012   0.00841377   0.00614341 
        82.5      10.5081     0.993066   0.00837318   0.00609179 
        82.5      10.6444     0.993117   0.00833236   0.00604073 
        82.5      10.7816     0.993168   0.00829175   0.00599048 
        82.5      10.9196     0.993218   0.00825103   0.00594085 
        82.5      11.0584     0.993268   0.00821015   0.00589182 
        82.5      11.1981     0.993317   0.00816912   0.00584338 
        82.5      11.3386     0.993365   0.00812794   0.00579554 
        82.5        11.48     0.993413   0.00808662   0.00574829 
        82.5      11.6222      0.99346   0.00804519   0.00570164 
        82.5      11.7652     0.993506   0.00800366   0.00565556 
        82.5      11.9091     0.993552   0.00796205   0.00561007 
        82.5      12.0538     0.993597    0.0079204   0.00556515 
        82.5      12.1993     0.993642   0.00787874   0.00552078 
        82.5      12.3457     0.993687   0.00783709   0.00547696 
        82.5       12.493     0.993731   0.00779549   0.00543368 
        82.5       12.641     0.993774   0.00775398   0.00539091 
        82.5      12.7899     0.993818   0.00771257   0.00534865 
        82.5      12.9397     0.993861   0.00767131   0.00530686 
        82.5      13.0903     0.993904   0.00762987   0.00526568 
        82.5      13.2417     0.993946   0.00758814    0.0052252 
        82.5      13.3939     0.993989   0.00754652   0.00518523 
        82.5       13.547     0.994031   0.00750503   0.00514577 
        82.5       13.701     0.994073   0.00746366   0.00510681 
        82.5      13.8558     0.994114   0.00742242   0.00506832 
        82.5      14.0114     0.994156    0.0073813   0.00503032 
        82.5      14.1678     0.994196   0.00734029   0.00499277 
        82.5      14.3251     0.994237   0.00729939   0.00495567 
        82.5      14.4833     0.994277   0.00725857   0.00491901 
        82.5      14.6422     0.994316   0.00721781   0.00488277 
        82.5       14.802     0.994355     0.007177    0.0048471 
        82.5      14.9627     0.994393   0.00713632    0.0048119 
        82.5      15.1242     0.994431   0.00709578   0.00477714 
        82.5      15.2865     0.994468   0.00705538   0.00474281 
        82.5      15.4497     0.994504   0.00701511   0.00470892 
        82.5      15.6137     0.994541   0.00697498   0.00467545 
        82.5      15.7785     0.994576   0.00693498   0.00464241 
        82.5      15.9442     0.994612   0.00689511   0.00460978 
        82.5      16.1107     0.994646   0.00685539   0.00457755 
        82.5      16.2781     0.994681   0.00681579   0.00454573 
        82.5      16.4463     0.994715   0.00677634   0.00451431 
        82.5      16.6153     0.994748   0.00673704   0.00448328 
        82.5      16.7852     0.994782   0.00669787   0.00445264 
        82.5      16.9559     0.994814   0.00665887   0.00442237 
        82.5      17.1275     0.994847   0.00662001   0.00439248 
        82.5      17.2999     0.994879   0.00658132   0.00436296 
        82.5      17.4731      0.99491   0.00654279   0.00433379 
        82.5      17.6472     0.994942   0.00650443   0.00430499 
        82.5      17.8221     0.994972   0.00646623   0.00427654 
        82.5      17.9979     0.995003   0.00642822   0.00424843 
        82.5      18.1744     0.995033   0.00639037   0.00422066 
        82.5      18.3519     0.995063   0.00635271   0.00419322 
        82.5      18.5301     0.995093   0.00631522   0.00416612 
        82.5      18.7093     0.995122   0.00627791   0.00413934 
        82.5      18.8892     0.995151   0.00624077   0.00411287 
        82.5        19.07     0.995179   0.00620379   0.00408672 
        82.5      19.2516     0.995208   0.00616698   0.00406088 
        82.5      19.4341     0.995236    0.0061304   0.00403538 
        82.5      19.6174     0.995263   0.00609403    0.0040102 
        82.5      19.8015     0.995291   0.00605785   0.00398531 
        82.5      19.9865     0.995318   0.00602186   0.00396072 
        82.5      20.1723     0.995345   0.00598606    0.0039364 
        82.5       20.359     0.995371   0.00595045   0.00391236 
        82.5      20.5465     0.995398   0.00591501   0.00388858 
        82.5      20.7348     0.995424   0.00587979   0.00386503 
        82.5       20.924      0.99545   0.00584477   0.00384174 
        82.5       21.114     0.995475   0.00580993    0.0038187 
        82.5      21.3048     0.995501   0.00577527   0.00379592 
        82.5      21.4965     0.995526   0.00574079    0.0037734 
        82.5       21.689     0.995551   0.00570651   0.00375112 
        82.5      21.8824     0.995576   0.00567241   0.00372909 
        82.5      22.0766       0.9956   0.00563851   0.00370729 
        82.5      22.2717     0.995625   0.00560481   0.00368574 
        82.5      22.4675     0.995649   0.00557131   0.00366443 
        82.5      22.6643     0.995672     0.005538   0.00364335 
        82.5      22.8618     0.995696    0.0055049   0.00362249 
        82.5      23.0602      0.99572   0.00547201   0.00360186 
        82.5      23.2595     0.995743   0.00543931   0.00358145 
        82.5      23.4596     0.995766   0.00540683   0.00356126 
        82.5      23.6605     0.995789   0.00537455   0.00354129 
        82.5      23.8622     0.995811   0.00534247   0.00352153 
        82.5      24.0648     0.995834   0.00531059   0.00350197 
        82.5      24.2683     0.995856   0.00527893   0.00348262 
        82.5      24.4725     0.995878   0.00524746   0.00346346 
        82.5      24.6776       0.9959   0.00521619   0.00344451 
        82.5      24.8836     0.995921   0.00518513   0.00342574 
        82.5      25.0904     0.995943   0.00515426   0.00340716 
        82.5       25.298     0.995964   0.00512359   0.00338877 
        82.5      25.5065     0.995985   0.00509312   0.00337057 
        82.5      25.7158     0.996006   0.00506284   0.00335253 
        82.5      25.9259     0.996027   0.00503275   0.00333468 
        82.5      26.1369     0.996047   0.00500285   0.00331699 
        82.5      26.3487     0.996068   0.00497314   0.00329948 
        82.5      26.5614     0.996088   0.00494361   0.00328212 
        82.5      26.7749     0.996108   0.00491427   0.00326493 
        82.5      26.9892     0.996128   0.00488512   0.00324789 
        82.5      27.2044     0.996148   0.00485614   0.00323098 
        82.5      27.4204     0.996168   0.00482734   0.00321419 
        82.5      27.6373     0.996188   0.00479872   0.00319754 
        82.5       27.855     0.996207   0.00477029   0.00318105 
        82.5      28.0735     0.996227   0.00474205    0.0031647 
        82.5      28.2929     0.996246     0.004714    0.0031485 
        82.5      28.5131     0.996266   0.00468615   0.00313244 
        82.5      28.7342     0.996285    0.0046585   0.00311654 
        82.5      28.9561     0.996305   0.00463107   0.00310078 
        82.5      29.1788     0.996324   0.00460386   0.00308518 
        82.5      29.4024     0.996343   0.00457677   0.00306972 
        82.5      29.6268     0.996362   0.00454965   0.00305439 
        82.5       29.852      0.99638   0.00452295    0.0030392 
        82.5      30.0781     0.996398   0.00449651   0.00302415 
        82.5       30.305     0.996416   0.00447025   0.00300922 
        82.5      30.5328     0.996434   0.00444416   0.00299441 
        82.5      30.7614     0.996451   0.00441824   0.00297973 
        82.5      30.9908     0.996469    0.0043925   0.00296516 
        82.5      31.2211     0.996487   0.00436693   0.00295072 
        82.5      31.4522     0.996505   0.00434154   0.00293639 
        82.5      31.6842     0.996522   0.00431633   0.00292218 
        82.5       31.917      0.99654   0.00429129   0.00290808 
        82.5      32.1506     0.996557   0.00426642    0.0028941 
        82.5      32.3851     0.996574   0.00424173   0.00288022 
        82.5      32.6204     0.996592   0.00421721   0.00286646 
        82.5      32.8565     0.996609   0.00419286    0.0028528 
        82.5      33.0935     0.996626   0.00416869   0.00283925 
        82.5      33.3314     0.996643   0.00414469    0.0028258 
        82.5        33.57      0.99666   0.00412086   0.00281246 
        82.5      33.8095     0.996676    0.0040972   0.00279922 
        82.5      34.0499     0.996693   0.00407372   0.00278607 
        82.5      34.2911      0.99671    0.0040504   0.00277303 
        82.5      34.5331     0.996726   0.00402725   0.00276008 
        82.5       34.776     0.996743   0.00400427   0.00274723 
        82.5      35.0197     0.996759   0.00398145   0.00273447 
        82.5      35.2642     0.996775   0.00395881    0.0027218 
        82.5      35.5096     0.996791   0.00393632   0.00270923 
        82.5      35.7558     0.996808     0.003914   0.00269675 
        82.5      36.0029     0.996824   0.00389184   0.00268435 
        82.5      36.2508      0.99684   0.00386985   0.00267205 
        82.5      36.4995     0.996855   0.00384801   0.00265983 
        82.5      36.7491     0.996871   0.00382633   0.00264769 
        82.5      36.9995     0.996887   0.00380481   0.00263564 
        82.5      37.2507     0.996903   0.00378345   0.00262368 
        82.5      37.5028     0.996918   0.00376224   0.00261179 
        82.5      37.7558     0.996934   0.00374119   0.00259999 
        82.5      38.0095     0.996949   0.00372029   0.00258828 
        82.5      38.2641     0.996965   0.00369954   0.00257664 
        82.5      38.5196      0.99698   0.00367895   0.00256508 
        82.5      38.7759     0.996996    0.0036585   0.00255361 
        82.5       39.033     0.997011    0.0036382   0.00254221 
        82.5      39.2909     0.997026   0.00361806   0.00253089 
        82.5      39.5498     0.997041   0.00359805   0.00251965 
        82.5      39.8094     0.997056    0.0035782   0.00250849 
        82.5      40.0699     0.997072   0.00355849   0.00249742 
        82.5      40.3312     0.997087   0.00353893   0.00248641 
        82.5      40.5933     0.997102   0.00351951   0.00247549 
        82.5      40.8563     0.997117   0.00350024   0.00246465 
        82.5      41.1202     0.997132   0.00348111   0.00245389 
        82.5      41.3849     0.997146   0.00346213   0.00244321 
        82.5      41.6504     0.997161   0.00344329   0.00243261 
        82.5      41.9167     0.997176    0.0034246    0.0024221 
        82.5      42.1839      0.99719   0.00340605   0.00241167 
        82.5      42.4519     0.997205   0.00338765   0.00240132 
        82.5      42.7208     0.997219   0.00336939   0.00239106 
        82.5      42.9905     0.997234    0.0033514    0.0023808 
        82.5      43.2611     0.997248   0.00333367   0.00237054 
        82.5      43.5325     0.997262   0.00331608   0.00236032 
        82.5      43.8047     0.997276   0.00329864   0.00235015 
        82.5      44.0777      0.99729   0.00328133   0.00234002 
        82.5      44.3516     0.997304   0.00326416   0.00232993 
        82.5      44.6264     0.997317   0.00324711   0.00231987 
        82.5       44.902     0.997331   0.00323018   0.00230985 
        82.5      45.1784     0.997344   0.00321337   0.00229985 
        82.5      45.4556     0.997358   0.00319644   0.00229008 
        82.5      45.7337     0.997372   0.00317962   0.00228041 
        82.5      46.0127     0.997387   0.00316298    0.0022708 
        82.5      46.2925     0.997401    0.0031465   0.00226123 
        82.5      46.5731     0.997414   0.00313018   0.00225172 
        82.5      46.8545     0.997428     0.003114   0.00224226 
        82.5      47.1368     0.997442   0.00309797   0.00223285 
        82.5      47.4199     0.997456   0.00308207    0.0022235 
        82.5      47.7039     0.997469    0.0030663    0.0022142 
        82.5      47.9887     0.997483   0.00305065   0.00220495 
        82.5      48.2744     0.997496   0.00303512   0.00219576 
        82.5      48.5609      0.99751   0.00301969   0.00218663 
        82.5      48.8482     0.997523   0.00300438   0.00217755 
        82.5      49.1363     0.997537   0.00298916   0.00216853 
        82.5      49.4253      0.99755   0.00297405   0.00215957 
        82.5      49.7152     0.997564   0.00295903   0.00215066 
        82.5      50.0059     0.997577   0.00294412   0.00214181 
        82.5      50.2974      0.99759   0.00292929   0.00213302 
        82.5      50.5897     0.997603   0.00291457   0.00212429 
        82.5      50.8829     0.997617   0.00289993   0.00211561 
        82.5       51.177      0.99763   0.00288545     0.002107 
        82.5      51.4719     0.997643   0.00287122   0.00209845 
        82.5      51.7676     0.997655   0.00285712   0.00208994 
        82.5      52.0641     0.997668   0.00284313   0.00208149 
        82.5      52.3615     0.997681   0.00282927   0.00207309 
        82.5      52.6597     0.997694   0.00281552   0.00206474 
        82.5      52.9588     0.997706   0.00280189   0.00205644 
        82.5      53.2587     0.997719   0.00278838   0.00204819 
        82.5      53.5595     0.997732   0.00277498   0.00203998 
        82.5      53.8611     0.997744   0.00276169   0.00203183 
        82.5      54.1635     0.997757   0.00274852   0.00202372 
        82.5      54.4667     0.997769   0.00273545   0.00201566 
        82.5      54.7708     0.997781    0.0027225   0.00200765 
        82.5      55.0758     0.997794   0.00270966   0.00199969 
        82.5      55.3816     0.997806   0.00269693   0.00199177 
        82.5      55.6882     0.997819    0.0026843    0.0019839 
        82.5      55.9956     0.997831   0.00267178   0.00197608 
        82.5      56.3039     0.997843   0.00265937    0.0019683 
        82.5      56.6131     0.997855   0.00264706   0.00196057 
        82.5      56.9231     0.997868   0.00263486   0.00195289 
        82.5      57.2339      0.99788   0.00262276   0.00194526 
        82.5      57.5455     0.997892   0.00261076   0.00193767 
        82.5       57.858     0.997904   0.00259886   0.00193013 
        82.5      58.1713     0.997916   0.00258706   0.00192264 
        82.5      58.4855     0.997928   0.00257535   0.00191519 
        82.5      58.8005      0.99794   0.00256374    0.0019078 
        82.5      59.1164     0.997952   0.00255223   0.00190045 
        82.5      59.4331     0.997964    0.0025408   0.00189316 
        82.5      59.7506     0.997976   0.00252947   0.00188591 
        82.5       60.069     0.997987   0.00251822   0.00187872 
        82.5      60.3882     0.997999   0.00250706   0.00187157 
        82.5      60.7082     0.998011   0.00249597   0.00186448 
        82.5      61.0291     0.998023   0.00248496   0.00185744 
        82.5      61.3508     0.998034   0.00247403   0.00185046 
        82.5      61.6734     0.998046   0.00246316   0.00184353 
        82.5      61.9968     0.998058   0.00245236   0.00183666 
        82.5       62.321     0.998069   0.00244162   0.00182985 
        82.5      62.6461     0.998081   0.00243094   0.00182309 
        82.5       62.972     0.998093    0.0024203    0.0018164 
        82.5      63.2987     0.998104   0.00240971   0.00180976 
        82.5      63.6263     0.998116   0.00239915   0.00180319 
        82.5      63.9548     0.998128   0.00238862   0.00179668 
        82.5       64.284     0.998139   0.00237811   0.00179024 
        82.5      64.6141     0.998151   0.00236762   0.00178387 
        82.5      64.9451     0.998163   0.00235712   0.00177757 
        82.5      65.2769     0.998175   0.00234663   0.00177134 
        82.5      65.6095     0.998187    0.0023361   0.00176503 
        82.5       65.943     0.998199    0.0023257   0.00175796 
        82.5      66.2773     0.998211   0.00231562   0.00175097 
        82.5      66.6124     0.998223   0.00230584   0.00174406 
        82.5      66.9484     0.998234   0.00229635   0.00173724 
        82.5      67.2852     0.998244   0.00228712   0.00173052 
        82.5      67.6229     0.998254   0.00227814   0.00172389 
        82.5      67.9614     0.998263   0.00226938   0.00171736 
        82.5      68.3007     0.998273   0.00226084   0.00171094 
        82.5      68.6409     0.998281   0.00225248   0.00170463 
        82.5      68.9819      0.99829   0.00224431   0.00169843 
        82.5      69.3238     0.998298   0.00223629   0.00169234 
        82.5      69.6664     0.998307   0.00222843   0.00168638 
        82.5        70.01     0.998315   0.00222069   0.00168054 
        82.5      70.3543     0.998323   0.00221307   0.00167483 
        82.5      70.6996     0.998331   0.00220556   0.00166925 
        82.5      71.0456     0.998339   0.00219815   0.00166381 
        82.5      71.3925     0.998347   0.00219082    0.0016585 
        82.5      71.7402     0.998355   0.00218357   0.00165334 
        82.5      72.0888     0.998365   0.00217621   0.00164793 
        82.5      72.4382     0.998377   0.00216849   0.00164182 
        82.5      72.7884     0.998388   0.00216069   0.00163577 
        82.5      73.1395       0.9984   0.00215283   0.00162979 
        82.5      73.4914     0.998411   0.00214491   0.00162389 
        82.5      73.8442     0.998422   0.00213692   0.00161806 
        82.5      74.1978     0.998432   0.00212887   0.00161231 
        82.5      74.5522     0.998443   0.00212077   0.00160665 
        82.5      74.9075     0.998454   0.00211262   0.00160107 
        82.5      75.2636     0.998464   0.00210443   0.00159558 
        82.5      75.6206     0.998474   0.00209621   0.00159018 
        82.5      75.9784     0.998485   0.00208797   0.00158486 
        82.5       76.337     0.998495   0.00207971   0.00157964 
        82.5      76.6965     0.998506   0.00207145   0.00157452 
        82.5      77.0568     0.998516    0.0020632   0.00156948 
        82.5      77.4179     0.998526   0.00205496   0.00156454 
        82.5      77.7799     0.998537   0.00204674   0.00155969 
        82.5      78.1427     0.998548   0.00203857   0.00155493 
        82.5      78.5064     0.998558   0.00203045   0.00155025 
        82.5      78.8709     0.998569   0.00202239   0.00154566 
        82.5      79.2363      0.99858    0.0020144   0.00154116 
        82.5      79.6024     0.998592    0.0020065   0.00153674 
        82.5      79.9695     0.998603   0.00199869   0.00153239 
        82.5      80.3373     0.998615     0.001991   0.00152811 
        82.5       80.706     0.998626   0.00198342    0.0015239 
        82.5      81.0756     0.998638   0.00197598   0.00151976 
        82.5      81.4459      0.99865   0.00196867   0.00151567 
        82.5      81.8171     0.998662   0.00196152   0.00151163 
        82.5      82.1892     0.998674   0.00195452   0.00150763 
        82.5      82.5621     0.998686   0.00194769   0.00150367 
        82.5      82.9358     0.998697   0.00194104   0.00149974 
        82.5      83.3104     0.998709   0.00193457   0.00149582 
        82.5      83.6858      0.99872   0.00192828   0.00149191 
        82.5      84.0621     0.998731   0.00192218   0.00148801 
        82.5      84.4391     0.998741   0.00191627   0.00148409 
        82.5      84.8171     0.998751   0.00191055   0.00148014 
        82.5      85.1958     0.998759   0.00190502   0.00147617 
        82.5      85.5754     0.998767   0.00189967   0.00147214 
        82.5      85.9559     0.998774   0.00189451   0.00146806 
        82.5      86.3372     0.998779   0.00188952   0.00146389 
        82.5      86.7193     0.998783    0.0018847   0.00145964 
        82.5      87.1022     0.998785   0.00188003   0.00145528 
        82.5       87.486     0.998785    0.0018755   0.00145081 
        82.5      87.8707     0.998782   0.00187109   0.00144619 
        82.5      88.2562     0.998777   0.00186677   0.00144141 
        82.5      88.6425     0.998769   0.00186254   0.00143646 
        82.5      89.0296     0.998757   0.00185835   0.00143132 
        82.5      89.4176     0.998742   0.00185419   0.00142596 
        82.5      89.8065     0.998744   0.00184886   0.00142147 
        82.5      90.1961     0.998756   0.00184296   0.00141752 
        82.5      90.5866     0.998768   0.00183706   0.00141363 
        82.5       90.978     0.998781   0.00183115    0.0014098 
        82.5      91.3702     0.998793   0.00182524   0.00140602 
        82.5      91.7632     0.998806   0.00181934   0.00140229 
        82.5      92.1571     0.998818   0.00181345   0.00139862 
        82.5      92.5518     0.998831   0.00180757   0.00139501 
        82.5      92.9473     0.998844   0.00180172   0.00139144 
        82.5      93.3437     0.998856   0.00179588   0.00138793 
        82.5      93.7409     0.998869   0.00179008   0.00138447 
        82.5       94.139     0.998881    0.0017843   0.00138106 
        82.5      94.5379     0.998894   0.00177856   0.00137769 
        82.5      94.9376     0.998906   0.00177286   0.00137438 
        82.5      95.3382     0.998919    0.0017672   0.00137112 
        82.5      95.7396     0.998931   0.00176159   0.00136791 
        82.5      96.1419     0.998943   0.00175602   0.00136474 
        82.5       96.545     0.998955    0.0017505   0.00136163 
        82.5      96.9489     0.998967   0.00174503   0.00135855 
        82.5      97.3537     0.998979   0.00173962   0.00135553 
        82.5      97.7593      0.99899   0.00173426   0.00135255 
        82.5      98.1657     0.999001   0.00172896   0.00134961 
        82.5       98.573     0.999012   0.00172373   0.00134672 
        82.5      98.9811     0.999023   0.00171855   0.00134387 
        82.5      99.3901     0.999034   0.00171344   0.00134107 
        82.5      99.7999     0.999044   0.00170839    0.0013383 
        82.5      100.211     0.999054   0.00170341   0.00133558 
        82.5      100.622     0.999064   0.00169849    0.0013329 
        82.5      101.034     0.999074   0.00169364   0.00133026 
        82.5      101.448     0.999083   0.00168886   0.00132765 
        82.5      101.862     0.999092   0.00168415   0.00132509 
        82.5      102.276     0.999101    0.0016795   0.00132257 
        82.5      102.692     0.999109   0.00167492   0.00132008 
        82.5      103.109     0.999117   0.00167041   0.00131763 
        82.5      103.526     0.999125   0.00166596   0.00131522 
        82.5      103.944     0.999133   0.00166158   0.00131284 
        82.5      104.363      0.99914   0.00165727    0.0013105 
        82.5      104.783     0.999147   0.00165302   0.00130819 
        82.5      105.204     0.999154   0.00164884   0.00130591 
        82.5      105.625      0.99916   0.00164472   0.00130367 
        82.5      106.048     0.999166   0.00164066   0.00130146 
        82.5      106.471     0.999171   0.00163666   0.00129929 
        82.5      106.895     0.999177   0.00163272   0.00129714 
        82.5       107.32     0.999182   0.00162884   0.00129503 
        82.5      107.746     0.999187   0.00162501   0.00129294 
        82.5      108.172     0.999191   0.00162124   0.00129089 
        82.5        108.6     0.999195   0.00161751   0.00128886 
        82.5      109.028     0.999199   0.00161384   0.00128687 
        82.5      109.457     0.999203   0.00161021    0.0012849 
        82.5      109.887     0.999206   0.00160662   0.00128295 
        82.5      110.318     0.999209   0.00160308   0.00128104 
        82.5      110.749     0.999212   0.00159958   0.00127915 
        82.5      111.182     0.999214   0.00159611   0.00127728 
        82.5      111.615     0.999217   0.00159267   0.00127544 
        82.5      112.049     0.999219   0.00158926   0.00127363 
        82.5      112.484      0.99922   0.00158589   0.00127184 
        82.5       112.92     0.999222   0.00158253   0.00127007 
        82.5      113.357     0.999223    0.0015792   0.00126832 
        82.5      113.794     0.999224   0.00157588    0.0012666 
        82.5      114.232     0.999225   0.00157258    0.0012649 
        82.5      114.672     0.999226   0.00156929   0.00126321 
        82.5      115.112     0.999227     0.001566   0.00126155 
        82.5      115.552     0.999227   0.00156272   0.00125991 
        82.5      115.994     0.999228   0.00155944   0.00125829 
        82.5      116.437     0.999228   0.00155616   0.00125669 
        82.5       116.88     0.999228   0.00155287    0.0012551 
        82.5      117.324     0.999229   0.00154957   0.00125353 
        82.5      117.769     0.999229   0.00154626   0.00125198 
        82.5      118.215     0.999229   0.00154293   0.00125045 
        82.5      118.662     0.999229   0.00153958   0.00124893 
        82.5      119.109     0.999229   0.00153621   0.00124743 
        82.5      119.558     0.999229   0.00153281   0.00124595 
        82.5      120.007     0.999229   0.00152938   0.00124448 
        82.5      120.457     0.999229   0.00152592   0.00124302 
        82.5      120.908      0.99923   0.00152242   0.00124158 
        82.5       121.36      0.99923   0.00151888   0.00124016 
        82.5      121.812     0.999231   0.00151529   0.00123874 
        82.5      122.266     0.999232   0.00151166   0.00123734 
        82.5       122.72     0.999233   0.00150798   0.00123595 
        82.5      123.175     0.999234   0.00150425   0.00123457 
        82.5      123.631     0.999235   0.00150047   0.00123321 
        82.5      124.088     0.999237   0.00149662   0.00123186 
        82.5      124.546     0.999239   0.00149272   0.00123051 
        82.5      125.004     0.999241   0.00148876   0.00122918 
        82.5      125.463     0.999242   0.00148502   0.00122816 
        82.5      125.923     0.999242   0.00148154   0.00122747 
        82.5      126.384     0.999242   0.00147802   0.00122682 
        82.5      126.846     0.999243   0.00147447   0.00122622 
        82.5      127.309     0.999243    0.0014709   0.00122567 
        82.5      127.772     0.999245   0.00146729   0.00122517 
        82.5      128.237     0.999246   0.00146365   0.00122471 
        82.5      128.702     0.999248   0.00145998    0.0012243 
        82.5      129.168     0.999251   0.00145628   0.00122393 
        82.5      129.635     0.999254   0.00145255    0.0012236 
        82.5      130.102     0.999258   0.00144878   0.00122332 
        82.5      130.571     0.999262   0.00144498   0.00122309 
        82.5       131.04     0.999266   0.00144116    0.0012229 
        82.5      131.511     0.999272    0.0014373   0.00122275 
        82.5      131.982     0.999277   0.00143341   0.00122264 
        82.5      132.453     0.999284    0.0014295   0.00122258 
        82.5      132.926     0.999291   0.00142556   0.00122256 
        82.5        133.4     0.999299   0.00142161   0.00122258 
        82.5      133.874     0.999307   0.00141763   0.00122264 
        82.5      134.349     0.999316   0.00141364   0.00122275 
        82.5      134.825     0.999326   0.00140963    0.0012229 
        82.5      135.302     0.999336   0.00140562   0.00122309 
        82.5       135.78     0.999347   0.00140161   0.00122332 
        82.5      136.259     0.999359    0.0013976    0.0012236 
        82.5      136.738     0.999372    0.0013936   0.00122391 
        82.5      137.218     0.999385   0.00138961   0.00122428 
        82.5        137.7     0.999399   0.00138564   0.00122468 
        82.5      138.182     0.999414    0.0013817   0.00122513 
        82.5      138.664      0.99943    0.0013778   0.00122562 
        82.5      139.148     0.999446   0.00137394   0.00122615 
        82.5      139.632     0.999464   0.00137014   0.00122673 
        82.5      140.118     0.999482    0.0013664   0.00122736 
        82.5      140.604       0.9995   0.00136273   0.00122803 
        82.5      141.091      0.99952   0.00135916   0.00122875 
        82.5      141.579     0.999541   0.00135568   0.00122951 
        82.5      142.067     0.999562   0.00135231   0.00123033 
        82.5      142.557     0.999584   0.00134906   0.00123119 
        82.5      143.047     0.999607   0.00134596    0.0012321 
        82.5      143.538      0.99963     0.001343   0.00123306 
        82.5       144.03     0.999654   0.00134022   0.00123407 
        82.5      144.523     0.999679   0.00133763   0.00123514 
        82.5      145.017     0.999705   0.00133524   0.00123625 
        82.5      145.511     0.999732   0.00133307   0.00123743 
        82.5      146.007     0.999759   0.00133115   0.00123866 
        82.5      146.503     0.999787   0.00132949   0.00123994 
        82.5          147     0.999816   0.00132812   0.00124129 
        82.5      147.498     0.999845   0.00132706   0.00124269 
        82.5      147.997     0.999875   0.00132633   0.00124416 
        82.5      148.496     0.999905   0.00132596   0.00124568 
        82.5      148.997     0.999936   0.00132598   0.00124728 
        82.5      149.498     0.999968   0.00132641   0.00124894 
        82.5          150            1   0.00132728   0.00125066 
