Variables = x, y, u, v, p

Zone, I=600, F=POINT
       129.5            0            0            0  -0.00241846 
       129.5     0.000418  0.000199387  2.74311e-09  -0.00241846 
       129.5     0.001672   0.00079763  1.13577e-08  -0.00241845 
       129.5     0.003763   0.00179545  2.70929e-08  -0.00241843 
       129.5     0.006689   0.00319229  5.22787e-08  -0.00241841 
       129.5     0.010451    0.0049892  9.07551e-08  -0.00241838 
       129.5      0.01505   0.00718738  1.48339e-07  -0.00241834 
       129.5     0.020485   0.00978722  2.33325e-07  -0.00241829 
       129.5     0.026756    0.0127898  3.57025e-07  -0.00241823 
       129.5     0.033863    0.0161961    5.342e-07  -0.00241817 
       129.5     0.041806    0.0200077  7.83352e-07   -0.0024181 
       129.5     0.050585    0.0242259  1.12684e-06  -0.00241803 
       129.5     0.060201    0.0288529  1.59084e-06  -0.00241796 
       129.5     0.070652    0.0338892  2.20479e-06  -0.00241791 
       129.5      0.08194    0.0393379  3.00131e-06  -0.00241787 
       129.5     0.094063    0.0451997   4.0151e-06  -0.00241786 
       129.5     0.107023    0.0514778  5.28303e-06  -0.00241788 
       129.5     0.120819    0.0581738  6.84333e-06  -0.00241793 
       129.5     0.135451    0.0652898   8.7364e-06  -0.00241802 
       129.5     0.150919    0.0728283  1.10062e-05  -0.00241812 
       129.5     0.167224     0.080792  1.37034e-05  -0.00241822 
       129.5     0.184364    0.0891824  1.68907e-05  -0.00241827 
       129.5     0.202341    0.0980029  2.06518e-05  -0.00241823 
       129.5     0.221153     0.107255  2.51041e-05    -0.002418 
       129.5     0.240802     0.116942  3.04181e-05  -0.00241745 
       129.5     0.261287     0.127061  3.63298e-05  -0.00241721 
       129.5     0.282608     0.137617  4.29309e-05  -0.00241747 
       129.5     0.304765     0.148614  5.06545e-05  -0.00241769 
       129.5     0.327758     0.160051  5.95618e-05  -0.00241786 
       129.5     0.351588     0.171927   6.9718e-05  -0.00241797 
       129.5     0.376253     0.184239  8.11912e-05  -0.00241802 
       129.5     0.401755     0.196984  9.40567e-05  -0.00241801 
       129.5     0.428092     0.210157  0.000108393  -0.00241792 
       129.5     0.455266     0.223753  0.000124286  -0.00241775 
       129.5     0.483276     0.237765  0.000141822  -0.00241753 
       129.5     0.512122     0.252185  0.000161091  -0.00241725 
       129.5     0.541805     0.267004  0.000182181  -0.00241694 
       129.5     0.572323      0.28221   0.00020517  -0.00241663 
       129.5     0.603677      0.29779  0.000230122  -0.00241636 
       129.5     0.635868     0.313732   0.00025708  -0.00241619 
       129.5     0.668894     0.330016  0.000286044  -0.00241619 
       129.5     0.702757     0.346627  0.000316968  -0.00241644 
       129.5     0.737456     0.363544  0.000349731  -0.00241706 
       129.5     0.772991     0.380781  0.000383986   -0.0024167 
       129.5     0.809362     0.398263  0.000420048  -0.00241579 
       129.5      0.84657     0.415947  0.000457879  -0.00241508 
       129.5     0.884613     0.433811  0.000497267  -0.00241451 
       129.5     0.923492     0.451837   0.00053802  -0.00241406 
       129.5     0.963208     0.470006  0.000579964  -0.00241368 
       129.5      1.00376     0.488295  0.000622943  -0.00241335 
       129.5      1.04515     0.506683  0.000666829  -0.00241301 
       129.5      1.08737     0.525147  0.000711517  -0.00241264 
       129.5      1.13043     0.543661  0.000756932  -0.00241221 
       129.5      1.17433     0.562201  0.000803018  -0.00241168 
       129.5      1.21906     0.580741  0.000849744  -0.00241102 
       129.5      1.26463     0.599252  0.000897095  -0.00241022 
       129.5      1.31103     0.617705  0.000945059  -0.00240928 
       129.5      1.35827     0.636072  0.000993625  -0.00240818 
       129.5      1.40635     0.654319   0.00104276  -0.00240694 
       129.5      1.45526     0.672414    0.0010924  -0.00240558 
       129.5      1.50501     0.690324   0.00114242  -0.00240414 
       129.5       1.5556     0.708011   0.00119261  -0.00240268 
       129.5      1.60702     0.725439   0.00124265  -0.00240128 
       129.5      1.65928     0.742569   0.00129205  -0.00240003 
       129.5      1.71237     0.759361   0.00134013  -0.00239907 
       129.5       1.7663     0.775877   0.00138842  -0.00239804 
       129.5      1.82106     0.792122   0.00144071  -0.00239596 
       129.5      1.87667     0.807777   0.00149189  -0.00239377 
       129.5      1.93311     0.822826   0.00154192  -0.00239149 
       129.5      1.99038     0.837256   0.00159076   -0.0023891 
       129.5      2.04849     0.851053   0.00163835  -0.00238662 
       129.5      2.10744     0.864208   0.00168466  -0.00238405 
       129.5      2.16722     0.876712   0.00172962  -0.00238139 
       129.5      2.22784     0.888557    0.0017732  -0.00237865 
       129.5      2.28929      0.89974   0.00181534  -0.00237582 
       129.5      2.35158     0.910257   0.00185599  -0.00237292 
       129.5      2.41471     0.920107    0.0018951  -0.00236995 
       129.5      2.47867     0.929292   0.00193263  -0.00236689 
       129.5      2.54347     0.937817   0.00196852  -0.00236377 
       129.5      2.60911     0.945687   0.00200272  -0.00236057 
       129.5      2.67558     0.952912   0.00203519   -0.0023573 
       129.5      2.74288     0.959502   0.00206589  -0.00235395 
       129.5      2.81103     0.965472   0.00209478  -0.00235052 
       129.5      2.88001      0.97084   0.00212183    -0.002347 
       129.5      2.94983     0.975624     0.002147   -0.0023434 
       129.5      3.02048     0.979847   0.00217028  -0.00233969 
       129.5      3.09197     0.983535   0.00219167  -0.00233588 
       129.5      3.16429     0.986717   0.00221116  -0.00233195 
       129.5      3.23745     0.989424   0.00222877  -0.00232788 
       129.5      3.31145     0.991692   0.00224453  -0.00232366 
       129.5      3.38628     0.993559   0.00225849  -0.00231927 
       129.5      3.46195     0.995066   0.00227073  -0.00231469 
       129.5      3.53845     0.996258   0.00228134   -0.0023099 
       129.5      3.61579     0.997185   0.00229045  -0.00230486 
       129.5      3.69397     0.997897   0.00229821  -0.00229954 
       129.5      3.77298     0.998451   0.00230637  -0.00229449 
       129.5      3.85283     0.998928   0.00231676  -0.00229051 
       129.5      3.93352     0.999354   0.00232557  -0.00228621 
       129.5      4.01504     0.999732    0.0023332  -0.00228165 
       129.5       4.0974      1.00006   0.00233999  -0.00227686 
       129.5      4.18059      1.00035   0.00234622  -0.00227188 
       129.5      4.26462       1.0006   0.00235211  -0.00226675 
       129.5      4.34949       1.0008   0.00235785  -0.00226151 
       129.5      4.43519      1.00097   0.00236355  -0.00225617 
       129.5      4.52173       1.0011   0.00236931  -0.00225076 
       129.5       4.6091      1.00121   0.00237516   -0.0022453 
       129.5      4.69731      1.00128   0.00238109   -0.0022398 
       129.5      4.78636      1.00133    0.0023871  -0.00223427 
       129.5      4.87624      1.00136   0.00239312  -0.00222869 
       129.5      4.96696      1.00137    0.0023991  -0.00222307 
       129.5      5.05851      1.00137   0.00240499  -0.00221755 
       129.5       5.1509      1.00136   0.00241091  -0.00221206 
       129.5      5.24413      1.00134   0.00241685  -0.00220647 
       129.5       5.3382      1.00132   0.00242272   -0.0022007 
       129.5      5.43309       1.0013   0.00242843  -0.00219467 
       129.5      5.52883      1.00129    0.0024339  -0.00218829 
       129.5       5.6254      1.00129   0.00243967  -0.00218234 
       129.5      5.72281      1.00129   0.00244526  -0.00217614 
       129.5      5.82105      1.00129   0.00245076  -0.00216968 
       129.5      5.92013      1.00129   0.00245653   -0.0021633 
       129.5      6.02005      1.00129   0.00246242  -0.00215706 
       129.5       6.1208      1.00129   0.00246824  -0.00215076 
       129.5      6.22239      1.00129   0.00247401  -0.00214438 
       129.5      6.32482      1.00128   0.00247975  -0.00213793 
       129.5      6.42808      1.00128   0.00248547  -0.00213138 
       129.5      6.53217      1.00128    0.0024912  -0.00212473 
       129.5      6.63711      1.00127   0.00249694  -0.00211799 
       129.5      6.74287      1.00127    0.0025027  -0.00211114 
       129.5      6.84948      1.00126   0.00250849   -0.0021042 
       129.5      6.95692      1.00125   0.00251431  -0.00209715 
       129.5       7.0652      1.00125   0.00252015     -0.00209 
       129.5      7.17431      1.00124   0.00252601  -0.00208277 
       129.5      7.28426      1.00123   0.00253189  -0.00207546 
       129.5      7.39505      1.00122   0.00253779  -0.00206808 
       129.5      7.50667      1.00122   0.00254368  -0.00206065 
       129.5      7.61913      1.00121   0.00254956  -0.00205319 
       129.5      7.73242       1.0012   0.00255543  -0.00204573 
       129.5      7.84655      1.00119   0.00256127  -0.00203828 
       129.5      7.96152      1.00118   0.00256705  -0.00203073 
       129.5      8.07732      1.00117   0.00257281  -0.00202297 
       129.5      8.19396      1.00116   0.00257857  -0.00201518 
       129.5      8.31143      1.00115   0.00258432  -0.00200734 
       129.5      8.42974      1.00114   0.00259005  -0.00199947 
       129.5      8.54889      1.00114   0.00259578  -0.00199154 
       129.5      8.66887      1.00113   0.00260148  -0.00198355 
       129.5      8.78969      1.00113   0.00260717   -0.0019755 
       129.5      8.91135      1.00112   0.00261284  -0.00196737 
       129.5      9.03384      1.00111    0.0026185  -0.00195917 
       129.5      9.15717      1.00111   0.00262414  -0.00195088 
       129.5      9.28133       1.0011   0.00262976   -0.0019425 
       129.5      9.40633       1.0011   0.00263537  -0.00193402 
       129.5      9.53216      1.00109   0.00264097  -0.00192543 
       129.5      9.65884      1.00109   0.00264657  -0.00191673 
       129.5      9.78634      1.00109   0.00265217  -0.00190791 
       129.5      9.91469      1.00108   0.00265778  -0.00189896 
       129.5      10.0439      1.00108   0.00266338  -0.00188993 
       129.5      10.1739      1.00107   0.00266883  -0.00188133 
       129.5      10.3047      1.00107   0.00267425  -0.00187262 
       129.5      10.4364      1.00106   0.00267966   -0.0018638 
       129.5      10.5689      1.00106   0.00268506  -0.00185487 
       129.5      10.7023      1.00105   0.00269045  -0.00184584 
       129.5      10.8365      1.00105   0.00269582  -0.00183671 
       129.5      10.9715      1.00104   0.00270118  -0.00182748 
       129.5      11.1074      1.00103   0.00270651  -0.00181816 
       129.5      11.2441      1.00102   0.00271178  -0.00180877 
       129.5      11.3817      1.00101   0.00271696  -0.00179931 
       129.5        11.52        1.001   0.00272201  -0.00178981 
       129.5      11.6592      1.00099   0.00272694  -0.00178026 
       129.5      11.7993      1.00098   0.00273201  -0.00177062 
       129.5      11.9402      1.00097   0.00273706  -0.00176092 
       129.5      12.0819      1.00096   0.00274209  -0.00175118 
       129.5      12.2245      1.00095   0.00274708  -0.00174138 
       129.5      12.3679      1.00094   0.00275203  -0.00173152 
       129.5      12.5121      1.00093   0.00275693   -0.0017216 
       129.5      12.6572      1.00092   0.00276177  -0.00171162 
       129.5      12.8031      1.00091   0.00276655  -0.00170156 
       129.5      12.9498       1.0009   0.00277127  -0.00169144 
       129.5      13.0974       1.0009   0.00277592  -0.00168124 
       129.5      13.2458      1.00089   0.00278051  -0.00167097 
       129.5       13.395      1.00088   0.00278515  -0.00166072 
       129.5      13.5451      1.00087   0.00278974  -0.00165041 
       129.5       13.696      1.00086   0.00279428  -0.00164005 
       129.5      13.8478      1.00085   0.00279877  -0.00162963 
       129.5      14.0004      1.00084    0.0028032  -0.00161916 
       129.5      14.1538      1.00083   0.00280757  -0.00160863 
       129.5      14.3081      1.00082   0.00281188  -0.00159805 
       129.5      14.4632      1.00082   0.00281613  -0.00158742 
       129.5      14.6191      1.00081   0.00282032  -0.00157674 
       129.5      14.7759       1.0008   0.00282444    -0.001566 
       129.5      14.9335      1.00079   0.00282849  -0.00155522 
       129.5      15.0919      1.00078   0.00283248  -0.00154438 
       129.5      15.2512      1.00077    0.0028364   -0.0015335 
       129.5      15.4113      1.00076   0.00284026  -0.00152256 
       129.5      15.5723      1.00076   0.00284406  -0.00151158 
       129.5      15.7341      1.00075   0.00284779  -0.00150056 
       129.5      15.8967      1.00074   0.00285145  -0.00148948 
       129.5      16.0602      1.00073   0.00285506  -0.00147837 
       129.5      16.2245      1.00072    0.0028586  -0.00146721 
       129.5      16.3896      1.00071   0.00286209  -0.00145601 
       129.5      16.5556       1.0007   0.00286551  -0.00144477 
       129.5      16.7224       1.0007   0.00286887   -0.0014335 
       129.5        16.89      1.00069   0.00287217  -0.00142218 
       129.5      17.0585      1.00068   0.00287541  -0.00141083 
       129.5      17.2278      1.00067   0.00287859  -0.00139945 
       129.5      17.3979      1.00066   0.00288171  -0.00138804 
       129.5      17.5689      1.00065   0.00288475  -0.00137659 
       129.5      17.7408      1.00064   0.00288772  -0.00136512 
       129.5      17.9134      1.00063   0.00289062  -0.00135363 
       129.5      18.0869      1.00062   0.00289342  -0.00134211 
       129.5      18.2612      1.00061   0.00289612  -0.00133055 
       129.5      18.4364       1.0006   0.00289875  -0.00131895 
       129.5      18.6124      1.00059   0.00290131  -0.00130733 
       129.5      18.7892      1.00058   0.00290379  -0.00129567 
       129.5      18.9669      1.00057    0.0029062  -0.00128399 
       129.5      19.1454      1.00056   0.00290854  -0.00127228 
       129.5      19.3248      1.00055   0.00291081  -0.00126054 
       129.5       19.505      1.00054   0.00291301  -0.00124878 
       129.5       19.686      1.00053   0.00291514    -0.001237 
       129.5      19.8678      1.00052   0.00291719   -0.0012252 
       129.5      20.0505      1.00051   0.00291917  -0.00121337 
       129.5      20.2341       1.0005   0.00292107  -0.00120153 
       129.5      20.4184       1.0005   0.00292291  -0.00118968 
       129.5      20.6036      1.00049   0.00292466  -0.00117781 
       129.5      20.7897      1.00048   0.00292634  -0.00116592 
       129.5      20.9765      1.00047   0.00292794  -0.00115402 
       129.5      21.1642      1.00046   0.00292945  -0.00114212 
       129.5      21.3528      1.00045   0.00293089   -0.0011302 
       129.5      21.5422      1.00044   0.00293223  -0.00111828 
       129.5      21.7324      1.00043   0.00293349  -0.00110635 
       129.5      21.9234      1.00042   0.00293465  -0.00109438 
       129.5      22.1153      1.00041   0.00293574   -0.0010824 
       129.5       22.308       1.0004   0.00293674  -0.00107041 
       129.5      22.5016      1.00039   0.00293768  -0.00105842 
       129.5       22.696      1.00038   0.00293854  -0.00104642 
       129.5      22.8912      1.00037   0.00293932  -0.00103442 
       129.5      23.0873      1.00036   0.00294002  -0.00102243 
       129.5      23.2842      1.00035   0.00294065  -0.00101043 
       129.5       23.482      1.00034   0.00294119 -0.000998433 
       129.5      23.6805      1.00033   0.00294165 -0.000986439 
       129.5        23.88      1.00032   0.00294203 -0.000974449 
       129.5      24.0802      1.00031   0.00294234 -0.000962462 
       129.5      24.2813       1.0003   0.00294256 -0.000950481 
       129.5      24.4832      1.00029   0.00294271 -0.000938505 
       129.5       24.686      1.00028   0.00294278 -0.000926535 
       129.5      24.8896      1.00028   0.00294278 -0.000914573 
       129.5       25.094      1.00027   0.00294272 -0.000902618 
       129.5      25.2993      1.00026   0.00294259 -0.000890672 
       129.5      25.5054      1.00025   0.00294233 -0.000878724 
       129.5      25.7123      1.00024   0.00294195 -0.000866782 
       129.5      25.9201      1.00023    0.0029415 -0.000854853 
       129.5      26.1287      1.00022   0.00294096 -0.000842936 
       129.5      26.3381      1.00021   0.00294035 -0.000831034 
       129.5      26.5484       1.0002   0.00293966 -0.000819148 
       129.5      26.7595      1.00019   0.00293889 -0.000807277 
       129.5      26.9715      1.00018   0.00293805 -0.000795424 
       129.5      27.1843      1.00018   0.00293713 -0.000783589 
       129.5      27.3979      1.00017   0.00293613 -0.000771774 
       129.5      27.6124      1.00016   0.00293505 -0.000759979 
       129.5      27.8277      1.00015    0.0029339 -0.000748205 
       129.5      28.0438      1.00014   0.00293266 -0.000736454 
       129.5      28.2608      1.00013   0.00293136 -0.000724727 
       129.5      28.4786      1.00012   0.00292997 -0.000713025 
       129.5      28.6972      1.00011   0.00292851 -0.000701349 
       129.5      28.9167      1.00011   0.00292697   -0.0006897 
       129.5       29.137       1.0001   0.00292536 -0.000678079 
       129.5      29.3582      1.00009   0.00292366 -0.000666489 
       129.5      29.5802      1.00008    0.0029219 -0.000654896 
       129.5       29.803      1.00007   0.00292008 -0.000643333 
       129.5      30.0267      1.00006   0.00291818 -0.000631803 
       129.5      30.2512      1.00005   0.00291622 -0.000620307 
       129.5      30.4765      1.00005   0.00291419 -0.000608845 
       129.5      30.7027      1.00004    0.0029121 -0.000597419 
       129.5      30.9297      1.00003   0.00290993  -0.00058603 
       129.5      31.1575      1.00002    0.0029077 -0.000574678 
       129.5      31.3862      1.00001    0.0029054 -0.000563364 
       129.5      31.6157            1   0.00290302 -0.000552089 
       129.5      31.8461     0.999996   0.00290058 -0.000540853 
       129.5      32.0773     0.999988   0.00289807 -0.000529658 
       129.5      32.3093      0.99998   0.00289549 -0.000518503 
       129.5      32.5421     0.999972   0.00289283  -0.00050739 
       129.5      32.7758     0.999964   0.00289011 -0.000496318 
       129.5      33.0104     0.999956   0.00288732 -0.000485289 
       129.5      33.2457     0.999949   0.00288446 -0.000474303 
       129.5      33.4819     0.999941   0.00288152 -0.000463359 
       129.5       33.719     0.999933   0.00287852 -0.000452459 
       129.5      33.9568     0.999926   0.00287545 -0.000441602 
       129.5      34.1956     0.999918   0.00287231 -0.000430788 
       129.5      34.4351     0.999911   0.00286911 -0.000420018 
       129.5      34.6755     0.999904   0.00286583 -0.000409292 
       129.5      34.9167     0.999896   0.00286248 -0.000398609 
       129.5      35.1588     0.999889   0.00285907  -0.00038797 
       129.5      35.4017     0.999882   0.00285559 -0.000377374 
       129.5      35.6454     0.999875   0.00285204  -0.00036682 
       129.5      35.8899     0.999868   0.00284843 -0.000356309 
       129.5      36.1354     0.999862   0.00284474  -0.00034584 
       129.5      36.3816     0.999855   0.00284099 -0.000335413 
       129.5      36.6287     0.999848   0.00283717 -0.000325026 
       129.5      36.8766     0.999842   0.00283329 -0.000314679 
       129.5      37.1253     0.999836   0.00282933 -0.000304371 
       129.5      37.3749      0.99983   0.00282532 -0.000294106 
       129.5      37.6253     0.999823   0.00282136  -0.00028396 
       129.5      37.8766     0.999816   0.00281736 -0.000273861 
       129.5      38.1287      0.99981   0.00281331 -0.000263811 
       129.5      38.3816     0.999803   0.00280921 -0.000253809 
       129.5      38.6353     0.999797   0.00280507 -0.000243857 
       129.5      38.8899      0.99979   0.00280087 -0.000233957 
       129.5      39.1454     0.999784   0.00279662 -0.000224108 
       129.5      39.4016     0.999778   0.00279232 -0.000214312 
       129.5      39.6588     0.999772   0.00278796 -0.000204569 
       129.5      39.9167     0.999766   0.00278356 -0.000194881 
       129.5      40.1755      0.99976    0.0027791 -0.000185247 
       129.5      40.4351     0.999754   0.00277459 -0.000175669 
       129.5      40.6955     0.999748   0.00277003 -0.000166148 
       129.5      40.9568     0.999742   0.00276542 -0.000156683 
       129.5      41.2189     0.999736   0.00276076 -0.000147276 
       129.5      41.4819     0.999731   0.00275604 -0.000137927 
       129.5      41.7457     0.999725   0.00275128 -0.000128636 
       129.5      42.0103      0.99972   0.00274646 -0.000119403 
       129.5      42.2758     0.999715    0.0027416  -0.00011023 
       129.5      42.5421      0.99971   0.00273669 -0.000101116 
       129.5      42.8092     0.999705   0.00273173  -9.2062e-05 
       129.5      43.0772       0.9997   0.00272673 -8.30675e-05 
       129.5       43.346     0.999695   0.00272169 -7.41328e-05 
       129.5      43.6157      0.99969    0.0027166  -6.5258e-05 
       129.5      43.8862     0.999685   0.00271147  -5.6443e-05 
       129.5      44.1575     0.999681   0.00270631 -4.76879e-05 
       129.5      44.4296     0.999676    0.0027011 -3.89924e-05 
       129.5      44.7026     0.999672   0.00269586 -3.03564e-05 
       129.5      44.9765     0.999668   0.00269059 -2.17795e-05 
       129.5      45.2511     0.999663   0.00268529 -1.32614e-05 
       129.5      45.5266     0.999659   0.00267995 -4.80172e-06 
       129.5       45.803     0.999655   0.00267459  3.60013e-06 
       129.5      46.0801     0.999651    0.0026692  1.19447e-05 
       129.5      46.3581     0.999647   0.00266379  2.02326e-05 
       129.5       46.637     0.999643   0.00265835  2.84647e-05 
       129.5      46.9167     0.999639    0.0026529  3.66417e-05 
       129.5      47.1972     0.999635   0.00264742  4.47646e-05 
       129.5      47.4785     0.999631   0.00264193  5.28343e-05 
       129.5      47.7607     0.999628   0.00263643   6.0852e-05 
       129.5      48.0438     0.999624   0.00263091  6.88187e-05 
       129.5      48.3276      0.99962   0.00262539  7.67359e-05 
       129.5      48.6123     0.999616   0.00261985  8.46048e-05 
       129.5      48.8979     0.999613   0.00261431  9.24269e-05 
       129.5      49.1842     0.999609   0.00260876  0.000100204 
       129.5      49.4714     0.999605   0.00260321  0.000107937 
       129.5      49.7595     0.999601   0.00259766  0.000115628 
       129.5      50.0484     0.999597   0.00259196    0.0001232 
       129.5      50.3381     0.999593   0.00258607  0.000130636 
       129.5      50.6286     0.999589   0.00258007  0.000137992 
       129.5        50.92     0.999585   0.00257397   0.00014527 
       129.5      51.2122     0.999581   0.00256776   0.00015247 
       129.5      51.5053     0.999579   0.00256186  0.000159831 
       129.5      51.7992     0.999577    0.0025563  0.000167237 
       129.5      52.0939     0.999575   0.00255077  0.000174509 
       129.5      52.3895     0.999573   0.00254529  0.000181648 
       129.5      52.6859     0.999571   0.00253984  0.000188654 
       129.5      52.9831     0.999569   0.00253395  0.000195608 
       129.5      53.2812     0.999566   0.00252782  0.000202513 
       129.5      53.5801     0.999564    0.0025217  0.000209334 
       129.5      53.8799     0.999562    0.0025156  0.000216073 
       129.5      54.1805      0.99956   0.00250952  0.000222734 
       129.5      54.4819     0.999559   0.00250344   0.00022932 
       129.5      54.7841     0.999557   0.00249736  0.000235834 
       129.5      55.0872     0.999555   0.00249128   0.00024228 
       129.5      55.3912     0.999553    0.0024852  0.000248659 
       129.5      55.6959     0.999552   0.00247911  0.000254975 
       129.5      56.0015      0.99955   0.00247301   0.00026123 
       129.5       56.308     0.999549   0.00246691  0.000267427 
       129.5      56.6152     0.999547   0.00246079  0.000273568 
       129.5      56.9233     0.999545   0.00245467  0.000279656 
       129.5      57.2323     0.999544   0.00244853  0.000285693 
       129.5      57.5421     0.999542   0.00244238   0.00029168 
       129.5      57.8527     0.999541   0.00243622   0.00029762 
       129.5      58.1641     0.999539   0.00243006  0.000303513 
       129.5      58.4764     0.999538   0.00242388  0.000309363 
       129.5      58.7896     0.999536   0.00241769   0.00031517 
       129.5      59.1035     0.999535    0.0024115  0.000320935 
       129.5      59.4183     0.999533   0.00240531   0.00032666 
       129.5      59.7339     0.999532   0.00239911  0.000332345 
       129.5      60.0504     0.999531   0.00239291  0.000337991 
       129.5      60.3677     0.999529   0.00238671  0.000343599 
       129.5      60.6859     0.999528   0.00238051  0.000349169 
       129.5      61.0048     0.999526   0.00237432  0.000354702 
       129.5      61.3247     0.999525   0.00236814  0.000360196 
       129.5      61.6453     0.999524   0.00236196  0.000365653 
       129.5      61.9668     0.999522    0.0023558  0.000371071 
       129.5      62.2891     0.999521   0.00234965   0.00037645 
       129.5      62.6123      0.99952   0.00234351  0.000381789 
       129.5      62.9363     0.999519   0.00233739  0.000387087 
       129.5      63.2611     0.999517   0.00233128  0.000392343 
       129.5      63.5868     0.999516    0.0023252  0.000397555 
       129.5      63.9133     0.999515   0.00231913  0.000402721 
       129.5      64.2406     0.999514   0.00231307   0.00040784 
       129.5      64.5688     0.999513   0.00230704  0.000412909 
       129.5      64.8978     0.999513   0.00230102  0.000417925 
       129.5      65.2277     0.999512   0.00229501  0.000422887 
       129.5      65.5583     0.999511   0.00228902  0.000427789 
       129.5      65.8899      0.99951   0.00228303  0.000432631 
       129.5      66.2222      0.99951   0.00227705  0.000437407 
       129.5      66.5554     0.999509   0.00227107  0.000442114 
       129.5      66.8894     0.999509   0.00226508  0.000446747 
       129.5      67.2243     0.999509   0.00225908  0.000451303 
       129.5        67.56     0.999509   0.00225306  0.000455776 
       129.5      67.8966     0.999508     0.002247  0.000460161 
       129.5      68.2339     0.999508   0.00224091  0.000464453 
       129.5      68.5721     0.999508   0.00223477  0.000468646 
       129.5      68.9112     0.999508   0.00222856  0.000472734 
       129.5      69.2511     0.999508   0.00222227  0.000476711 
       129.5      69.5918     0.999508   0.00221589  0.000480569 
       129.5      69.9333     0.999508   0.00220939  0.000484301 
       129.5      70.2757     0.999508   0.00220277  0.000487901 
       129.5      70.6189     0.999508   0.00219599  0.000491359 
       129.5       70.963     0.999509   0.00218917  0.000494824 
       129.5      71.3079     0.999511   0.00218307   0.00049904 
       129.5      71.6536     0.999513   0.00217705  0.000503173 
       129.5      72.0002     0.999516   0.00217109  0.000507226 
       129.5      72.3476     0.999518   0.00216519  0.000511202 
       129.5      72.6959      0.99952   0.00215932  0.000515107 
       129.5      73.0449     0.999523   0.00215349  0.000518943 
       129.5      73.3949     0.999525   0.00214767  0.000522715 
       129.5      73.7456     0.999527   0.00214187  0.000526424 
       129.5      74.0972      0.99953   0.00213607  0.000530076 
       129.5      74.4496     0.999532   0.00213028  0.000533673 
       129.5      74.8029     0.999534   0.00212447  0.000537217 
       129.5       75.157     0.999536   0.00211866  0.000540713 
       129.5      75.5119     0.999538   0.00211282  0.000544162 
       129.5      75.8677     0.999539   0.00210697  0.000547567 
       129.5      76.2243     0.999541    0.0021011  0.000550931 
       129.5      76.5817     0.999542    0.0020952  0.000554257 
       129.5        76.94     0.999544   0.00208928  0.000557546 
       129.5      77.2991     0.999545   0.00208334    0.0005608 
       129.5      77.6591     0.999546   0.00207737  0.000564021 
       129.5      78.0198     0.999547   0.00207138  0.000567211 
       129.5      78.3815     0.999548   0.00206536  0.000570372 
       129.5      78.7439     0.999549   0.00205932  0.000573504 
       129.5      79.1072      0.99955   0.00205327   0.00057661 
       129.5      79.4714     0.999551    0.0020472  0.000579689 
       129.5      79.8363     0.999551   0.00204113  0.000582743 
       129.5      80.2021     0.999552   0.00203504  0.000585773 
       129.5      80.5688     0.999552   0.00202895  0.000588778 
       129.5      80.9362     0.999552   0.00202286  0.000591759 
       129.5      81.3045     0.999552   0.00201678  0.000594716 
       129.5      81.6737     0.999553   0.00201071  0.000597649 
       129.5      82.0437     0.999553   0.00200465  0.000600557 
       129.5      82.4145     0.999553   0.00199861   0.00060344 
       129.5      82.7861     0.999553   0.00199261  0.000606296 
       129.5      83.1586     0.999553   0.00198663  0.000609125 
       129.5       83.532     0.999553   0.00198069  0.000611925 
       129.5      83.9061     0.999553   0.00197479  0.000614695 
       129.5      84.2811     0.999553   0.00196894  0.000617433 
       129.5       84.657     0.999553   0.00196313  0.000620136 
       129.5      85.0336     0.999553   0.00195739  0.000622803 
       129.5      85.4111     0.999554    0.0019517  0.000625431 
       129.5      85.7895     0.999554   0.00194608  0.000628016 
       129.5      86.1687     0.999554   0.00194052  0.000630556 
       129.5      86.5487     0.999555   0.00193503  0.000633047 
       129.5      86.9295     0.999556   0.00192961  0.000635485 
       129.5      87.3112     0.999556   0.00192426  0.000637867 
       129.5      87.6937     0.999558   0.00191898  0.000640188 
       129.5      88.0771     0.999559   0.00191378  0.000642444 
       129.5      88.4613      0.99956   0.00190864  0.000644629 
       129.5      88.8463     0.999562   0.00190356  0.000646738 
       129.5      89.2322     0.999564   0.00189836  0.000648787 
       129.5      89.6189     0.999568   0.00189238  0.000650909 
       129.5      90.0064     0.999573   0.00188656  0.000653049 
       129.5      90.3948     0.999576   0.00188088  0.000655204 
       129.5       90.784      0.99958   0.00187536  0.000657374 
       129.5      91.1741     0.999584   0.00186998  0.000659558 
       129.5       91.565     0.999587   0.00186473  0.000661756 
       129.5      91.9567      0.99959   0.00185961  0.000663966 
       129.5      92.3492     0.999594   0.00185459  0.000666188 
       129.5      92.7426     0.999597   0.00184965   0.00066842 
       129.5      93.1369       0.9996   0.00184479  0.000670663 
       129.5      93.5319     0.999604   0.00183997  0.000672915 
       129.5      93.9278     0.999608   0.00183516  0.000675175 
       129.5      94.3246     0.999612   0.00183033  0.000677444 
       129.5      94.7221     0.999617   0.00182545  0.000679719 
       129.5      95.1206     0.999623   0.00182048     0.000682 
       129.5      95.5198     0.999629   0.00181538  0.000684287 
       129.5      95.9199     0.999636   0.00181009  0.000686579 
       129.5      96.3208     0.999644   0.00180457  0.000688875 
       129.5      96.7226     0.999654   0.00179875  0.000691174 
       129.5      97.1251     0.999665   0.00179259  0.000693477 
       129.5      97.5286     0.999677     0.001786  0.000695781 
       129.5      97.9328     0.999692   0.00177892  0.000698087 
       129.5      98.3379     0.999708   0.00177127  0.000700394 
       129.5      98.7439     0.999727   0.00176297  0.000702702 
       129.5      99.1506     0.999749   0.00175393  0.000705009 
       129.5      99.5583     0.999756   0.00174754  0.000707424 
       129.5      99.9667     0.999751   0.00174346  0.000709805 
       129.5      100.376     0.999747   0.00173938   0.00071204 
       129.5      100.786     0.999743   0.00173529  0.000714128 
       129.5      101.197      0.99974   0.00173117  0.000716063 
       129.5      101.609     0.999737   0.00172703  0.000717843 
       129.5      102.021     0.999734   0.00172286  0.000719464 
       129.5      102.435     0.999731   0.00171865   0.00072092 
       129.5      102.849     0.999729   0.00171439   0.00072221 
       129.5      103.264     0.999727   0.00171008  0.000723328 
       129.5       103.68     0.999725    0.0017057  0.000724272 
       129.5      104.097     0.999723   0.00170125  0.000725036 
       129.5      104.515     0.999722   0.00169672  0.000725617 
       129.5      104.933      0.99972    0.0016921  0.000726011 
       129.5      105.353     0.999719   0.00168739  0.000726213 
       129.5      105.773     0.999718   0.00168256  0.000726221 
       129.5      106.194     0.999718   0.00167762  0.000726029 
       129.5      106.616     0.999716    0.0016727  0.000726986 
       129.5      107.038     0.999715   0.00166789     0.000729 
       129.5      107.462     0.999713   0.00166311  0.000730976 
       129.5      107.886     0.999711   0.00165837  0.000732914 
       129.5      108.311      0.99971   0.00165367  0.000734814 
       129.5      108.737     0.999708     0.001649  0.000736675 
       129.5      109.164     0.999706   0.00164436  0.000738497 
       129.5      109.592     0.999704   0.00163975   0.00074028 
       129.5       110.02     0.999702   0.00163518  0.000742024 
       129.5       110.45       0.9997   0.00163063  0.000743729 
       129.5       110.88     0.999699   0.00162611  0.000745395 
       129.5      111.311     0.999697   0.00162161  0.000747021 
       129.5      111.743     0.999695   0.00161714  0.000748608 
       129.5      112.175     0.999693   0.00161269  0.000750155 
       129.5      112.609     0.999691   0.00160825  0.000751663 
       129.5      113.043      0.99969   0.00160384  0.000753132 
       129.5      113.478     0.999688   0.00159944  0.000754562 
       129.5      113.914     0.999686   0.00159506  0.000755953 
       129.5      114.351     0.999684   0.00159069  0.000757305 
       129.5      114.789     0.999683   0.00158633  0.000758619 
       129.5      115.228     0.999681   0.00158197  0.000759894 
       129.5      115.667      0.99968   0.00157762  0.000761131 
       129.5      116.107     0.999679   0.00157328   0.00076233 
       129.5      116.548     0.999678   0.00156893  0.000763492 
       129.5       116.99     0.999676   0.00156459  0.000764617 
       129.5      117.433     0.999675   0.00156024  0.000765705 
       129.5      117.876     0.999675   0.00155588  0.000766757 
       129.5      118.321     0.999674   0.00155152  0.000767774 
       129.5      118.766     0.999673   0.00154714  0.000768755 
       129.5      119.212     0.999673   0.00154276  0.000769702 
       129.5      119.659     0.999673   0.00153836  0.000770614 
       129.5      120.107     0.999673   0.00153394  0.000771494 
       129.5      120.555     0.999673    0.0015295  0.000772341 
       129.5      121.005     0.999674   0.00152504  0.000773156 
       129.5      121.455     0.999674   0.00152056   0.00077394 
       129.5      121.906     0.999675   0.00151605  0.000774693 
       129.5      122.358     0.999676   0.00151152  0.000775417 
       129.5      122.811     0.999678   0.00150696  0.000776113 
       129.5      123.264     0.999679   0.00150237  0.000776781 
       129.5      123.719     0.999681   0.00149775  0.000777423 
       129.5      124.174     0.999683   0.00149309  0.000778039 
       129.5       124.63     0.999686    0.0014884  0.000778631 
       129.5      125.087     0.999689   0.00148367    0.0007792 
       129.5      125.545     0.999692   0.00147891  0.000779747 
       129.5      126.003     0.999695   0.00147411  0.000780272 
       129.5      126.463     0.999699   0.00146927  0.000780779 
       129.5      126.923     0.999703    0.0014644  0.000781267 
       129.5      127.384     0.999707   0.00145948  0.000781738 
       129.5      127.846     0.999712   0.00145453  0.000782194 
       129.5      128.309     0.999717   0.00144953  0.000782637 
       129.5      128.773     0.999722    0.0014445  0.000783067 
       129.5      129.237     0.999728   0.00143944  0.000783486 
       129.5      129.702     0.999734   0.00143433  0.000783897 
       129.5      130.169      0.99974   0.00142919    0.0007843 
       129.5      130.636     0.999747   0.00142402  0.000784697 
       129.5      131.103     0.999754   0.00141881  0.000785091 
       129.5      131.572     0.999761   0.00141358  0.000785484 
       129.5      132.041     0.999769   0.00140831  0.000785876 
       129.5      132.512     0.999777   0.00140303  0.000786271 
       129.5      132.983     0.999785   0.00139772   0.00078667 
       129.5      133.455     0.999793   0.00139239  0.000787075 
       129.5      133.928     0.999802   0.00138704  0.000787489 
       129.5      134.401     0.999811   0.00138169  0.000787914 
       129.5      134.876      0.99982   0.00137633  0.000788352 
       129.5      135.351     0.999829   0.00137098  0.000788805 
       129.5      135.827     0.999839   0.00136562  0.000789277 
       129.5      136.304     0.999849   0.00136028  0.000789769 
       129.5      136.782     0.999859   0.00135496  0.000790284 
       129.5      137.261     0.999869   0.00134966  0.000790825 
       129.5       137.74     0.999879   0.00134439  0.000791395 
       129.5      138.221     0.999889   0.00133917  0.000791996 
       129.5      138.702     0.999899   0.00133399  0.000792631 
       129.5      139.184     0.999909   0.00132888  0.000793303 
       129.5      139.667     0.999919   0.00132383  0.000794015 
       129.5      140.151     0.999929   0.00131886  0.000794771 
       129.5      140.635     0.999938   0.00131399  0.000795573 
       129.5       141.12     0.999948   0.00130921  0.000796424 
       129.5      141.607     0.999957   0.00130455  0.000797328 
       129.5      142.094     0.999966   0.00130002  0.000798289 
       129.5      142.582     0.999974   0.00129563  0.000799309 
       129.5       143.07     0.999982   0.00129139  0.000800392 
       129.5       143.56      0.99999   0.00128733  0.000801543 
       129.5       144.05     0.999997   0.00128346  0.000802764 
       129.5      144.541            1   0.00127979  0.000804059 
       129.5      145.033      1.00001   0.00127635  0.000805432 
       129.5      145.526      1.00001   0.00127314  0.000806888 
       129.5       146.02      1.00002    0.0012702   0.00080843 
       129.5      146.515      1.00002   0.00126754  0.000810062 
       129.5       147.01      1.00002   0.00126519  0.000811788 
       129.5      147.506      1.00002   0.00126316  0.000813614 
       129.5      148.003      1.00002   0.00126148  0.000815542 
       129.5      148.501      1.00002   0.00126017  0.000817578 
       129.5          149      1.00001   0.00125926  0.000819726 
       129.5        149.5      1.00001   0.00125878  0.000821991 
       129.5          150            1   0.00125875  0.000824378 
