Variables = x, y, u, v, p

Zone, I=600, F=POINT
        58.5            0  1.33376e-06  5.17407e-09 -0.000198926 
        58.5     0.000418   0.00022579  5.12087e-09 -0.000198925 
        58.5     0.001672  0.000899162  6.13716e-09 -0.000198924 
        58.5     0.003763     0.002022  1.17528e-08 -0.000198922 
        58.5     0.006689   0.00359324  2.78342e-08 -0.000198918 
        58.5     0.010451   0.00561345  6.25903e-08 -0.000198914 
        58.5      0.01505   0.00808319   1.2657e-07 -0.000198909 
        58.5     0.020485    0.0110019   2.3261e-07 -0.000198903 
        58.5     0.026756    0.0143697  3.95845e-07 -0.000198896 
        58.5     0.033863    0.0181866  6.33679e-07 -0.000198888 
        58.5     0.041806    0.0224525  9.65758e-07  -0.00019888 
        58.5     0.050585    0.0271674  1.41394e-06  -0.00019887 
        58.5     0.060201    0.0323318  2.00235e-06 -0.000198859 
        58.5     0.070652    0.0379447  2.75704e-06 -0.000198848 
        58.5      0.08194    0.0440068  3.70645e-06 -0.000198836 
        58.5     0.094063    0.0505171  4.88079e-06 -0.000198822 
        58.5     0.107023    0.0574764  6.31263e-06 -0.000198808 
        58.5     0.120819    0.0648839  8.03624e-06 -0.000198793 
        58.5     0.135451    0.0727391  1.00879e-05 -0.000198777 
        58.5     0.150919    0.0810418  1.25057e-05  -0.00019876 
        58.5     0.167224    0.0897919  1.53298e-05 -0.000198743 
        58.5     0.184364    0.0989877  1.86015e-05 -0.000198724 
        58.5     0.202341      0.10863  2.23646e-05 -0.000198704 
        58.5     0.221153     0.118715  2.66635e-05 -0.000198683 
        58.5     0.240802     0.129245  3.15453e-05 -0.000198662 
        58.5     0.261287      0.14022  3.71029e-05 -0.000198638 
        58.5     0.282608     0.151625  4.32361e-05 -0.000198615 
        58.5     0.304765     0.163468  5.01054e-05 -0.000198589 
        58.5     0.327758     0.175746   5.7753e-05 -0.000198563 
        58.5     0.351588     0.188456  6.62203e-05 -0.000198534 
        58.5     0.376253     0.201591   7.5546e-05 -0.000198504 
        58.5     0.401755     0.215148  8.57686e-05 -0.000198472 
        58.5     0.428092     0.229119  9.69226e-05 -0.000198438 
        58.5     0.455266     0.243499  0.000109042 -0.000198402 
        58.5     0.483276      0.25828  0.000122156 -0.000198362 
        58.5     0.512122     0.273452  0.000136291  -0.00019832 
        58.5     0.541805     0.289008  0.000151472 -0.000198275 
        58.5     0.572323     0.304934  0.000167716 -0.000198226 
        58.5     0.603677     0.321221  0.000185038 -0.000198172 
        58.5     0.635868     0.337856  0.000203448 -0.000198115 
        58.5     0.668894     0.354824   0.00022295 -0.000198052 
        58.5     0.702757     0.372111  0.000243543 -0.000197983 
        58.5     0.737456     0.389699   0.00026522 -0.000197909 
        58.5     0.772991     0.407592  0.000286456 -0.000197832 
        58.5     0.809362     0.425715  0.000310917  -0.00019774 
        58.5      0.84657     0.444084   0.00033625  -0.00019764 
        58.5     0.884613     0.462677  0.000362458 -0.000197531 
        58.5     0.923492      0.48147  0.000389547 -0.000197414 
        58.5     0.963208      0.50044   0.00041752 -0.000197286 
        58.5      1.00376     0.519558  0.000446378 -0.000197149 
        58.5      1.04515     0.538796  0.000476119    -0.000197 
        58.5      1.08737     0.558122   0.00050674  -0.00019684 
        58.5      1.13043     0.577504  0.000538236 -0.000196667 
        58.5      1.17433     0.596907    0.0005706 -0.000196482 
        58.5      1.21906     0.616293  0.000603822 -0.000196282 
        58.5      1.26463     0.635623  0.000637889 -0.000196068 
        58.5      1.31103     0.654854  0.000672786 -0.000195839 
        58.5      1.35827     0.673943  0.000708496 -0.000195593 
        58.5      1.40635     0.692842  0.000744997  -0.00019533 
        58.5      1.45526     0.711501  0.000782265 -0.000195049 
        58.5      1.50501     0.729869  0.000820274 -0.000194749 
        58.5       1.5556     0.747888  0.000858991 -0.000194428 
        58.5      1.60702     0.765501  0.000898385 -0.000194087 
        58.5      1.65928     0.782647  0.000938416 -0.000193722 
        58.5      1.71237     0.799261  0.000979044 -0.000193335 
        58.5       1.7663     0.815197    0.0010216 -0.000192918 
        58.5      1.82106     0.830424   0.00106029 -0.000192491 
        58.5      1.87667     0.844973   0.00109786 -0.000192045 
        58.5      1.93311     0.858831   0.00113425  -0.00019158 
        58.5      1.99038      0.87199   0.00116943 -0.000191096 
        58.5      2.04849      0.88444   0.00120335 -0.000190592 
        58.5      2.10744     0.896177   0.00123597 -0.000190069 
        58.5      2.16722     0.907197   0.00126726 -0.000189528 
        58.5      2.22784     0.917499   0.00129718 -0.000188967 
        58.5      2.28929     0.927085    0.0013257 -0.000188388 
        58.5      2.35158     0.935959   0.00135278  -0.00018779 
        58.5      2.41471     0.944129    0.0013784 -0.000187174 
        58.5      2.47867     0.951604   0.00140253 -0.000186541 
        58.5      2.54347     0.958397   0.00142516  -0.00018589 
        58.5      2.60911     0.964524   0.00144625 -0.000185222 
        58.5      2.67558     0.970006   0.00146579 -0.000184538 
        58.5      2.74288     0.974863   0.00148378 -0.000183839 
        58.5      2.81103     0.979122   0.00150019 -0.000183125 
        58.5      2.88001     0.982813   0.00151503 -0.000182396 
        58.5      2.94983     0.985968   0.00152828 -0.000181654 
        58.5      3.02048     0.988626   0.00153996 -0.000180899 
        58.5      3.09197     0.990825   0.00155006 -0.000180132 
        58.5      3.16429     0.992613   0.00155859 -0.000179355 
        58.5      3.23745     0.994037   0.00156557 -0.000178568 
        58.5      3.31145     0.995151   0.00157101 -0.000177773 
        58.5      3.38628     0.996012   0.00157493 -0.000176971 
        58.5      3.46195     0.996684   0.00157736 -0.000176163 
        58.5      3.53845     0.997233   0.00157833 -0.000175351 
        58.5      3.61579      0.99773   0.00157788 -0.000174536 
        58.5      3.69397     0.998254   0.00157603  -0.00017372 
        58.5      3.77298     0.998953   0.00158437 -0.000172856 
        58.5      3.85283     0.999173   0.00158541 -0.000172006 
        58.5      3.93352     0.999359   0.00158627 -0.000171148 
        58.5      4.01504     0.999512   0.00158696 -0.000170284 
        58.5       4.0974     0.999635    0.0015875 -0.000169412 
        58.5      4.18059      0.99973   0.00158789 -0.000168534 
        58.5      4.26462       0.9998   0.00158816 -0.000167648 
        58.5      4.34949     0.999848    0.0015883 -0.000166756 
        58.5      4.43519     0.999864   0.00158828 -0.000165858 
        58.5      4.52173     0.999891   0.00158831 -0.000164953 
        58.5       4.6091     0.999908   0.00158828 -0.000164042 
        58.5      4.69731     0.999916   0.00158819 -0.000163124 
        58.5      4.78636     0.999917   0.00158807   -0.0001622 
        58.5      4.87624     0.999914   0.00158791  -0.00016127 
        58.5      4.96696     0.999909   0.00158774 -0.000160334 
        58.5      5.05851     0.999905   0.00158757 -0.000159393 
        58.5       5.1509     0.999905   0.00158741 -0.000158445 
        58.5      5.24413     0.999912   0.00158728 -0.000157492 
        58.5       5.3382     0.999928   0.00158719 -0.000156533 
        58.5      5.43309     0.999919   0.00158696 -0.000155569 
        58.5      5.52883     0.999918   0.00158678 -0.000154598 
        58.5       5.6254     0.999918    0.0015866 -0.000153622 
        58.5      5.72281     0.999917    0.0015864  -0.00015264 
        58.5      5.82105     0.999916   0.00158621 -0.000151653 
        58.5      5.92013     0.999916     0.001586  -0.00015066 
        58.5      6.02005     0.999915   0.00158579 -0.000149662 
        58.5       6.1208     0.999915   0.00158558  -0.00014866 
        58.5      6.22239     0.999914   0.00158536 -0.000147652 
        58.5      6.32482     0.999913   0.00158513 -0.000146642 
        58.5      6.42808     0.999913    0.0015849 -0.000145627 
        58.5      6.53217     0.999912   0.00158466 -0.000144607 
        58.5      6.63711     0.999911   0.00158442 -0.000143583 
        58.5      6.74287     0.999911   0.00158417 -0.000142554 
        58.5      6.84948      0.99991   0.00158392 -0.000141521 
        58.5      6.95692     0.999909   0.00158366 -0.000140484 
        58.5       7.0652     0.999909   0.00158339 -0.000139442 
        58.5      7.17431     0.999908   0.00158312 -0.000138397 
        58.5      7.28426     0.999907   0.00158284 -0.000137348 
        58.5      7.39505     0.999907   0.00158256 -0.000136295 
        58.5      7.50667     0.999906   0.00158227 -0.000135238 
        58.5      7.61913     0.999905   0.00158197 -0.000134179 
        58.5      7.73242     0.999905   0.00158167 -0.000133119 
        58.5      7.84655     0.999904   0.00158137 -0.000132052 
        58.5      7.96152     0.999903   0.00158106 -0.000130981 
        58.5      8.07732     0.999903   0.00158074 -0.000129908 
        58.5      8.19396     0.999902   0.00158042 -0.000128833 
        58.5      8.31143     0.999902   0.00158009 -0.000127754 
        58.5      8.42974     0.999901   0.00157975 -0.000126674 
        58.5      8.54889       0.9999    0.0015794  -0.00012559 
        58.5      8.66887       0.9999   0.00157905 -0.000124505 
        58.5      8.78969     0.999899    0.0015787 -0.000123417 
        58.5      8.91135     0.999898   0.00157833 -0.000122327 
        58.5      9.03384     0.999898   0.00157796 -0.000121235 
        58.5      9.15717     0.999897   0.00157758  -0.00012014 
        58.5      9.28133     0.999896    0.0015772 -0.000119044 
        58.5      9.40633     0.999896   0.00157681 -0.000117946 
        58.5      9.53216     0.999895   0.00157642 -0.000116841 
        58.5      9.65884     0.999894   0.00157602  -0.00011574 
        58.5      9.78634     0.999894   0.00157561 -0.000114636 
        58.5      9.91469     0.999893    0.0015752 -0.000113531 
        58.5      10.0439     0.999892   0.00157478 -0.000112425 
        58.5      10.1739     0.999892   0.00157436 -0.000111317 
        58.5      10.3047     0.999891   0.00157392 -0.000110207 
        58.5      10.4364      0.99989   0.00157348 -0.000109096 
        58.5      10.5689      0.99989   0.00157304 -0.000107988 
        58.5      10.7023     0.999889   0.00157259 -0.000106879 
        58.5      10.8365     0.999889   0.00157214 -0.000105769 
        58.5      10.9715     0.999888   0.00157167  -0.00010466 
        58.5      11.1074     0.999887    0.0015712  -0.00010355 
        58.5      11.2441     0.999887   0.00157071  -0.00010244 
        58.5      11.3817     0.999886   0.00157022 -0.000101331 
        58.5        11.52     0.999886   0.00156973 -0.000100222 
        58.5      11.6592     0.999885   0.00156923 -9.91124e-05 
        58.5      11.7993     0.999884   0.00156872 -9.80037e-05 
        58.5      11.9402     0.999884   0.00156821 -9.68953e-05 
        58.5      12.0819     0.999883   0.00156769 -9.57876e-05 
        58.5      12.2245     0.999882   0.00156716 -9.46805e-05 
        58.5      12.3679     0.999882   0.00156663 -9.35742e-05 
        58.5      12.5121     0.999881    0.0015661 -9.24688e-05 
        58.5      12.6572     0.999881   0.00156555 -9.13645e-05 
        58.5      12.8031      0.99988   0.00156501 -9.02613e-05 
        58.5      12.9498      0.99988   0.00156445 -8.91593e-05 
        58.5      13.0974     0.999879   0.00156389 -8.80588e-05 
        58.5      13.2458     0.999878   0.00156332 -8.69598e-05 
        58.5       13.395     0.999878   0.00156275 -8.58624e-05 
        58.5      13.5451     0.999877   0.00156217 -8.47667e-05 
        58.5       13.696     0.999877   0.00156159 -8.36729e-05 
        58.5      13.8478     0.999876     0.001561 -8.25811e-05 
        58.5      14.0004     0.999876    0.0015604 -8.14914e-05 
        58.5      14.1538     0.999875    0.0015598 -8.04039e-05 
        58.5      14.3081     0.999875   0.00155919 -7.93188e-05 
        58.5      14.4632     0.999874   0.00155857 -7.82361e-05 
        58.5      14.6191     0.999874   0.00155795 -7.71561e-05 
        58.5      14.7759     0.999873   0.00155732 -7.60787e-05 
        58.5      14.9335     0.999873   0.00155669 -7.50042e-05 
        58.5      15.0919     0.999872   0.00155605 -7.39326e-05 
        58.5      15.2512     0.999872   0.00155539 -7.28718e-05 
        58.5      15.4113     0.999871   0.00155474 -7.18078e-05 
        58.5      15.5723     0.999871   0.00155409  -7.0747e-05 
        58.5      15.7341      0.99987   0.00155343 -6.96896e-05 
        58.5      15.8967      0.99987   0.00155277 -6.86357e-05 
        58.5      16.0602     0.999869    0.0015521 -6.75853e-05 
        58.5      16.2245     0.999869   0.00155142 -6.65386e-05 
        58.5      16.3896     0.999868   0.00155075 -6.54956e-05 
        58.5      16.5556     0.999868   0.00155006 -6.44564e-05 
        58.5      16.7224     0.999867   0.00154937 -6.34211e-05 
        58.5        16.89     0.999867   0.00154868 -6.23898e-05 
        58.5      17.0585     0.999867   0.00154798 -6.13625e-05 
        58.5      17.2278     0.999866   0.00154727 -6.03394e-05 
        58.5      17.3979     0.999866   0.00154656 -5.93204e-05 
        58.5      17.5689     0.999865   0.00154585 -5.83058e-05 
        58.5      17.7408     0.999865   0.00154513 -5.72955e-05 
        58.5      17.9134     0.999865    0.0015444 -5.62897e-05 
        58.5      18.0869     0.999864   0.00154368 -5.52884e-05 
        58.5      18.2612     0.999864   0.00154294 -5.42916e-05 
        58.5      18.4364     0.999864   0.00154221 -5.32996e-05 
        58.5      18.6124     0.999863   0.00154146 -5.23122e-05 
        58.5      18.7892     0.999863   0.00154072 -5.13297e-05 
        58.5      18.9669     0.999863   0.00153997  -5.0352e-05 
        58.5      19.1454     0.999862   0.00153921 -4.93792e-05 
        58.5      19.3248     0.999862   0.00153846 -4.84115e-05 
        58.5       19.505     0.999862   0.00153769 -4.74488e-05 
        58.5       19.686     0.999861   0.00153693 -4.64913e-05 
        58.5      19.8678     0.999861   0.00153616 -4.55389e-05 
        58.5      20.0505     0.999861   0.00153539 -4.45918e-05 
        58.5      20.2341      0.99986   0.00153462 -4.36606e-05 
        58.5      20.4184      0.99986   0.00153385 -4.27213e-05 
        58.5      20.6036      0.99986   0.00153308 -4.17875e-05 
        58.5      20.7897      0.99986    0.0015323 -4.08592e-05 
        58.5      20.9765     0.999859   0.00153152 -3.99365e-05 
        58.5      21.1642     0.999859   0.00153074 -3.90195e-05 
        58.5      21.3528     0.999859   0.00152995 -3.81084e-05 
        58.5      21.5422     0.999859   0.00152916 -3.72031e-05 
        58.5      21.7324     0.999858   0.00152837 -3.63038e-05 
        58.5      21.9234     0.999858   0.00152757 -3.54107e-05 
        58.5      22.1153     0.999858   0.00152677 -3.45237e-05 
        58.5       22.308     0.999858   0.00152597 -3.36429e-05 
        58.5      22.5016     0.999858   0.00152516 -3.27685e-05 
        58.5       22.696     0.999857   0.00152435 -3.19006e-05 
        58.5      22.8912     0.999857   0.00152358 -3.10549e-05 
        58.5      23.0873     0.999857   0.00152277 -3.02003e-05 
        58.5      23.2842     0.999857   0.00152196 -2.93515e-05 
        58.5       23.482     0.999857   0.00152114 -2.85086e-05 
        58.5      23.6805     0.999857   0.00152033 -2.76714e-05 
        58.5        23.88     0.999857   0.00151951   -2.684e-05 
        58.5      24.0802     0.999857   0.00151869 -2.60146e-05 
        58.5      24.2813     0.999856   0.00151787  -2.5195e-05 
        58.5      24.4832     0.999856   0.00151705 -2.43813e-05 
        58.5       24.686     0.999856   0.00151623 -2.35736e-05 
        58.5      24.8896     0.999856   0.00151541 -2.27718e-05 
        58.5       25.094     0.999856   0.00151459  -2.1976e-05 
        58.5      25.2993     0.999856   0.00151377 -2.11862e-05 
        58.5      25.5054     0.999856   0.00151295 -2.04023e-05 
        58.5      25.7123     0.999856   0.00151213 -1.96245e-05 
        58.5      25.9201     0.999856    0.0015113 -1.88526e-05 
        58.5      26.1287     0.999856   0.00151048 -1.80868e-05 
        58.5      26.3381     0.999856   0.00150966  -1.7327e-05 
        58.5      26.5484     0.999856   0.00150883 -1.65732e-05 
        58.5      26.7595     0.999856   0.00150801 -1.58254e-05 
        58.5      26.9715     0.999856   0.00150719 -1.50837e-05 
        58.5      27.1843     0.999856   0.00150637 -1.43479e-05 
        58.5      27.3979     0.999856   0.00150555 -1.36182e-05 
        58.5      27.6124     0.999856   0.00150472 -1.28944e-05 
        58.5      27.8277     0.999856    0.0015039 -1.21767e-05 
        58.5      28.0438     0.999856   0.00150308 -1.14649e-05 
        58.5      28.2608     0.999857   0.00150226  -1.0759e-05 
        58.5      28.4786     0.999857   0.00150144 -1.00591e-05 
        58.5      28.6972     0.999857   0.00150062 -9.36511e-06 
        58.5      28.9167     0.999857   0.00149981   -8.677e-06 
        58.5       29.137     0.999857   0.00149899 -7.99474e-06 
        58.5      29.3582     0.999857   0.00149817 -7.31832e-06 
        58.5      29.5802     0.999857   0.00149736  -6.6477e-06 
        58.5       29.803     0.999857   0.00149654 -5.98286e-06 
        58.5      30.0267     0.999857   0.00149573 -5.32374e-06 
        58.5      30.2512     0.999857   0.00149492 -4.67032e-06 
        58.5      30.4765     0.999858   0.00149411 -4.02255e-06 
        58.5      30.7027     0.999858    0.0014933  -3.3804e-06 
        58.5      30.9297     0.999858    0.0014925  -2.7438e-06 
        58.5      31.1575     0.999858   0.00149169 -2.11272e-06 
        58.5      31.3862     0.999858   0.00149089 -1.48711e-06 
        58.5      31.6157     0.999858   0.00149009 -8.66898e-07 
        58.5      31.8461     0.999859   0.00148929 -2.52042e-07 
        58.5      32.0773     0.999859   0.00148849  3.57526e-07 
        58.5      32.3093     0.999859    0.0014877  9.61865e-07 
        58.5      32.5421     0.999859    0.0014869  1.56104e-06 
        58.5      32.7758      0.99986   0.00148611  2.15512e-06 
        58.5      33.0104      0.99986   0.00148533  2.74418e-06 
        58.5      33.2457      0.99986   0.00148454   3.3283e-06 
        58.5      33.4819      0.99986   0.00148376  3.90754e-06 
        58.5       33.719     0.999861   0.00148298  4.48199e-06 
        58.5      33.9568     0.999861    0.0014822  5.05173e-06 
        58.5      34.1956     0.999861   0.00148119   5.6446e-06 
        58.5      34.4351     0.999861   0.00148131  6.30092e-06 
        58.5      34.6755     0.999861   0.00148047  6.83929e-06 
        58.5      34.9167     0.999862   0.00147964  7.37441e-06 
        58.5      35.1588     0.999862   0.00147882  7.90629e-06 
        58.5      35.4017     0.999863   0.00147801  8.43493e-06 
        58.5      35.6454     0.999863    0.0014772  8.96034e-06 
        58.5      35.8899     0.999864    0.0014764  9.48252e-06 
        58.5      36.1354     0.999864   0.00147561  1.00015e-05 
        58.5      36.3816     0.999865   0.00147482  1.05172e-05 
        58.5      36.6287     0.999865   0.00147404  1.10298e-05 
        58.5      36.8766     0.999866   0.00147327  1.15392e-05 
        58.5      37.1253     0.999866    0.0014725  1.20454e-05 
        58.5      37.3749     0.999867   0.00147174  1.25484e-05 
        58.5      37.6253     0.999867   0.00147099  1.30484e-05 
        58.5      37.8766     0.999868   0.00147025  1.35452e-05 
        58.5      38.1287     0.999868   0.00146951  1.40388e-05 
        58.5      38.3816     0.999869   0.00146877  1.45294e-05 
        58.5      38.6353     0.999869   0.00146805   1.5017e-05 
        58.5      38.8899      0.99987   0.00146732  1.55015e-05 
        58.5      39.1454      0.99987   0.00146661  1.59829e-05 
        58.5      39.4016      0.99987    0.0014659  1.64614e-05 
        58.5      39.6588     0.999871    0.0014652  1.69369e-05 
        58.5      39.9167     0.999871    0.0014645  1.74094e-05 
        58.5      40.1755     0.999872   0.00146381   1.7879e-05 
        58.5      40.4351     0.999872   0.00146313  1.83457e-05 
        58.5      40.6955     0.999873   0.00146245  1.88096e-05 
        58.5      40.9568     0.999873   0.00146177  1.92706e-05 
        58.5      41.2189     0.999873    0.0014611  1.97288e-05 
        58.5      41.4819     0.999874   0.00146044  2.01843e-05 
        58.5      41.7457     0.999874   0.00145978   2.0637e-05 
        58.5      42.0103     0.999875   0.00145913   2.1087e-05 
        58.5      42.2758     0.999875   0.00145848  2.15344e-05 
        58.5      42.5421     0.999876   0.00145783  2.19791e-05 
        58.5      42.8092     0.999876   0.00145719  2.24213e-05 
        58.5      43.0772     0.999876   0.00145656  2.28609e-05 
        58.5       43.346     0.999877   0.00145593   2.3298e-05 
        58.5      43.6157     0.999877    0.0014553  2.37327e-05 
        58.5      43.8862     0.999878   0.00145468  2.41649e-05 
        58.5      44.1575     0.999878   0.00145406  2.45949e-05 
        58.5      44.4296     0.999879   0.00145345  2.50224e-05 
        58.5      44.7026     0.999879   0.00145284  2.54478e-05 
        58.5      44.9765      0.99988   0.00145223  2.58709e-05 
        58.5      45.2511      0.99988   0.00145162  2.62918e-05 
        58.5      45.5266     0.999881   0.00145102  2.67107e-05 
        58.5       45.803     0.999881   0.00145043  2.71275e-05 
        58.5      46.0801     0.999882   0.00144983  2.75423e-05 
        58.5      46.3581     0.999883   0.00144924  2.79552e-05 
        58.5       46.637     0.999883   0.00144865  2.83662e-05 
        58.5      46.9167     0.999884   0.00144806  2.87754e-05 
        58.5      47.1972     0.999884   0.00144747  2.91829e-05 
        58.5      47.4785     0.999885   0.00144689  2.95886e-05 
        58.5      47.7607     0.999886   0.00144631  2.99928e-05 
        58.5      48.0438     0.999886   0.00144573  3.03954e-05 
        58.5      48.3276     0.999887   0.00144515  3.07965e-05 
        58.5      48.6123     0.999888   0.00144457  3.11962e-05 
        58.5      48.8979     0.999889   0.00144399  3.15946e-05 
        58.5      49.1842     0.999888   0.00144365  3.20798e-05 
        58.5      49.4714     0.999889    0.0014431  3.24677e-05 
        58.5      49.7595      0.99989   0.00144255  3.28555e-05 
        58.5      50.0484      0.99989     0.001442  3.32434e-05 
        58.5      50.3381     0.999891   0.00144146  3.36313e-05 
        58.5      50.6286     0.999892   0.00144092  3.40193e-05 
        58.5        50.92     0.999892   0.00144039  3.44073e-05 
        58.5      51.2122     0.999893   0.00143986  3.47953e-05 
        58.5      51.5053     0.999894   0.00143934  3.51834e-05 
        58.5      51.7992     0.999894   0.00143882  3.55716e-05 
        58.5      52.0939     0.999895   0.00143831  3.59598e-05 
        58.5      52.3895     0.999896    0.0014378  3.63481e-05 
        58.5      52.6859     0.999896    0.0014373  3.67365e-05 
        58.5      52.9831     0.999897    0.0014368   3.7125e-05 
        58.5      53.2812     0.999898   0.00143631  3.75136e-05 
        58.5      53.5801     0.999898   0.00143582  3.79022e-05 
        58.5      53.8799     0.999899   0.00143533   3.8291e-05 
        58.5      54.1805     0.999899   0.00143485  3.86799e-05 
        58.5      54.4819       0.9999   0.00143437   3.9069e-05 
        58.5      54.7841     0.999901    0.0014339  3.94582e-05 
        58.5      55.0872     0.999901   0.00143343  3.98475e-05 
        58.5      55.3912     0.999902   0.00143297   4.0237e-05 
        58.5      55.6959     0.999903   0.00143251  4.06266e-05 
        58.5      56.0015     0.999903   0.00143205  4.10165e-05 
        58.5       56.308     0.999904    0.0014316  4.14065e-05 
        58.5      56.6152     0.999905   0.00143115  4.17967e-05 
        58.5      56.9233     0.999905    0.0014307  4.21871e-05 
        58.5      57.2323     0.999906   0.00143026  4.25778e-05 
        58.5      57.5421     0.999907   0.00142983  4.29686e-05 
        58.5      57.8527     0.999907   0.00142939  4.33598e-05 
        58.5      58.1641     0.999908   0.00142896  4.37511e-05 
        58.5      58.4764     0.999909   0.00142854  4.41428e-05 
        58.5      58.7896     0.999909   0.00142812  4.45347e-05 
        58.5      59.1035      0.99991    0.0014277  4.49269e-05 
        58.5      59.4183     0.999911   0.00142728  4.53194e-05 
        58.5      59.7339     0.999911   0.00142687  4.57122e-05 
        58.5      60.0504     0.999912   0.00142646  4.61054e-05 
        58.5      60.3677     0.999913   0.00142606  4.64989e-05 
        58.5      60.6859     0.999913   0.00142565  4.68928e-05 
        58.5      61.0048     0.999914   0.00142525   4.7287e-05 
        58.5      61.3247     0.999915   0.00142486  4.76816e-05 
        58.5      61.6453     0.999915   0.00142446  4.80766e-05 
        58.5      61.9668     0.999916   0.00142407  4.84721e-05 
        58.5      62.2891     0.999917   0.00142368   4.8868e-05 
        58.5      62.6123     0.999917    0.0014233  4.92643e-05 
        58.5      62.9363     0.999917   0.00142326  4.97562e-05 
        58.5      63.2611     0.999918   0.00142292  5.01357e-05 
        58.5      63.5868     0.999919   0.00142258  5.05173e-05 
        58.5      63.9133     0.999919   0.00142223  5.09011e-05 
        58.5      64.2406      0.99992   0.00142187  5.12874e-05 
        58.5      64.5688     0.999921   0.00142151  5.16763e-05 
        58.5      64.8978     0.999921   0.00142114  5.20681e-05 
        58.5      65.2277     0.999922   0.00142077  5.24629e-05 
        58.5      65.5583     0.999923   0.00142039   5.2861e-05 
        58.5      65.8899     0.999924      0.00142  5.32625e-05 
        58.5      66.2222     0.999924   0.00141961  5.36677e-05 
        58.5      66.5554     0.999925   0.00141921  5.40768e-05 
        58.5      66.8894     0.999926    0.0014188    5.449e-05 
        58.5      67.2243     0.999927   0.00141838  5.49075e-05 
        58.5        67.56     0.999928   0.00141795  5.53295e-05 
        58.5      67.8966     0.999928   0.00141751  5.57562e-05 
        58.5      68.2339     0.999929   0.00141707   5.6188e-05 
        58.5      68.5721      0.99993   0.00141661  5.66249e-05 
        58.5      68.9112     0.999931   0.00141614  5.70673e-05 
        58.5      69.2511     0.999932   0.00141567  5.75154e-05 
        58.5      69.5918     0.999933   0.00141518  5.79694e-05 
        58.5      69.9333     0.999934   0.00141468  5.84295e-05 
        58.5      70.2757     0.999935   0.00141437  5.87113e-05 
        58.5      70.6189     0.999936   0.00141411  5.91686e-05 
        58.5       70.963     0.999936   0.00141384  5.96267e-05 
        58.5      71.3079     0.999937   0.00141358  6.00856e-05 
        58.5      71.6536     0.999938   0.00141331  6.05453e-05 
        58.5      72.0002     0.999938   0.00141305  6.10057e-05 
        58.5      72.3476     0.999939   0.00141278  6.14671e-05 
        58.5      72.6959     0.999939   0.00141252  6.19293e-05 
        58.5      73.0449      0.99994   0.00141226  6.23924e-05 
        58.5      73.3949     0.999941     0.001412  6.28564e-05 
        58.5      73.7456     0.999941   0.00141174  6.33213e-05 
        58.5      74.0972     0.999942   0.00141148  6.37872e-05 
        58.5      74.4496     0.999942   0.00141122  6.42541e-05 
        58.5      74.8029     0.999943   0.00141096   6.4722e-05 
        58.5       75.157     0.999944    0.0014107   6.5191e-05 
        58.5      75.5119     0.999944   0.00141044   6.5661e-05 
        58.5      75.8677     0.999945   0.00141018  6.61321e-05 
        58.5      76.2243     0.999946   0.00140992  6.66043e-05 
        58.5      76.5817     0.999946   0.00140966  6.70777e-05 
        58.5        76.94     0.999947    0.0014094  6.75523e-05 
        58.5      77.2991     0.999947   0.00140915   6.8028e-05 
        58.5      77.6591     0.999948   0.00140889   6.8505e-05 
        58.5      78.0198     0.999949   0.00140863  6.89833e-05 
        58.5      78.3815     0.999949   0.00140837  6.94629e-05 
        58.5      78.7439      0.99995   0.00140811  6.99437e-05 
        58.5      79.1072      0.99995   0.00140785   7.0426e-05 
        58.5      79.4714     0.999951    0.0014076  7.09096e-05 
        58.5      79.8363     0.999952   0.00140734  7.13946e-05 
        58.5      80.2021     0.999952   0.00140708  7.18811e-05 
        58.5      80.5688     0.999953   0.00140682   7.2369e-05 
        58.5      80.9362     0.999954   0.00140656  7.28585e-05 
        58.5      81.3045     0.999954    0.0014063  7.33495e-05 
        58.5      81.6737     0.999955   0.00140604   7.3842e-05 
        58.5      82.0437     0.999955   0.00140578  7.43362e-05 
        58.5      82.4145     0.999956   0.00140552   7.4832e-05 
        58.5      82.7861     0.999957   0.00140526  7.53295e-05 
        58.5      83.1586     0.999957     0.001405  7.58287e-05 
        58.5       83.532     0.999958   0.00140473  7.63297e-05 
        58.5      83.9061     0.999959   0.00140447  7.68324e-05 
        58.5      84.2811     0.999959    0.0014042   7.7337e-05 
        58.5       84.657      0.99996   0.00140394  7.78434e-05 
        58.5      85.0336     0.999958   0.00140443  7.81151e-05 
        58.5      85.4111     0.999959   0.00140413  7.86452e-05 
        58.5      85.7895      0.99996   0.00140383  7.91776e-05 
        58.5      86.1687     0.999961   0.00140353  7.97124e-05 
        58.5      86.5487     0.999962   0.00140323  8.02495e-05 
        58.5      86.9295     0.999963   0.00140294  8.07889e-05 
        58.5      87.3112     0.999964   0.00140264  8.13307e-05 
        58.5      87.6937     0.999965   0.00140235  8.18749e-05 
        58.5      88.0771     0.999966   0.00140206  8.24214e-05 
        58.5      88.4613     0.999967   0.00140177  8.29702e-05 
        58.5      88.8463     0.999968   0.00140148  8.35215e-05 
        58.5      89.2322     0.999969    0.0014012   8.4075e-05 
        58.5      89.6189      0.99997   0.00140092   8.4631e-05 
        58.5      90.0064     0.999971   0.00140064  8.51893e-05 
        58.5      90.3948     0.999972   0.00140036    8.575e-05 
        58.5       90.784     0.999973   0.00140008   8.6313e-05 
        58.5      91.1741     0.999974   0.00139981  8.68784e-05 
        58.5       91.565     0.999975   0.00139954  8.74462e-05 
        58.5      91.9567     0.999976   0.00139927  8.80164e-05 
        58.5      92.3492     0.999977   0.00139901  8.85889e-05 
        58.5      92.7426     0.999978   0.00139875  8.91638e-05 
        58.5      93.1369     0.999979   0.00139849  8.97412e-05 
        58.5      93.5319      0.99998   0.00139823  9.03209e-05 
        58.5      93.9278     0.999981   0.00139798  9.09029e-05 
        58.5      94.3246     0.999982   0.00139773  9.14874e-05 
        58.5      94.7221     0.999983   0.00139749  9.20743e-05 
        58.5      95.1206     0.999983   0.00139725  9.26635e-05 
        58.5      95.5198     0.999984   0.00139701  9.32552e-05 
        58.5      95.9199     0.999985   0.00139678  9.38492e-05 
        58.5      96.3208     0.999986   0.00139655  9.44457e-05 
        58.5      96.7226     0.999987   0.00139632  9.50445e-05 
        58.5      97.1251     0.999987    0.0013961  9.56458e-05 
        58.5      97.5286     0.999988   0.00139589  9.62494e-05 
        58.5      97.9328     0.999989   0.00139567  9.68555e-05 
        58.5      98.3379      0.99999   0.00139547   9.7464e-05 
        58.5      98.7439      0.99999   0.00139526  9.80748e-05 
        58.5      99.1506     0.999991   0.00139507  9.86881e-05 
        58.5      99.5583     0.999991   0.00139487  9.93038e-05 
        58.5      99.9667     0.999992   0.00139468  9.99219e-05 
        58.5      100.376     0.999993    0.0013945  0.000100542 
        58.5      100.786     0.999993   0.00139432  0.000101165 
        58.5      101.197     0.999993   0.00139415  0.000101791 
        58.5      101.609     0.999994   0.00139399  0.000102418 
        58.5      102.021     0.999994   0.00139383  0.000103049 
        58.5      102.435     0.999995   0.00139367  0.000103681 
        58.5      102.849     0.999995   0.00139352  0.000104316 
        58.5      103.264     0.999995   0.00139338  0.000104954 
        58.5       103.68     0.999995   0.00139325  0.000105593 
        58.5      104.097     0.999996   0.00139312  0.000106236 
        58.5      104.515     0.999996   0.00139317  0.000107228 
        58.5      104.933     0.999996   0.00139292  0.000107826 
        58.5      105.353     0.999997   0.00139267  0.000108429 
        58.5      105.773     0.999997   0.00139242  0.000109037 
        58.5      106.194     0.999998   0.00139217  0.000109649 
        58.5      106.616     0.999998   0.00139192  0.000110267 
        58.5      107.038     0.999999   0.00139167  0.000110889 
        58.5      107.462     0.999999   0.00139142  0.000111516 
        58.5      107.886            1   0.00139117  0.000112148 
        58.5      108.311            1   0.00139092  0.000112785 
        58.5      108.737            1   0.00139067  0.000113426 
        58.5      109.164            1   0.00139042  0.000114071 
        58.5      109.592            1   0.00139017  0.000114722 
        58.5       110.02            1   0.00138992  0.000115376 
        58.5       110.45            1   0.00138967  0.000116036 
        58.5       110.88            1   0.00138942  0.000116699 
        58.5      111.311            1   0.00138918  0.000117367 
        58.5      111.743            1   0.00138893   0.00011804 
        58.5      112.175      1.00001   0.00138868  0.000118716 
        58.5      112.609      1.00001   0.00138843  0.000119397 
        58.5      113.043      1.00001   0.00138819  0.000120082 
        58.5      113.478      1.00001   0.00138782  0.000120691 
        58.5      113.914      1.00001   0.00138753  0.000121359 
        58.5      114.351      1.00001   0.00138724  0.000122028 
        58.5      114.789      1.00001   0.00138695  0.000122701 
        58.5      115.228      1.00001   0.00138667  0.000123376 
        58.5      115.667      1.00001   0.00138639  0.000124053 
        58.5      116.107      1.00001   0.00138611  0.000124733 
        58.5      116.548      1.00001   0.00138584  0.000125416 
        58.5       116.99      1.00001   0.00138557  0.000126102 
        58.5      117.433      1.00001   0.00138531   0.00012679 
        58.5      117.876      1.00001   0.00138504  0.000127482 
        58.5      118.321      1.00001   0.00138478  0.000128176 
        58.5      118.766      1.00001   0.00138453  0.000128872 
        58.5      119.212      1.00001   0.00138427  0.000129572 
        58.5      119.659      1.00001   0.00138402  0.000130275 
        58.5      120.107      1.00002   0.00138377  0.000130981 
        58.5      120.555      1.00002   0.00138352  0.000131689 
        58.5      121.005      1.00002   0.00138327  0.000132401 
        58.5      121.455      1.00002   0.00138303  0.000133116 
        58.5      121.906      1.00002   0.00138279  0.000133834 
        58.5      122.358      1.00002   0.00138255  0.000134555 
        58.5      122.811      1.00002   0.00138231   0.00013528 
        58.5      123.264      1.00003   0.00138207  0.000136007 
        58.5      123.719      1.00003   0.00138183  0.000136738 
        58.5      124.174      1.00003    0.0013816  0.000137472 
        58.5       124.63      1.00003   0.00138136   0.00013821 
        58.5      125.087      1.00003   0.00138113  0.000138951 
        58.5      125.545      1.00003    0.0013809  0.000139695 
        58.5      126.003      1.00003   0.00138067  0.000140443 
        58.5      126.463      1.00004   0.00138043  0.000141195 
        58.5      126.923      1.00004    0.0013802   0.00014195 
        58.5      127.384      1.00004   0.00137997  0.000142709 
        58.5      127.846      1.00004   0.00137974  0.000143471 
        58.5      128.309      1.00004   0.00137951  0.000144237 
        58.5      128.773      1.00004   0.00137928  0.000145007 
        58.5      129.237      1.00005   0.00137905   0.00014578 
        58.5      129.702      1.00005   0.00137882  0.000146558 
        58.5      130.169      1.00005   0.00137858  0.000147339 
        58.5      130.636      1.00005   0.00137835  0.000148124 
        58.5      131.103      1.00005   0.00137811  0.000148913 
        58.5      131.572      1.00005   0.00137788  0.000149707 
        58.5      132.041      1.00006   0.00137764  0.000150504 
        58.5      132.512      1.00006    0.0013774  0.000151305 
        58.5      132.983      1.00006   0.00137716  0.000152111 
        58.5      133.455      1.00006   0.00137692   0.00015292 
        58.5      133.928      1.00006   0.00137668  0.000153734 
        58.5      134.401      1.00006   0.00137643  0.000154553 
        58.5      134.876      1.00006   0.00137618  0.000155375 
        58.5      135.351      1.00006   0.00137593  0.000156202 
        58.5      135.827      1.00006   0.00137568  0.000157034 
        58.5      136.304      1.00007   0.00137542   0.00015787 
        58.5      136.782      1.00007   0.00137516   0.00015871 
        58.5      137.261      1.00007    0.0013749  0.000159555 
        58.5       137.74      1.00007   0.00137463  0.000160405 
        58.5      138.221      1.00007   0.00137436  0.000161259 
        58.5      138.702      1.00007   0.00137409  0.000162118 
        58.5      139.184      1.00007   0.00137381  0.000162982 
        58.5      139.667      1.00007   0.00137353  0.000163851 
        58.5      140.151      1.00007   0.00137324  0.000164725 
        58.5      140.635      1.00007   0.00137295  0.000165603 
        58.5       141.12      1.00007   0.00137266  0.000166487 
        58.5      141.607      1.00007   0.00137236  0.000167376 
        58.5      142.094      1.00006   0.00137205  0.000168269 
        58.5      142.582      1.00006   0.00137174  0.000169168 
        58.5       143.07      1.00006   0.00137143  0.000170073 
        58.5       143.56      1.00006   0.00137111  0.000170982 
        58.5       144.05      1.00006   0.00137078  0.000171897 
        58.5      144.541      1.00006   0.00137045  0.000172817 
        58.5      145.033      1.00006   0.00137011  0.000173743 
        58.5      145.526      1.00005   0.00136976  0.000174674 
        58.5       146.02      1.00005   0.00136941  0.000175611 
        58.5      146.515      1.00005   0.00136905  0.000176553 
        58.5       147.01      1.00005   0.00136868  0.000177501 
        58.5      147.506      1.00004    0.0013683  0.000178455 
        58.5      148.003      1.00004   0.00136792  0.000179414 
        58.5      148.501      1.00003   0.00136753   0.00018038 
        58.5          149      1.00003   0.00136713  0.000181351 
        58.5        149.5      1.00003   0.00136673  0.000182328 
        58.5          150      1.00002   0.00136631  0.000183312 
