Variables = x, y, u, v, p

Zone, I=600, F=POINT
        -9.5            0  7.94356e-07  9.42338e-09 -0.000658996 
        -9.5     0.000418  0.000247268  9.14129e-09 -0.000658996 
        -9.5     0.001672  0.000986662  8.42143e-09 -0.000658996 
        -9.5     0.003763   0.00221949  7.65089e-09 -0.000658995 
        -9.5     0.006689   0.00394446  7.50333e-09 -0.000658995 
        -9.5     0.010451   0.00616196  8.97736e-09 -0.000658994 
        -9.5      0.01505   0.00887238  1.34569e-08 -0.000658994 
        -9.5     0.020485    0.0120748  2.27819e-08 -0.000658993 
        -9.5     0.026756     0.015769  3.93394e-08 -0.000658992 
        -9.5     0.033863    0.0199544  6.61696e-08 -0.000658991 
        -9.5     0.041806    0.0246308  1.07089e-07  -0.00065899 
        -9.5     0.050585    0.0297974  1.66827e-07 -0.000658988 
        -9.5     0.060201    0.0354545  2.51195e-07 -0.000658986 
        -9.5     0.070652       0.0416  3.67217e-07 -0.000658983 
        -9.5      0.08194    0.0482347  5.23388e-07  -0.00065898 
        -9.5     0.094063    0.0553564  7.29785e-07 -0.000658976 
        -9.5     0.107023    0.0629654  9.98402e-07 -0.000658972 
        -9.5     0.120819    0.0710604  1.34328e-06 -0.000658967 
        -9.5     0.135451    0.0796403   1.7808e-06 -0.000658961 
        -9.5     0.150919    0.0887039  2.32999e-06 -0.000658954 
        -9.5     0.167224    0.0982507  3.01281e-06 -0.000658946 
        -9.5     0.184364     0.108278  3.85427e-06 -0.000658936 
        -9.5     0.202341     0.118786  4.88311e-06 -0.000658925 
        -9.5     0.221153     0.129772  6.13172e-06 -0.000658912 
        -9.5     0.240802     0.141236  7.63692e-06 -0.000658896 
        -9.5     0.261287     0.153183  9.49649e-06 -0.000658878 
        -9.5     0.282608     0.165582  1.15347e-05 -0.000658858 
        -9.5     0.304765     0.178454  1.39748e-05 -0.000658834 
        -9.5     0.327758     0.191795  1.68565e-05 -0.000658806 
        -9.5     0.351588     0.205601  2.02215e-05 -0.000658774 
        -9.5     0.376253     0.219867  2.41132e-05 -0.000658736 
        -9.5     0.401755     0.234587  2.85776e-05 -0.000658694 
        -9.5     0.428092     0.249753  3.36621e-05 -0.000658644 
        -9.5     0.455266     0.265359  3.94172e-05 -0.000658587 
        -9.5     0.483276     0.281397  4.58949e-05 -0.000658522 
        -9.5     0.512122     0.297856  5.31498e-05 -0.000658447 
        -9.5     0.541805     0.314726  6.12391e-05 -0.000658362 
        -9.5     0.572323     0.331996  7.02216e-05 -0.000658265 
        -9.5     0.603677     0.349653  8.01595e-05 -0.000658154 
        -9.5     0.635868     0.367685  9.11176e-05 -0.000658029 
        -9.5     0.668894     0.386074  0.000103162 -0.000657887 
        -9.5     0.702757     0.404805  0.000116364 -0.000657727 
        -9.5     0.737456     0.423861  0.000130795 -0.000657547 
        -9.5     0.772991      0.44301  0.000146334 -0.000657332 
        -9.5     0.809362     0.462731   0.00016297 -0.000657116 
        -9.5      0.84657     0.482652  0.000180954 -0.000656871 
        -9.5     0.884613     0.502743  0.000200288 -0.000656593 
        -9.5     0.923492     0.522973  0.000220966 -0.000656282 
        -9.5     0.963208     0.543309  0.000242978 -0.000655935 
        -9.5      1.00376     0.563715  0.000266303 -0.000655551 
        -9.5      1.04515     0.584152  0.000290913 -0.000655128 
        -9.5      1.08737      0.60458  0.000316771 -0.000654662 
        -9.5      1.13043     0.624955  0.000343828 -0.000654153 
        -9.5      1.17433     0.645232   0.00037203 -0.000653597 
        -9.5      1.21906     0.665363  0.000401306 -0.000652994 
        -9.5      1.26463     0.685297  0.000431581 -0.000652339 
        -9.5      1.31103     0.704978  0.000462762 -0.000651631 
        -9.5      1.35827      0.72435  0.000494747 -0.000650868 
        -9.5      1.40635     0.743353  0.000527422 -0.000650047 
        -9.5      1.45526     0.761923  0.000560656 -0.000649165 
        -9.5      1.50501     0.779993  0.000594307  -0.00064822 
        -9.5       1.5556     0.797492  0.000628218 -0.000647208 
        -9.5      1.60702     0.814346  0.000662216 -0.000646128 
        -9.5      1.65928     0.830477  0.000696112 -0.000644975 
        -9.5      1.71237     0.845804  0.000729703 -0.000643748 
        -9.5       1.7663     0.862279  0.000761835 -0.000642567 
        -9.5      1.82106     0.875568  0.000795537 -0.000641165 
        -9.5      1.87667      0.88813  0.000827694 -0.000639705 
        -9.5      1.93311     0.899958  0.000858277 -0.000638187 
        -9.5      1.99038     0.911047  0.000887262 -0.000636611 
        -9.5      2.04849     0.921395   0.00091463 -0.000634976 
        -9.5      2.10744     0.931002  0.000940367 -0.000633283 
        -9.5      2.16722     0.939873  0.000964462 -0.000631532 
        -9.5      2.22784     0.948013  0.000986912 -0.000629722 
        -9.5      2.28929     0.955433   0.00100772 -0.000627856 
        -9.5      2.35158     0.962146   0.00102689 -0.000625932 
        -9.5      2.41471     0.968167   0.00104444 -0.000623952 
        -9.5      2.47867     0.973518   0.00106039 -0.000621917 
        -9.5      2.54347      0.97822   0.00107476 -0.000619827 
        -9.5      2.60911     0.982303   0.00108759 -0.000617684 
        -9.5      2.67558     0.985796   0.00109892 -0.000615488 
        -9.5      2.74288     0.988736    0.0011088 -0.000613242 
        -9.5      2.81103     0.991162   0.00111727 -0.000610947 
        -9.5      2.88001     0.993117   0.00112441 -0.000608605 
        -9.5      2.94983      0.99465   0.00113029 -0.000606217 
        -9.5      3.02048     0.995814   0.00113498 -0.000603786 
        -9.5      3.09197     0.996667   0.00113858 -0.000601314 
        -9.5      3.16429     0.997271   0.00114117 -0.000598804 
        -9.5      3.23745     0.997694   0.00114288 -0.000596258 
        -9.5      3.31145     0.998009    0.0011438 -0.000593679 
        -9.5      3.38628     0.998294   0.00114408 -0.000591071 
        -9.5      3.46195     0.998633   0.00114384 -0.000588437 
        -9.5      3.53845     0.999116   0.00114323  -0.00058578 
        -9.5      3.61579     0.999838    0.0011424 -0.000583104 
        -9.5      3.69397       1.0009   0.00114154 -0.000580414 
        -9.5      3.77298       1.0001   0.00114217 -0.000577588 
        -9.5      3.85283      1.00015   0.00114119 -0.000574787 
        -9.5      3.93352      1.00018   0.00114018 -0.000571955 
        -9.5      4.01504      1.00022   0.00113915 -0.000569091 
        -9.5       4.0974      1.00024    0.0011381 -0.000566196 
        -9.5      4.18059      1.00026   0.00113704 -0.000563269 
        -9.5      4.26462      1.00026   0.00113589 -0.000560329 
        -9.5      4.34949      1.00027   0.00113478 -0.000557339 
        -9.5      4.43519      1.00027   0.00113368 -0.000554321 
        -9.5      4.52173      1.00027   0.00113259 -0.000551274 
        -9.5       4.6091      1.00028   0.00113151 -0.000548199 
        -9.5      4.69731      1.00028   0.00113045 -0.000545097 
        -9.5      4.78636      1.00028    0.0011294 -0.000541967 
        -9.5      4.87624      1.00027   0.00112836 -0.000538811 
        -9.5      4.96696      1.00027   0.00112735 -0.000535629 
        -9.5      5.05851      1.00027   0.00112635  -0.00053242 
        -9.5       5.1509      1.00027   0.00112537 -0.000529186 
        -9.5      5.24413      1.00026   0.00112441 -0.000525926 
        -9.5       5.3382      1.00026   0.00112347 -0.000522642 
        -9.5      5.43309      1.00026   0.00112256 -0.000519334 
        -9.5      5.52883      1.00025   0.00112167 -0.000516002 
        -9.5       5.6254      1.00025   0.00112082 -0.000512647 
        -9.5      5.72281      1.00025   0.00111999 -0.000509269 
        -9.5      5.82105      1.00024   0.00111918 -0.000505893 
        -9.5      5.92013      1.00024    0.0011184 -0.000502472 
        -9.5      6.02005      1.00024   0.00111764 -0.000499031 
        -9.5       6.1208      1.00024   0.00111692 -0.000495572 
        -9.5      6.22239      1.00023   0.00111622 -0.000492094 
        -9.5      6.32482      1.00023   0.00111555 -0.000488598 
        -9.5      6.42808      1.00023   0.00111491 -0.000485084 
        -9.5      6.53217      1.00022    0.0011143 -0.000481553 
        -9.5      6.63711      1.00022   0.00111372 -0.000478006 
        -9.5      6.74287      1.00022   0.00111317 -0.000474442 
        -9.5      6.84948      1.00021   0.00111265 -0.000470864 
        -9.5      6.95692      1.00021   0.00111216  -0.00046727 
        -9.5       7.0652      1.00021    0.0011117 -0.000463663 
        -9.5      7.17431       1.0002   0.00111128 -0.000460042 
        -9.5      7.28426       1.0002   0.00111088 -0.000456408 
        -9.5      7.39505       1.0002   0.00111052 -0.000452762 
        -9.5      7.50667      1.00019   0.00111019 -0.000449104 
        -9.5      7.61913      1.00019   0.00110989 -0.000445436 
        -9.5      7.73242      1.00019   0.00110963 -0.000441757 
        -9.5      7.84655      1.00018    0.0011094 -0.000438069 
        -9.5      7.96152      1.00018    0.0011092 -0.000434373 
        -9.5      8.07732      1.00018     0.001109 -0.000430687 
        -9.5      8.19396      1.00017   0.00110887  -0.00042698 
        -9.5      8.31143      1.00017   0.00110878 -0.000423274 
        -9.5      8.42974      1.00017   0.00110866 -0.000419535 
        -9.5      8.54889      1.00016   0.00110864 -0.000415818 
        -9.5      8.66887      1.00016   0.00110866 -0.000412095 
        -9.5      8.78969      1.00016    0.0011087 -0.000408366 
        -9.5      8.91135      1.00015   0.00110878 -0.000404632 
        -9.5      9.03384      1.00015   0.00110888 -0.000400895 
        -9.5      9.15717      1.00015   0.00110902 -0.000397154 
        -9.5      9.28133      1.00015   0.00110919 -0.000393411 
        -9.5      9.40633      1.00014   0.00110939 -0.000389666 
        -9.5      9.53216      1.00014   0.00110962 -0.000385921 
        -9.5      9.65884      1.00014   0.00110988 -0.000382176 
        -9.5      9.78634      1.00013   0.00111017 -0.000378433 
        -9.5      9.91469      1.00013    0.0011105 -0.000374692 
        -9.5      10.0439      1.00013   0.00111085 -0.000370954 
        -9.5      10.1739      1.00012   0.00111124  -0.00036722 
        -9.5      10.3047      1.00012   0.00111167 -0.000363491 
        -9.5      10.4364      1.00012   0.00111212 -0.000359769 
        -9.5      10.5689      1.00011   0.00111261 -0.000356054 
        -9.5      10.7023      1.00011   0.00111314 -0.000352348 
        -9.5      10.8365      1.00011   0.00111369  -0.00034865 
        -9.5      10.9715       1.0001   0.00111428 -0.000344964 
        -9.5      11.1074       1.0001   0.00111491 -0.000341283 
        -9.5      11.2441       1.0001   0.00111555 -0.000337614 
        -9.5      11.3817      1.00009   0.00111622 -0.000333952 
        -9.5        11.52      1.00009   0.00111694 -0.000330298 
        -9.5      11.6592      1.00009   0.00111768 -0.000326651 
        -9.5      11.7993      1.00008   0.00111846 -0.000323012 
        -9.5      11.9402      1.00008   0.00111926 -0.000319382 
        -9.5      12.0819      1.00008    0.0011201 -0.000315761 
        -9.5      12.2245      1.00007   0.00112096 -0.000312149 
        -9.5      12.3679      1.00007   0.00112184 -0.000308548 
        -9.5      12.5121      1.00007   0.00112265   -0.0003049 
        -9.5      12.6572      1.00007    0.0011236 -0.000301349 
        -9.5      12.8031      1.00006   0.00112459  -0.00029781 
        -9.5      12.9498      1.00006   0.00112561 -0.000294285 
        -9.5      13.0974      1.00006   0.00112666 -0.000290774 
        -9.5      13.2458      1.00005   0.00112774 -0.000287277 
        -9.5       13.395      1.00005   0.00112884 -0.000283796 
        -9.5      13.5451      1.00005   0.00112998  -0.00028033 
        -9.5       13.696      1.00005   0.00113114 -0.000276879 
        -9.5      13.8478      1.00004   0.00113233 -0.000273445 
        -9.5      14.0004      1.00004   0.00113354 -0.000270027 
        -9.5      14.1538      1.00004   0.00113479 -0.000266627 
        -9.5      14.3081      1.00003   0.00113605 -0.000263244 
        -9.5      14.4632      1.00003   0.00113735  -0.00025988 
        -9.5      14.6191      1.00003   0.00113866 -0.000256533 
        -9.5      14.7759      1.00003      0.00114 -0.000253206 
        -9.5      14.9335      1.00002   0.00114137 -0.000249898 
        -9.5      15.0919      1.00002   0.00114275 -0.000246609 
        -9.5      15.2512      1.00002   0.00114416 -0.000243341 
        -9.5      15.4113      1.00001   0.00114559 -0.000240093 
        -9.5      15.5723      1.00001   0.00114703 -0.000236866 
        -9.5      15.7341      1.00001    0.0011485 -0.000233661 
        -9.5      15.8967      1.00001   0.00114998 -0.000230477 
        -9.5      16.0602            1   0.00115148 -0.000227316 
        -9.5      16.2245            1     0.001153 -0.000224178 
        -9.5      16.3896            1   0.00115453 -0.000221062 
        -9.5      16.5556     0.999997   0.00115608  -0.00021797 
        -9.5      16.7224     0.999995   0.00115764 -0.000214902 
        -9.5        16.89     0.999992   0.00115921 -0.000211858 
        -9.5      17.0585      0.99999   0.00116062  -0.00020879 
        -9.5      17.2278     0.999987   0.00116224 -0.000205777 
        -9.5      17.3979     0.999985   0.00116387 -0.000202789 
        -9.5      17.5689     0.999983   0.00116552 -0.000199827 
        -9.5      17.7408     0.999981   0.00116719  -0.00019689 
        -9.5      17.9134     0.999978   0.00116888 -0.000193977 
        -9.5      18.0869     0.999976   0.00117059 -0.000191089 
        -9.5      18.2612     0.999974   0.00117232 -0.000188225 
        -9.5      18.4364     0.999972   0.00117406 -0.000185385 
        -9.5      18.6124     0.999969   0.00117583 -0.000182568 
        -9.5      18.7892     0.999967   0.00117761 -0.000179774 
        -9.5      18.9669     0.999965   0.00117941 -0.000177003 
        -9.5      19.1454     0.999963   0.00118123 -0.000174254 
        -9.5      19.3248     0.999961   0.00118306 -0.000171527 
        -9.5       19.505     0.999959   0.00118493 -0.000168887 
        -9.5       19.686     0.999957   0.00118674 -0.000166218 
        -9.5      19.8678     0.999955   0.00118856 -0.000163572 
        -9.5      20.0505     0.999953   0.00119039 -0.000160949 
        -9.5      20.2341     0.999951   0.00119223  -0.00015835 
        -9.5      20.4184     0.999949   0.00119407 -0.000155774 
        -9.5      20.6036     0.999947   0.00119592 -0.000153222 
        -9.5      20.7897     0.999945   0.00119778 -0.000150693 
        -9.5      20.9765     0.999944   0.00119964 -0.000148189 
        -9.5      21.1642     0.999942   0.00120152 -0.000145708 
        -9.5      21.3528      0.99994    0.0012034 -0.000143251 
        -9.5      21.5422     0.999938   0.00120529 -0.000140819 
        -9.5      21.7324     0.999937   0.00120719 -0.000138411 
        -9.5      21.9234     0.999935   0.00120909 -0.000136028 
        -9.5      22.1153     0.999933   0.00121101 -0.000133669 
        -9.5       22.308     0.999932   0.00121293 -0.000131335 
        -9.5      22.5016      0.99993   0.00121486 -0.000129025 
        -9.5       22.696     0.999929   0.00121681 -0.000126741 
        -9.5      22.8912     0.999927   0.00121876 -0.000124481 
        -9.5      23.0873     0.999926   0.00122072 -0.000122246 
        -9.5      23.2842     0.999925   0.00122269 -0.000120036 
        -9.5       23.482     0.999923   0.00122466 -0.000117851 
        -9.5      23.6805     0.999922   0.00122665 -0.000115691 
        -9.5        23.88     0.999921   0.00122865 -0.000113556 
        -9.5      24.0802     0.999919   0.00123066 -0.000111446 
        -9.5      24.2813     0.999918   0.00123268 -0.000109361 
        -9.5      24.4832     0.999917   0.00123471 -0.000107302 
        -9.5       24.686     0.999916   0.00123675 -0.000105267 
        -9.5      24.8896     0.999915   0.00123869 -0.000103249 
        -9.5       25.094     0.999913   0.00124064 -0.000101254 
        -9.5      25.2993     0.999912   0.00124259 -9.92818e-05 
        -9.5      25.5054     0.999911   0.00124454 -9.73313e-05 
        -9.5      25.7123      0.99991   0.00124649 -9.54026e-05 
        -9.5      25.9201     0.999909   0.00124845 -9.34953e-05 
        -9.5      26.1287     0.999907   0.00125041 -9.16092e-05 
        -9.5      26.3381     0.999906   0.00125237 -8.97439e-05 
        -9.5      26.5484     0.999905   0.00125433  -8.7899e-05 
        -9.5      26.7595     0.999904    0.0012563 -8.60742e-05 
        -9.5      26.9715     0.999903   0.00125827 -8.42691e-05 
        -9.5      27.1843     0.999902   0.00126025 -8.24832e-05 
        -9.5      27.3979     0.999902   0.00126222 -8.07163e-05 
        -9.5      27.6124     0.999901    0.0012642 -7.89677e-05 
        -9.5      27.8277       0.9999   0.00126619 -7.72372e-05 
        -9.5      28.0438     0.999899   0.00126817 -7.55241e-05 
        -9.5      28.2608     0.999898   0.00127016 -7.38281e-05 
        -9.5      28.4786     0.999897     0.001272 -7.22482e-05 
        -9.5      28.6972     0.999897   0.00127393  -7.0614e-05 
        -9.5      28.9167     0.999896   0.00127586 -6.89977e-05 
        -9.5       29.137     0.999895   0.00127778 -6.73991e-05 
        -9.5      29.3582     0.999895   0.00127969 -6.58183e-05 
        -9.5      29.5802     0.999894   0.00128161 -6.42553e-05 
        -9.5       29.803     0.999893   0.00128351   -6.271e-05 
        -9.5      30.0267     0.999893   0.00128542 -6.11822e-05 
        -9.5      30.2512     0.999892   0.00128732 -5.96721e-05 
        -9.5      30.4765     0.999892   0.00128921 -5.81794e-05 
        -9.5      30.7027     0.999891    0.0012911  -5.6704e-05 
        -9.5      30.9297      0.99989   0.00129298  -5.5246e-05 
        -9.5      31.1575      0.99989   0.00129486 -5.38052e-05 
        -9.5      31.3862     0.999889   0.00129673 -5.23816e-05 
        -9.5      31.6157     0.999889   0.00129859 -5.09749e-05 
        -9.5      31.8461     0.999888   0.00130045 -4.95851e-05 
        -9.5      32.0773     0.999888   0.00130231 -4.82121e-05 
        -9.5      32.3093     0.999887   0.00130415 -4.68557e-05 
        -9.5      32.5421     0.999887   0.00130599 -4.55158e-05 
        -9.5      32.7758     0.999887   0.00130782 -4.41923e-05 
        -9.5      33.0104     0.999886   0.00130965  -4.2885e-05 
        -9.5      33.2457     0.999886   0.00131146 -4.15938e-05 
        -9.5      33.4819     0.999885   0.00131327 -4.03184e-05 
        -9.5       33.719     0.999885   0.00131507 -3.90588e-05 
        -9.5      33.9568     0.999885   0.00131687 -3.78147e-05 
        -9.5      34.1956     0.999884   0.00131865  -3.6586e-05 
        -9.5      34.4351     0.999884   0.00132043 -3.53724e-05 
        -9.5      34.6755     0.999884    0.0013222 -3.41738e-05 
        -9.5      34.9167     0.999883   0.00132396   -3.299e-05 
        -9.5      35.1588     0.999883   0.00132571 -3.18207e-05 
        -9.5      35.4017     0.999883   0.00132745 -3.06656e-05 
        -9.5      35.6454     0.999882   0.00132918 -2.95247e-05 
        -9.5      35.8899     0.999882    0.0013309 -2.83976e-05 
        -9.5      36.1354     0.999882   0.00133261  -2.7284e-05 
        -9.5      36.3816     0.999882   0.00133432 -2.61838e-05 
        -9.5      36.6287     0.999881   0.00133601 -2.50966e-05 
        -9.5      36.8766     0.999881   0.00133769 -2.40222e-05 
        -9.5      37.1253     0.999881   0.00133936 -2.29603e-05 
        -9.5      37.3749     0.999881   0.00134101 -2.19106e-05 
        -9.5      37.6253     0.999881   0.00134268 -2.08351e-05 
        -9.5      37.8766     0.999881   0.00134431 -1.97971e-05 
        -9.5      38.1287     0.999881   0.00134593 -1.87716e-05 
        -9.5      38.3816     0.999881   0.00134755 -1.77581e-05 
        -9.5      38.6353     0.999881   0.00134916 -1.67562e-05 
        -9.5      38.8899     0.999881   0.00135076 -1.57656e-05 
        -9.5      39.1454     0.999881   0.00135235 -1.47857e-05 
        -9.5      39.4016     0.999881   0.00135394 -1.38161e-05 
        -9.5      39.6588     0.999881   0.00135551 -1.28563e-05 
        -9.5      39.9167     0.999881   0.00135708 -1.19058e-05 
        -9.5      40.1755     0.999881   0.00135864 -1.09642e-05 
        -9.5      40.4351     0.999881    0.0013602 -1.00309e-05 
        -9.5      40.6955     0.999881   0.00136174 -9.10547e-06 
        -9.5      40.9568     0.999882    0.0013628 -8.18495e-06 
        -9.5      41.2189     0.999882   0.00136438  -7.2906e-06 
        -9.5      41.4819     0.999882   0.00136595  -6.4026e-06 
        -9.5      41.7457     0.999882    0.0013675 -5.52095e-06 
        -9.5      42.0103     0.999882   0.00136903 -4.64567e-06 
        -9.5      42.2758     0.999882   0.00137055 -3.77674e-06 
        -9.5      42.5421     0.999883   0.00137206  -2.9142e-06 
        -9.5      42.8092     0.999883   0.00137355 -2.05804e-06 
        -9.5      43.0772     0.999883   0.00137502 -1.20826e-06 
        -9.5       43.346     0.999883   0.00137649 -3.64862e-07 
        -9.5      43.6157     0.999883   0.00137793  4.72145e-07 
        -9.5      43.8862     0.999884   0.00137936  1.30277e-06 
        -9.5      44.1575     0.999884   0.00138078    2.127e-06 
        -9.5      44.4296     0.999884   0.00138219  2.94486e-06 
        -9.5      44.7026     0.999884   0.00138358  3.75633e-06 
        -9.5      44.9765     0.999885   0.00138495  4.56143e-06 
        -9.5      45.2511     0.999885   0.00138631  5.36017e-06 
        -9.5      45.5266     0.999885   0.00138766  6.15255e-06 
        -9.5       45.803     0.999885     0.001389  6.93859e-06 
        -9.5      46.0801     0.999886   0.00139032  7.71828e-06 
        -9.5      46.3581     0.999886   0.00139163  8.49165e-06 
        -9.5       46.637     0.999886   0.00139266   9.1182e-06 
        -9.5      46.9167     0.999886   0.00139397  9.86829e-06 
        -9.5      47.1972     0.999887   0.00139526  1.06148e-05 
        -9.5      47.4785     0.999887   0.00139654  1.13578e-05 
        -9.5      47.7607     0.999887   0.00139781  1.20972e-05 
        -9.5      48.0438     0.999888   0.00139907  1.28332e-05 
        -9.5      48.3276     0.999888   0.00140033  1.35656e-05 
        -9.5      48.6123     0.999889   0.00140157  1.42946e-05 
        -9.5      48.8979     0.999889   0.00140281  1.50201e-05 
        -9.5      49.1842     0.999889   0.00140404  1.57422e-05 
        -9.5      49.4714      0.99989   0.00140525  1.64609e-05 
        -9.5      49.7595      0.99989   0.00140646  1.71762e-05 
        -9.5      50.0484     0.999891   0.00140766  1.78882e-05 
        -9.5      50.3381     0.999891   0.00140885  1.85969e-05 
        -9.5      50.6286     0.999891   0.00141003  1.93023e-05 
        -9.5        50.92     0.999892    0.0014112  2.00044e-05 
        -9.5      51.2122     0.999892   0.00141236  2.07034e-05 
        -9.5      51.5053     0.999893   0.00141351  2.13991e-05 
        -9.5      51.7992     0.999893   0.00141465  2.20917e-05 
        -9.5      52.0939     0.999893   0.00141579  2.27812e-05 
        -9.5      52.3895     0.999894   0.00141691  2.34676e-05 
        -9.5      52.6859     0.999894   0.00141803  2.41509e-05 
        -9.5      52.9831     0.999895   0.00141913  2.48313e-05 
        -9.5      53.2812     0.999895   0.00142023  2.55087e-05 
        -9.5      53.5801     0.999896   0.00142131  2.61832e-05 
        -9.5      53.8799     0.999896   0.00142239  2.68548e-05 
        -9.5      54.1805     0.999897   0.00142346  2.75237e-05 
        -9.5      54.4819     0.999897   0.00142452  2.81897e-05 
        -9.5      54.7841     0.999897   0.00142557   2.8853e-05 
        -9.5      55.0872     0.999898   0.00142661  2.95136e-05 
        -9.5      55.3912     0.999898   0.00142764  3.01716e-05 
        -9.5      55.6959     0.999899   0.00142866   3.0827e-05 
        -9.5      56.0015     0.999899   0.00142968  3.14799e-05 
        -9.5       56.308       0.9999   0.00143068  3.21303e-05 
        -9.5      56.6152       0.9999   0.00143168  3.27783e-05 
        -9.5      56.9233     0.999901   0.00143266  3.34239e-05 
        -9.5      57.2323     0.999901   0.00143364  3.40673e-05 
        -9.5      57.5421     0.999902   0.00143461  3.47084e-05 
        -9.5      57.8527     0.999902   0.00143557  3.53473e-05 
        -9.5      58.1641     0.999903   0.00143652  3.59841e-05 
        -9.5      58.4764     0.999903   0.00143746  3.66189e-05 
        -9.5      58.7896     0.999904   0.00143839  3.72517e-05 
        -9.5      59.1035     0.999904   0.00143932  3.78826e-05 
        -9.5      59.4183     0.999905   0.00144023  3.85116e-05 
        -9.5      59.7339     0.999906   0.00144114  3.91388e-05 
        -9.5      60.0504     0.999906   0.00144204  3.97644e-05 
        -9.5      60.3677     0.999907   0.00144293  4.03883e-05 
        -9.5      60.6859     0.999907   0.00144381  4.10107e-05 
        -9.5      61.0048     0.999907   0.00144497  4.19822e-05 
        -9.5      61.3247     0.999907   0.00144588  4.26949e-05 
        -9.5      61.6453     0.999907   0.00144678  4.33929e-05 
        -9.5      61.9668     0.999907   0.00144767  4.40771e-05 
        -9.5      62.2891     0.999907   0.00144854  4.47481e-05 
        -9.5      62.6123     0.999908   0.00144941  4.54067e-05 
        -9.5      62.9363     0.999908   0.00145027  4.60536e-05 
        -9.5      63.2611     0.999909   0.00145112  4.66895e-05 
        -9.5      63.5868     0.999909   0.00145195  4.73153e-05 
        -9.5      63.9133      0.99991   0.00145277  4.79317e-05 
        -9.5      64.2406      0.99991   0.00145359  4.85395e-05 
        -9.5      64.5688     0.999911   0.00145438  4.91395e-05 
        -9.5      64.8978     0.999912   0.00145517  4.97325e-05 
        -9.5      65.2277     0.999912   0.00145594  5.03194e-05 
        -9.5      65.5583     0.999913    0.0014567   5.0901e-05 
        -9.5      65.8899     0.999914   0.00145745  5.14782e-05 
        -9.5      66.2222     0.999915   0.00145818  5.20518e-05 
        -9.5      66.5554     0.999915   0.00145889  5.26228e-05 
        -9.5      66.8894     0.999916   0.00145959  5.31921e-05 
        -9.5      67.2243     0.999917   0.00146027  5.37605e-05 
        -9.5        67.56     0.999918   0.00146094   5.4329e-05 
        -9.5      67.8966     0.999919   0.00146158  5.48985e-05 
        -9.5      68.2339      0.99992   0.00146222  5.54701e-05 
        -9.5      68.5721     0.999921   0.00146283  5.60446e-05 
        -9.5      68.9112     0.999922   0.00146342  5.66231e-05 
        -9.5      69.2511     0.999921    0.0014636  5.76963e-05 
        -9.5      69.5918     0.999921    0.0014643  5.83328e-05 
        -9.5      69.9333     0.999922     0.001465  5.89717e-05 
        -9.5      70.2757     0.999923   0.00146568  5.96129e-05 
        -9.5      70.6189     0.999924   0.00146636  6.02566e-05 
        -9.5       70.963     0.999924   0.00146702  6.09026e-05 
        -9.5      71.3079     0.999925   0.00146768   6.1551e-05 
        -9.5      71.6536     0.999926   0.00146832  6.22018e-05 
        -9.5      72.0002     0.999927   0.00146896   6.2855e-05 
        -9.5      72.3476     0.999927   0.00146959  6.35106e-05 
        -9.5      72.6959     0.999928   0.00147021  6.41687e-05 
        -9.5      73.0449     0.999929   0.00147082  6.48292e-05 
        -9.5      73.3949      0.99993   0.00147143  6.54922e-05 
        -9.5      73.7456      0.99993   0.00147202  6.61576e-05 
        -9.5      74.0972     0.999931   0.00147261  6.68256e-05 
        -9.5      74.4496     0.999932   0.00147319   6.7496e-05 
        -9.5      74.8029     0.999932   0.00147376  6.81689e-05 
        -9.5       75.157     0.999933   0.00147432  6.88443e-05 
        -9.5      75.5119     0.999934   0.00147487  6.95222e-05 
        -9.5      75.8677     0.999934   0.00147542  7.02027e-05 
        -9.5      76.2243     0.999935   0.00147596  7.08857e-05 
        -9.5      76.5817     0.999936   0.00147649  7.15713e-05 
        -9.5        76.94     0.999936   0.00147701  7.22594e-05 
        -9.5      77.2991     0.999937   0.00147753  7.29501e-05 
        -9.5      77.6591     0.999937   0.00147804  7.36434e-05 
        -9.5      78.0198     0.999938   0.00147855  7.43393e-05 
        -9.5      78.3815     0.999939   0.00147904  7.50378e-05 
        -9.5      78.7439     0.999939   0.00147953   7.5739e-05 
        -9.5      79.1072      0.99994   0.00148002  7.64428e-05 
        -9.5      79.4714      0.99994    0.0014805  7.71492e-05 
        -9.5      79.8363     0.999941   0.00148097  7.78583e-05 
        -9.5      80.2021     0.999941   0.00148143  7.85701e-05 
        -9.5      80.5688     0.999942   0.00148189  7.92846e-05 
        -9.5      80.9362     0.999942   0.00148235  8.00018e-05 
        -9.5      81.3045     0.999943    0.0014828  8.07216e-05 
        -9.5      81.6737     0.999943   0.00148324  8.14443e-05 
        -9.5      82.0437     0.999944   0.00148368  8.21696e-05 
        -9.5      82.4145     0.999944   0.00148377  8.32158e-05 
        -9.5      82.7861     0.999944   0.00148417  8.39153e-05 
        -9.5      83.1586     0.999945   0.00148456  8.46149e-05 
        -9.5       83.532     0.999945   0.00148495  8.53152e-05 
        -9.5      83.9061     0.999945   0.00148534  8.60168e-05 
        -9.5      84.2811     0.999946   0.00148572  8.67202e-05 
        -9.5       84.657     0.999946    0.0014861  8.74259e-05 
        -9.5      85.0336     0.999946   0.00148649  8.81345e-05 
        -9.5      85.4111     0.999947   0.00148687  8.88465e-05 
        -9.5      85.7895     0.999947   0.00148726  8.95626e-05 
        -9.5      86.1687     0.999948   0.00148765  9.02833e-05 
        -9.5      86.5487     0.999948   0.00148805  9.10092e-05 
        -9.5      86.9295     0.999948   0.00148845  9.17409e-05 
        -9.5      87.3112     0.999949   0.00148885  9.24789e-05 
        -9.5      87.6937     0.999949   0.00148926   9.3224e-05 
        -9.5      88.0771      0.99995   0.00148968  9.39767e-05 
        -9.5      88.4613      0.99995   0.00149011  9.47377e-05 
        -9.5      88.8463     0.999951   0.00149055  9.55075e-05 
        -9.5      89.2322     0.999951     0.001491  9.62869e-05 
        -9.5      89.6189     0.999952   0.00149146  9.70764e-05 
        -9.5      90.0064     0.999952   0.00149194  9.78768e-05 
        -9.5      90.3948     0.999953   0.00149243  9.86886e-05 
        -9.5       90.784     0.999954   0.00149219  9.92979e-05 
        -9.5      91.1741     0.999955   0.00149253  0.000100075 
        -9.5       91.565     0.999956   0.00149287  0.000100859 
        -9.5      91.9567     0.999956   0.00149322  0.000101649 
        -9.5      92.3492     0.999957   0.00149357  0.000102445 
        -9.5      92.7426     0.999958   0.00149392  0.000103248 
        -9.5      93.1369     0.999958   0.00149427  0.000104057 
        -9.5      93.5319     0.999959   0.00149463  0.000104873 
        -9.5      93.9278      0.99996   0.00149499  0.000105696 
        -9.5      94.3246     0.999961   0.00149535  0.000106525 
        -9.5      94.7221     0.999962   0.00149572  0.000107361 
        -9.5      95.1206     0.999962   0.00149609  0.000108203 
        -9.5      95.5198     0.999963   0.00149646  0.000109053 
        -9.5      95.9199     0.999964   0.00149623  0.000109267 
        -9.5      96.3208     0.999964    0.0014965  0.000110142 
        -9.5      96.7226     0.999965   0.00149676  0.000111017 
        -9.5      97.1251     0.999966   0.00149703  0.000111893 
        -9.5      97.5286     0.999966   0.00149729  0.000112769 
        -9.5      97.9328     0.999967   0.00149755  0.000113645 
        -9.5      98.3379     0.999967    0.0014978  0.000114522 
        -9.5      98.7439     0.999968   0.00149805    0.0001154 
        -9.5      99.1506     0.999968    0.0014983  0.000116278 
        -9.5      99.5583     0.999969   0.00149854  0.000117156 
        -9.5      99.9667      0.99997   0.00149879  0.000118035 
        -9.5      100.376      0.99997   0.00149902  0.000118915 
        -9.5      100.786     0.999971   0.00149926  0.000119795 
        -9.5      101.197     0.999971   0.00149949  0.000120676 
        -9.5      101.609     0.999972   0.00149972  0.000121558 
        -9.5      102.021     0.999973   0.00149995   0.00012244 
        -9.5      102.435     0.999973   0.00150017  0.000123323 
        -9.5      102.849     0.999974   0.00150039  0.000124207 
        -9.5      103.264     0.999974    0.0015006  0.000125091 
        -9.5       103.68     0.999975   0.00150082  0.000125976 
        -9.5      104.097     0.999976   0.00150103  0.000126862 
        -9.5      104.515     0.999976   0.00150124  0.000127749 
        -9.5      104.933     0.999977   0.00150144  0.000128636 
        -9.5      105.353     0.999977   0.00150164  0.000129525 
        -9.5      105.773     0.999978   0.00150184  0.000130414 
        -9.5      106.194     0.999979   0.00150204  0.000131304 
        -9.5      106.616     0.999979   0.00150223  0.000132195 
        -9.5      107.038      0.99998   0.00150242  0.000133087 
        -9.5      107.462     0.999974   0.00150286  0.000133832 
        -9.5      107.886     0.999974   0.00150298  0.000134692 
        -9.5      108.311     0.999975   0.00150311  0.000135557 
        -9.5      108.737     0.999976   0.00150323  0.000136425 
        -9.5      109.164     0.999976   0.00150335  0.000137297 
        -9.5      109.592     0.999977   0.00150347  0.000138172 
        -9.5       110.02     0.999978   0.00150358  0.000139052 
        -9.5       110.45     0.999979    0.0015037  0.000139935 
        -9.5       110.88     0.999979    0.0015038  0.000140822 
        -9.5      111.311      0.99998   0.00150391  0.000141713 
        -9.5      111.743     0.999981   0.00150401  0.000142607 
        -9.5      112.175     0.999982   0.00150411  0.000143505 
        -9.5      112.609     0.999982   0.00150421  0.000144407 
        -9.5      113.043     0.999983    0.0015043  0.000145313 
        -9.5      113.478     0.999984    0.0015044  0.000146222 
        -9.5      113.914     0.999985   0.00150448  0.000147135 
        -9.5      114.351     0.999985   0.00150457  0.000148051 
        -9.5      114.789     0.999986   0.00150465  0.000148972 
        -9.5      115.228     0.999987   0.00150473  0.000149896 
        -9.5      115.667     0.999988   0.00150481  0.000150823 
        -9.5      116.107     0.999989   0.00150488  0.000151754 
        -9.5      116.548     0.999989   0.00150495  0.000152689 
        -9.5       116.99      0.99999   0.00150502  0.000153628 
        -9.5      117.433     0.999991   0.00150508   0.00015457 
        -9.5      117.876     0.999992   0.00150514  0.000155516 
        -9.5      118.321     0.999992    0.0015052  0.000156465 
        -9.5      118.766     0.999993   0.00150526  0.000157418 
        -9.5      119.212     0.999994   0.00150531  0.000158374 
        -9.5      119.659     0.999995   0.00150536  0.000159334 
        -9.5      120.107     0.999995    0.0015054  0.000160298 
        -9.5      120.555     0.999996   0.00150545  0.000161265 
        -9.5      121.005     0.999997   0.00150549  0.000162236 
        -9.5      121.455     0.999997   0.00150552   0.00016321 
        -9.5      121.906     0.999998   0.00150555  0.000164188 
        -9.5      122.358     0.999999   0.00150558  0.000165169 
        -9.5      122.811            1   0.00150561  0.000166154 
        -9.5      123.264            1   0.00150563  0.000167142 
        -9.5      123.719            1   0.00150565  0.000168134 
        -9.5      124.174            1   0.00150567  0.000169129 
        -9.5       124.63            1   0.00150568  0.000170128 
        -9.5      125.087            1   0.00150569   0.00017113 
        -9.5      125.545            1    0.0015057  0.000172135 
        -9.5      126.003            1    0.0015057  0.000173144 
        -9.5      126.463            1    0.0015057  0.000174156 
        -9.5      126.923      1.00001    0.0015057  0.000175172 
        -9.5      127.384      1.00001   0.00150569  0.000176191 
        -9.5      127.846      1.00001   0.00150568  0.000177213 
        -9.5      128.309      1.00001   0.00150567  0.000178239 
        -9.5      128.773      1.00001   0.00150565  0.000179268 
        -9.5      129.237      1.00001   0.00150563    0.0001803 
        -9.5      129.702      1.00001   0.00150561  0.000181335 
        -9.5      130.169      1.00001   0.00150558  0.000182374 
        -9.5      130.636      1.00001   0.00150555  0.000183416 
        -9.5      131.103      1.00001   0.00150552  0.000184462 
        -9.5      131.572      1.00001   0.00150548   0.00018551 
        -9.5      132.041      1.00001   0.00150544  0.000186562 
        -9.5      132.512      1.00001    0.0015054  0.000187617 
        -9.5      132.983      1.00001   0.00150535  0.000188675 
        -9.5      133.455      1.00001    0.0015053  0.000189736 
        -9.5      133.928      1.00001   0.00150524  0.000190801 
        -9.5      134.401      1.00001   0.00150518  0.000191868 
        -9.5      134.876      1.00001   0.00150512  0.000192939 
        -9.5      135.351      1.00001   0.00150505  0.000194013 
        -9.5      135.827      1.00001   0.00150498   0.00019509 
        -9.5      136.304      1.00001   0.00150491   0.00019617 
        -9.5      136.782      1.00002   0.00150483  0.000197252 
        -9.5      137.261      1.00002   0.00150475  0.000198338 
        -9.5       137.74      1.00002   0.00150467  0.000199427 
        -9.5      138.221      1.00002   0.00150458  0.000200519 
        -9.5      138.702      1.00002   0.00150449  0.000201614 
        -9.5      139.184      1.00002   0.00150439  0.000202712 
        -9.5      139.667      1.00002    0.0015043  0.000203812 
        -9.5      140.151      1.00002   0.00150419  0.000204916 
        -9.5      140.635      1.00002   0.00150409  0.000206023 
        -9.5       141.12      1.00002   0.00150398  0.000207132 
        -9.5      141.607      1.00002   0.00150386  0.000208244 
        -9.5      142.094      1.00002   0.00150374  0.000209359 
        -9.5      142.582      1.00002   0.00150362  0.000210477 
        -9.5       143.07      1.00002    0.0015035  0.000211597 
        -9.5       143.56      1.00002   0.00150337   0.00021272 
        -9.5       144.05      1.00002   0.00150323  0.000213846 
        -9.5      144.541      1.00002    0.0015031  0.000214975 
        -9.5      145.033      1.00002   0.00150296  0.000216106 
        -9.5      145.526      1.00002   0.00150281   0.00021724 
        -9.5       146.02      1.00002   0.00150266  0.000218377 
        -9.5      146.515      1.00002   0.00150251  0.000219516 
        -9.5       147.01      1.00002   0.00150235  0.000220658 
        -9.5      147.506      1.00001   0.00150219  0.000221802 
        -9.5      148.003      1.00001   0.00150203  0.000222949 
        -9.5      148.501      1.00001   0.00150186  0.000224098 
        -9.5          149      1.00001   0.00150169   0.00022525 
        -9.5        149.5      1.00001   0.00150151  0.000226405 
        -9.5          150      1.00001   0.00150133  0.000227561 
