Variables = x, y, u, v, p

Zone, I=600, F=POINT
        73.5            0  1.60632e-06  8.44799e-09 -0.000357539 
        73.5     0.000418  0.000224976  8.32208e-09 -0.000357538 
        73.5     0.001672  0.000895093  9.36718e-09 -0.000357536 
        73.5     0.003763   0.00201252  1.58546e-08 -0.000357534 
        73.5     0.006689   0.00357623  3.48853e-08  -0.00035753 
        73.5     0.010451   0.00558681  7.63978e-08 -0.000357525 
        73.5      0.01505   0.00804487  1.53169e-07 -0.000357519 
        73.5     0.020485    0.0109499  2.80754e-07 -0.000357511 
        73.5     0.026756    0.0143021  4.77506e-07 -0.000357503 
        73.5     0.033863    0.0181015  7.64542e-07 -0.000357493 
        73.5     0.041806    0.0223481  1.16572e-06 -0.000357483 
        73.5     0.050585     0.027042  1.70762e-06 -0.000357471 
        73.5     0.060201    0.0321838  2.41957e-06 -0.000357458 
        73.5     0.070652    0.0377724  3.33333e-06 -0.000357444 
        73.5      0.08194    0.0438089   4.4836e-06 -0.000357429 
        73.5     0.094063    0.0502922  5.90725e-06 -0.000357413 
        73.5     0.107023    0.0572231  7.64414e-06 -0.000357396 
        73.5     0.120819    0.0646009  9.73626e-06 -0.000357377 
        73.5     0.135451    0.0724254  1.22281e-05 -0.000357358 
        73.5     0.150919    0.0806961  1.51666e-05 -0.000357337 
        73.5     0.167224    0.0894133  1.86013e-05 -0.000357315 
        73.5     0.184364     0.098575   2.2583e-05 -0.000357292 
        73.5     0.202341     0.108182  2.71661e-05 -0.000357268 
        73.5     0.221153     0.118232  3.24057e-05 -0.000357242 
        73.5     0.240802     0.128725  3.83603e-05 -0.000357215 
        73.5     0.261287     0.139662  4.51205e-05 -0.000357185 
        73.5     0.282608     0.151026  5.26202e-05 -0.000357155 
        73.5     0.304765     0.162826  6.10247e-05 -0.000357123 
        73.5     0.327758     0.175058  7.03834e-05 -0.000357089 
        73.5     0.351588     0.187719  8.07442e-05 -0.000357052 
        73.5     0.376253     0.200803   9.2151e-05 -0.000357013 
        73.5     0.401755     0.214303  0.000104647 -0.000356971 
        73.5     0.428092     0.228212  0.000118269 -0.000356926 
        73.5     0.455266     0.242524  0.000133052 -0.000356877 
        73.5     0.483276     0.257229  0.000149027 -0.000356823 
        73.5     0.512122     0.272317  0.000166219 -0.000356766 
        73.5     0.541805     0.287777  0.000184647 -0.000356702 
        73.5     0.572323     0.303596  0.000204324 -0.000356634 
        73.5     0.603677     0.319762  0.000225257 -0.000356558 
        73.5     0.635868     0.336259  0.000247447 -0.000356475 
        73.5     0.668894     0.353071  0.000270884 -0.000356385 
        73.5     0.702757     0.370181  0.000295553 -0.000356285 
        73.5     0.737456     0.387568  0.000321428 -0.000356175 
        73.5     0.772991     0.405221   0.00034645 -0.000356061 
        73.5     0.809362     0.423104  0.000375159 -0.000355923 
        73.5      0.84657     0.441214  0.000404584 -0.000355771 
        73.5     0.884613     0.459529  0.000434726 -0.000355605 
        73.5     0.923492     0.478027  0.000465584 -0.000355424 
        73.5     0.963208     0.496686  0.000497161 -0.000355226 
        73.5      1.00376     0.515482  0.000529454 -0.000355011 
        73.5      1.04515     0.534388  0.000562464 -0.000354777 
        73.5      1.08737     0.553375  0.000596188 -0.000354524 
        73.5      1.13043     0.572416  0.000630626  -0.00035425 
        73.5      1.17433      0.59148  0.000665774 -0.000353954 
        73.5      1.21906     0.610532  0.000701632 -0.000353634 
        73.5      1.26463      0.62954  0.000738195  -0.00035329 
        73.5      1.31103     0.648466  0.000775459 -0.000352919 
        73.5      1.35827     0.667273  0.000813421  -0.00035252 
        73.5      1.40635     0.685919  0.000852075 -0.000352092 
        73.5      1.45526     0.704362  0.000891416 -0.000351632 
        73.5      1.50501     0.722557  0.000931438  -0.00035114 
        73.5       1.5556     0.740458  0.000972133 -0.000350613 
        73.5      1.60702     0.758014   0.00101349  -0.00035005 
        73.5      1.65928     0.775174   0.00105551 -0.000349448 
        73.5      1.71237     0.791885   0.00109818 -0.000348806 
        73.5       1.7663     0.807998   0.00114347 -0.000348115 
        73.5      1.82106     0.823357   0.00118445 -0.000347405 
        73.5      1.87667     0.838061    0.0012243 -0.000346661 
        73.5      1.93311     0.852098   0.00126297 -0.000345882 
        73.5      1.99038     0.865457   0.00130042  -0.00034507 
        73.5      2.04849     0.878128    0.0013366 -0.000344224 
        73.5      2.10744     0.890106   0.00137147 -0.000343343 
        73.5      2.16722     0.901386   0.00140499 -0.000342429 
        73.5      2.22784     0.911964   0.00143711 -0.000341481 
        73.5      2.28929     0.921842    0.0014678   -0.0003405 
        73.5      2.35158     0.931022   0.00149703 -0.000339485 
        73.5      2.41471     0.939509   0.00152476 -0.000338438 
        73.5      2.47867     0.947311   0.00155096 -0.000337359 
        73.5      2.54347     0.954438    0.0015756 -0.000336249 
        73.5      2.60911     0.960904   0.00159867 -0.000335109 
        73.5      2.67558     0.966725   0.00162013 -0.000333938 
        73.5      2.74288     0.971921   0.00163997 -0.000332739 
        73.5      2.81103     0.976515   0.00165817 -0.000331512 
        73.5      2.88001     0.980532   0.00167472 -0.000330259 
        73.5      2.94983     0.984003   0.00168962 -0.000328981 
        73.5      3.02048      0.98696   0.00170284 -0.000327678 
        73.5      3.09197      0.98944    0.0017144 -0.000326354 
        73.5      3.16429     0.991483   0.00172428 -0.000325009 
        73.5      3.23745     0.993135   0.00173251 -0.000323645 
        73.5      3.31145     0.994443   0.00173908 -0.000322264 
        73.5      3.38628      0.99546   0.00174402 -0.000320868 
        73.5      3.46195     0.996243   0.00174733  -0.00031946 
        73.5      3.53845     0.996853   0.00174904 -0.000318042 
        73.5      3.61579     0.997356   0.00174918 -0.000316616 
        73.5      3.69397     0.997822   0.00174778 -0.000315184 
        73.5      3.77298     0.998802   0.00175715 -0.000313681 
        73.5      3.85283     0.999045   0.00175856  -0.00031219 
        73.5      3.93352     0.999256   0.00175981 -0.000310686 
        73.5      4.01504     0.999438   0.00176091 -0.000309167 
        73.5       4.0974     0.999591   0.00176185 -0.000307635 
        73.5      4.18059     0.999716   0.00176264 -0.000306088 
        73.5      4.26462     0.999817   0.00176331 -0.000304528 
        73.5      4.34949     0.999893   0.00176384 -0.000302953 
        73.5      4.43519     0.999948   0.00176426 -0.000301366 
        73.5      4.52173     0.999983   0.00176458 -0.000299764 
        73.5       4.6091            1    0.0017648  -0.00029815 
        73.5      4.69731            1   0.00176494 -0.000296522 
        73.5      4.78636      1.00001   0.00176507 -0.000294882 
        73.5      4.87624      1.00001   0.00176517 -0.000293228 
        73.5      4.96696            1   0.00176523 -0.000291561 
        73.5      5.05851     0.999991   0.00176526 -0.000289881 
        73.5       5.1509     0.999978   0.00176527 -0.000288188 
        73.5      5.24413     0.999966   0.00176528 -0.000286484 
        73.5       5.3382     0.999956   0.00176529 -0.000284767 
        73.5      5.43309     0.999952   0.00176532 -0.000283037 
        73.5      5.52883     0.999956   0.00176539 -0.000281296 
        73.5       5.6254     0.999971    0.0017655 -0.000279543 
        73.5      5.72281            1   0.00176569 -0.000277779 
        73.5      5.82105     0.999977   0.00176559 -0.000276004 
        73.5      5.92013     0.999976    0.0017656 -0.000274216 
        73.5      6.02005     0.999975   0.00176561 -0.000272415 
        73.5       6.1208     0.999973    0.0017656 -0.000270603 
        73.5      6.22239     0.999972   0.00176559  -0.00026878 
        73.5      6.32482      0.99997   0.00176557 -0.000266945 
        73.5      6.42808     0.999969   0.00176554 -0.000265099 
        73.5      6.53217     0.999967    0.0017655 -0.000263242 
        73.5      6.63711     0.999966   0.00176545 -0.000261375 
        73.5      6.74287     0.999964    0.0017654 -0.000259497 
        73.5      6.84948     0.999963   0.00176534 -0.000257609 
        73.5      6.95692     0.999961   0.00176527 -0.000255711 
        73.5       7.0652      0.99996   0.00176519 -0.000253802 
        73.5      7.17431     0.999959    0.0017651 -0.000251884 
        73.5      7.28426     0.999957     0.001765 -0.000249956 
        73.5      7.39505     0.999956   0.00176489 -0.000248018 
        73.5      7.50667     0.999954   0.00176478 -0.000246071 
        73.5      7.61913     0.999953   0.00176465 -0.000244114 
        73.5      7.73242     0.999951   0.00176452 -0.000242149 
        73.5      7.84655      0.99995   0.00176437 -0.000240174 
        73.5      7.96152     0.999948   0.00176421 -0.000238191 
        73.5      8.07732     0.999947   0.00176405 -0.000236199 
        73.5      8.19396     0.999945   0.00176387 -0.000234199 
        73.5      8.31143     0.999944   0.00176368  -0.00023219 
        73.5      8.42974     0.999942   0.00176345 -0.000230172 
        73.5      8.54889     0.999941   0.00176325 -0.000228145 
        73.5      8.66887     0.999939   0.00176304  -0.00022611 
        73.5      8.78969     0.999937   0.00176281 -0.000224068 
        73.5      8.91135     0.999936   0.00176258 -0.000222019 
        73.5      9.03384     0.999934   0.00176233 -0.000219962 
        73.5      9.15717     0.999933   0.00176206 -0.000217899 
        73.5      9.28133     0.999931   0.00176179 -0.000215829 
        73.5      9.40633      0.99993    0.0017615 -0.000213752 
        73.5      9.53216     0.999928    0.0017612 -0.000211668 
        73.5      9.65884     0.999926   0.00176089 -0.000209579 
        73.5      9.78634     0.999925   0.00176057 -0.000207483 
        73.5      9.91469     0.999923   0.00176023 -0.000205381 
        73.5      10.0439     0.999922   0.00175988 -0.000203273 
        73.5      10.1739      0.99992   0.00175951 -0.000201159 
        73.5      10.3047     0.999918   0.00175914  -0.00019904 
        73.5      10.4364     0.999917   0.00175875 -0.000196915 
        73.5      10.5689     0.999915   0.00175833 -0.000194771 
        73.5      10.7023     0.999914   0.00175793 -0.000192634 
        73.5      10.8365     0.999912   0.00175751 -0.000190491 
        73.5      10.9715     0.999911   0.00175708 -0.000188345 
        73.5      11.1074     0.999909   0.00175664 -0.000186196 
        73.5      11.2441     0.999907   0.00175619 -0.000184042 
        73.5      11.3817     0.999906   0.00175573 -0.000181886 
        73.5        11.52     0.999904   0.00175521 -0.000179748 
        73.5      11.6592     0.999902   0.00175471 -0.000177586 
        73.5      11.7993     0.999901    0.0017542  -0.00017542 
        73.5      11.9402     0.999899   0.00175367 -0.000173252 
        73.5      12.0819     0.999898   0.00175314 -0.000171082 
        73.5      12.2245     0.999896   0.00175258 -0.000168909 
        73.5      12.3679     0.999895   0.00175202 -0.000166734 
        73.5      12.5121     0.999893   0.00175144 -0.000164558 
        73.5      12.6572     0.999891   0.00175085  -0.00016238 
        73.5      12.8031      0.99989   0.00175025   -0.0001602 
        73.5      12.9498     0.999888   0.00174963 -0.000158019 
        73.5      13.0974     0.999887     0.001749 -0.000155838 
        73.5      13.2458     0.999885   0.00174836 -0.000153655 
        73.5       13.395     0.999884    0.0017477 -0.000151472 
        73.5      13.5451     0.999882   0.00174704 -0.000149289 
        73.5       13.696     0.999881   0.00174635 -0.000147106 
        73.5      13.8478     0.999879   0.00174566 -0.000144922 
        73.5      14.0004     0.999877   0.00174496 -0.000142739 
        73.5      14.1538     0.999876   0.00174424 -0.000140557 
        73.5      14.3081     0.999874   0.00174349 -0.000138367 
        73.5      14.4632     0.999873   0.00174274 -0.000136186 
        73.5      14.6191     0.999871   0.00174197 -0.000134007 
        73.5      14.7759      0.99987   0.00174119 -0.000131828 
        73.5      14.9335     0.999868    0.0017404 -0.000129651 
        73.5      15.0919     0.999867   0.00173959 -0.000127476 
        73.5      15.2512     0.999865   0.00173878 -0.000125302 
        73.5      15.4113     0.999864   0.00173794  -0.00012313 
        73.5      15.5723     0.999862    0.0017371 -0.000120961 
        73.5      15.7341     0.999861   0.00173624 -0.000118794 
        73.5      15.8967     0.999859   0.00173537 -0.000116629 
        73.5      16.0602     0.999858   0.00173448 -0.000114467 
        73.5      16.2245     0.999856   0.00173358 -0.000112308 
        73.5      16.3896     0.999855   0.00173274 -0.000110185 
        73.5      16.5556     0.999854    0.0017318 -0.000108016 
        73.5      16.7224     0.999852   0.00173085 -0.000105853 
        73.5        16.89     0.999851   0.00172989 -0.000103694 
        73.5      17.0585     0.999849   0.00172892 -0.000101541 
        73.5      17.2278     0.999848   0.00172793 -9.93932e-05 
        73.5      17.3979     0.999847   0.00172693 -9.72514e-05 
        73.5      17.5689     0.999845   0.00172591 -9.51158e-05 
        73.5      17.7408     0.999844   0.00172489 -9.29865e-05 
        73.5      17.9134     0.999842   0.00172385  -9.0864e-05 
        73.5      18.0869     0.999841   0.00172281 -8.87485e-05 
        73.5      18.2612      0.99984   0.00172175 -8.66403e-05 
        73.5      18.4364     0.999838   0.00172068 -8.45397e-05 
        73.5      18.6124     0.999837   0.00171959 -8.24469e-05 
        73.5      18.7892     0.999836    0.0017185 -8.03623e-05 
        73.5      18.9669     0.999834    0.0017174 -7.82862e-05 
        73.5      19.1454     0.999833   0.00171629 -7.62188e-05 
        73.5      19.3248     0.999832   0.00171516 -7.41605e-05 
        73.5       19.505      0.99983   0.00171403 -7.21116e-05 
        73.5       19.686     0.999829   0.00171289 -7.00724e-05 
        73.5      19.8678     0.999828   0.00171174 -6.80431e-05 
        73.5      20.0505     0.999827   0.00171058 -6.60241e-05 
        73.5      20.2341     0.999826   0.00170942 -6.40158e-05 
        73.5      20.4184     0.999824   0.00170829 -6.19594e-05 
        73.5      20.6036     0.999823   0.00170707 -5.99679e-05 
        73.5      20.7897     0.999822   0.00170584  -5.7983e-05 
        73.5      20.9765     0.999821    0.0017046 -5.60047e-05 
        73.5      21.1642      0.99982   0.00170335 -5.40329e-05 
        73.5      21.3528     0.999818    0.0017021 -5.20676e-05 
        73.5      21.5422     0.999817   0.00170084 -5.01089e-05 
        73.5      21.7324     0.999816   0.00169957 -4.81566e-05 
        73.5      21.9234     0.999815    0.0016983 -4.62108e-05 
        73.5      22.1153     0.999814   0.00169702 -4.42714e-05 
        73.5       22.308     0.999813   0.00169575 -4.23384e-05 
        73.5      22.5016     0.999812   0.00169446 -4.04117e-05 
        73.5       22.696     0.999811   0.00169318 -3.84913e-05 
        73.5      22.8912      0.99981   0.00169189 -3.65771e-05 
        73.5      23.0873     0.999809   0.00169061 -3.46691e-05 
        73.5      23.2842     0.999807   0.00168932 -3.27672e-05 
        73.5       23.482     0.999806   0.00168789 -3.09341e-05 
        73.5      23.6805     0.999805    0.0016865 -2.90923e-05 
        73.5        23.88     0.999805   0.00168509 -2.72602e-05 
        73.5      24.0802     0.999804   0.00168369 -2.54379e-05 
        73.5      24.2813     0.999803   0.00168227 -2.36255e-05 
        73.5      24.4832     0.999802   0.00168086 -2.18231e-05 
        73.5       24.686     0.999801   0.00167943  -2.0031e-05 
        73.5      24.8896       0.9998   0.00167801 -1.82492e-05 
        73.5       25.094     0.999799   0.00167657 -1.64779e-05 
        73.5      25.2993     0.999799   0.00167514 -1.47173e-05 
        73.5      25.5054     0.999798   0.00167369 -1.29673e-05 
        73.5      25.7123     0.999797   0.00167225 -1.12283e-05 
        73.5      25.9201     0.999796   0.00167079 -9.50026e-06 
        73.5      26.1287     0.999795   0.00166934 -7.78336e-06 
        73.5      26.3381     0.999795   0.00166788 -6.07775e-06 
        73.5      26.5484     0.999794   0.00166641 -4.38353e-06 
        73.5      26.7595     0.999793   0.00166494 -2.70084e-06 
        73.5      26.9715     0.999792   0.00166347 -1.02981e-06 
        73.5      27.1843     0.999792   0.00166199  6.29456e-07 
        73.5      27.3979     0.999791    0.0016605  2.27682e-06 
        73.5      27.6124      0.99979   0.00165901  3.91216e-06 
        73.5      27.8277     0.999789   0.00165752  5.53538e-06 
        73.5      28.0438     0.999789   0.00165602  7.14633e-06 
        73.5      28.2608     0.999788   0.00165452  8.74491e-06 
        73.5      28.4786     0.999787   0.00165301   1.0331e-05 
        73.5      28.6972     0.999787    0.0016515  1.19045e-05 
        73.5      28.9167     0.999786   0.00164999  1.34653e-05 
        73.5       29.137     0.999786   0.00164847  1.50132e-05 
        73.5      29.3582     0.999785   0.00164695  1.65482e-05 
        73.5      29.5802     0.999785   0.00164542  1.80702e-05 
        73.5       29.803     0.999784   0.00164389  1.95791e-05 
        73.5      30.0267     0.999784   0.00164235  2.10746e-05 
        73.5      30.2512     0.999783   0.00164081  2.25569e-05 
        73.5      30.4765     0.999783   0.00163927  2.40256e-05 
        73.5      30.7027     0.999782   0.00163772  2.54809e-05 
        73.5      30.9297     0.999782   0.00163617  2.69224e-05 
        73.5      31.1575     0.999781   0.00163461  2.83503e-05 
        73.5      31.3862     0.999781   0.00163306  2.97642e-05 
        73.5      31.6157     0.999781   0.00163149  3.11643e-05 
        73.5      31.8461     0.999781   0.00162993  3.25503e-05 
        73.5      32.0773      0.99978   0.00162836  3.39222e-05 
        73.5      32.3093      0.99978   0.00162678  3.52799e-05 
        73.5      32.5421      0.99978    0.0016252  3.66234e-05 
        73.5      32.7758      0.99978   0.00162362  3.79524e-05 
        73.5      33.0104      0.99978   0.00162204   3.9267e-05 
        73.5      33.2457      0.99978   0.00162045  4.05671e-05 
        73.5      33.4819      0.99978   0.00161886  4.18526e-05 
        73.5       33.719      0.99978   0.00161727  4.31234e-05 
        73.5      33.9568      0.99978   0.00161567  4.43795e-05 
        73.5      34.1956      0.99978   0.00161407  4.56207e-05 
        73.5      34.4351      0.99978   0.00161246  4.68471e-05 
        73.5      34.6755     0.999779   0.00161105  4.81793e-05 
        73.5      34.9167     0.999779   0.00160941  4.94071e-05 
        73.5      35.1588     0.999778   0.00160777  5.06242e-05 
        73.5      35.4017     0.999778   0.00160659  5.18114e-05 
        73.5      35.6454     0.999778   0.00160496  5.29797e-05 
        73.5      35.8899     0.999778   0.00160333  5.41348e-05 
        73.5      36.1354     0.999777    0.0016017  5.52767e-05 
        73.5      36.3816     0.999777   0.00160008  5.64055e-05 
        73.5      36.6287     0.999777   0.00159845  5.75213e-05 
        73.5      36.8766     0.999777   0.00159661  5.86388e-05 
        73.5      37.1253     0.999777     0.001595  5.97071e-05 
        73.5      37.3749     0.999777   0.00159339  6.07675e-05 
        73.5      37.6253     0.999777   0.00159179  6.18199e-05 
        73.5      37.8766     0.999777    0.0015902  6.28643e-05 
        73.5      38.1287     0.999777   0.00158861  6.39006e-05 
        73.5      38.3816     0.999777   0.00158703  6.49286e-05 
        73.5      38.6353     0.999777   0.00158546  6.59484e-05 
        73.5      38.8899     0.999777   0.00158389  6.69597e-05 
        73.5      39.1454     0.999777   0.00158233  6.79627e-05 
        73.5      39.4016     0.999777   0.00158078  6.89571e-05 
        73.5      39.6588     0.999777   0.00157923  6.99429e-05 
        73.5      39.9167     0.999778   0.00157769    7.092e-05 
        73.5      40.1755     0.999778   0.00157616  7.18883e-05 
        73.5      40.4351     0.999778   0.00157463  7.28478e-05 
        73.5      40.6955     0.999778   0.00157311  7.37984e-05 
        73.5      40.9568     0.999778    0.0015716    7.474e-05 
        73.5      41.2189     0.999779   0.00157009  7.56725e-05 
        73.5      41.4819     0.999779   0.00156859  7.65958e-05 
        73.5      41.7457     0.999779   0.00156709  7.75099e-05 
        73.5      42.0103     0.999779    0.0015656  7.84147e-05 
        73.5      42.2758      0.99978   0.00156411  7.93101e-05 
        73.5      42.5421      0.99978   0.00156264  8.01961e-05 
        73.5      42.8092      0.99978   0.00156116  8.10725e-05 
        73.5      43.0772     0.999781   0.00155969  8.19393e-05 
        73.5       43.346     0.999781   0.00155823  8.27964e-05 
        73.5      43.6157     0.999781   0.00155677  8.36437e-05 
        73.5      43.8862     0.999782   0.00155532  8.44812e-05 
        73.5      44.1575     0.999782   0.00155387  8.53089e-05 
        73.5      44.4296     0.999783   0.00155242  8.61265e-05 
        73.5      44.7026     0.999783   0.00155098  8.69341e-05 
        73.5      44.9765     0.999783   0.00154955  8.77315e-05 
        73.5      45.2511     0.999784   0.00154812  8.85188e-05 
        73.5      45.5266     0.999784   0.00154669  8.92957e-05 
        73.5       45.803     0.999785   0.00154527  9.00624e-05 
        73.5      46.0801     0.999786   0.00154385  9.08186e-05 
        73.5      46.3581     0.999786   0.00154244  9.15644e-05 
        73.5       46.637     0.999787   0.00154103  9.22996e-05 
        73.5      46.9167     0.999787   0.00153962  9.30242e-05 
        73.5      47.1972     0.999788   0.00153821  9.37381e-05 
        73.5      47.4785     0.999789   0.00153681  9.44413e-05 
        73.5      47.7607     0.999789   0.00153542  9.51336e-05 
        73.5      48.0438      0.99979   0.00153402  9.58151e-05 
        73.5      48.3276     0.999791   0.00153263  9.64856e-05 
        73.5      48.6123     0.999791   0.00153124  9.71451e-05 
        73.5      48.8979     0.999794   0.00152954  9.74927e-05 
        73.5      49.1842     0.999794    0.0015282   9.8178e-05 
        73.5      49.4714     0.999794   0.00152686  9.88533e-05 
        73.5      49.7595     0.999794   0.00152553  9.95187e-05 
        73.5      50.0484     0.999794    0.0015242  0.000100174 
        73.5      50.3381     0.999795   0.00152288   0.00010082 
        73.5      50.6286     0.999795   0.00152156  0.000101457 
        73.5        50.92     0.999795   0.00152025  0.000102084 
        73.5      51.2122     0.999796   0.00151894  0.000102703 
        73.5      51.5053     0.999796   0.00151764  0.000103312 
        73.5      51.7992     0.999797   0.00151634  0.000103912 
        73.5      52.0939     0.999797   0.00151505  0.000104504 
        73.5      52.3895     0.999798   0.00151377  0.000105088 
        73.5      52.6859     0.999799   0.00151249  0.000105663 
        73.5      52.9831     0.999799   0.00151122   0.00010623 
        73.5      53.2812       0.9998   0.00150995  0.000106789 
        73.5      53.5801     0.999801   0.00150869  0.000107341 
        73.5      53.8799     0.999802   0.00150743  0.000107885 
        73.5      54.1805     0.999803   0.00150618  0.000108422 
        73.5      54.4819     0.999803   0.00150493  0.000108951 
        73.5      54.7841     0.999804   0.00150369  0.000109474 
        73.5      55.0872     0.999805   0.00150246  0.000109991 
        73.5      55.3912     0.999806   0.00150123    0.0001105 
        73.5      55.6959     0.999807       0.0015  0.000111004 
        73.5      56.0015     0.999808   0.00149879  0.000111502 
        73.5       56.308     0.999809   0.00149757  0.000111994 
        73.5      56.6152      0.99981   0.00149637   0.00011248 
        73.5      56.9233     0.999811   0.00149517  0.000112962 
        73.5      57.2323     0.999813   0.00149397  0.000113438 
        73.5      57.5421     0.999814   0.00149278   0.00011391 
        73.5      57.8527     0.999815    0.0014916  0.000114377 
        73.5      58.1641     0.999816   0.00149042   0.00011484 
        73.5      58.4764     0.999817   0.00148925  0.000115299 
        73.5      58.7896     0.999818   0.00148808  0.000115754 
        73.5      59.1035     0.999819   0.00148692  0.000116206 
        73.5      59.4183      0.99982   0.00148577  0.000116655 
        73.5      59.7339     0.999821   0.00148462  0.000117101 
        73.5      60.0504     0.999822   0.00148347  0.000117545 
        73.5      60.3677     0.999824   0.00148234  0.000117986 
        73.5      60.6859     0.999825    0.0014812  0.000118426 
        73.5      61.0048     0.999826   0.00148008  0.000118864 
        73.5      61.3247     0.999827   0.00147896  0.000119301 
        73.5      61.6453     0.999828   0.00147784  0.000119736 
        73.5      61.9668     0.999829   0.00147673  0.000120171 
        73.5      62.2891      0.99983   0.00147563  0.000120606 
        73.5      62.6123     0.999831   0.00147453  0.000121041 
        73.5      62.9363     0.999831   0.00147344  0.000121477 
        73.5      63.2611     0.999832   0.00147235  0.000121913 
        73.5      63.5868     0.999833   0.00147127   0.00012235 
        73.5      63.9133     0.999834    0.0014702  0.000122788 
        73.5      64.2406     0.999835   0.00146913  0.000123229 
        73.5      64.5688     0.999835   0.00146807  0.000123671 
        73.5      64.8978     0.999836   0.00146701  0.000124117 
        73.5      65.2277     0.999836   0.00146596  0.000124565 
        73.5      65.5583     0.999837   0.00146491  0.000125016 
        73.5      65.8899     0.999837   0.00146387  0.000125471 
        73.5      66.2222     0.999839   0.00146391  0.000125924 
        73.5      66.5554      0.99984   0.00146298  0.000126292 
        73.5      66.8894     0.999841   0.00146206  0.000126655 
        73.5      67.2243     0.999841   0.00146205  0.000126706 
        73.5        67.56     0.999842   0.00146106   0.00012713 
        73.5      67.8966     0.999844   0.00145922   0.00012754 
        73.5      68.2339     0.999846   0.00145827  0.000127919 
        73.5      68.5721     0.999847   0.00145733  0.000128298 
        73.5      68.9112     0.999848   0.00145639  0.000128676 
        73.5      69.2511     0.999849   0.00145546  0.000129054 
        73.5      69.5918      0.99985   0.00145454  0.000129431 
        73.5      69.9333     0.999851   0.00145362  0.000129808 
        73.5      70.2757     0.999852   0.00145271  0.000130184 
        73.5      70.6189     0.999853    0.0014518  0.000130561 
        73.5       70.963     0.999854    0.0014509  0.000130936 
        73.5      71.3079     0.999855   0.00145001  0.000131312 
        73.5      71.6536     0.999856   0.00144912  0.000131687 
        73.5      72.0002     0.999857   0.00144824  0.000132062 
        73.5      72.3476     0.999858   0.00144736  0.000132436 
        73.5      72.6959     0.999859   0.00144649  0.000132811 
        73.5      73.0449      0.99986   0.00144563  0.000133185 
        73.5      73.3949     0.999861   0.00144477  0.000133559 
        73.5      73.7456     0.999863   0.00144392  0.000133933 
        73.5      74.0972     0.999864   0.00144307  0.000134306 
        73.5      74.4496     0.999865   0.00144223   0.00013468 
        73.5      74.8029     0.999866   0.00144139  0.000135053 
        73.5       75.157     0.999867   0.00144056  0.000135427 
        73.5      75.5119     0.999868   0.00143974    0.0001358 
        73.5      75.8677     0.999869   0.00143892  0.000136174 
        73.5      76.2243      0.99987   0.00143811  0.000136548 
        73.5      76.5817     0.999871    0.0014373  0.000136921 
        73.5        76.94     0.999872    0.0014365  0.000137295 
        73.5      77.2991     0.999873    0.0014357  0.000137669 
        73.5      77.6591     0.999874   0.00143491  0.000138043 
        73.5      78.0198     0.999875   0.00143412  0.000138417 
        73.5      78.3815     0.999877   0.00143334  0.000138792 
        73.5      78.7439     0.999878   0.00143257  0.000139167 
        73.5      79.1072     0.999879    0.0014318  0.000139542 
        73.5      79.4714      0.99988   0.00143103  0.000139917 
        73.5      79.8363     0.999881   0.00143027  0.000140293 
        73.5      80.2021     0.999882   0.00142951  0.000140669 
        73.5      80.5688     0.999883   0.00142876  0.000141046 
        73.5      80.9362     0.999884   0.00142801  0.000141423 
        73.5      81.3045     0.999885   0.00142727  0.000141801 
        73.5      81.6737     0.999887   0.00142654  0.000142179 
        73.5      82.0437     0.999888    0.0014258  0.000142558 
        73.5      82.4145     0.999889   0.00142508  0.000142937 
        73.5      82.7861      0.99989   0.00142435  0.000143318 
        73.5      83.1586     0.999891   0.00142363  0.000143699 
        73.5       83.532     0.999892   0.00142292   0.00014408 
        73.5      83.9061     0.999893   0.00142221  0.000144463 
        73.5      84.2811     0.999894    0.0014215  0.000144846 
        73.5       84.657     0.999896    0.0014208   0.00014523 
        73.5      85.0336     0.999897    0.0014201  0.000145615 
        73.5      85.4111     0.999898    0.0014194  0.000146001 
        73.5      85.7895     0.999899   0.00141871  0.000146388 
        73.5      86.1687       0.9999   0.00141803  0.000146777 
        73.5      86.5487     0.999901   0.00141734  0.000147166 
        73.5      86.9295     0.999903   0.00141666  0.000147556 
        73.5      87.3112     0.999904   0.00141599  0.000147948 
        73.5      87.6937     0.999905   0.00141531  0.000148341 
        73.5      88.0771     0.999906   0.00141464  0.000148735 
        73.5      88.4613     0.999907   0.00141398   0.00014913 
        73.5      88.8463     0.999909   0.00141331  0.000149527 
        73.5      89.2322      0.99991   0.00141265  0.000149925 
        73.5      89.6189     0.999911     0.001412  0.000150325 
        73.5      90.0064     0.999912   0.00141134  0.000150726 
        73.5      90.3948     0.999913   0.00141069  0.000151129 
        73.5       90.784     0.999915   0.00141004  0.000151533 
        73.5      91.1741     0.999916   0.00140939   0.00015194 
        73.5       91.565     0.999917   0.00140875  0.000152348 
        73.5      91.9567     0.999918   0.00140811  0.000152757 
        73.5      92.3492      0.99992   0.00140747  0.000153169 
        73.5      92.7426     0.999921   0.00140683  0.000153582 
        73.5      93.1369     0.999922   0.00140619  0.000153998 
        73.5      93.5319     0.999924   0.00140556  0.000154415 
        73.5      93.9278     0.999925   0.00140493  0.000154835 
        73.5      94.3246     0.999926    0.0014043  0.000155256 
        73.5      94.7221     0.999927   0.00140367   0.00015568 
        73.5      95.1206     0.999929   0.00140304  0.000156106 
        73.5      95.5198      0.99993   0.00140241  0.000156534 
        73.5      95.9199     0.999931   0.00140179  0.000156965 
        73.5      96.3208     0.999933   0.00140116  0.000157398 
        73.5      96.7226     0.999934   0.00140054  0.000157834 
        73.5      97.1251     0.999935   0.00139992  0.000158272 
        73.5      97.5286     0.999937    0.0013993  0.000158713 
        73.5      97.9328     0.999938   0.00139867  0.000159156 
        73.5      98.3379      0.99994   0.00139805  0.000159602 
        73.5      98.7439     0.999941   0.00139743  0.000160051 
        73.5      99.1506     0.999942   0.00139681  0.000160503 
        73.5      99.5583     0.999941   0.00139663  0.000161078 
        73.5      99.9667     0.999942   0.00139613  0.000161554 
        73.5      100.376     0.999943   0.00139563  0.000162033 
        73.5      100.786     0.999944   0.00139514  0.000162515 
        73.5      101.197     0.999945   0.00139464     0.000163 
        73.5      101.609     0.999946   0.00139414  0.000163487 
        73.5      102.021     0.999947   0.00139364  0.000163977 
        73.5      102.435     0.999948   0.00139314  0.000164469 
        73.5      102.849     0.999949   0.00139264  0.000164965 
        73.5      103.264      0.99995   0.00139215  0.000165463 
        73.5       103.68     0.999951   0.00139165  0.000165964 
        73.5      104.097     0.999952   0.00139115  0.000166467 
        73.5      104.515     0.999953   0.00139065  0.000166974 
        73.5      104.933     0.999954   0.00139015  0.000167483 
        73.5      105.353     0.999955   0.00138965  0.000167995 
        73.5      105.773     0.999956   0.00138915  0.000168509 
        73.5      106.194     0.999957   0.00138866  0.000169027 
        73.5      106.616     0.999958   0.00138816  0.000169547 
        73.5      107.038     0.999959   0.00138766   0.00017007 
        73.5      107.462     0.999959   0.00138716  0.000170595 
        73.5      107.886      0.99996   0.00138666  0.000171124 
        73.5      108.311     0.999961   0.00138616  0.000171655 
        73.5      108.737     0.999962   0.00138566  0.000172189 
        73.5      109.164     0.999963   0.00138516  0.000172726 
        73.5      109.592     0.999964   0.00138466  0.000173266 
        73.5       110.02     0.999965   0.00138416  0.000173808 
        73.5       110.45     0.999966   0.00138366  0.000174354 
        73.5       110.88     0.999967   0.00138317  0.000174902 
        73.5      111.311     0.999969   0.00138267  0.000175453 
        73.5      111.743      0.99997   0.00138217  0.000176007 
        73.5      112.175     0.999971   0.00138167  0.000176563 
        73.5      112.609     0.999972   0.00138117  0.000177123 
        73.5      113.043     0.999973   0.00138067  0.000177685 
        73.5      113.478     0.999974   0.00138017   0.00017825 
        73.5      113.914     0.999975   0.00137967  0.000178818 
        73.5      114.351     0.999976   0.00137917  0.000179389 
        73.5      114.789     0.999977   0.00137866  0.000179963 
        73.5      115.228     0.999978   0.00137816   0.00018054 
        73.5      115.667     0.999979   0.00137766  0.000181119 
        73.5      116.107      0.99998   0.00137716  0.000181702 
        73.5      116.548     0.999981   0.00137666  0.000182287 
        73.5       116.99     0.999982   0.00137616  0.000182875 
        73.5      117.433     0.999983   0.00137566  0.000183466 
        73.5      117.876     0.999984   0.00137516   0.00018406 
        73.5      118.321     0.999985   0.00137465  0.000184657 
        73.5      118.766     0.999987   0.00137415  0.000185257 
        73.5      119.212     0.999988   0.00137365  0.000185859 
        73.5      119.659     0.999989   0.00137315  0.000186465 
        73.5      120.107      0.99999   0.00137264  0.000187073 
        73.5      120.555     0.999991   0.00137214  0.000187685 
        73.5      121.005     0.999992   0.00137164  0.000188299 
        73.5      121.455     0.999993   0.00137113  0.000188916 
        73.5      121.906     0.999994   0.00137063  0.000189536 
        73.5      122.358     0.999985   0.00137005  0.000190294 
        73.5      122.811     0.999986   0.00136957   0.00019089 
        73.5      123.264     0.999987   0.00136909  0.000191491 
        73.5      123.719     0.999989   0.00136861  0.000192097 
        73.5      124.174      0.99999   0.00136813  0.000192708 
        73.5       124.63     0.999991   0.00136765  0.000193323 
        73.5      125.087     0.999993   0.00136717  0.000193944 
        73.5      125.545     0.999994    0.0013667  0.000194569 
        73.5      126.003     0.999995   0.00136622  0.000195199 
        73.5      126.463     0.999997   0.00136575  0.000195834 
        73.5      126.923     0.999998   0.00136527  0.000196473 
        73.5      127.384     0.999999    0.0013648  0.000197118 
        73.5      127.846            1   0.00136433  0.000197767 
        73.5      128.309            1   0.00136385  0.000198421 
        73.5      128.773            1   0.00136338  0.000199079 
        73.5      129.237            1   0.00136291  0.000199742 
        73.5      129.702      1.00001   0.00136243   0.00020041 
        73.5      130.169      1.00001   0.00136196  0.000201083 
        73.5      130.636      1.00001   0.00136149   0.00020176 
        73.5      131.103      1.00001   0.00136102  0.000202442 
        73.5      131.572      1.00001   0.00136054  0.000203128 
        73.5      132.041      1.00001   0.00136007  0.000203819 
        73.5      132.512      1.00001   0.00135959  0.000204514 
        73.5      132.983      1.00001   0.00135912  0.000205214 
        73.5      133.455      1.00002   0.00135864  0.000205919 
        73.5      133.928      1.00002   0.00135817  0.000206628 
        73.5      134.401      1.00002   0.00135769  0.000207341 
        73.5      134.876      1.00002   0.00135721  0.000208059 
        73.5      135.351      1.00002   0.00135673  0.000208781 
        73.5      135.827      1.00002   0.00135625  0.000209507 
        73.5      136.304      1.00002   0.00135576  0.000210238 
        73.5      136.782      1.00002   0.00135528  0.000210973 
        73.5      137.261      1.00002   0.00135479  0.000211713 
        73.5       137.74      1.00002   0.00135431  0.000212456 
        73.5      138.221      1.00002   0.00135382  0.000213204 
        73.5      138.702      1.00002   0.00135332  0.000213956 
        73.5      139.184      1.00002   0.00135283  0.000214712 
        73.5      139.667      1.00003   0.00135233  0.000215473 
        73.5      140.151      1.00003   0.00135183  0.000216237 
        73.5      140.635      1.00003   0.00135133  0.000217006 
        73.5       141.12      1.00003   0.00135083  0.000217778 
        73.5      141.607      1.00003   0.00135032  0.000218555 
        73.5      142.094      1.00003   0.00134981  0.000219336 
        73.5      142.582      1.00003    0.0013493   0.00022012 
        73.5       143.07      1.00003   0.00134878  0.000220909 
        73.5       143.56      1.00003   0.00134826  0.000221701 
        73.5       144.05      1.00003   0.00134774  0.000222497 
        73.5      144.541      1.00003   0.00134721  0.000223297 
        73.5      145.033      1.00002   0.00134668  0.000224101 
        73.5      145.526      1.00002   0.00134614  0.000224909 
        73.5       146.02      1.00002   0.00134561   0.00022572 
        73.5      146.515      1.00002   0.00134506  0.000226535 
        73.5       147.01      1.00002   0.00134452  0.000227354 
        73.5      147.506      1.00002   0.00134396  0.000228176 
        73.5      148.003      1.00002   0.00134341  0.000229002 
        73.5      148.501      1.00002   0.00134285  0.000229831 
        73.5          149      1.00002   0.00134228  0.000230664 
        73.5        149.5      1.00001   0.00134171  0.000231501 
        73.5          150      1.00001   0.00134113   0.00023234 
