Variables = x, y, u, v, p

Zone, I=600, F=POINT
       116.5            0            0            0 -6.62809e-05 
       116.5     0.000418  0.000230175 -4.35101e-10 -6.62816e-05 
       116.5     0.001672  0.000920707 -1.19674e-09 -6.62835e-05 
       116.5     0.003763   0.00207216 -6.64225e-10 -6.62867e-05 
       116.5     0.006689   0.00368346  3.82639e-09 -6.62913e-05 
       116.5     0.010451   0.00575519  1.59335e-08 -6.62974e-05 
       116.5      0.01505   0.00828794  4.02557e-08 -6.63048e-05 
       116.5     0.020485    0.0112812   8.2252e-08 -6.63137e-05 
       116.5     0.026756     0.014735   1.4819e-07 -6.63236e-05 
       116.5     0.033863    0.0186494  2.45097e-07 -6.63342e-05 
       116.5     0.041806    0.0230243  3.80732e-07  -6.6345e-05 
       116.5     0.050585    0.0278599  5.63588e-07 -6.63552e-05 
       116.5     0.060201    0.0331566  8.02955e-07 -6.63637e-05 
       116.5     0.070652    0.0389132  1.10888e-06 -6.63694e-05 
       116.5      0.08194    0.0451308  1.49245e-06 -6.63712e-05 
       116.5     0.094063    0.0518081  1.96566e-06  -6.6368e-05 
       116.5     0.107023    0.0589461  2.54177e-06 -6.63589e-05 
       116.5     0.120819    0.0665438  3.23514e-06 -6.63437e-05 
       116.5     0.135451    0.0746009  4.06128e-06  -6.6323e-05 
       116.5     0.150919     0.083117  5.03665e-06 -6.62989e-05 
       116.5     0.167224     0.092092  6.17832e-06 -6.62754e-05 
       116.5     0.184364     0.101524  7.50284e-06 -6.62592e-05 
       116.5     0.202341     0.111414  9.02557e-06 -6.62605e-05 
       116.5     0.221153     0.121759  1.07582e-05 -6.62941e-05 
       116.5     0.240802      0.13256  1.27065e-05 -6.63805e-05 
       116.5     0.261287     0.143816  1.49565e-05 -6.64338e-05 
       116.5     0.282608     0.155523  1.75019e-05 -6.63996e-05 
       116.5     0.304765     0.167674  2.02997e-05 -6.63515e-05 
       116.5     0.327758     0.180266  2.33808e-05 -6.62958e-05 
       116.5     0.351588     0.193296  2.67735e-05 -6.62395e-05 
       116.5     0.376253     0.206755  3.05019e-05 -6.61893e-05 
       116.5     0.401755     0.220641   3.4586e-05 -6.61517e-05 
       116.5     0.428092     0.234945  3.90396e-05 -6.61318e-05 
       116.5     0.455266     0.249661  4.38712e-05 -6.61336e-05 
       116.5     0.483276     0.264781  4.90831e-05 -6.61584e-05 
       116.5     0.512122     0.280294  5.46722e-05 -6.62046e-05 
       116.5     0.541805     0.296193  6.06324e-05 -6.62664e-05 
       116.5     0.572323     0.312465  6.69551e-05 -6.63327e-05 
       116.5     0.603677     0.329098  7.36353e-05 -6.63862e-05 
       116.5     0.635868     0.346079  8.06749e-05  -6.6402e-05 
       116.5     0.668894     0.363394  8.80899e-05 -6.63457e-05 
       116.5     0.702757     0.381028    9.592e-05  -6.6172e-05 
       116.5     0.737456     0.398962  0.000104239 -6.58232e-05 
       116.5     0.772991     0.417208  0.000112689 -6.57478e-05 
       116.5     0.809362     0.435728  0.000121329 -6.58925e-05 
       116.5      0.84657     0.454486  0.000130366 -6.60143e-05 
       116.5     0.884613     0.473456  0.000139787 -6.61111e-05 
       116.5     0.923492     0.492614  0.000149585  -6.6181e-05 
       116.5     0.963208     0.511933   0.00015975 -6.62225e-05 
       116.5      1.00376     0.531383  0.000170276 -6.62347e-05 
       116.5      1.04515     0.550934  0.000181154 -6.62175e-05 
       116.5      1.08737     0.570552  0.000192379 -6.61711e-05 
       116.5      1.13043     0.590203  0.000203945 -6.60969e-05 
       116.5      1.17433     0.609848  0.000215846 -6.59974e-05 
       116.5      1.21906     0.629447  0.000228077 -6.58761e-05 
       116.5      1.26463      0.64896   0.00024063 -6.57377e-05 
       116.5      1.31103     0.668339  0.000253494 -6.55889e-05 
       116.5      1.35827     0.687539  0.000266656 -6.54375e-05 
       116.5      1.40635     0.706508  0.000280094 -6.52938e-05 
       116.5      1.45526     0.725195  0.000293781 -6.51698e-05 
       116.5      1.50501     0.743542   0.00030768 -6.50801e-05 
       116.5       1.5556     0.761491  0.000321738 -6.50419e-05 
       116.5      1.60702      0.77898  0.000335887 -6.50753e-05 
       116.5      1.65928     0.795943  0.000350038 -6.52033e-05 
       116.5      1.71237     0.812313  0.000364077 -6.54529e-05 
       116.5       1.7663     0.827922  0.000377885 -6.56153e-05 
       116.5      1.82106     0.842629  0.000391448 -6.52958e-05 
       116.5      1.87667     0.856658  0.000404692 -6.49986e-05 
       116.5      1.93311     0.869995   0.00041757 -6.47232e-05 
       116.5      1.99038     0.882633  0.000430038 -6.44689e-05 
       116.5      2.04849     0.894564  0.000442053 -6.42349e-05 
       116.5      2.10744     0.905782   0.00045358 -6.40203e-05 
       116.5      2.16722     0.916286  0.000464583  -6.3824e-05 
       116.5      2.22784     0.926074  0.000475035 -6.36448e-05 
       116.5      2.28929      0.93515  0.000484911 -6.34812e-05 
       116.5      2.35158     0.943519  0.000494191 -6.33316e-05 
       116.5      2.41471     0.951189  0.000502861 -6.31943e-05 
       116.5      2.47867      0.95817  0.000510912 -6.30672e-05 
       116.5      2.54347     0.964477   0.00051834 -6.29483e-05 
       116.5      2.60911     0.970127  0.000525147 -6.28352e-05 
       116.5      2.67558      0.97514  0.000531338 -6.27252e-05 
       116.5      2.74288      0.97954  0.000536926 -6.26158e-05 
       116.5      2.81103     0.983353  0.000541925 -6.25037e-05 
       116.5      2.88001     0.986612  0.000546357 -6.23859e-05 
       116.5      2.94983      0.98935  0.000550245 -6.22589e-05 
       116.5      3.02048     0.991605  0.000553615 -6.21189e-05 
       116.5      3.09197     0.993421  0.000556497 -6.19621e-05 
       116.5      3.16429     0.994843  0.000558918 -6.17842e-05 
       116.5      3.23745     0.995922   0.00056091 -6.15807e-05 
       116.5      3.31145     0.996712  0.000562498 -6.13471e-05 
       116.5      3.38628     0.997274  0.000563709 -6.10781e-05 
       116.5      3.46195     0.997671  0.000564559 -6.07686e-05 
       116.5      3.53845     0.997972  0.000565062  -6.0413e-05 
       116.5      3.61579     0.998249  0.000565219 -6.00054e-05 
       116.5      3.69397     0.998581   0.00056502 -5.95396e-05 
       116.5      3.77298      0.99896  0.000565141 -5.91575e-05 
       116.5      3.85283     0.999165  0.000566494 -5.90834e-05 
       116.5      3.93352     0.999345  0.000567402 -5.89653e-05 
       116.5      4.01504       0.9995  0.000567979 -5.88098e-05 
       116.5       4.0974     0.999631  0.000568319 -5.86239e-05 
       116.5      4.18059      0.99974  0.000568498 -5.84142e-05 
       116.5      4.26462     0.999828  0.000568575 -5.81875e-05 
       116.5      4.34949     0.999896  0.000568594 -5.79507e-05 
       116.5      4.43519     0.999947  0.000568582 -5.77103e-05 
       116.5      4.52173     0.999981  0.000568556 -5.74729e-05 
       116.5       4.6091            1  0.000568521 -5.72447e-05 
       116.5      4.69731      1.00001  0.000568476  -5.7032e-05 
       116.5      4.78636            1  0.000568414 -5.68406e-05 
       116.5      4.87624     0.999994   0.00056833 -5.66761e-05 
       116.5      4.96696     0.999977  0.000568221 -5.65436e-05 
       116.5      5.05851     0.999956  0.000568095 -5.64479e-05 
       116.5       5.1509     0.999935  0.000567973 -5.63934e-05 
       116.5      5.24413     0.999914  0.000567901 -5.63839e-05 
       116.5       5.3382     0.999896   0.00056795 -5.64225e-05 
       116.5      5.43309     0.999884  0.000568106 -5.61064e-05 
       116.5      5.52883      0.99988  0.000568389 -5.58433e-05 
       116.5       5.6254     0.999888  0.000568842 -5.56323e-05 
       116.5      5.72281      0.99991  0.000569532 -5.54472e-05 
       116.5      5.82105     0.999939  0.000569994 -5.49891e-05 
       116.5      5.92013      0.99995  0.000569635 -5.40915e-05 
       116.5      6.02005      0.99996  0.000569403 -5.32876e-05 
       116.5       6.1208     0.999969   0.00056927 -5.25779e-05 
       116.5      6.22239     0.999975  0.000569206 -5.19627e-05 
       116.5      6.32482      0.99998  0.000569185 -5.14427e-05 
       116.5      6.42808     0.999984  0.000568685 -5.16182e-05 
       116.5      6.53217     0.999987  0.000568264 -5.17476e-05 
       116.5      6.63711     0.999988  0.000568016 -5.17592e-05 
       116.5      6.74287     0.999988  0.000567948 -5.16675e-05 
       116.5      6.84948     0.999986  0.000568046 -5.14875e-05 
       116.5      6.95692     0.999983  0.000568284 -5.12345e-05 
       116.5       7.0652     0.999978   0.00056862 -5.09242e-05 
       116.5      7.17431     0.999973  0.000569004 -5.05726e-05 
       116.5      7.28426     0.999967   0.00056938 -5.01959e-05 
       116.5      7.39505     0.999961  0.000569691 -4.98109e-05 
       116.5      7.50667     0.999954  0.000569881 -4.94345e-05 
       116.5      7.61913     0.999948  0.000569906 -4.90839e-05 
       116.5      7.73242     0.999942  0.000569735 -4.87763e-05 
       116.5      7.84655     0.999937  0.000569358 -4.85295e-05 
       116.5      7.96152     0.999934  0.000568795 -4.83612e-05 
       116.5      8.07732     0.999931    0.0005681 -4.82894e-05 
       116.5      8.19396     0.999929  0.000567493 -4.82856e-05 
       116.5      8.31143     0.999934  0.000568357 -4.77537e-05 
       116.5      8.42974     0.999938  0.000568961 -4.72943e-05 
       116.5      8.54889     0.999941  0.000569357 -4.68958e-05 
       116.5      8.66887     0.999944  0.000569589 -4.65471e-05 
       116.5      8.78969     0.999947  0.000569695 -4.62369e-05 
       116.5      8.91135      0.99995  0.000569709 -4.59545e-05 
       116.5      9.03384     0.999952  0.000569659 -4.56893e-05 
       116.5      9.15717     0.999955  0.000569566 -4.54311e-05 
       116.5      9.28133     0.999957  0.000569449 -4.51703e-05 
       116.5      9.40633      0.99996  0.000569321 -4.48973e-05 
       116.5      9.53216     0.999962   0.00056919 -4.46035e-05 
       116.5      9.65884     0.999965  0.000569063 -4.42804e-05 
       116.5      9.78634     0.999967  0.000568943 -4.39204e-05 
       116.5      9.91469     0.999969   0.00056883 -4.35164e-05 
       116.5      10.0439     0.999971  0.000568726 -4.30621e-05 
       116.5      10.1739     0.999972  0.000568629  -4.2552e-05 
       116.5      10.3047     0.999973   0.00056854 -4.19812e-05 
       116.5      10.4364     0.999973   0.00056846 -4.13461e-05 
       116.5      10.5689     0.999974  0.000568589 -4.10489e-05 
       116.5      10.7023     0.999974  0.000568743 -4.07862e-05 
       116.5      10.8365     0.999973  0.000568892 -4.05338e-05 
       116.5      10.9715     0.999972  0.000569016 -4.02928e-05 
       116.5      11.1074     0.999971  0.000569091 -4.00636e-05 
       116.5      11.2441      0.99997  0.000569084 -3.98458e-05 
       116.5      11.3817     0.999968  0.000568957 -3.96381e-05 
       116.5        11.52     0.999966  0.000568664 -3.94384e-05 
       116.5      11.6592     0.999964  0.000568549 -3.91074e-05 
       116.5      11.7993     0.999963  0.000568598  -3.8717e-05 
       116.5      11.9402     0.999961  0.000568647 -3.83374e-05 
       116.5      12.0819      0.99996  0.000568689 -3.79693e-05 
       116.5      12.2245     0.999958  0.000568718 -3.76134e-05 
       116.5      12.3679     0.999957  0.000568729 -3.72699e-05 
       116.5      12.5121     0.999955  0.000568717 -3.69392e-05 
       116.5      12.6572     0.999954   0.00056868 -3.66214e-05 
       116.5      12.8031     0.999953  0.000568615 -3.63164e-05 
       116.5      12.9498     0.999952  0.000568565 -3.59763e-05 
       116.5      13.0974     0.999951  0.000568561 -3.55636e-05 
       116.5      13.2458     0.999951  0.000568525 -3.51563e-05 
       116.5       13.395      0.99995  0.000568462 -3.47516e-05 
       116.5      13.5451      0.99995  0.000568378 -3.43473e-05 
       116.5       13.696      0.99995   0.00056828 -3.39419e-05 
       116.5      13.8478      0.99995  0.000568176 -3.35343e-05 
       116.5      14.0004      0.99995  0.000568072 -3.31243e-05 
       116.5      14.1538     0.999951  0.000567976 -3.27125e-05 
       116.5      14.3081     0.999951  0.000567894 -3.22999e-05 
       116.5      14.4632     0.999952   0.00056783 -3.18885e-05 
       116.5      14.6191     0.999953  0.000567789 -3.14813e-05 
       116.5      14.7759     0.999954  0.000567769 -3.10819e-05 
       116.5      14.9335     0.999954  0.000567769 -3.06949e-05 
       116.5      15.0919     0.999955  0.000567782 -3.03259e-05 
       116.5      15.2512     0.999956  0.000567797 -2.99817e-05 
       116.5      15.4113     0.999956  0.000567798 -2.96697e-05 
       116.5      15.5723     0.999956  0.000567762 -2.93989e-05 
       116.5      15.7341     0.999956  0.000567626 -2.90349e-05 
       116.5      15.8967     0.999957  0.000567472  -2.8588e-05 
       116.5      16.0602     0.999957   0.00056734 -2.81505e-05 
       116.5      16.2245     0.999957  0.000567227 -2.77215e-05 
       116.5      16.3896     0.999957  0.000567128 -2.73001e-05 
       116.5      16.5556     0.999957   0.00056704 -2.68853e-05 
       116.5      16.7224     0.999957  0.000566959 -2.64764e-05 
       116.5        16.89     0.999957  0.000566883 -2.60725e-05 
       116.5      17.0585     0.999957  0.000566809 -2.56728e-05 
       116.5      17.2278     0.999957  0.000566734 -2.52765e-05 
       116.5      17.3979     0.999956  0.000566658 -2.48829e-05 
       116.5      17.5689     0.999956  0.000566579 -2.44912e-05 
       116.5      17.7408     0.999956  0.000566497  -2.4101e-05 
       116.5      17.9134     0.999956   0.00056641 -2.37114e-05 
       116.5      18.0869     0.999955  0.000566318 -2.33221e-05 
       116.5      18.2612     0.999955  0.000566222 -2.29324e-05 
       116.5      18.4364     0.999955  0.000566121  -2.2542e-05 
       116.5      18.6124     0.999954  0.000566016 -2.21504e-05 
       116.5      18.7892     0.999954  0.000565908 -2.17574e-05 
       116.5      18.9669     0.999954  0.000565796 -2.13626e-05 
       116.5      19.1454     0.999953  0.000565682  -2.0966e-05 
       116.5      19.3248     0.999953  0.000565566 -2.05672e-05 
       116.5       19.505     0.999952  0.000565449 -2.01664e-05 
       116.5       19.686     0.999952  0.000565331 -1.97635e-05 
       116.5      19.8678     0.999952  0.000565212 -1.93587e-05 
       116.5      20.0505     0.999951  0.000565092 -1.89521e-05 
       116.5      20.2341     0.999951  0.000564971 -1.85441e-05 
       116.5      20.4184     0.999951  0.000564848 -1.81351e-05 
       116.5      20.6036     0.999951  0.000564721 -1.77254e-05 
       116.5      20.7897      0.99995  0.000564589 -1.73158e-05 
       116.5      20.9765      0.99995  0.000564449 -1.69069e-05 
       116.5      21.1642      0.99995   0.00056434 -1.64904e-05 
       116.5      21.3528      0.99995  0.000564233 -1.60925e-05 
       116.5      21.5422     0.999949  0.000564111 -1.57226e-05 
       116.5      21.7324     0.999949  0.000563966 -1.53546e-05 
       116.5      21.9234     0.999949  0.000563812 -1.49382e-05 
       116.5      22.1153     0.999949  0.000563659 -1.45311e-05 
       116.5       22.308     0.999949  0.000563509 -1.41316e-05 
       116.5      22.5016     0.999949  0.000563369 -1.37213e-05 
       116.5       22.696     0.999948  0.000563227 -1.33114e-05 
       116.5      22.8912     0.999948  0.000563083  -1.2902e-05 
       116.5      23.0873     0.999948  0.000562936 -1.24931e-05 
       116.5      23.2842     0.999948  0.000562788 -1.20846e-05 
       116.5       23.482     0.999948  0.000562636 -1.16766e-05 
       116.5      23.6805     0.999948  0.000562483  -1.1269e-05 
       116.5        23.88     0.999947  0.000562327 -1.08619e-05 
       116.5      24.0802     0.999947  0.000562169 -1.04553e-05 
       116.5      24.2813     0.999947  0.000562009 -1.00492e-05 
       116.5      24.4832     0.999947  0.000561846 -9.64359e-06 
       116.5       24.686     0.999947  0.000561681 -9.23846e-06 
       116.5      24.8896     0.999947  0.000561514 -8.83382e-06 
       116.5       25.094     0.999946  0.000561344 -8.42968e-06 
       116.5      25.2993     0.999946  0.000561173 -8.02605e-06 
       116.5      25.5054     0.999946  0.000560998 -7.62292e-06 
       116.5      25.7123     0.999946  0.000560822 -7.22031e-06 
       116.5      25.9201     0.999946  0.000560643 -6.81822e-06 
       116.5      26.1287     0.999945  0.000560462 -6.41665e-06 
       116.5      26.3381     0.999945  0.000560279  -6.0156e-06 
       116.5      26.5484     0.999945  0.000560094 -5.61509e-06 
       116.5      26.7595     0.999945  0.000559906 -5.21511e-06 
       116.5      26.9715     0.999945  0.000559717 -4.81568e-06 
       116.5      27.1843     0.999944  0.000559525 -4.41679e-06 
       116.5      27.3979     0.999944  0.000559331 -4.01846e-06 
       116.5      27.6124     0.999944  0.000559134 -3.62069e-06 
       116.5      27.8277     0.999944  0.000558936 -3.22348e-06 
       116.5      28.0438     0.999944  0.000558735 -2.82684e-06 
       116.5      28.2608     0.999943  0.000558533 -2.43078e-06 
       116.5      28.4786     0.999943  0.000558328 -2.03531e-06 
       116.5      28.6972     0.999943  0.000558122 -1.64043e-06 
       116.5      28.9167     0.999943  0.000557913 -1.24616e-06 
       116.5       29.137     0.999943  0.000557702 -8.52488e-07 
       116.5      29.3582     0.999943  0.000557489 -4.59439e-07 
       116.5      29.5802     0.999942  0.000557275 -6.70177e-08 
       116.5       29.803     0.999942  0.000557058  3.24768e-07 
       116.5      30.0267     0.999942   0.00055684  7.15906e-07 
       116.5      30.2512     0.999942   0.00055662  1.10639e-06 
       116.5      30.4765     0.999942  0.000556398   1.4962e-06 
       116.5      30.7027     0.999942  0.000556174  1.88533e-06 
       116.5      30.9297     0.999941  0.000555948  2.27377e-06 
       116.5      31.1575     0.999941   0.00055572  2.66151e-06 
       116.5      31.3862     0.999941  0.000555491  3.04852e-06 
       116.5      31.6157     0.999941   0.00055526  3.43481e-06 
       116.5      31.8461     0.999941  0.000555028  3.82034e-06 
       116.5      32.0773     0.999941  0.000554793  4.20511e-06 
       116.5      32.3093     0.999941  0.000554557  4.58911e-06 
       116.5      32.5421     0.999941   0.00055432   4.9723e-06 
       116.5      32.7758     0.999941  0.000554081  5.35468e-06 
       116.5      33.0104      0.99994   0.00055384  5.73624e-06 
       116.5      33.2457      0.99994  0.000553598  6.11634e-06 
       116.5      33.4819      0.99994   0.00055336  6.48477e-06 
       116.5       33.719      0.99994  0.000553118  6.85251e-06 
       116.5      33.9568      0.99994  0.000552873   7.2197e-06 
       116.5      34.1956      0.99994  0.000552623  7.58653e-06 
       116.5      34.4351      0.99994   0.00055237   7.9532e-06 
       116.5      34.6755     0.999939  0.000552114   8.3199e-06 
       116.5      34.9167     0.999939  0.000551855  8.68687e-06 
       116.5      35.1588     0.999939  0.000551594  9.05436e-06 
       116.5      35.4017     0.999939  0.000551331  9.42261e-06 
       116.5      35.6454     0.999939  0.000551066  9.79191e-06 
       116.5      35.8899     0.999939    0.0005508  1.01626e-05 
       116.5      36.1354     0.999939  0.000550533  1.05349e-05 
       116.5      36.3816     0.999939  0.000550265  1.09092e-05 
       116.5      36.6287     0.999939  0.000549998  1.12843e-05 
       116.5      36.8766     0.999938  0.000549735  1.16312e-05 
       116.5      37.1253     0.999938   0.00054947  1.19776e-05 
       116.5      37.3749     0.999938  0.000549202  1.23236e-05 
       116.5      37.6253     0.999938  0.000548932  1.26691e-05 
       116.5      37.8766     0.999938   0.00054866   1.3014e-05 
       116.5      38.1287     0.999938  0.000548386  1.33584e-05 
       116.5      38.3816     0.999938  0.000548109   1.3702e-05 
       116.5      38.6353     0.999938  0.000547831   1.4045e-05 
       116.5      38.8899     0.999938  0.000547551  1.43872e-05 
       116.5      39.1454     0.999938   0.00054727  1.47286e-05 
       116.5      39.4016     0.999938  0.000546987  1.50691e-05 
       116.5      39.6588     0.999938  0.000546702  1.54088e-05 
       116.5      39.9167     0.999937  0.000546416  1.57474e-05 
       116.5      40.1755     0.999937  0.000546128  1.60851e-05 
       116.5      40.4351     0.999937   0.00054584  1.64217e-05 
       116.5      40.6955     0.999937  0.000545549  1.67572e-05 
       116.5      40.9568     0.999937  0.000545258  1.70914e-05 
       116.5      41.2189     0.999937  0.000544966  1.74245e-05 
       116.5      41.4819     0.999937  0.000544672  1.77562e-05 
       116.5      41.7457     0.999937  0.000544377  1.80866e-05 
       116.5      42.0103     0.999937  0.000544081  1.84155e-05 
       116.5      42.2758     0.999937  0.000543785   1.8743e-05 
       116.5      42.5421     0.999937  0.000543487  1.90689e-05 
       116.5      42.8092     0.999937  0.000543188  1.93932e-05 
       116.5      43.0772     0.999937  0.000542888  1.97158e-05 
       116.5       43.346     0.999937  0.000542588  2.00366e-05 
       116.5      43.6157     0.999937  0.000542286  2.03556e-05 
       116.5      43.8862     0.999937  0.000541984  2.06727e-05 
       116.5      44.1575     0.999937  0.000541681  2.09879e-05 
       116.5      44.4296     0.999937  0.000541377   2.1301e-05 
       116.5      44.7026     0.999937  0.000541072   2.1612e-05 
       116.5      44.9765     0.999937  0.000540766  2.19207e-05 
       116.5      45.2511     0.999937   0.00054046  2.22272e-05 
       116.5      45.5266     0.999937  0.000540152  2.25314e-05 
       116.5       45.803     0.999937  0.000539844  2.28331e-05 
       116.5      46.0801     0.999937  0.000539535  2.31323e-05 
       116.5      46.3581     0.999937  0.000539225  2.34289e-05 
       116.5       46.637     0.999937  0.000538914  2.37228e-05 
       116.5      46.9167     0.999937  0.000538603  2.40139e-05 
       116.5      47.1972     0.999937   0.00053829  2.43022e-05 
       116.5      47.4785     0.999937  0.000537977  2.45875e-05 
       116.5      47.7607     0.999937  0.000537663  2.48698e-05 
       116.5      48.0438     0.999937  0.000537347  2.51489e-05 
       116.5      48.3276     0.999937  0.000537031  2.54249e-05 
       116.5      48.6123     0.999937  0.000536723  2.57083e-05 
       116.5      48.8979     0.999937  0.000536413  2.59883e-05 
       116.5      49.1842     0.999937  0.000536103   2.6265e-05 
       116.5      49.4714     0.999937   0.00053579  2.65387e-05 
       116.5      49.7595     0.999937  0.000535475  2.68096e-05 
       116.5      50.0484     0.999937  0.000535159  2.70778e-05 
       116.5      50.3381     0.999937   0.00053484  2.73436e-05 
       116.5      50.6286     0.999937  0.000534519  2.76074e-05 
       116.5        50.92     0.999937  0.000534196  2.78695e-05 
       116.5      51.2122     0.999937  0.000533871  2.81301e-05 
       116.5      51.5053     0.999937  0.000533544  2.83898e-05 
       116.5      51.7992     0.999937  0.000533217  2.86489e-05 
       116.5      52.0939     0.999937  0.000532889   2.8908e-05 
       116.5      52.3895     0.999937  0.000532562  2.91674e-05 
       116.5      52.6859     0.999937  0.000532237  2.94279e-05 
       116.5      52.9831     0.999937  0.000531914  2.96898e-05 
       116.5      53.2812     0.999937  0.000531595  2.99539e-05 
       116.5      53.5801     0.999937  0.000531283  3.02208e-05 
       116.5      53.8799     0.999938  0.000530978  3.04912e-05 
       116.5      54.1805     0.999938  0.000530683  3.07659e-05 
       116.5      54.4819     0.999938  0.000530385  3.10268e-05 
       116.5      54.7841     0.999938  0.000530056  3.12472e-05 
       116.5      55.0872     0.999938  0.000529724  3.14675e-05 
       116.5      55.3912     0.999938  0.000529391  3.16876e-05 
       116.5      55.6959     0.999938  0.000529056  3.19073e-05 
       116.5      56.0015     0.999938  0.000528719  3.21267e-05 
       116.5       56.308     0.999938  0.000528382  3.23457e-05 
       116.5      56.6152     0.999938  0.000528043  3.25642e-05 
       116.5      56.9233     0.999938  0.000527703  3.27821e-05 
       116.5      57.2323     0.999938  0.000527363  3.29995e-05 
       116.5      57.5421     0.999938  0.000527022  3.32163e-05 
       116.5      57.8527     0.999938  0.000526681  3.34324e-05 
       116.5      58.1641     0.999939   0.00052634  3.36477e-05 
       116.5      58.4764     0.999939  0.000525999  3.38622e-05 
       116.5      58.7896     0.999939  0.000525658  3.40759e-05 
       116.5      59.1035     0.999939  0.000525317  3.42887e-05 
       116.5      59.4183     0.999939  0.000524976  3.45006e-05 
       116.5      59.7339     0.999939  0.000524636  3.47114e-05 
       116.5      60.0504     0.999939  0.000524296  3.49213e-05 
       116.5      60.3677     0.999939  0.000523957    3.513e-05 
       116.5      60.6859     0.999939  0.000523619  3.53377e-05 
       116.5      61.0048     0.999939  0.000523281  3.55442e-05 
       116.5      61.3247      0.99994  0.000522945  3.57494e-05 
       116.5      61.6453      0.99994  0.000522609  3.59535e-05 
       116.5      61.9668      0.99994  0.000522275  3.61563e-05 
       116.5      62.2891      0.99994  0.000521941  3.63577e-05 
       116.5      62.6123      0.99994  0.000521608  3.65578e-05 
       116.5      62.9363      0.99994  0.000521277  3.67566e-05 
       116.5      63.2611      0.99994  0.000520946  3.69539e-05 
       116.5      63.5868      0.99994  0.000520617  3.71498e-05 
       116.5      63.9133      0.99994  0.000520289  3.73442e-05 
       116.5      64.2406     0.999941  0.000519962  3.75372e-05 
       116.5      64.5688     0.999941  0.000519636  3.77287e-05 
       116.5      64.8978     0.999941  0.000519319  3.79339e-05 
       116.5      65.2277     0.999941  0.000519002   3.8137e-05 
       116.5      65.5583     0.999941  0.000518686  3.83378e-05 
       116.5      65.8899     0.999941  0.000518371  3.85363e-05 
       116.5      66.2222     0.999941  0.000518057  3.87325e-05 
       116.5      66.5554     0.999941  0.000517743  3.89264e-05 
       116.5      66.8894     0.999942  0.000517431  3.91179e-05 
       116.5      67.2243     0.999942  0.000517118   3.9307e-05 
       116.5        67.56     0.999942  0.000516807  3.94937e-05 
       116.5      67.8966     0.999942  0.000516496  3.96779e-05 
       116.5      68.2339     0.999942  0.000516185  3.98597e-05 
       116.5      68.5721     0.999942  0.000515875  4.00389e-05 
       116.5      68.9112     0.999942  0.000515566  4.02156e-05 
       116.5      69.2511     0.999943  0.000515257  4.03898e-05 
       116.5      69.5918     0.999943  0.000514949  4.05614e-05 
       116.5      69.9333     0.999943  0.000514641  4.07305e-05 
       116.5      70.2757     0.999943  0.000514333  4.08971e-05 
       116.5      70.6189     0.999943  0.000514026   4.1061e-05 
       116.5       70.963     0.999943  0.000513719  4.12224e-05 
       116.5      71.3079     0.999944  0.000513413  4.13812e-05 
       116.5      71.6536     0.999944  0.000513106  4.15375e-05 
       116.5      72.0002     0.999944    0.0005128  4.16912e-05 
       116.5      72.3476     0.999944  0.000512494  4.18424e-05 
       116.5      72.6959     0.999944  0.000512188   4.1991e-05 
       116.5      73.0449     0.999945  0.000511882  4.21372e-05 
       116.5      73.3949     0.999945  0.000511577  4.22808e-05 
       116.5      73.7456     0.999945  0.000511271   4.2422e-05 
       116.5      74.0972     0.999945  0.000510965  4.25608e-05 
       116.5      74.4496     0.999945  0.000510659  4.26972e-05 
       116.5      74.8029     0.999946  0.000510353  4.28313e-05 
       116.5       75.157     0.999946  0.000510047   4.2963e-05 
       116.5      75.5119     0.999946   0.00050974  4.30925e-05 
       116.5      75.8677     0.999946  0.000509434  4.32198e-05 
       116.5      76.2243     0.999946  0.000509127  4.33449e-05 
       116.5      76.5817     0.999946   0.00050882  4.34679e-05 
       116.5        76.94     0.999947  0.000508512  4.35888e-05 
       116.5      77.2991     0.999947  0.000508205  4.37078e-05 
       116.5      77.6591     0.999947  0.000507897  4.38249e-05 
       116.5      78.0198     0.999947  0.000507589  4.39402e-05 
       116.5      78.3815     0.999947  0.000507281  4.40538e-05 
       116.5      78.7439     0.999948  0.000506972  4.41656e-05 
       116.5      79.1072     0.999948  0.000506663   4.4276e-05 
       116.5      79.4714     0.999948  0.000506355  4.43848e-05 
       116.5      79.8363     0.999948  0.000506045  4.44923e-05 
       116.5      80.2021     0.999948  0.000505736  4.45986e-05 
       116.5      80.5688     0.999948  0.000505427  4.47037e-05 
       116.5      80.9362     0.999949  0.000505118  4.48077e-05 
       116.5      81.3045     0.999949  0.000504809  4.49109e-05 
       116.5      81.6737     0.999949    0.0005045  4.50133e-05 
       116.5      82.0437     0.999949  0.000504191   4.5115e-05 
       116.5      82.4145     0.999949  0.000503883  4.52162e-05 
       116.5      82.7861     0.999949  0.000503575  4.53171e-05 
       116.5      83.1586      0.99995  0.000503268  4.54178e-05 
       116.5       83.532      0.99995  0.000502961  4.55184e-05 
       116.5      83.9061      0.99995  0.000502656  4.56191e-05 
       116.5      84.2811      0.99995  0.000502352  4.57201e-05 
       116.5       84.657      0.99995  0.000502048  4.58216e-05 
       116.5      85.0336      0.99995  0.000501747  4.59237e-05 
       116.5      85.4111      0.99995  0.000501447  4.60266e-05 
       116.5      85.7895     0.999951  0.000501149  4.61306e-05 
       116.5      86.1687     0.999951  0.000500853  4.62358e-05 
       116.5      86.5487     0.999951   0.00050056  4.63425e-05 
       116.5      86.9295     0.999951  0.000500269  4.64508e-05 
       116.5      87.3112     0.999951  0.000499982  4.65609e-05 
       116.5      87.6937     0.999951  0.000499698  4.66732e-05 
       116.5      88.0771     0.999951  0.000499418  4.67879e-05 
       116.5      88.4613     0.999951  0.000499142  4.69051e-05 
       116.5      88.8463     0.999951   0.00049887  4.70252e-05 
       116.5      89.2322     0.999951  0.000498604  4.71484e-05 
       116.5      89.6189     0.999952  0.000498343  4.72749e-05 
       116.5      90.0064     0.999952  0.000498088  4.74051e-05 
       116.5      90.3948     0.999952  0.000497839  4.75393e-05 
       116.5       90.784     0.999952  0.000497597  4.76777e-05 
       116.5      91.1741     0.999952  0.000497363  4.78206e-05 
       116.5       91.565     0.999952  0.000497137  4.79684e-05 
       116.5      91.9567     0.999952   0.00049692  4.81213e-05 
       116.5      92.3492     0.999952  0.000496712  4.82797e-05 
       116.5      92.7426     0.999952  0.000496514  4.84439e-05 
       116.5      93.1369     0.999952  0.000496328  4.86143e-05 
       116.5      93.5319     0.999952  0.000496152  4.87912e-05 
       116.5      93.9278     0.999952  0.000495989   4.8975e-05 
       116.5      94.3246     0.999952   0.00049584   4.9166e-05 
       116.5      94.7221     0.999952  0.000495671  4.93429e-05 
       116.5      95.1206     0.999953  0.000495326  4.94011e-05 
       116.5      95.5198     0.999954  0.000494982  4.94605e-05 
       116.5      95.9199     0.999955  0.000494639   4.9521e-05 
       116.5      96.3208     0.999956  0.000494299  4.95826e-05 
       116.5      96.7226     0.999956  0.000493961  4.96451e-05 
       116.5      97.1251     0.999957  0.000493626  4.97085e-05 
       116.5      97.5286     0.999958  0.000493294  4.97726e-05 
       116.5      97.9328     0.999958  0.000492966  4.98375e-05 
       116.5      98.3379     0.999959  0.000492641  4.99031e-05 
       116.5      98.7439      0.99996   0.00049232  4.99692e-05 
       116.5      99.1506      0.99996  0.000492004  5.00358e-05 
       116.5      99.5583     0.999961  0.000491691  5.01029e-05 
       116.5      99.9667     0.999961  0.000491384  5.01705e-05 
       116.5      100.376     0.999962   0.00049108  5.02383e-05 
       116.5      100.786     0.999962  0.000490782  5.03065e-05 
       116.5      101.197     0.999962  0.000490488  5.03749e-05 
       116.5      101.609     0.999963    0.0004902  5.04436e-05 
       116.5      102.021     0.999963  0.000489916  5.05124e-05 
       116.5      102.435     0.999963  0.000489637  5.05813e-05 
       116.5      102.849     0.999964  0.000489364  5.06504e-05 
       116.5      103.264     0.999964  0.000489095  5.07195e-05 
       116.5       103.68     0.999964  0.000488832  5.07887e-05 
       116.5      104.097     0.999964  0.000488574   5.0858e-05 
       116.5      104.515     0.999965   0.00048832  5.09272e-05 
       116.5      104.933     0.999965  0.000488072  5.09965e-05 
       116.5      105.353     0.999965  0.000487828  5.10658e-05 
       116.5      105.773     0.999965  0.000487588  5.11351e-05 
       116.5      106.194     0.999965  0.000487354  5.12044e-05 
       116.5      106.616     0.999965  0.000487123  5.12737e-05 
       116.5      107.038     0.999965  0.000486897  5.13431e-05 
       116.5      107.462     0.999965  0.000486675  5.14125e-05 
       116.5      107.886     0.999965  0.000486457   5.1482e-05 
       116.5      108.311     0.999965  0.000486242  5.15516e-05 
       116.5      108.737     0.999965   0.00048603  5.16213e-05 
       116.5      109.164     0.999965  0.000485822  5.16912e-05 
       116.5      109.592     0.999965  0.000485616  5.17613e-05 
       116.5       110.02     0.999965  0.000485413  5.18317e-05 
       116.5       110.45     0.999965  0.000485212  5.19024e-05 
       116.5       110.88     0.999965  0.000485013  5.19735e-05 
       116.5      111.311     0.999965  0.000484815  5.20451e-05 
       116.5      111.743     0.999965  0.000484619  5.21172e-05 
       116.5      112.175     0.999965  0.000484424  5.21899e-05 
       116.5      112.609     0.999965  0.000484229  5.22633e-05 
       116.5      113.043     0.999965  0.000484035  5.23374e-05 
       116.5      113.478     0.999964   0.00048384  5.24125e-05 
       116.5      113.914     0.999964  0.000483645  5.24885e-05 
       116.5      114.351     0.999964  0.000483449  5.25657e-05 
       116.5      114.789     0.999964  0.000483252   5.2644e-05 
       116.5      115.228     0.999964  0.000483053  5.27237e-05 
       116.5      115.667     0.999964  0.000482852  5.28049e-05 
       116.5      116.107     0.999964  0.000482648  5.28877e-05 
       116.5      116.548     0.999963  0.000482442  5.29722e-05 
       116.5       116.99     0.999963  0.000482232  5.30587e-05 
       116.5      117.433     0.999963  0.000482018  5.31472e-05 
       116.5      117.876     0.999963    0.0004818   5.3238e-05 
       116.5      118.321     0.999963  0.000481578  5.33311e-05 
       116.5      118.766     0.999963  0.000481351  5.34269e-05 
       116.5      119.212     0.999963  0.000481118  5.35254e-05 
       116.5      119.659     0.999963   0.00048088   5.3627e-05 
       116.5      120.107     0.999963  0.000480635  5.37317e-05 
       116.5      120.555     0.999963  0.000480384  5.38398e-05 
       116.5      121.005     0.999963  0.000480126  5.39516e-05 
       116.5      121.455     0.999963  0.000479861  5.40672e-05 
       116.5      121.906     0.999963  0.000479588   5.4187e-05 
       116.5      122.358     0.999963  0.000479306  5.43111e-05 
       116.5      122.811     0.999963  0.000479017  5.44398e-05 
       116.5      123.264     0.999963  0.000478719  5.45733e-05 
       116.5      123.719     0.999963  0.000478412  5.47121e-05 
       116.5      124.174     0.999963  0.000478096  5.48562e-05 
       116.5       124.63     0.999963   0.00047777  5.50062e-05 
       116.5      125.087     0.999963  0.000477435  5.51621e-05 
       116.5      125.545     0.999963  0.000477089  5.53244e-05 
       116.5      126.003     0.999963  0.000476857  5.54338e-05 
       116.5      126.463     0.999963  0.000476678  5.55156e-05 
       116.5      126.923     0.999964  0.000476499  5.55953e-05 
       116.5      127.384     0.999964   0.00047632   5.5673e-05 
       116.5      127.846     0.999964  0.000476141  5.57487e-05 
       116.5      128.309     0.999964  0.000475961  5.58228e-05 
       116.5      128.773     0.999964   0.00047578  5.58952e-05 
       116.5      129.237     0.999964  0.000475597  5.59661e-05 
       116.5      129.702     0.999964  0.000475414  5.60357e-05 
       116.5      130.169     0.999964  0.000475229  5.61041e-05 
       116.5      130.636     0.999964  0.000475043  5.61715e-05 
       116.5      131.103     0.999965  0.000474855   5.6238e-05 
       116.5      131.572     0.999965  0.000474665  5.63038e-05 
       116.5      132.041     0.999965  0.000474474   5.6369e-05 
       116.5      132.512     0.999966   0.00047428  5.64338e-05 
       116.5      132.983     0.999966  0.000474084  5.64984e-05 
       116.5      133.455     0.999966  0.000473887   5.6563e-05 
       116.5      133.928     0.999967  0.000473687  5.66277e-05 
       116.5      134.401     0.999967  0.000473485  5.66927e-05 
       116.5      134.876     0.999968  0.000473281  5.67582e-05 
       116.5      135.351     0.999968  0.000473075  5.68244e-05 
       116.5      135.827     0.999969  0.000472867  5.68915e-05 
       116.5      136.304     0.999969  0.000472657  5.69597e-05 
       116.5      136.782      0.99997  0.000472445  5.70291e-05 
       116.5      137.261     0.999971  0.000472231     5.71e-05 
       116.5       137.74     0.999971  0.000472016  5.71726e-05 
       116.5      138.221     0.999972    0.0004718  5.72471e-05 
       116.5      138.702     0.999973  0.000471582  5.73237e-05 
       116.5      139.184     0.999974  0.000471364  5.74027e-05 
       116.5      139.667     0.999975  0.000471145  5.74842e-05 
       116.5      140.151     0.999975  0.000470926  5.75685e-05 
       116.5      140.635     0.999976  0.000470707  5.76558e-05 
       116.5       141.12     0.999977  0.000470489  5.77464e-05 
       116.5      141.607     0.999978  0.000470272  5.78406e-05 
       116.5      142.094     0.999979  0.000470056  5.79384e-05 
       116.5      142.582      0.99998  0.000469843  5.80403e-05 
       116.5       143.07     0.999982  0.000469631  5.81465e-05 
       116.5       143.56     0.999983  0.000469423  5.82572e-05 
       116.5       144.05     0.999984  0.000469219  5.83726e-05 
       116.5      144.541     0.999985   0.00046902  5.84932e-05 
       116.5      145.033     0.999986  0.000468826  5.86191e-05 
       116.5      145.526     0.999988  0.000468637  5.87506e-05 
       116.5       146.02     0.999989  0.000468456   5.8888e-05 
       116.5      146.515      0.99999  0.000468283  5.90316e-05 
       116.5       147.01     0.999992  0.000468118  5.91817e-05 
       116.5      147.506     0.999993  0.000467964  5.93386e-05 
       116.5      148.003     0.999994   0.00046782  5.95026e-05 
       116.5      148.501     0.999996  0.000467688   5.9674e-05 
       116.5          149     0.999997   0.00046757  5.98531e-05 
       116.5        149.5     0.999999  0.000467466  6.00403e-05 
       116.5          150            1  0.000467378  6.02358e-05 
