Variables = x, y, u, v, p

Zone, I=600, F=POINT
       736.5            0            0            0 -2.11165e-05 
       736.5     0.000418  0.000181963 -2.02303e-10 -2.11167e-05 
       736.5     0.001672  0.000727854 -6.45117e-10 -2.11174e-05 
       736.5     0.003763   0.00163811 -8.40521e-10 -2.11187e-05 
       736.5     0.006689   0.00291186  1.05711e-11 -2.11208e-05 
       736.5     0.010451   0.00454954  2.99781e-09 -2.11237e-05 
       736.5      0.01505    0.0065516  9.47951e-09 -2.11278e-05 
       736.5     0.020485   0.00891759  2.10525e-08  -2.1133e-05 
       736.5     0.026756    0.0116475  3.95301e-08 -2.11394e-05 
       736.5     0.033863    0.0147414  6.69222e-08 -2.11468e-05 
       736.5     0.041806    0.0181992  1.05425e-07 -2.11549e-05 
       736.5     0.050585    0.0220209  1.57422e-07 -2.11632e-05 
       736.5     0.060201     0.026207  2.25507e-07 -2.11707e-05 
       736.5     0.070652    0.0307565   3.1248e-07 -2.11766e-05 
       736.5      0.08194    0.0356703  4.21441e-07 -2.11799e-05 
       736.5     0.094063    0.0409474  5.55768e-07 -2.11793e-05 
       736.5     0.107023    0.0465888   7.1924e-07 -2.11741e-05 
       736.5     0.120819    0.0525938  9.15985e-07 -2.11638e-05 
       736.5     0.135451    0.0589624  1.15052e-06 -2.11486e-05 
       736.5     0.150919    0.0656944  1.42769e-06 -2.11299e-05 
       736.5     0.167224    0.0727902  1.75251e-06 -2.11109e-05 
       736.5     0.184364    0.0802488  2.12981e-06 -2.10971e-05 
       736.5     0.202341    0.0880708  2.56393e-06  -2.1097e-05 
       736.5     0.221153    0.0962551   3.0578e-06 -2.11233e-05 
       736.5     0.240802     0.104802  3.61219e-06 -2.11939e-05 
       736.5     0.261287     0.113713  4.27359e-06  -2.1254e-05 
       736.5     0.282608     0.122986  5.02804e-06 -2.12429e-05 
       736.5     0.304765     0.132619  5.84693e-06 -2.12074e-05 
       736.5     0.327758     0.142611  6.74583e-06 -2.11561e-05 
       736.5     0.351588     0.152961  7.73973e-06 -2.10983e-05 
       736.5     0.376253     0.163667  8.84226e-06 -2.10433e-05 
       736.5     0.401755     0.174728  1.00656e-05 -2.10002e-05 
       736.5     0.428092     0.186141  1.14197e-05 -2.09766e-05 
       736.5     0.455266     0.197904  1.29127e-05 -2.09784e-05 
       736.5     0.483276     0.210016  1.45507e-05 -2.10083e-05 
       736.5     0.512122     0.222472  1.63383e-05 -2.10653e-05 
       736.5     0.541805     0.235271  1.82794e-05 -2.11429e-05 
       736.5     0.572323     0.248407   2.0379e-05 -2.12279e-05 
       736.5     0.603677     0.261879  2.26451e-05 -2.12989e-05 
       736.5     0.635868     0.275681  2.50917e-05 -2.13243e-05 
       736.5     0.668894      0.28981  2.77423e-05 -2.12603e-05 
       736.5     0.702757      0.30426  3.06357e-05 -2.10488e-05 
       736.5     0.737456     0.319026  3.38313e-05 -2.06148e-05 
       736.5     0.772991     0.334136  3.70848e-05 -2.04915e-05 
       736.5     0.809362     0.349548  4.04914e-05 -2.06635e-05 
       736.5      0.84657     0.365229  4.41959e-05 -2.08434e-05 
       736.5     0.884613     0.381166  4.81808e-05  -2.1021e-05 
       736.5     0.923492     0.397348  5.24312e-05 -2.11865e-05 
       736.5     0.963208     0.413761  5.69348e-05 -2.13305e-05 
       736.5      1.00376     0.430389  6.16825e-05 -2.14445e-05 
       736.5      1.04515     0.447219  6.66685e-05 -2.15213e-05 
       736.5      1.08737     0.464231  7.18905e-05 -2.15553e-05 
       736.5      1.13043      0.48141  7.73496e-05 -2.15429e-05 
       736.5      1.17433     0.498734  8.30499e-05 -2.14831e-05 
       736.5      1.21906     0.516185   8.8998e-05  -2.1378e-05 
       736.5      1.26463     0.533741  9.52019e-05 -2.12331e-05 
       736.5      1.31103     0.551378   0.00010167 -2.10586e-05 
       736.5      1.35827     0.569072  0.000108409 -2.08691e-05 
       736.5      1.40635     0.586797  0.000115421 -2.06852e-05 
       736.5      1.45526     0.604525  0.000122705 -2.05339e-05 
       736.5      1.50501     0.622228  0.000130247 -2.04493e-05 
       736.5       1.5556     0.639876  0.000138021 -2.04738e-05 
       736.5      1.60702     0.657435  0.000145983 -2.06587e-05 
       736.5      1.65928     0.674871  0.000154065 -2.10657e-05 
       736.5      1.71237      0.69215  0.000162168 -2.17674e-05 
       736.5       1.7663     0.709264  0.000170422  -2.2311e-05 
       736.5      1.82106     0.726121  0.000179302  -2.1816e-05 
       736.5      1.87667      0.74257  0.000188286 -2.14133e-05 
       736.5      1.93311     0.758593  0.000197335 -2.10992e-05 
       736.5      1.99038     0.774174   0.00020641 -2.08698e-05 
       736.5      2.04849     0.789296  0.000215474 -2.07204e-05 
       736.5      2.10744     0.803944  0.000224489 -2.06457e-05 
       736.5      2.16722     0.818103  0.000233421   -2.064e-05 
       736.5      2.22784     0.831761  0.000242233 -2.06969e-05 
       736.5      2.28929     0.844903  0.000250895 -2.08094e-05 
       736.5      2.35158     0.857519  0.000259373   -2.097e-05 
       736.5      2.41471     0.869598   0.00026764 -2.11705e-05 
       736.5      2.47867      0.88113  0.000275668 -2.14022e-05 
       736.5      2.54347     0.892107  0.000283432 -2.16557e-05 
       736.5      2.60911     0.902521  0.000290912  -2.1921e-05 
       736.5      2.67558     0.912366  0.000298086 -2.21875e-05 
       736.5      2.74288     0.921637  0.000304939 -2.24441e-05 
       736.5      2.81103     0.930332  0.000311455 -2.26788e-05 
       736.5      2.88001     0.938447  0.000317625 -2.28794e-05 
       736.5      2.94983     0.945982  0.000323438 -2.30328e-05 
       736.5      3.02048     0.952937  0.000328888 -2.31253e-05 
       736.5      3.09197     0.959316  0.000333971 -2.31428e-05 
       736.5      3.16429      0.96512  0.000338685 -2.30705e-05 
       736.5      3.23745     0.970357  0.000343028  -2.2893e-05 
       736.5      3.31145     0.975033  0.000347001 -2.25944e-05 
       736.5      3.38628     0.979156  0.000350606 -2.21582e-05 
       736.5      3.46195     0.982737  0.000353843 -2.15674e-05 
       736.5      3.53845     0.985789  0.000356712 -2.08045e-05 
       736.5      3.61579     0.988326  0.000359212 -1.98514e-05 
       736.5      3.69397     0.990363   0.00036134 -1.86897e-05 
       736.5      3.77298     0.991736  0.000363786 -1.76061e-05 
       736.5      3.85283     0.992473  0.000367418 -1.73477e-05 
       736.5      3.93352     0.993178  0.000370457 -1.73333e-05 
       736.5      4.01504     0.993851  0.000372921 -1.75563e-05 
       736.5       4.0974      0.99449  0.000374832 -1.80098e-05 
       736.5      4.18059     0.995097   0.00037621 -1.86862e-05 
       736.5      4.26462     0.995672  0.000377078 -1.95775e-05 
       736.5      4.34949     0.996213   0.00037746 -2.06754e-05 
       736.5      4.43519     0.996722  0.000377381 -2.19711e-05 
       736.5      4.52173     0.997199  0.000376865 -2.34554e-05 
       736.5       4.6091     0.997643   0.00037594 -2.51187e-05 
       736.5      4.69731     0.998055  0.000374633 -2.69511e-05 
       736.5      4.78636     0.998436  0.000372971 -2.89424e-05 
       736.5      4.87624     0.998786  0.000370982 -3.10819e-05 
       736.5      4.96696     0.999104  0.000369534 -3.21305e-05 
       736.5      5.05851     0.999389  0.000370028 -3.03697e-05 
       736.5       5.1509     0.999645  0.000370607  -2.8691e-05 
       736.5      5.24413     0.999872  0.000371265 -2.71056e-05 
       736.5       5.3382      1.00007  0.000371993 -2.56238e-05 
       736.5      5.43309      1.00024  0.000372781 -2.42552e-05 
       736.5      5.52883      1.00038  0.000373618 -2.30079e-05 
       736.5       5.6254       1.0005  0.000374492 -2.18893e-05 
       736.5      5.72281      1.00059  0.000375391  -2.0905e-05 
       736.5      5.82105      1.00066  0.000376299 -2.00594e-05 
       736.5      5.92013      1.00071  0.000377204 -1.93553e-05 
       736.5      6.02005      1.00073   0.00037809 -1.87937e-05 
       736.5       6.1208      1.00073  0.000378941 -1.83737e-05 
       736.5      6.22239      1.00072   0.00037974 -1.80924e-05 
       736.5      6.32482      1.00068  0.000380472 -1.79448e-05 
       736.5      6.42808      1.00064  0.000381119 -1.79235e-05 
       736.5      6.53217      1.00057  0.000381665 -1.80184e-05 
       736.5      6.63711       1.0005  0.000382094  -1.8217e-05 
       736.5      6.74287      1.00041  0.000382389 -1.85036e-05 
       736.5      6.84948      1.00032  0.000382536 -1.88598e-05 
       736.5      6.95692      1.00022   0.00038252 -1.92637e-05 
       736.5       7.0652      1.00011  0.000382328 -1.96899e-05 
       736.5      7.17431      1.00001  0.000381949 -2.01094e-05 
       736.5      7.28426     0.999903  0.000381374 -2.04895e-05 
       736.5      7.39505     0.999804  0.000380595 -2.07932e-05 
       736.5      7.50667     0.999713  0.000379608 -2.09792e-05 
       736.5      7.61913     0.999632  0.000378411 -2.10016e-05 
       736.5      7.73242     0.999565  0.000377008 -2.08098e-05 
       736.5      7.84655     0.999515  0.000375404 -2.03482e-05 
       736.5      7.96152     0.999487  0.000373611 -1.95558e-05 
       736.5      8.07732     0.999483  0.000371645 -1.83659e-05 
       736.5      8.19396     0.999508  0.000369527 -1.67062e-05 
       736.5      8.31143     0.999561   0.00037051 -1.68562e-05 
       736.5      8.42974     0.999613  0.000371985 -1.73473e-05 
       736.5      8.54889     0.999662  0.000373323 -1.77771e-05 
       736.5      8.66887     0.999707  0.000374515 -1.81539e-05 
       736.5      8.78969      0.99975  0.000375555 -1.84859e-05 
       736.5      8.91135     0.999789  0.000376439 -1.87806e-05 
       736.5      9.03384     0.999824  0.000377163 -1.90448e-05 
       736.5      9.15717     0.999856  0.000377729 -1.92847e-05 
       736.5      9.28133     0.999885  0.000378139  -1.9506e-05 
       736.5      9.40633      0.99991  0.000378396 -1.97133e-05 
       736.5      9.53216     0.999932  0.000378508 -1.99105e-05 
       736.5      9.65884      0.99995  0.000378483 -2.01005e-05 
       736.5      9.78634     0.999966  0.000378334 -2.02854e-05 
       736.5      9.91469     0.999978  0.000378073 -2.04661e-05 
       736.5      10.0439     0.999987  0.000377718 -2.06423e-05 
       736.5      10.1739     0.999994  0.000377287 -2.08126e-05 
       736.5      10.3047     0.999998  0.000376802 -2.09743e-05 
       736.5      10.4364            1  0.000376285 -2.11234e-05 
       736.5      10.5689            1  0.000375763 -2.12542e-05 
       736.5      10.7023     0.999998  0.000375265 -2.13597e-05 
       736.5      10.8365     0.999994   0.00037482 -2.14313e-05 
       736.5      10.9715      0.99999  0.000374462 -2.14585e-05 
       736.5      11.1074     0.999985  0.000374226 -2.14291e-05 
       736.5      11.2441     0.999979   0.00037415 -2.13291e-05 
       736.5      11.3817     0.999974  0.000374272 -2.11422e-05 
       736.5        11.52     0.999968  0.000374635 -2.08504e-05 
       736.5      11.6592     0.999964   0.00037528 -2.04332e-05 
       736.5      11.7993      0.99996  0.000376254 -1.98679e-05 
       736.5      11.9402     0.999958  0.000377603 -1.91294e-05 
       736.5      12.0819     0.999958  0.000379374   -1.819e-05 
       736.5      12.2245     0.999952  0.000379247 -1.82311e-05 
       736.5      12.3679     0.999946  0.000378965  -1.8359e-05 
       736.5      12.5121      0.99994  0.000378698 -1.84855e-05 
       736.5      12.6572     0.999933  0.000378444 -1.86096e-05 
       736.5      12.8031     0.999927  0.000378196   -1.873e-05 
       736.5      12.9498     0.999922   0.00037795 -1.88453e-05 
       736.5      13.0974     0.999917  0.000377694 -1.89537e-05 
       736.5      13.2458     0.999913  0.000377418 -1.90531e-05 
       736.5       13.395     0.999909  0.000377108 -1.91411e-05 
       736.5      13.5451     0.999907  0.000376747 -1.92149e-05 
       736.5       13.696     0.999907  0.000376316 -1.92715e-05 
       736.5      13.8478     0.999907  0.000375791 -1.93075e-05 
       736.5      14.0004      0.99991  0.000375148 -1.93189e-05 
       736.5      14.1538     0.999914  0.000374357 -1.93017e-05 
       736.5      14.3081     0.999921  0.000373385 -1.92511e-05 
       736.5      14.4632     0.999929  0.000373058 -1.92123e-05 
       736.5      14.6191     0.999934  0.000373641 -1.92276e-05 
       736.5      14.7759     0.999938  0.000374201 -1.92516e-05 
       736.5      14.9335     0.999942  0.000374734 -1.92827e-05 
       736.5      15.0919     0.999946  0.000375237 -1.93196e-05 
       736.5      15.2512      0.99995  0.000375709 -1.93606e-05 
       736.5      15.4113     0.999953  0.000376148 -1.94043e-05 
       736.5      15.5723     0.999955  0.000376551 -1.94492e-05 
       736.5      15.7341     0.999958  0.000376918 -1.94938e-05 
       736.5      15.8967      0.99996  0.000377247 -1.95368e-05 
       736.5      16.0602     0.999961  0.000377538 -1.95766e-05 
       736.5      16.2245     0.999963   0.00037779  -1.9612e-05 
       736.5      16.3896     0.999964  0.000378002 -1.96416e-05 
       736.5      16.5556     0.999964  0.000378174 -1.96639e-05 
       736.5      16.7224     0.999965  0.000378307 -1.96779e-05 
       736.5        16.89     0.999965  0.000378401 -1.96821e-05 
       736.5      17.0585     0.999966  0.000378457 -1.96755e-05 
       736.5      17.2278     0.999966  0.000378475 -1.96568e-05 
       736.5      17.3979     0.999965  0.000378457 -1.96249e-05 
       736.5      17.5689     0.999965  0.000378403 -1.95789e-05 
       736.5      17.7408     0.999964  0.000378317 -1.95177e-05 
       736.5      17.9134     0.999964  0.000378199 -1.94403e-05 
       736.5      18.0869     0.999963  0.000378052 -1.93459e-05 
       736.5      18.2612     0.999962  0.000377878 -1.92337e-05 
       736.5      18.4364     0.999961  0.000377679  -1.9103e-05 
       736.5      18.6124      0.99996  0.000377459 -1.89532e-05 
       736.5      18.7892     0.999959  0.000377219 -1.87836e-05 
       736.5      18.9669     0.999958  0.000376962 -1.85937e-05 
       736.5      19.1454     0.999957  0.000376693 -1.83833e-05 
       736.5      19.3248     0.999956  0.000376414 -1.81519e-05 
       736.5       19.505     0.999955  0.000376128 -1.78994e-05 
       736.5       19.686     0.999953  0.000375847 -1.76363e-05 
       736.5      19.8678     0.999952  0.000375759 -1.75933e-05 
       736.5      20.0505     0.999951  0.000375685 -1.75791e-05 
       736.5      20.2341      0.99995  0.000375624 -1.75943e-05 
       736.5      20.4184      0.99995  0.000375577 -1.76389e-05 
       736.5      20.6036     0.999949  0.000375543 -1.77123e-05 
       736.5      20.7897     0.999948  0.000375522 -1.78137e-05 
       736.5      20.9765     0.999947  0.000375515 -1.79417e-05 
       736.5      21.1642     0.999946  0.000375519 -1.80943e-05 
       736.5      21.3528     0.999945  0.000375535 -1.82692e-05 
       736.5      21.5422     0.999945  0.000375562 -1.84633e-05 
       736.5      21.7324     0.999944    0.0003756 -1.86731e-05 
       736.5      21.9234     0.999944   0.00037565 -1.88943e-05 
       736.5      22.1153     0.999943   0.00037571 -1.91222e-05 
       736.5       22.308     0.999943  0.000375781 -1.93513e-05 
       736.5      22.5016     0.999943  0.000375864 -1.95754e-05 
       736.5       22.696     0.999943   0.00037596 -1.97879e-05 
       736.5      22.8912     0.999943  0.000376071 -1.99811e-05 
       736.5      23.0873     0.999944  0.000376198 -2.01467e-05 
       736.5      23.2842     0.999944  0.000376346 -2.02758e-05 
       736.5       23.482     0.999945  0.000376517 -2.03584e-05 
       736.5      23.6805     0.999946  0.000376716 -2.03839e-05 
       736.5        23.88     0.999947  0.000376948 -2.03407e-05 
       736.5      24.0802     0.999949   0.00037722 -2.02165e-05 
       736.5      24.2813     0.999951   0.00037754 -1.99979e-05 
       736.5      24.4832     0.999953  0.000377917 -1.96706e-05 
       736.5       24.686     0.999956   0.00037836 -1.92196e-05 
       736.5      24.8896     0.999958  0.000378323 -1.91094e-05 
       736.5       25.094      0.99996  0.000378067 -1.90725e-05 
       736.5      25.2993     0.999961  0.000377793  -1.8952e-05 
       736.5      25.5054     0.999963  0.000377516 -1.87553e-05 
       736.5      25.7123     0.999964  0.000377252 -1.84906e-05 
       736.5      25.9201     0.999965  0.000377008 -1.81668e-05 
       736.5      26.1287     0.999966  0.000376789 -1.77942e-05 
       736.5      26.3381     0.999965  0.000376707 -1.77704e-05 
       736.5      26.5484     0.999964  0.000376644  -1.7784e-05 
       736.5      26.7595     0.999963  0.000376587 -1.77976e-05 
       736.5      26.9715     0.999963  0.000376536  -1.7811e-05 
       736.5      27.1843     0.999962  0.000376492 -1.78241e-05 
       736.5      27.3979     0.999962  0.000376452 -1.78368e-05 
       736.5      27.6124     0.999961  0.000376418 -1.78491e-05 
       736.5      27.8277     0.999961  0.000376388 -1.78608e-05 
       736.5      28.0438     0.999961  0.000376363 -1.78719e-05 
       736.5      28.2608      0.99996  0.000376341 -1.78823e-05 
       736.5      28.4786      0.99996  0.000376323 -1.78919e-05 
       736.5      28.6972      0.99996  0.000376309 -1.79006e-05 
       736.5      28.9167      0.99996  0.000376297 -1.79084e-05 
       736.5       29.137      0.99996  0.000376288 -1.79151e-05 
       736.5      29.3582      0.99996  0.000376281 -1.79207e-05 
       736.5      29.5802      0.99996  0.000376276 -1.79252e-05 
       736.5       29.803      0.99996  0.000376274 -1.79284e-05 
       736.5      30.0267      0.99996  0.000376273 -1.79303e-05 
       736.5      30.2512      0.99996  0.000376273 -1.79309e-05 
       736.5      30.4765      0.99996  0.000376275 -1.79301e-05 
       736.5      30.7027      0.99996  0.000376278 -1.79278e-05 
       736.5      30.9297      0.99996  0.000376282  -1.7924e-05 
       736.5      31.1575      0.99996  0.000376286 -1.79187e-05 
       736.5      31.3862     0.999961  0.000376292 -1.79118e-05 
       736.5      31.6157     0.999961  0.000376298 -1.79033e-05 
       736.5      31.8461     0.999961  0.000376304 -1.78931e-05 
       736.5      32.0773     0.999961   0.00037631 -1.78812e-05 
       736.5      32.3093     0.999962  0.000376317 -1.78677e-05 
       736.5      32.5421     0.999962  0.000376324 -1.78525e-05 
       736.5      32.7758     0.999962  0.000376331 -1.78355e-05 
       736.5      33.0104     0.999962  0.000376339 -1.78169e-05 
       736.5      33.2457     0.999963  0.000376346 -1.77965e-05 
       736.5      33.4819     0.999963  0.000376353 -1.77744e-05 
       736.5       33.719     0.999963   0.00037636 -1.77507e-05 
       736.5      33.9568     0.999963  0.000376368 -1.77253e-05 
       736.5      34.1956     0.999964  0.000376375 -1.76983e-05 
       736.5      34.4351     0.999964  0.000376382 -1.76696e-05 
       736.5      34.6755     0.999964  0.000376389 -1.76395e-05 
       736.5      34.9167     0.999965  0.000376396 -1.76078e-05 
       736.5      35.1588     0.999965  0.000376403 -1.75747e-05 
       736.5      35.4017     0.999965  0.000376411 -1.75402e-05 
       736.5      35.6454     0.999966  0.000376418 -1.75045e-05 
       736.5      35.8899     0.999966  0.000376425 -1.74675e-05 
       736.5      36.1354     0.999966  0.000376432 -1.74294e-05 
       736.5      36.3816     0.999967  0.000376439 -1.73902e-05 
       736.5      36.6287     0.999967  0.000376447 -1.73502e-05 
       736.5      36.8766     0.999967  0.000376454 -1.73093e-05 
       736.5      37.1253     0.999968  0.000376462 -1.72678e-05 
       736.5      37.3749     0.999968  0.000376469 -1.72258e-05 
       736.5      37.6253     0.999968  0.000376476 -1.71834e-05 
       736.5      37.8766     0.999969  0.000376483 -1.71407e-05 
       736.5      38.1287     0.999969   0.00037649  -1.7098e-05 
       736.5      38.3816     0.999969  0.000376497 -1.70555e-05 
       736.5      38.6353      0.99997  0.000376503 -1.70132e-05 
       736.5      38.8899      0.99997  0.000376509 -1.69715e-05 
       736.5      39.1454      0.99997  0.000376514 -1.69306e-05 
       736.5      39.4016      0.99997  0.000376518 -1.68905e-05 
       736.5      39.6588     0.999971  0.000376521 -1.68517e-05 
       736.5      39.9167     0.999971  0.000376523 -1.68144e-05 
       736.5      40.1755     0.999971  0.000376523 -1.67787e-05 
       736.5      40.4351     0.999971  0.000376521 -1.67451e-05 
       736.5      40.6955     0.999972  0.000376516 -1.67137e-05 
       736.5      40.9568     0.999972  0.000376509  -1.6685e-05 
       736.5      41.2189     0.999972  0.000376498 -1.66591e-05 
       736.5      41.4819     0.999972  0.000376483 -1.66365e-05 
       736.5      41.7457     0.999972  0.000376464 -1.66175e-05 
       736.5      42.0103     0.999972   0.00037644 -1.66025e-05 
       736.5      42.2758     0.999972  0.000376411 -1.65917e-05 
       736.5      42.5421     0.999972  0.000376374 -1.65858e-05 
       736.5      42.8092     0.999973  0.000376371 -1.65737e-05 
       736.5      43.0772     0.999973  0.000376379 -1.65596e-05 
       736.5       43.346     0.999973  0.000376387 -1.65453e-05 
       736.5      43.6157     0.999973  0.000376394 -1.65306e-05 
       736.5      43.8862     0.999973  0.000376399  -1.6515e-05 
       736.5      44.1575     0.999973  0.000376401 -1.64983e-05 
       736.5      44.4296     0.999974  0.000376401 -1.64799e-05 
       736.5      44.7026     0.999974  0.000376396 -1.64596e-05 
       736.5      44.9765     0.999974  0.000376398  -1.6424e-05 
       736.5      45.2511     0.999974  0.000376402 -1.63833e-05 
       736.5      45.5266     0.999975  0.000376407 -1.63434e-05 
       736.5       45.803     0.999975  0.000376411 -1.63041e-05 
       736.5      46.0801     0.999975  0.000376415 -1.62655e-05 
       736.5      46.3581     0.999976  0.000376419 -1.62274e-05 
       736.5       46.637     0.999976  0.000376423 -1.61899e-05 
       736.5      46.9167     0.999976  0.000376427  -1.6153e-05 
       736.5      47.1972     0.999977  0.000376431 -1.61165e-05 
       736.5      47.4785     0.999977  0.000376434 -1.60805e-05 
       736.5      47.7607     0.999977  0.000376437  -1.6045e-05 
       736.5      48.0438     0.999977  0.000376439 -1.60099e-05 
       736.5      48.3276     0.999978  0.000376441 -1.59751e-05 
       736.5      48.6123     0.999978  0.000376443 -1.59407e-05 
       736.5      48.8979     0.999978  0.000376444 -1.59067e-05 
       736.5      49.1842     0.999979  0.000376445 -1.58729e-05 
       736.5      49.4714     0.999979  0.000376446 -1.58394e-05 
       736.5      49.7595     0.999979  0.000376446 -1.58061e-05 
       736.5      50.0484     0.999979  0.000376446 -1.57731e-05 
       736.5      50.3381      0.99998  0.000376445 -1.57402e-05 
       736.5      50.6286      0.99998  0.000376444 -1.57075e-05 
       736.5        50.92      0.99998  0.000376442 -1.56749e-05 
       736.5      51.2122      0.99998   0.00037644 -1.56425e-05 
       736.5      51.5053     0.999981  0.000376438 -1.56102e-05 
       736.5      51.7992     0.999981  0.000376436 -1.55779e-05 
       736.5      52.0939     0.999981  0.000376433 -1.55457e-05 
       736.5      52.3895     0.999981   0.00037643 -1.55135e-05 
       736.5      52.6859     0.999982  0.000376426 -1.54814e-05 
       736.5      52.9831     0.999982  0.000376422 -1.54492e-05 
       736.5      53.2812     0.999982  0.000376419 -1.54171e-05 
       736.5      53.5801     0.999983  0.000376414 -1.53849e-05 
       736.5      53.8799     0.999983   0.00037641 -1.53527e-05 
       736.5      54.1805     0.999983  0.000376406 -1.53204e-05 
       736.5      54.4819     0.999983  0.000376401 -1.52881e-05 
       736.5      54.7841     0.999984  0.000376397 -1.52557e-05 
       736.5      55.0872     0.999984  0.000376392 -1.52233e-05 
       736.5      55.3912     0.999984  0.000376387 -1.51907e-05 
       736.5      55.6959     0.999984  0.000376383 -1.51581e-05 
       736.5      56.0015     0.999985  0.000376378 -1.51254e-05 
       736.5       56.308     0.999985  0.000376374 -1.50926e-05 
       736.5      56.6152     0.999985  0.000376369 -1.50596e-05 
       736.5      56.9233     0.999986  0.000376365 -1.50266e-05 
       736.5      57.2323     0.999986  0.000376361 -1.49936e-05 
       736.5      57.5421     0.999986  0.000376357 -1.49604e-05 
       736.5      57.8527     0.999987  0.000376354 -1.49271e-05 
       736.5      58.1641     0.999987  0.000376351 -1.48938e-05 
       736.5      58.4764     0.999987  0.000376348 -1.48605e-05 
       736.5      58.7896     0.999987  0.000376345  -1.4827e-05 
       736.5      59.1035     0.999988  0.000376343 -1.47936e-05 
       736.5      59.4183     0.999988  0.000376341 -1.47601e-05 
       736.5      59.7339     0.999988  0.000376339 -1.47267e-05 
       736.5      60.0504     0.999989  0.000376338 -1.46932e-05 
       736.5      60.3677     0.999989  0.000376337 -1.46598e-05 
       736.5      60.6859     0.999989  0.000376336 -1.46265e-05 
       736.5      61.0048      0.99999  0.000376336 -1.45933e-05 
       736.5      61.3247      0.99999  0.000376336 -1.45602e-05 
       736.5      61.6453      0.99999  0.000376336 -1.45273e-05 
       736.5      61.9668     0.999991  0.000376336 -1.44945e-05 
       736.5      62.2891     0.999991  0.000376337  -1.4462e-05 
       736.5      62.6123     0.999991  0.000376338 -1.44297e-05 
       736.5      62.9363     0.999991  0.000376338 -1.43978e-05 
       736.5      63.2611     0.999992  0.000376339 -1.43662e-05 
       736.5      63.5868     0.999992   0.00037634  -1.4335e-05 
       736.5      63.9133     0.999992   0.00037634 -1.43043e-05 
       736.5      64.2406     0.999993  0.000376341  -1.4274e-05 
       736.5      64.5688     0.999993   0.00037634 -1.42443e-05 
       736.5      64.8978     0.999993   0.00037634 -1.42153e-05 
       736.5      65.2277     0.999994  0.000376339 -1.41869e-05 
       736.5      65.5583     0.999994  0.000376336 -1.41592e-05 
       736.5      65.8899     0.999994  0.000376333 -1.41323e-05 
       736.5      66.2222     0.999994  0.000376329 -1.41064e-05 
       736.5      66.5554     0.999995  0.000376324 -1.40814e-05 
       736.5      66.8894     0.999995  0.000376317 -1.40574e-05 
       736.5      67.2243     0.999995  0.000376308 -1.40345e-05 
       736.5        67.56     0.999996  0.000376297 -1.40128e-05 
       736.5      67.8966     0.999996  0.000376284 -1.39864e-05 
       736.5      68.2339     0.999996  0.000376274 -1.39333e-05 
       736.5      68.5721     0.999996  0.000376269  -1.3877e-05 
       736.5      68.9112     0.999996  0.000376267 -1.38175e-05 
       736.5      69.2511     0.999997   0.00037627 -1.37547e-05 
       736.5      69.5918     0.999997  0.000376277 -1.36885e-05 
       736.5      69.9333     0.999997  0.000376289 -1.36188e-05 
       736.5      70.2757     0.999997  0.000376307 -1.35456e-05 
       736.5      70.6189     0.999997  0.000376329 -1.34687e-05 
       736.5       70.963     0.999998  0.000376356  -1.3388e-05 
       736.5      71.3079     0.999998  0.000376389 -1.33035e-05 
       736.5      71.6536     0.999998  0.000376428 -1.32151e-05 
       736.5      72.0002     0.999998  0.000376472 -1.31227e-05 
       736.5      72.3476     0.999998  0.000376514 -1.30399e-05 
       736.5      72.6959     0.999999  0.000376505 -1.30367e-05 
       736.5      73.0449     0.999999  0.000376493 -1.30306e-05 
       736.5      73.3949            1  0.000376478 -1.30219e-05 
       736.5      73.7456            1   0.00037646 -1.30106e-05 
       736.5      74.0972            1   0.00037644 -1.29969e-05 
       736.5      74.4496            1  0.000376418 -1.29808e-05 
       736.5      74.8029            1  0.000376395 -1.29625e-05 
       736.5       75.157            1   0.00037637  -1.2942e-05 
       736.5      75.5119            1  0.000376345 -1.29196e-05 
       736.5      75.8677            1  0.000376319 -1.28953e-05 
       736.5      76.2243            1  0.000376293 -1.28692e-05 
       736.5      76.5817            1  0.000376268 -1.28414e-05 
       736.5        76.94            1  0.000376242  -1.2812e-05 
       736.5      77.2991            1  0.000376218 -1.27812e-05 
       736.5      77.6591            1  0.000376194  -1.2749e-05 
       736.5      78.0198            1  0.000376171 -1.27156e-05 
       736.5      78.3815            1  0.000376149  -1.2681e-05 
       736.5      78.7439            1  0.000376129 -1.26452e-05 
       736.5      79.1072            1   0.00037611 -1.26085e-05 
       736.5      79.4714      1.00001  0.000376093 -1.25709e-05 
       736.5      79.8363      1.00001  0.000376078 -1.25325e-05 
       736.5      80.2021      1.00001  0.000376064 -1.24933e-05 
       736.5      80.5688      1.00001  0.000376052 -1.24535e-05 
       736.5      80.9362      1.00001  0.000376043 -1.24131e-05 
       736.5      81.3045      1.00001  0.000376035 -1.23723e-05 
       736.5      81.6737      1.00001  0.000376029 -1.23309e-05 
       736.5      82.0437      1.00001  0.000376025 -1.22892e-05 
       736.5      82.4145      1.00001  0.000376023 -1.22472e-05 
       736.5      82.7861      1.00001  0.000376022  -1.2205e-05 
       736.5      83.1586      1.00001  0.000376024 -1.21626e-05 
       736.5       83.532      1.00001  0.000376027 -1.21201e-05 
       736.5      83.9061      1.00001  0.000376032 -1.20775e-05 
       736.5      84.2811      1.00001  0.000376039 -1.20348e-05 
       736.5       84.657      1.00001  0.000376047 -1.19922e-05 
       736.5      85.0336      1.00001  0.000376057 -1.19496e-05 
       736.5      85.4111      1.00001  0.000376068 -1.19071e-05 
       736.5      85.7895      1.00001   0.00037608 -1.18647e-05 
       736.5      86.1687      1.00001  0.000376093 -1.18225e-05 
       736.5      86.5487      1.00001  0.000376106 -1.17805e-05 
       736.5      86.9295      1.00001  0.000376121 -1.17386e-05 
       736.5      87.3112      1.00001  0.000376136 -1.16969e-05 
       736.5      87.6937      1.00001  0.000376151 -1.16554e-05 
       736.5      88.0771      1.00001  0.000376167 -1.16142e-05 
       736.5      88.4613      1.00001  0.000376182 -1.15732e-05 
       736.5      88.8463      1.00001  0.000376198 -1.15323e-05 
       736.5      89.2322      1.00001  0.000376213 -1.14917e-05 
       736.5      89.6189      1.00001  0.000376227 -1.14512e-05 
       736.5      90.0064      1.00001  0.000376241 -1.14109e-05 
       736.5      90.3948      1.00001  0.000376254 -1.13708e-05 
       736.5       90.784      1.00001  0.000376266 -1.13307e-05 
       736.5      91.1741      1.00001  0.000376276 -1.12907e-05 
       736.5       91.565      1.00001  0.000376286 -1.12508e-05 
       736.5      91.9567      1.00001  0.000376294 -1.12108e-05 
       736.5      92.3492      1.00001    0.0003763 -1.11707e-05 
       736.5      92.7426      1.00001  0.000376304 -1.11305e-05 
       736.5      93.1369      1.00001  0.000376307 -1.10901e-05 
       736.5      93.5319      1.00001  0.000376307 -1.10494e-05 
       736.5      93.9278      1.00001  0.000376306 -1.10083e-05 
       736.5      94.3246      1.00001  0.000376302 -1.09668e-05 
       736.5      94.7221      1.00001  0.000376296 -1.09248e-05 
       736.5      95.1206      1.00001  0.000376288 -1.08821e-05 
       736.5      95.5198      1.00001  0.000376277 -1.08387e-05 
       736.5      95.9199      1.00001  0.000376265 -1.07944e-05 
       736.5      96.3208      1.00001   0.00037625 -1.07491e-05 
       736.5      96.7226      1.00001  0.000376233 -1.07028e-05 
       736.5      97.1251      1.00001  0.000376213 -1.06552e-05 
       736.5      97.5286      1.00001  0.000376192 -1.06062e-05 
       736.5      97.9328      1.00001   0.00037617 -1.05557e-05 
       736.5      98.3379      1.00001  0.000376145 -1.05035e-05 
       736.5      98.7439      1.00001   0.00037612 -1.04494e-05 
       736.5      99.1506      1.00001  0.000376093 -1.03933e-05 
       736.5      99.5583      1.00001  0.000376065  -1.0335e-05 
       736.5      99.9667      1.00001  0.000376037 -1.02743e-05 
       736.5      100.376      1.00001  0.000376009  -1.0211e-05 
       736.5      100.786      1.00001  0.000375982 -1.01449e-05 
       736.5      101.197      1.00001  0.000375955 -1.00757e-05 
       736.5      101.609      1.00001   0.00037593 -1.00033e-05 
       736.5      102.021      1.00002  0.000375907 -9.92748e-06 
       736.5      102.435      1.00002  0.000375887 -9.84789e-06 
       736.5      102.849      1.00002  0.000375889 -9.81151e-06 
       736.5      103.264      1.00002  0.000375904 -9.81121e-06 
       736.5       103.68      1.00002  0.000375915 -9.80616e-06 
       736.5      104.097      1.00002  0.000375923 -9.79619e-06 
       736.5      104.515      1.00002  0.000375929 -9.78117e-06 
       736.5      104.933      1.00002  0.000375934 -9.76094e-06 
       736.5      105.353      1.00002  0.000375938 -9.73534e-06 
       736.5      105.773      1.00002  0.000375943 -9.70422e-06 
       736.5      106.194      1.00002  0.000375938 -9.67309e-06 
       736.5      106.616      1.00002  0.000375931 -9.63901e-06 
       736.5      107.038      1.00002  0.000375925 -9.60139e-06 
       736.5      107.462      1.00002  0.000375919 -9.56021e-06 
       736.5      107.886      1.00002  0.000375914 -9.51544e-06 
       736.5      108.311      1.00002   0.00037591 -9.46706e-06 
       736.5      108.737      1.00002  0.000375907 -9.41504e-06 
       736.5      109.164      1.00002  0.000375905 -9.35936e-06 
       736.5      109.592      1.00002  0.000375911 -9.31385e-06 
       736.5       110.02      1.00002  0.000375917 -9.26887e-06 
       736.5       110.45      1.00002  0.000375922 -9.22378e-06 
       736.5       110.88      1.00002  0.000375927 -9.17857e-06 
       736.5      111.311      1.00002  0.000375931 -9.13324e-06 
       736.5      111.743      1.00002  0.000375935 -9.08778e-06 
       736.5      112.175      1.00002  0.000375938 -9.04218e-06 
       736.5      112.609      1.00003  0.000375941 -8.99646e-06 
       736.5      113.043      1.00003  0.000375943 -8.95059e-06 
       736.5      113.478      1.00003  0.000375945 -8.90458e-06 
       736.5      113.914      1.00003  0.000375946 -8.85843e-06 
       736.5      114.351      1.00003  0.000375947 -8.81212e-06 
       736.5      114.789      1.00003  0.000375947 -8.76567e-06 
       736.5      115.228      1.00003  0.000375947 -8.71906e-06 
       736.5      115.667      1.00003  0.000375946 -8.67229e-06 
       736.5      116.107      1.00003  0.000375945 -8.62536e-06 
       736.5      116.548      1.00003  0.000375944 -8.57828e-06 
       736.5       116.99      1.00003  0.000375942 -8.53103e-06 
       736.5      117.433      1.00003  0.000375939 -8.48362e-06 
       736.5      117.876      1.00003  0.000375937 -8.43605e-06 
       736.5      118.321      1.00003  0.000375934 -8.38831e-06 
       736.5      118.766      1.00003   0.00037593 -8.34041e-06 
       736.5      119.212      1.00003  0.000375926 -8.29235e-06 
       736.5      119.659      1.00003  0.000375922 -8.24412e-06 
       736.5      120.107      1.00003  0.000375917 -8.19574e-06 
       736.5      120.555      1.00003  0.000375912 -8.14719e-06 
       736.5      121.005      1.00003  0.000375907 -8.09849e-06 
       736.5      121.455      1.00003  0.000375902 -8.04963e-06 
       736.5      121.906      1.00003  0.000375896 -8.00062e-06 
       736.5      122.358      1.00003   0.00037589 -7.95145e-06 
       736.5      122.811      1.00003  0.000375884 -7.90214e-06 
       736.5      123.264      1.00003  0.000375877 -7.85269e-06 
       736.5      123.719      1.00003  0.000375871  -7.8031e-06 
       736.5      124.174      1.00004  0.000375864 -7.75337e-06 
       736.5       124.63      1.00004  0.000375857 -7.70351e-06 
       736.5      125.087      1.00004   0.00037585 -7.65353e-06 
       736.5      125.545      1.00004  0.000375843 -7.60343e-06 
       736.5      126.003      1.00004  0.000375836 -7.55322e-06 
       736.5      126.463      1.00004  0.000375829  -7.5029e-06 
       736.5      126.923      1.00004  0.000375822 -7.45248e-06 
       736.5      127.384      1.00004  0.000375815 -7.40197e-06 
       736.5      127.846      1.00004  0.000375808 -7.35138e-06 
       736.5      128.309      1.00004  0.000375801 -7.30071e-06 
       736.5      128.773      1.00004  0.000375794 -7.24998e-06 
       736.5      129.237      1.00004  0.000375787 -7.19919e-06 
       736.5      129.702      1.00004   0.00037578 -7.14836e-06 
       736.5      130.169      1.00004  0.000375774 -7.09749e-06 
       736.5      130.636      1.00004  0.000375767 -7.04659e-06 
       736.5      131.103      1.00004  0.000375761 -6.99569e-06 
       736.5      131.572      1.00004  0.000375755 -6.94478e-06 
       736.5      132.041      1.00004  0.000375749 -6.89388e-06 
       736.5      132.512      1.00004  0.000375743 -6.84301e-06 
       736.5      132.983      1.00004  0.000375737 -6.79218e-06 
       736.5      133.455      1.00004  0.000375732  -6.7414e-06 
       736.5      133.928      1.00004  0.000375726 -6.69068e-06 
       736.5      134.401      1.00004  0.000375721 -6.64005e-06 
       736.5      134.876      1.00004  0.000375717 -6.58952e-06 
       736.5      135.351      1.00003  0.000375712  -6.5391e-06 
       736.5      135.827      1.00003  0.000375708 -6.48882e-06 
       736.5      136.304      1.00003  0.000375704 -6.43869e-06 
       736.5      136.782      1.00003    0.0003757 -6.38872e-06 
       736.5      137.261      1.00003  0.000375696 -6.33895e-06 
       736.5       137.74      1.00003  0.000375692 -6.28938e-06 
       736.5      138.221      1.00003  0.000375689 -6.24004e-06 
       736.5      138.702      1.00003  0.000375686 -6.19095e-06 
       736.5      139.184      1.00003  0.000375683 -6.14212e-06 
       736.5      139.667      1.00003   0.00037568  -6.0936e-06 
       736.5      140.151      1.00003  0.000375677 -6.04538e-06 
       736.5      140.635      1.00003  0.000375674 -5.99751e-06 
       736.5       141.12      1.00003  0.000375671    -5.95e-06 
       736.5      141.607      1.00003  0.000375668 -5.90287e-06 
       736.5      142.094      1.00003  0.000375665 -5.85617e-06 
       736.5      142.582      1.00002  0.000375661  -5.8099e-06 
       736.5       143.07      1.00002  0.000375658  -5.7641e-06 
       736.5       143.56      1.00002  0.000375654  -5.7188e-06 
       736.5       144.05      1.00002   0.00037565 -5.67402e-06 
       736.5      144.541      1.00002  0.000375646  -5.6298e-06 
       736.5      145.033      1.00002  0.000375641 -5.58616e-06 
       736.5      145.526      1.00002  0.000375636 -5.54313e-06 
       736.5       146.02      1.00001   0.00037563 -5.50076e-06 
       736.5      146.515      1.00001  0.000375623 -5.45906e-06 
       736.5       147.01      1.00001  0.000375615 -5.41808e-06 
       736.5      147.506      1.00001  0.000375607 -5.37784e-06 
       736.5      148.003      1.00001  0.000375597 -5.33839e-06 
       736.5      148.501      1.00001  0.000375586 -5.29976e-06 
       736.5          149            1  0.000375574 -5.26198e-06 
       736.5        149.5            1  0.000375561 -5.22509e-06 
       736.5          150            1  0.000375546 -5.18914e-06 
